Begin VSO per interface edge
780 1738  3
780 1740  2
780 1741  1
784 1738  2
784 1740  3
784 1741  2
784 2070  1
785 1740  2
785 1741  1
785 1779  1
785 2070  1
786 1738  2
786 2070  1
792 1741  1
793 1741  1
795 2083  1
797 2083  1
1042 2077  1
1043 2077  1
1044 2077  1
1046 2077  1
1111 1736  3
1111 1738  4
1112 1734  3
1112 1736  3
1113 1731  1
1113 1734  2
1113 1736  2
1114 1736  4
1114 1738  3
1115 1734  3
1115 1735  4
1115 1736  4
1116 1735  4
1116 1736  3
1116 1737  3
1116 1738  3
1116 1739  2
1116 1740  2
1116 1741  1
1117 1721  1
1117 1734  2
1117 1735  3
1117 1737  2
1117 1739  2
1117 1749  2
1117 2100  2
1118 1737  2
1118 1739  1
1118 1749  1
1118 2100  1
1120 1724  3
1120 1726  3
1120 1730  3
1120 1731  2
1120 1734  3
1121 1726  3
1121 1728  2
1122 1724  2
1122 1725  1
1122 1726  2
1122 1728  2
1122 1729  1
1122 1731  2
1123 1726  2
1123 1727  1
1123 1728  1
1123 1730  3
1124 1718  2
1124 1719  3
1124 1721  2
1124 1722  2
1124 1723  3
1124 1726  2
1124 1730  3
1124 1734  3
1125 1718  1
1125 1719  2
1125 1721  2
1125 1722  1
1125 1726  1
1125 2100  1
1126 1721  2
1126 2100  2
1127 2100  1
1129 2100  1
1131 1728  2
1131 1729  1
1135 1728  1
1135 1729  2
1147 1736  2
1147 1738  3
1148 1738  3
1149 1736  1
1149 1738  2
1149 1767  1
1149 2070  1
1153 2080  1
1154 2080  1
1155 2080  1
1156 2080  1
1157 1767  1
1157 1769  1
1157 1770  1
1157 2080  1
1163 1728  2
1163 1729  1
1164 1409  1
1164 1728  2
1164 1729  1
1164 2107  1
1166 1728  2
1166 2107  1
1166 2113  2
1167 1403  3
1167 1409  2
1167 1410  2
1167 1414  1
1167 1728  2
1167 1729  2
1167 2107  2
1167 2113  2
1168 1728  1
1168 2107  1
1168 2113  1
1361 2107  1
1369 2113  1
1401 2113  1
1403 2113  2
1404 2113  2
1409 2113  3
1410 2107  2
1410 2113  3
1411 2107  1
1411 2113  2
1414 2107  1
1414 2113  2
1415 2107  2
1416 2077  1
1416 2107  2
1417 2077  1
1418 2077  1
1419 2107  1
1667 2083  1
1669 2083  1
1721 2100  1
1727 2113  1
1728 2113  1
1736 2070  1
1738 2070  1
1741 2070  2
1770 2080  1
1778 2070  1
1779 2070  1
1780 2070  1
End VSO per interface edge

Voronoi Facets of interface MI_AB
FBeg
 1115   CG LYS A 147  1734   CB TYR B 248 ali
30.913 44.431 38.838 29.740 41.225 36.287  1.97
29.397035 43.628574 36.983756 
30.873745 43.342340 36.664463 
31.215971 42.624105 37.409751 
30.812657 42.571117 37.661796 
29.555338 42.879936 37.851824 
FEnd
FBeg
 1117   CE LYS A 147  1734   CB TYR B 248 ali
28.442 44.341 39.211 29.740 41.225 36.287  3.00
29.555338 42.879936 37.851824 
29.397035 43.628574 36.983756 
27.754082 43.507411 36.383547 
27.076361 42.569892 37.081778 
28.654606 42.539536 37.814730 
FEnd
FBeg
 1117   CE LYS A 147  1735   CG TYR B 248 ali
28.442 44.341 39.211 29.849 40.779 37.733  0.45
28.654606 42.539536 37.814730 
29.555338 42.879936 37.851824 
29.581646 42.823647 38.012526 
29.229945 42.428781 38.629352 
FEnd
FBeg
 1116   CD LYS A 147  1735   CG TYR B 248 ali
29.825 44.098 39.844 29.849 40.779 37.733  0.91
29.581646 42.823647 38.012526 
29.229945 42.428781 38.629352 
29.887218 41.919031 39.438274 
30.308503 42.414958 38.663348 
FEnd
FBeg
 1116   CD LYS A 147  1736  CD1 TYR B 248 ali
29.825 44.098 39.844 31.099 40.675 38.346  0.54
29.887218 41.919031 39.438274 
30.308503 42.414958 38.663348 
30.874967 42.364929 39.259424 
30.919526 42.289789 39.469020 
29.924217 41.917367 39.473544 
29.888848 41.912149 39.455386 
FEnd
FBeg
 1116   CD LYS A 147  1740   CZ TYR B 248 ali
29.825 44.098 39.844 30.097 40.128 40.455  4.25
29.924217 41.917367 39.473544 
31.253916 42.332144 41.576631 
30.510964 42.387315 42.265849 
28.522651 42.292359 42.534010 
29.863103 41.913296 39.474301 
29.888848 41.912149 39.455386 
FEnd
FBeg
 1116   CD LYS A 147  1739  CE2 TYR B 248 ali
29.825 44.098 39.844 28.808 40.203 39.881  2.51
28.522651 42.292359 42.534010 
28.370372 42.333298 42.658091 
28.184280 42.365087 40.889505 
28.727727 42.211351 39.643145 
29.863103 41.913296 39.474301 
FEnd
FBeg
 1117   CE LYS A 147  1739  CE2 TYR B 248 ali
28.442 44.341 39.211 28.808 40.203 39.881  0.84
28.184280 42.365087 40.889505 
28.727727 42.211351 39.643145 
27.359112 42.105186 39.735089 
FEnd
FBeg
 1118   NZ LYS A 147  1739  CE2 TYR B 248 unk
27.251 44.107 40.115 28.808 40.203 39.881  7.16
28.370372 42.333298 42.658091 
28.184280 42.365087 40.889505 
27.359112 42.105186 39.735089 
26.538317 41.778312 39.727131 
25.896279 41.394232 41.863017 
26.859007 41.666569 43.725247 
FEnd
FBeg
 1118   NZ LYS A 147  1749   CE MET B 249 unk
27.251 44.107 40.115 25.164 39.471 38.654  10.54
26.538317 41.778312 39.727131 
25.896279 41.394232 41.863017 
22.662218 43.214625 40.706374 
24.967399 43.056934 37.913864 
25.754415 42.742931 37.786016 
26.338911 42.275277 38.435025 
FEnd
FBeg
 1117   CE LYS A 147  1749   CE MET B 249 ali
28.442 44.341 39.211 25.164 39.471 38.654  0.27
25.754415 42.742931 37.786016 
26.338911 42.275277 38.435025 
26.262223 42.422523 37.598929 
FEnd
FBeg
 1118   NZ LYS A 147  1737  CD2 TYR B 248 unk
27.251 44.107 40.115 28.691 40.530 38.517  0.62
27.359112 42.105186 39.735089 
26.538317 41.778312 39.727131 
26.338911 42.275277 38.435025 
FEnd
FBeg
 1116   CD LYS A 147  1741   OH TYR B 248 unk
29.825 44.098 39.844 30.288 39.910 41.794  1.88
30.510964 42.387315 42.265849 
29.091792 42.878104 43.656876 
28.614832 42.917582 43.854909 
28.498985 42.907428 43.860607 
28.370372 42.333298 42.658091 
28.522651 42.292359 42.534010 
FEnd
FBeg
  792   CG ARG A 107  1741   OH TYR B 248 unk
30.485 40.601 47.030 30.288 39.910 41.794  6.44
28.614832 42.917582 43.854909 
28.498985 42.907428 43.860607 
27.097905 41.964461 44.037766 
28.042735 40.585214 44.184238 
30.685616 39.456108 44.233811 
29.957374 41.832372 43.947613 
29.552199 42.393739 43.888773 
29.035903 42.831381 43.850442 
FEnd
FBeg
  785  OD1 ASP A 106  1741   OH TYR B 248 hbd
32.492 40.736 43.044 30.288 39.910 41.794  10.06
30.685616 39.456108 44.233811 
31.297268 38.035803 44.093885 
32.227937 38.527662 42.127909 
32.273821 38.694614 41.936685 
31.633814 40.589526 41.812987 
30.833322 42.164599 42.183606 
29.937281 42.129514 43.786690 
29.957374 41.832372 43.947613 
FEnd
FBeg
  785  OD1 ASP A 106  1740   CZ TYR B 248 unk
32.492 40.736 43.044 30.097 40.128 40.455  0.37
31.633814 40.589526 41.812987 
30.833322 42.164599 42.183606 
31.189050 42.129850 41.862694 
FEnd
FBeg
  784   CG ASP A 106  1740   CZ TYR B 248 aro
33.561 41.062 42.507 30.097 40.128 40.455  0.34
31.189050 42.129850 41.862694 
31.633814 40.589526 41.812987 
31.776474 40.232754 41.734552 
31.300217 42.248703 41.620935 
FEnd
FBeg
  784   CG ASP A 106  1738  CE1 TYR B 248 aro
33.561 41.062 42.507 31.226 40.352 39.697  5.81
31.776474 40.232754 41.734552 
31.300217 42.248703 41.620935 
31.490099 42.359617 41.435126 
33.705674 41.509042 39.808984 
32.585354 39.030576 41.366157 
32.281001 38.841180 41.666917 
FEnd
FBeg
  786  OD2 ASP A 106  1738  CE1 TYR B 248 unk
34.164 40.300 41.728 31.226 40.352 39.697  2.40
33.705674 41.509042 39.808984 
32.585354 39.030576 41.366157 
33.833724 39.618398 39.575342 
33.892510 39.941349 39.498573 
33.869471 40.826769 39.554571 
33.727331 41.498827 39.777394 
FEnd
FBeg
 1148  NH1 ARG A 150  1738  CE1 TYR B 248 unk
36.172 41.350 39.842 31.226 40.352 39.697  0.23
33.869471 40.826769 39.554571 
33.774307 41.363854 39.104009 
33.758234 41.424223 39.236743 
33.727331 41.498827 39.777394 
FEnd
FBeg
 1111   CA LYS A 147  1738  CE1 TYR B 248 ali
33.437 44.142 38.241 31.226 40.352 39.697  0.03
33.774307 41.363854 39.104009 
33.753601 41.325217 38.971992 
33.561735 41.456097 39.021319 
33.758234 41.424223 39.236743 
FEnd
FBeg
 1111   CA LYS A 147  1736  CD1 TYR B 248 ali
33.437 44.142 38.241 31.099 40.675 38.346  0.19
33.753601 41.325217 38.971992 
33.561735 41.456097 39.021319 
32.882976 41.893294 38.343445 
33.049693 41.781456 38.362875 
33.761539 41.317103 38.880830 
FEnd
FBeg
 1147   CZ ARG A 150  1736  CD1 TYR B 248 aro
36.442 40.543 38.823 31.099 40.675 38.346  0.75
33.761539 41.317103 38.880830 
33.753601 41.325217 38.971992 
33.748992 39.965513 38.647344 
33.838776 39.923759 37.630094 
FEnd
FBeg
 1149  NH2 ARG A 150  1736  CD1 TYR B 248 unk
36.096 39.263 38.845 31.099 40.675 38.346  2.87
33.748992 39.965513 38.647344 
33.462422 38.868158 38.411925 
33.300044 37.904025 37.309813 
33.603252 38.633995 36.339045 
33.656810 38.808675 36.297002 
33.838776 39.923759 37.630094 
FEnd
FBeg
 1149  NH2 ARG A 150  1767   CD ARG B 251 unk
36.096 39.263 38.845 34.380 35.018 35.117  10.00
33.300044 37.904025 37.309813 
33.603252 38.633995 36.339045 
33.774861 38.778168 36.095886 
34.732779 39.107641 35.279792 
36.704777 37.489764 36.214325 
36.685273 36.443523 37.414637 
36.002526 35.674803 38.604231 
FEnd
FBeg
 1157  ND2 ASN A 151  1767   CD ARG B 251 unk
38.440 39.307 33.975 34.380 35.018 35.117  3.82
34.732779 39.107641 35.279792 
36.704777 37.489764 36.214325 
36.612276 37.467659 35.802452 
34.812753 38.435709 33.040547 
34.535980 39.176821 34.839961 
FEnd
FBeg
 1157  ND2 ASN A 151  1770  NH1 ARG B 251 hbd
38.440 39.307 33.975 36.767 35.324 33.669  12.67
36.612276 37.467659 35.802452 
34.812753 38.435709 33.040547 
34.898251 38.442176 32.488935 
35.967075 38.059876 31.621472 
40.125376 36.113111 34.226471 
39.677139 36.256695 34.808191 
FEnd
FBeg
 1157  ND2 ASN A 151  1769   CZ ARG B 251 unk
38.440 39.307 33.975 36.716 34.410 34.625  4.54
36.704777 37.489764 36.214325 
36.612276 37.467659 35.802452 
39.677139 36.256695 34.808191 
39.507616 36.553024 36.591067 
38.854477 36.869551 37.243403 
FEnd
FBeg
 1113    O LYS A 147  1736  CD1 TYR B 248 unk
33.283 42.235 36.743 31.099 40.675 38.346  6.12
33.049693 41.781456 38.362875 
33.761539 41.317103 38.880830 
33.838776 39.923759 37.630094 
33.656810 38.808675 36.297002 
32.120764 41.059432 36.394606 
31.853397 41.825297 36.775653 
FEnd
FBeg
 1113    O LYS A 147  1734   CB TYR B 248 unk
33.283 42.235 36.743 29.740 41.225 36.287  0.54
32.120764 41.059432 36.394606 
31.853397 41.825297 36.775653 
31.942039 41.944831 35.822175 
32.016222 41.757424 35.660879 
FEnd
FBeg
 1120   CA ARG A 148  1734   CB TYR B 248 ali
32.501 43.837 34.522 29.740 41.225 36.287  1.56
31.942039 41.944831 35.822175 
32.016222 41.757424 35.660879 
30.853734 42.282786 34.619867 
30.720403 42.399675 34.584280 
31.090955 43.125995 36.238808 
FEnd
FBeg
 1120   CA ARG A 148  1730    N TYR B 248 unk
32.501 43.837 34.522 29.938 40.729 33.916  1.13
30.853734 42.282786 34.619867 
30.720403 42.399675 34.584280 
30.707307 42.517307 34.036364 
30.957669 42.433306 33.408308 
31.222700 42.213422 33.415118 
31.922786 41.503777 34.093758 
FEnd
FBeg
 1120   CA ARG A 148  1724    C MET B 247 ali
32.501 43.837 34.522 30.491 40.236 32.830  1.24
31.222700 42.213422 33.415118 
32.425658 41.637093 33.212645 
33.035677 40.826054 34.214069 
31.922786 41.503777 34.093758 
FEnd
FBeg
 1122    O ARG A 148  1724    C MET B 247 unk
33.905 42.810 32.835 30.491 40.236 32.830  1.26
32.425658 41.637093 33.212645 
33.035677 40.826054 34.214069 
33.177641 40.637736 34.227983 
33.210871 40.597157 32.427839 
FEnd
FBeg
 1122    O ARG A 148  1726   CB MET B 247 unk
33.905 42.810 32.835 31.016 41.941 31.096  3.51
33.210871 40.597157 32.427839 
32.425658 41.637093 33.212645 
32.444063 42.057898 32.971787 
33.071201 43.303352 31.307554 
33.233869 42.937595 31.220086 
33.591180 40.306017 31.941519 
FEnd
FBeg
 1122    O ARG A 148  1729   CE MET B 247 unk
33.905 42.810 32.835 33.627 41.756 29.128  8.43
33.233869 42.937595 31.220086 
33.874945 43.500580 31.011938 
36.353991 41.908847 31.278599 
36.349459 41.759316 31.321455 
35.756931 40.209096 31.806659 
34.955974 39.277886 32.131494 
33.591180 40.306017 31.941519 
FEnd
FBeg
 1131   CA GLN A 149  1729   CE MET B 247 ali
35.406 45.070 32.371 33.627 41.756 29.128  2.92
33.874945 43.500580 31.011938 
36.353991 41.908847 31.278599 
36.538189 42.107281 30.974776 
34.826997 44.108649 29.868292 
34.661837 44.092113 29.975791 
FEnd
FBeg
 1131   CA GLN A 149  1728   SD MET B 247 unk
35.406 45.070 32.371 32.415 43.074 28.960  0.67
34.661837 44.092113 29.975791 
33.874945 43.500580 31.011938 
33.722449 43.615507 31.078405 
33.313902 44.204092 31.092228 
FEnd
FBeg
 1135   CG GLN A 149  1728   SD MET B 247 unk
34.205 46.625 30.765 32.415 43.074 28.960  8.91
33.313902 44.204092 31.092228 
34.661837 44.092113 29.975791 
34.768677 44.159866 29.736549 
34.623354 44.508405 29.194979 
34.511389 44.633416 29.060078 
32.524720 45.731577 28.869810 
31.239426 46.201291 29.220348 
30.308340 46.070492 30.401021 
32.311628 44.604197 31.299042 
FEnd
FBeg
 1123   CB ARG A 148  1728   SD MET B 247 unk
31.365 44.698 33.954 32.415 43.074 28.960  0.68
30.308340 46.070492 30.401021 
30.286954 46.074094 30.395353 
31.097972 45.000047 30.915141 
32.245356 44.403693 31.350310 
32.311628 44.604197 31.299042 
FEnd
FBeg
 1123   CB ARG A 148  1726   CB MET B 247 ali
31.365 44.698 33.954 31.016 41.941 31.096  7.72
31.097972 45.000047 30.915141 
32.245356 44.403693 31.350310 
32.030788 43.245719 32.493563 
30.957669 42.433306 33.408308 
30.211535 42.703189 33.239076 
29.216782 44.304604 31.815726 
29.408831 45.077111 31.047067 
FEnd
FBeg
 1125   CD ARG A 148  1726   CB MET B 247 ali
29.166 45.780 34.492 31.016 41.941 31.096  0.54
29.216782 44.304604 31.815726 
29.408831 45.077111 31.047067 
28.694215 44.747531 31.030347 
28.984499 44.143090 31.871771 
FEnd
FBeg
 1125   CD ARG A 148  1722    N MET B 247 unk
29.166 45.780 34.492 28.694 41.327 31.456  0.40
28.694215 44.747531 31.030347 
28.984499 44.143090 31.871771 
28.637725 43.953660 32.203527 
28.478892 44.895272 30.847127 
FEnd
FBeg
 1125   CD ARG A 148  1718   CB ASP B 246 ali
29.166 45.780 34.492 26.137 42.365 32.476  17.02
28.637725 43.953660 32.203527 
27.999182 43.749520 33.508726 
26.765080 44.628712 33.873634 
25.297195 46.232496 33.362374 
24.299350 48.328378 31.311301 
25.968981 47.360538 30.442185 
27.995916 45.818083 30.009594 
28.478892 44.895272 30.847127 
FEnd
FBeg
 1125   CD ARG A 148  1721  OD2 ASP B 246 unk
29.166 45.780 34.492 25.903 42.892 34.801  3.86
26.765080 44.628712 33.873634 
27.614535 43.806373 35.157963 
27.557135 43.984846 36.219882 
26.454179 45.133176 35.305423 
25.297195 46.232496 33.362374 
FEnd
FBeg
 1126   NE ARG A 148  1721  OD2 ASP B 246 elf
28.619 46.258 35.752 25.903 42.892 34.801  0.70
27.557135 43.984846 36.219882 
26.454179 45.133176 35.305423 
26.916102 44.402648 36.571854 
27.581130 43.930375 36.344148 
FEnd
FBeg
 1124   CG ARG A 148  1721  OD2 ASP B 246 unk
30.057 44.585 34.741 25.903 42.892 34.801  0.57
27.614535 43.806373 35.157963 
27.557135 43.984846 36.219882 
27.581130 43.930375 36.344148 
27.754082 43.507411 36.383547 
27.851489 43.249231 35.842406 
FEnd
FBeg
 1124   CG ARG A 148  1719   CG ASP B 246 ali
30.057 44.585 34.741 26.361 42.061 33.966  2.86
27.851489 43.249231 35.842406 
27.614535 43.806373 35.157963 
27.999182 43.749520 33.508726 
28.628482 42.909672 33.242768 
28.729235 42.715990 33.393054 
28.664444 42.504552 34.390649 
FEnd
FBeg
 1125   CD ARG A 148  1719   CG ASP B 246 ali
29.166 45.780 34.492 26.361 42.061 33.966  1.19
27.999182 43.749520 33.508726 
27.614535 43.806373 35.157963 
26.765080 44.628712 33.873634 
FEnd
FBeg
 1124   CG ARG A 148  1718   CB ASP B 246 ali
30.057 44.585 34.741 26.137 42.365 32.476  0.74
28.637725 43.953660 32.203527 
27.999182 43.749520 33.508726 
28.628482 42.909672 33.242768 
FEnd
FBeg
 1124   CG ARG A 148  1722    N MET B 247 unk
30.057 44.585 34.741 28.694 41.327 31.456  1.22
28.984499 44.143090 31.871771 
28.637725 43.953660 32.203527 
28.628482 42.909672 33.242768 
28.729235 42.715990 33.393054 
29.420668 42.766817 33.055758 
29.473513 42.898514 32.903218 
FEnd
FBeg
 1124   CG ARG A 148  1723   CA MET B 247 ali
30.057 44.585 34.741 30.076 40.835 31.510  0.03
29.420668 42.766817 33.055758 
29.473513 42.898514 32.903218 
29.717851 42.754119 33.072244 
FEnd
FBeg
 1124   CG ARG A 148  1726   CB MET B 247 ali
30.057 44.585 34.741 31.016 41.941 31.096  0.89
30.211535 42.703189 33.239076 
29.216782 44.304604 31.815726 
28.984499 44.143090 31.871771 
29.473513 42.898514 32.903218 
29.717851 42.754119 33.072244 
FEnd
FBeg
 1123   CB ARG A 148  1727   CG MET B 247 ali
31.365 44.698 33.954 30.912 42.243 29.588  1.37
30.286954 46.074094 30.395353 
31.097972 45.000047 30.915141 
29.408831 45.077111 31.047067 
29.809884 46.237245 30.353113 
FEnd
FBeg
 1168  NH2 ARG A 152  1728   SD MET B 247 hbd
33.408 47.030 27.300 32.415 43.074 28.960  2.19
32.524720 45.731577 28.869810 
31.629371 45.399138 27.541971 
30.157480 46.373490 28.983508 
31.239426 46.201291 29.220348 
FEnd
FBeg
 1166   CZ ARG A 152  1728   SD MET B 247 unk
34.232 46.021 26.997 32.415 43.074 28.960  5.24
34.511389 44.633416 29.060078 
34.306601 43.698066 27.466306 
31.830600 45.019556 27.158378 
31.629371 45.399138 27.541971 
32.524720 45.731577 28.869810 
FEnd
FBeg
 1167  NH1 ARG A 152  1728   SD MET B 247 hbd
33.857 45.111 26.107 32.415 43.074 28.960  2.96
34.306601 43.698066 27.466306 
34.356423 43.474227 27.331669 
34.023331 43.113648 26.905866 
32.005651 43.811228 26.384126 
31.788129 44.049252 26.444129 
31.830600 45.019556 27.158378 
FEnd
FBeg
 1167  NH1 ARG A 152  1403   CA ASP B 206 unk
33.857 45.111 26.107 30.255 42.030 25.271  0.19
32.005651 43.811228 26.384126 
31.788129 44.049252 26.444129 
32.048079 44.072220 25.239459 
FEnd
FBeg
 1167  NH1 ARG A 152  1409  OD2 ASP B 206 elf
33.857 45.111 26.107 33.027 42.189 25.410  7.49
34.023331 43.113648 26.905866 
32.005651 43.811228 26.384126 
32.048079 44.072220 25.239459 
32.079692 44.093933 25.110788 
33.213162 43.959004 24.326688 
35.758172 43.242162 24.301224 
34.575332 42.981764 26.801427 
FEnd
FBeg
 1164   CD ARG A 152  1409  OD2 ASP B 206 unk
36.480 44.958 27.332 33.027 42.189 25.410  3.52
35.758172 43.242162 24.301224 
34.575332 42.981764 26.801427 
35.798720 41.697062 26.454383 
35.929848 41.626037 26.321127 
36.292577 42.663712 24.174496 
FEnd
FBeg
 1164   CD ARG A 152  1729   CE MET B 247 ali
36.480 44.958 27.332 33.627 41.756 29.128  4.17
34.575332 42.981764 26.801427 
35.798720 41.697062 26.454383 
35.951785 41.581946 26.492296 
36.386352 41.634121 27.275640 
34.750349 44.046222 28.977214 
34.356423 43.474227 27.331669 
FEnd
FBeg
 1167  NH1 ARG A 152  1414   CB ARG B 207 unk
33.857 45.111 26.107 33.283 43.228 21.747  2.23
33.213162 43.959004 24.326688 
32.547850 44.811208 24.046227 
35.938683 43.893675 23.996084 
35.758172 43.242162 24.301224 
FEnd
FBeg
 1167  NH1 ARG A 152  1410    N ARG B 207 hbd
33.857 45.111 26.107 31.620 42.451 23.331  0.78
32.079692 44.093933 25.110788 
32.459244 44.875013 24.056490 
32.547850 44.811208 24.046227 
33.213162 43.959004 24.326688 
FEnd
FBeg
 1167  NH1 ARG A 152  1729   CE MET B 247 unk
33.857 45.111 26.107 33.627 41.756 29.128  0.18
34.356423 43.474227 27.331669 
34.023331 43.113648 26.905866 
34.575332 42.981764 26.801427 
FEnd
FBeg
 1164   CD ARG A 152  1728   SD MET B 247 unk
36.480 44.958 27.332 32.415 43.074 28.960  0.73
34.623354 44.508405 29.194979 
34.750349 44.046222 28.977214 
34.356423 43.474227 27.331669 
34.306601 43.698066 27.466306 
34.511389 44.633416 29.060078 
FEnd
FBeg
 1163   CG ARG A 152  1728   SD MET B 247 unk
37.229 44.556 28.622 32.415 43.074 28.960  0.17
34.768677 44.159866 29.736549 
34.750349 44.046222 28.977214 
34.623354 44.508405 29.194979 
FEnd
FBeg
 1121    C ARG A 148  1728   SD MET B 247 unk
33.652 43.826 33.500 32.415 43.074 28.960  0.92
33.722449 43.615507 31.078405 
33.313902 44.204092 31.092228 
32.311628 44.604197 31.299042 
32.245356 44.403693 31.350310 
33.071201 43.303352 31.307554 
FEnd
FBeg
 1135   CG GLN A 149  1729   CE MET B 247 ali
34.205 46.625 30.765 33.627 41.756 29.128  0.01
34.826997 44.108649 29.868292 
34.768677 44.159866 29.736549 
34.661837 44.092113 29.975791 
FEnd
FBeg
 1163   CG ARG A 152  1729   CE MET B 247 ali
37.229 44.556 28.622 33.627 41.756 29.128  9.06
36.538189 42.107281 30.974776 
36.620218 41.986548 30.890619 
37.186219 40.979246 29.345740 
37.303834 40.761002 28.975313 
36.386352 41.634121 27.275640 
34.750349 44.046222 28.977214 
34.768677 44.159866 29.736549 
34.826997 44.108649 29.868292 
FEnd
FBeg
 1122    O ARG A 148  1728   SD MET B 247 hbd
33.905 42.810 32.835 32.415 43.074 28.960  0.24
33.071201 43.303352 31.307554 
33.722449 43.615507 31.078405 
33.874945 43.500580 31.011938 
33.233869 42.937595 31.220086 
FEnd
FBeg
 1121    C ARG A 148  1726   CB MET B 247 ali
33.652 43.826 33.500 31.016 41.941 31.096  2.06
32.444063 42.057898 32.971787 
33.071201 43.303352 31.307554 
32.245356 44.403693 31.350310 
32.030788 43.245719 32.493563 
FEnd
FBeg
 1122    O ARG A 148  1725    O MET B 247 unk
33.905 42.810 32.835 31.277 39.327 32.865  4.74
33.177641 40.637736 34.227983 
33.210871 40.597157 32.427839 
33.591180 40.306017 31.941519 
34.955974 39.277886 32.131494 
34.587659 39.576306 34.513666 
33.500160 40.396397 34.461242 
FEnd
FBeg
 1122    O ARG A 148  1731   CA TYR B 248 unk
33.905 42.810 32.835 30.209 40.202 35.247  0.09
33.035677 40.826054 34.214069 
33.177641 40.637736 34.227983 
33.500160 40.396397 34.461242 
33.275444 40.726732 34.474080 
FEnd
FBeg
 1120   CA ARG A 148  1726   CB MET B 247 ali
32.501 43.837 34.522 31.016 41.941 31.096  1.44
30.957669 42.433306 33.408308 
32.030788 43.245719 32.493563 
32.444063 42.057898 32.971787 
32.425658 41.637093 33.212645 
31.222700 42.213422 33.415118 
FEnd
FBeg
 1123   CB ARG A 148  1730    N TYR B 248 unk
31.365 44.698 33.954 29.938 40.729 33.916  0.27
30.707307 42.517307 34.036364 
30.957669 42.433306 33.408308 
30.211535 42.703189 33.239076 
FEnd
FBeg
 1124   CG ARG A 148  1730    N TYR B 248 unk
30.057 44.585 34.741 29.938 40.729 33.916  2.47
30.720403 42.399675 34.584280 
30.707307 42.517307 34.036364 
30.211535 42.703189 33.239076 
29.717851 42.754119 33.072244 
29.420668 42.766817 33.055758 
28.729235 42.715990 33.393054 
28.664444 42.504552 34.390649 
FEnd
FBeg
 1120   CA ARG A 148  1731   CA TYR B 248 ali
32.501 43.837 34.522 30.209 40.202 35.247  2.44
32.016222 41.757424 35.660879 
30.853734 42.282786 34.619867 
31.922786 41.503777 34.093758 
33.035677 40.826054 34.214069 
33.275444 40.726732 34.474080 
FEnd
FBeg
 1113    O LYS A 147  1731   CA TYR B 248 unk
33.283 42.235 36.743 30.209 40.202 35.247  5.12
33.656810 38.808675 36.297002 
32.120764 41.059432 36.394606 
32.016222 41.757424 35.660879 
33.275444 40.726732 34.474080 
33.500160 40.396397 34.461242 
34.046009 39.018493 35.212138 
33.774861 38.778168 36.095886 
FEnd
FBeg
 1112    C LYS A 147  1736  CD1 TYR B 248 ali
33.141 43.465 36.884 31.099 40.675 38.346  1.44
32.882976 41.893294 38.343445 
33.049693 41.781456 38.362875 
31.853397 41.825297 36.775653 
31.215971 42.624105 37.409751 
31.447832 42.599354 37.686362 
FEnd
FBeg
 1147   CZ ARG A 150  1738  CE1 TYR B 248 aro
36.442 40.543 38.823 31.226 40.352 39.697  0.91
33.892510 39.941349 39.498573 
33.748992 39.965513 38.647344 
33.753601 41.325217 38.971992 
33.774307 41.363854 39.104009 
33.869471 40.826769 39.554571 
FEnd
FBeg
 1149  NH2 ARG A 150  1738  CE1 TYR B 248 unk
36.096 39.263 38.845 31.226 40.352 39.697  0.71
33.833724 39.618398 39.575342 
33.462422 38.868158 38.411925 
33.748992 39.965513 38.647344 
33.892510 39.941349 39.498573 
FEnd
FBeg
 1114   CB LYS A 147  1738  CE1 TYR B 248 ali
32.283 43.935 39.263 31.226 40.352 39.697  4.07
31.490099 42.359617 41.435126 
33.705674 41.509042 39.808984 
33.727331 41.498827 39.777394 
33.758234 41.424223 39.236743 
33.561735 41.456097 39.021319 
30.919526 42.289789 39.469020 
31.396267 42.390045 41.457811 
FEnd
FBeg
  780   CA ASP A 106  1738  CE1 TYR B 248 ali
33.123 43.400 43.455 31.226 40.352 39.697  0.02
31.300217 42.248703 41.620935 
31.490099 42.359617 41.435126 
31.396267 42.390045 41.457811 
31.253916 42.332144 41.576631 
FEnd
FBeg
  784   CG ASP A 106  1741   OH TYR B 248 unk
33.561 41.062 42.507 30.288 39.910 41.794  0.31
32.273821 38.694614 41.936685 
32.281001 38.841180 41.666917 
31.776474 40.232754 41.734552 
31.633814 40.589526 41.812987 
FEnd
FBeg
  785  OD1 ASP A 106  1779   CE LYS B 252 unk
32.492 40.736 43.044 30.732 36.224 41.082  1.23
31.297268 38.035803 44.093885 
32.227937 38.527662 42.127909 
32.690448 37.848044 43.275930 
31.397531 37.978316 44.136147 
FEnd
FBeg
  793   CD ARG A 107  1741   OH TYR B 248 unk
29.889 39.211 47.145 30.288 39.910 41.794  6.15
28.042735 40.585214 44.184238 
27.993017 38.741320 43.939664 
28.462424 37.742560 43.844197 
31.297268 38.035803 44.093885 
30.685616 39.456108 44.233811 
FEnd
FBeg
  780   CA ASP A 106  1741   OH TYR B 248 unk
33.123 43.400 43.455 30.288 39.910 41.794  1.40
30.510964 42.387315 42.265849 
29.091792 42.878104 43.656876 
29.035903 42.831381 43.850442 
29.552199 42.393739 43.888773 
29.937281 42.129514 43.786690 
30.833322 42.164599 42.183606 
FEnd
FBeg
  780   CA ASP A 106  1740   CZ TYR B 248 ali
33.123 43.400 43.455 30.097 40.128 40.455  0.21
31.253916 42.332144 41.576631 
30.510964 42.387315 42.265849 
30.833322 42.164599 42.183606 
31.189050 42.129850 41.862694 
31.300217 42.248703 41.620935 
FEnd
FBeg
 1116   CD LYS A 147  1738  CE1 TYR B 248 ali
29.825 44.098 39.844 31.226 40.352 39.697  1.30
30.919526 42.289789 39.469020 
31.396267 42.390045 41.457811 
31.253916 42.332144 41.576631 
29.924217 41.917367 39.473544 
FEnd
FBeg
 1114   CB LYS A 147  1736  CD1 TYR B 248 ali
32.283 43.935 39.263 31.099 40.675 38.346  2.86
30.874967 42.364929 39.259424 
30.919526 42.289789 39.469020 
33.561735 41.456097 39.021319 
32.882976 41.893294 38.343445 
31.447832 42.599354 37.686362 
FEnd
FBeg
 1116   CD LYS A 147  1737  CD2 TYR B 248 ali
29.825 44.098 39.844 28.691 40.530 38.517  0.62
29.229945 42.428781 38.629352 
29.887218 41.919031 39.438274 
29.888848 41.912149 39.455386 
29.863103 41.913296 39.474301 
28.727727 42.211351 39.643145 
FEnd
FBeg
 1117   CE LYS A 147  1737  CD2 TYR B 248 ali
28.442 44.341 39.211 28.691 40.530 38.517  5.37
27.076361 42.569892 37.081778 
28.654606 42.539536 37.814730 
29.229945 42.428781 38.629352 
28.727727 42.211351 39.643145 
27.359112 42.105186 39.735089 
26.338911 42.275277 38.435025 
26.262223 42.422523 37.598929 
FEnd
FBeg
 1117   CE LYS A 147  1721  OD2 ASP B 246 unk
28.442 44.341 39.211 25.903 42.892 34.801  3.55
27.754082 43.507411 36.383547 
27.076361 42.569892 37.081778 
26.262223 42.422523 37.598929 
25.754415 42.742931 37.786016 
25.458690 43.696031 37.643114 
26.916102 44.402648 36.571854 
27.581130 43.930375 36.344148 
FEnd
FBeg
 1115   CG LYS A 147  1735   CG TYR B 248 ali
30.913 44.431 38.838 29.849 40.779 37.733  0.69
30.812657 42.571117 37.661796 
30.308503 42.414958 38.663348 
29.581646 42.823647 38.012526 
29.555338 42.879936 37.851824 
FEnd
FBeg
 1115   CG LYS A 147  1736  CD1 TYR B 248 ali
30.913 44.431 38.838 31.099 40.675 38.346  1.04
31.215971 42.624105 37.409751 
31.447832 42.599354 37.686362 
30.874967 42.364929 39.259424 
30.308503 42.414958 38.663348 
30.812657 42.571117 37.661796 
FEnd
FBeg
 1112    C LYS A 147  1734   CB TYR B 248 ali
33.141 43.465 36.884 29.740 41.225 36.287  1.75
30.873745 43.342340 36.664463 
31.215971 42.624105 37.409751 
31.853397 41.825297 36.775653 
31.942039 41.944831 35.822175 
31.090955 43.125995 36.238808 
FEnd
FBeg
 1124   CG ARG A 148  1734   CB TYR B 248 ali
30.057 44.585 34.741 29.740 41.225 36.287  7.15
29.397035 43.628574 36.983756 
30.873745 43.342340 36.664463 
31.090955 43.125995 36.238808 
30.720403 42.399675 34.584280 
28.664444 42.504552 34.390649 
27.851489 43.249231 35.842406 
27.754082 43.507411 36.383547 
FEnd

+-+CCS_record::Boundary loops before union-find
Start boundary loop loop_id 0  init_edge IE_A_B
xyz 26.859 41.6666 43.7252
xyz 28.3704 42.3333 42.6581
xyz 28.499 42.9074 43.8606
xyz 27.0979 41.9645 44.0378
xyz 28.0427 40.5852 44.1842
xyz 27.993 38.7413 43.9397
xyz 28.4624 37.7426 43.8442
xyz 31.2973 38.0358 44.0939
xyz 31.3975 37.9783 44.1361
xyz 32.6904 37.848 43.2759
xyz 32.2279 38.5277 42.1279
xyz 32.2738 38.6946 41.9367
xyz 32.281 38.8412 41.6669
xyz 32.5854 39.0306 41.3662
xyz 33.8337 39.6184 39.5753
xyz 33.4624 38.8682 38.4119
xyz 33.3 37.904 37.3098
xyz 36.0025 35.6748 38.6042
xyz 36.6853 36.4435 37.4146
xyz 36.7048 37.4898 36.2143
xyz 38.8545 36.8696 37.2434
xyz 39.5076 36.553 36.5911
xyz 39.6771 36.2567 34.8082
xyz 40.1254 36.1131 34.2265
xyz 35.9671 38.0599 31.6215
xyz 34.8983 38.4422 32.4889
xyz 34.8128 38.4357 33.0405
xyz 34.536 39.1768 34.84
xyz 34.7328 39.1076 35.2798
xyz 33.7749 38.7782 36.0959
xyz 33.6033 38.634 36.339
xyz 33.6568 38.8087 36.297
xyz 33.7749 38.7782 36.0959
xyz 34.046 39.0185 35.2121
xyz 33.5002 40.3964 34.4612
xyz 34.5877 39.5763 34.5137
xyz 34.956 39.2779 32.1315
xyz 35.7569 40.2091 31.8067
xyz 36.3495 41.7593 31.3215
xyz 36.354 41.9088 31.2786
xyz 36.5382 42.1073 30.9748
xyz 36.6202 41.9865 30.8906
xyz 37.1862 40.9792 29.3457
xyz 37.3038 40.761 28.9753
xyz 36.3864 41.6341 27.2756
xyz 35.9518 41.5819 26.4923
xyz 35.7987 41.6971 26.4544
xyz 35.9298 41.626 26.3211
xyz 36.2926 42.6637 24.1745
xyz 35.7582 43.2422 24.3012
xyz 35.9387 43.8937 23.9961
xyz 32.5479 44.8112 24.0462
xyz 32.4592 44.875 24.0565
xyz 32.0797 44.0939 25.1108
xyz 32.0481 44.0722 25.2395
xyz 31.7881 44.0493 26.4441
xyz 31.8306 45.0196 27.1584
xyz 31.6294 45.3991 27.542
xyz 30.1575 46.3735 28.9835
xyz 31.2394 46.2013 29.2203
xyz 30.3083 46.0705 30.401
xyz 30.287 46.0741 30.3954
xyz 29.8099 46.2372 30.3531
xyz 29.4088 45.0771 31.0471
xyz 28.6942 44.7475 31.0303
xyz 28.4789 44.8953 30.8471
xyz 27.9959 45.8181 30.0096
xyz 25.969 47.3605 30.4422
xyz 24.2994 48.3284 31.3113
xyz 25.2972 46.2325 33.3624
xyz 26.4542 45.1332 35.3054
xyz 26.9161 44.4026 36.5719
xyz 25.4587 43.696 37.6431
xyz 25.7544 42.7429 37.786
xyz 24.9674 43.0569 37.9139
xyz 22.6622 43.2146 40.7064
xyz 25.8963 41.3942 41.863
End loop
Boundary info init_edge IE_A_B [total exposed]: 109.061749 109.061749
Start boundary loop loop_id 1  init_edge IE_A_B
xyz 29.9373 42.1295 43.7867
xyz 29.9574 41.8324 43.9476
xyz 29.5522 42.3937 43.8888
End loop
Boundary info init_edge IE_A_B [total exposed]: 1.511367 1.511367
Start boundary loop loop_id 2  init_edge IE_A_B
xyz 28.6148 42.9176 43.8549
xyz 29.0918 42.8781 43.6569
xyz 29.0359 42.8314 43.8504
End loop
Boundary info init_edge IE_A_B [total exposed]: 1.154591 1.154591
Voronoi Facets of interface MI_AWi_BWi
FBeg
 1414   CB ARG B 207  2107    O HOH A 209 unk
33.283 43.228 21.747 34.019 45.902 22.588  12.18
35.938683 43.893675 23.996084 
36.228871 43.863064 23.839454 
34.705054 45.010221 21.525582 
32.122800 46.020210 20.574128 
32.010704 46.037768 20.616403 
31.477052 46.085476 20.931735 
31.330013 45.914700 21.603408 
31.808459 45.240121 23.329554 
32.215869 44.985338 23.783105 
32.547850 44.811208 24.046227 
FEnd
FBeg
 1167  NH1 ARG A 152  2107    O HOH A 209 hbw
33.857 45.111 26.107 34.019 45.902 22.588  7.52
32.547850 44.811208 24.046227 
35.938683 43.893675 23.996084 
35.842482 46.000311 24.465184 
32.800584 47.140205 24.581373 
32.459244 44.875013 24.056490 
FEnd
FBeg
 1167  NH1 ARG A 152  2113    O HOH B  12 hbw
33.857 45.111 26.107 30.734 45.735 25.445  5.66
32.800584 47.140205 24.581373 
32.459244 44.875013 24.056490 
32.079692 44.093933 25.110788 
32.048079 44.072220 25.239459 
31.788129 44.049252 26.444129 
31.830600 45.019556 27.158378 
FEnd
FBeg
 1166   CZ ARG A 152  2113    O HOH B  12 unk
34.232 46.021 26.997 30.734 45.735 25.445  1.14
31.830600 45.019556 27.158378 
32.800584 47.140205 24.581373 
32.793497 47.239583 24.579033 
31.629371 45.399138 27.541971 
FEnd
FBeg
 1168  NH2 ARG A 152  2113    O HOH B  12 hbw
33.408 47.030 27.300 30.734 45.735 25.445  17.84
32.793497 47.239583 24.579033 
31.839750 50.506266 23.673354 
29.942056 49.182985 27.332698 
30.157480 46.373490 28.983508 
31.629371 45.399138 27.541971 
FEnd
FBeg
 1168  NH2 ARG A 152  2107    O HOH A 209 hbw
33.408 47.030 27.300 34.019 45.902 22.588  16.46
32.793497 47.239583 24.579033 
31.839750 50.506266 23.673354 
32.542285 52.529897 23.280017 
33.957730 53.262480 23.288184 
36.727811 50.536338 24.299985 
FEnd
FBeg
 1728   SD MET B 247  2113    O HOH B  12 hbw
32.415 43.074 28.960 30.734 45.735 25.445  4.63
31.788129 44.049252 26.444129 
31.830600 45.019556 27.158378 
31.629371 45.399138 27.541971 
30.157480 46.373490 28.983508 
29.634086 46.381972 29.240235 
30.058874 44.227637 27.406166 
FEnd
FBeg
 1727   CG MET B 247  2113    O HOH B  12 unk
30.912 42.243 29.588 30.734 45.735 25.445  1.13
29.634086 46.381972 29.240235 
29.531170 46.414040 29.271686 
29.252605 44.984815 28.079007 
29.823458 44.256457 27.440572 
30.058874 44.227637 27.406166 
FEnd
FBeg
 1401    O GLY B 205  2113    O HOH B  12 hbw
28.298 43.952 25.301 30.734 45.735 25.445  5.12
29.252605 44.984815 28.079007 
28.970148 45.704628 23.944551 
29.595465 44.882907 23.540779 
29.902662 44.382348 24.541932 
29.823458 44.256457 27.440572 
FEnd
FBeg
 1404    C ASP B 206  2113    O HOH B  12 unk
30.392 42.219 23.792 30.734 45.735 25.445  1.91
29.595465 44.882907 23.540779 
30.381141 45.043660 23.036297 
30.675791 44.918649 23.241239 
31.342425 44.191093 24.650857 
29.902662 44.382348 24.541932 
FEnd
FBeg
 1411   CA ARG B 207  2113    O HOH B  12 unk
31.885 42.651 21.909 30.734 45.735 25.445  0.99
30.381141 45.043660 23.036297 
31.114164 45.855091 22.567195 
31.808459 45.240121 23.329554 
31.890963 45.085602 23.491177 
30.675791 44.918649 23.241239 
FEnd
FBeg
 1369  CD1 LEU B 200  2113    O HOH B  12 unk
28.030 45.745 21.237 30.734 45.735 25.445  7.14
28.970148 45.704628 23.944551 
29.141831 47.209686 23.837807 
31.009880 49.188343 22.642128 
31.114164 45.855091 22.567195 
30.381141 45.043660 23.036297 
29.595465 44.882907 23.540779 
FEnd
FBeg
 1403   CA ASP B 206  2113    O HOH B  12 unk
30.255 42.030 25.271 30.734 45.735 25.445  4.75
32.048079 44.072220 25.239459 
31.788129 44.049252 26.444129 
30.058874 44.227637 27.406166 
29.823458 44.256457 27.440572 
29.902662 44.382348 24.541932 
31.342425 44.191093 24.650857 
32.053485 44.076832 25.126369 
FEnd
FBeg
 1409  OD2 ASP B 206  2113    O HOH B  12 hbw
33.027 42.189 25.410 30.734 45.735 25.445  0.00
32.079692 44.093933 25.110788 
32.048079 44.072220 25.239459 
32.053485 44.076832 25.126369 
FEnd
FBeg
 1410    N ARG B 207  2113    O HOH B  12 hbw
31.620 42.451 23.331 30.734 45.735 25.445  2.14
32.459244 44.875013 24.056490 
32.079692 44.093933 25.110788 
32.053485 44.076832 25.126369 
31.342425 44.191093 24.650857 
30.675791 44.918649 23.241239 
31.890963 45.085602 23.491177 
32.215869 44.985338 23.783105 
FEnd
FBeg
 1166   CZ ARG A 152  2107    O HOH A 209 unk
34.232 46.021 26.997 34.019 45.902 22.588  9.56
35.842482 46.000311 24.465184 
37.016794 48.445037 24.342469 
37.114335 50.144716 24.291882 
37.040278 50.248443 24.292660 
36.727811 50.536338 24.299985 
32.793497 47.239583 24.579033 
32.800584 47.140205 24.581373 
FEnd
FBeg
 1410    N ARG B 207  2107    O HOH A 209 hbw
31.620 42.451 23.331 34.019 45.902 22.588  0.02
32.215869 44.985338 23.783105 
32.547850 44.811208 24.046227 
32.459244 44.875013 24.056490 
FEnd
FBeg
 1414   CB ARG B 207  2113    O HOH B  12 unk
33.283 43.228 21.747 30.734 45.735 25.445  0.03
31.808459 45.240121 23.329554 
31.890963 45.085602 23.491177 
32.215869 44.985338 23.783105 
FEnd
FBeg
 1411   CA ARG B 207  2107    O HOH A 209 unk
31.885 42.651 21.909 34.019 45.902 22.588  0.51
31.330013 45.914700 21.603408 
31.808459 45.240121 23.329554 
31.114164 45.855091 22.567195 
FEnd
FBeg
 1361  OE1 GLU B 199  2107    O HOH A 209 hbw
32.587 47.349 18.190 34.019 45.902 22.588  17.14
32.122800 46.020210 20.574128 
32.010704 46.037768 20.616403 
31.469957 46.433654 20.922724 
31.106636 49.785480 22.143817 
31.595735 50.858938 22.337747 
35.747787 51.566975 21.218782 
33.260251 46.203979 20.264233 
FEnd
FBeg
 1419  NH1 ARG B 207  2107    O HOH A 209 hbw
35.582 45.774 19.234 34.019 45.902 22.588  21.78
35.747787 51.566975 21.218782 
35.930834 51.758700 21.296767 
37.170934 50.510396 21.922307 
38.597569 48.369135 22.668851 
37.634937 45.801391 22.318248 
34.745952 45.473868 20.984450 
33.260251 46.203979 20.264233 
FEnd
FBeg
 1415   CG ARG B 207  2107    O HOH A 209 unk
33.826 43.272 20.320 34.019 45.902 22.588  1.80
34.705054 45.010221 21.525582 
32.122800 46.020210 20.574128 
33.260251 46.203979 20.264233 
34.745952 45.473868 20.984450 
FEnd
FBeg
 1416   CD ARG B 207  2107    O HOH A 209 unk
35.366 43.163 20.343 34.019 45.902 22.588  5.75
36.228871 43.863064 23.839454 
34.705054 45.010221 21.525582 
34.745952 45.473868 20.984450 
37.634937 45.801391 22.318248 
37.333835 44.734214 23.439591 
FEnd
FBeg
 1416   CD ARG B 207  2077    O HOH A 179 unk
35.366 43.163 20.343 40.471 43.552 22.084  18.54
37.634937 45.801391 22.318248 
37.333835 44.734214 23.439591 
37.320192 43.601485 23.732687 
38.190357 39.510940 22.095138 
39.087873 39.445989 19.477934 
38.458324 43.921848 20.323847 
37.971649 45.392945 21.422195 
FEnd
FBeg
 1418   CZ ARG B 207  2077    O HOH A 179 unk
36.081 44.733 18.557 40.471 43.552 22.084  7.93
38.458324 43.921848 20.323847 
37.971649 45.392945 21.422195 
40.054889 47.597727 19.567481 
39.636427 43.138765 18.595270 
FEnd
FBeg
 1417   NE ARG B 207  2077    O HOH A 179 hbw
35.994 43.494 19.059 40.471 43.552 22.084  12.19
39.087873 39.445989 19.477934 
38.458324 43.921848 20.323847 
39.636427 43.138765 18.595270 
41.297119 39.575731 16.205761 
41.156242 39.301939 16.419509 
39.535939 39.320150 18.817208 
FEnd
FBeg
 1164   CD ARG A 152  2107    O HOH A 209 unk
36.480 44.958 27.332 34.019 45.902 22.588  9.00
35.938683 43.893675 23.996084 
36.228871 43.863064 23.839454 
37.333835 44.734214 23.439591 
38.602734 48.210823 23.473140 
37.763163 49.267146 24.118873 
37.016794 48.445037 24.342469 
35.842482 46.000311 24.465184 
FEnd
FBeg
 1157  ND2 ASN A 151  2080    O HOH A 182 hbw
38.440 39.307 33.975 39.333 37.544 31.232  5.40
36.131305 38.842084 31.172193 
35.967075 38.059876 31.621472 
40.125376 36.113111 34.226471 
40.357104 36.098582 34.311249 
38.525632 38.381510 32.247703 
FEnd
FBeg
 1154   CB ASN A 151  2080    O HOH A 182 unk
39.491 40.453 32.126 39.333 37.544 31.232  17.84
38.525632 38.381510 32.247703 
41.942440 38.280361 31.972969 
42.959544 38.399659 31.405025 
43.005729 38.663644 30.537879 
38.772534 39.479074 28.632685 
37.157891 39.524867 28.769042 
36.901218 39.401056 29.217276 
36.131305 38.842084 31.172193 
FEnd
FBeg
 1153    O ASN A 151  2080    O HOH A 182 hbw
40.721 41.773 29.958 39.333 37.544 31.232  6.61
43.005729 38.663644 30.537879 
43.121697 38.482480 30.062857 
43.244142 38.249079 29.421491 
41.317766 38.315700 27.543887 
38.772534 39.479074 28.632685 
FEnd
FBeg
 1156  OD1 ASN A 151  2080    O HOH A 182 hbw
40.669 39.655 34.068 39.333 37.544 31.232  8.30
41.942440 38.280361 31.972969 
40.433539 36.078563 34.322717 
42.347237 35.131122 34.126437 
43.355207 35.421135 33.435722 
43.471240 35.675089 33.192028 
42.959544 38.399659 31.405025 
FEnd
FBeg
 1155   CG ASN A 151  2080    O HOH A 182 unk
39.579 39.767 33.473 39.333 37.544 31.232  5.52
40.357104 36.098582 34.311249 
40.433539 36.078563 34.322717 
41.942440 38.280361 31.972969 
38.525632 38.381510 32.247703 
FEnd
FBeg
 1770  NH1 ARG B 251  2080    O HOH A 182 hbw
36.767 35.324 33.669 39.333 37.544 31.232  16.49
35.967075 38.059876 31.621472 
37.003686 34.217861 29.213048 
39.558634 34.077437 31.775319 
40.125376 36.113111 34.226471 
FEnd
FBeg
 1043   NE ARG A 138  2077    O HOH A 179 hbw
44.937 45.195 23.937 40.471 43.552 22.084  5.12
42.304407 45.492862 22.827267 
42.853077 44.133282 22.710392 
43.152429 43.766858 22.313807 
44.478911 43.190310 19.628002 
43.873706 44.487314 19.936617 
42.437310 45.588115 22.422494 
FEnd
FBeg
 1042   CD ARG A 138  2077    O HOH A 179 unk
44.977 46.618 24.285 40.471 43.552 22.084  0.38
42.437310 45.588115 22.422494 
41.206659 46.866622 23.160981 
42.304407 45.492862 22.827267 
FEnd
FBeg
 1046  NH2 ARG A 138  2077    O HOH A 179 hbw
44.855 42.938 24.381 40.471 43.552 22.084  32.85
43.152429 43.766858 22.313807 
42.919841 43.630281 22.721211 
41.971447 39.431774 23.409012 
42.150723 37.488581 22.547424 
44.077090 37.084109 18.762689 
45.102558 38.960288 17.307016 
44.478911 43.190310 19.628002 
FEnd
FBeg
 1044   CZ ARG A 138  2077    O HOH A 179 unk
44.880 44.196 24.817 40.471 43.552 22.084  0.12
42.853077 44.133282 22.710392 
42.919841 43.630281 22.721211 
43.152429 43.766858 22.313807 
FEnd
FBeg
 1149  NH2 ARG A 150  2070    O HOH D  51 hbw
36.096 39.263 38.845 33.865 37.596 40.632  16.69
33.300044 37.904025 37.309813 
36.002526 35.674803 38.604231 
37.058453 35.052311 39.341823 
37.312595 35.086487 39.690992 
36.658202 37.760088 41.368071 
36.431909 38.455886 41.734627 
33.833724 39.618398 39.575342 
33.462422 38.868158 38.411925 
FEnd
FBeg
 1736  CD1 TYR B 248  2070    O HOH D  51 unk
31.099 40.675 38.346 33.865 37.596 40.632  1.44
33.462422 38.868158 38.411925 
33.300044 37.904025 37.309813 
32.879807 37.602144 37.411686 
32.399047 37.369978 37.680692 
32.154200 37.550303 38.219828 
FEnd
FBeg
 1738  CE1 TYR B 248  2070    O HOH D  51 unk
31.226 40.352 39.697 33.865 37.596 40.632  5.69
33.833724 39.618398 39.575342 
33.462422 38.868158 38.411925 
32.154200 37.550303 38.219828 
32.111788 37.551728 38.343735 
32.100669 38.625731 41.540842 
32.281001 38.841180 41.666917 
32.585354 39.030576 41.366157 
FEnd
FBeg
  784   CG ASP A 106  2070    O HOH D  51 unk
33.561 41.062 42.507 33.865 37.596 40.632  2.54
32.281001 38.841180 41.666917 
32.273821 38.694614 41.936685 
34.114102 37.324259 44.768202 
34.559024 37.502717 44.510454 
34.669859 37.564989 44.413313 
32.585354 39.030576 41.366157 
FEnd
FBeg
  785  OD1 ASP A 106  2070    O HOH D  51 hbw
32.492 40.736 43.044 33.865 37.596 40.632  1.00
32.273821 38.694614 41.936685 
32.227937 38.527662 42.127909 
32.690448 37.848044 43.275930 
34.079039 37.296601 44.784250 
34.114102 37.324259 44.768202 
FEnd
FBeg
 1780   NZ LYS B 252  2070    O HOH D  51 hbw
31.356 35.411 42.143 33.865 37.596 40.632  14.31
32.690448 37.848044 43.275930 
33.817421 34.120311 39.756723 
34.130271 33.641776 39.584216 
34.305406 33.492259 39.658815 
35.710498 33.543033 42.065379 
34.565850 36.279679 44.122063 
34.079039 37.296601 44.784250 
FEnd
FBeg
 1778   CD LYS B 252  2070    O HOH D  51 unk
30.047 35.278 40.138 33.865 37.596 40.632  1.27
33.817421 34.120311 39.756723 
32.473647 36.670477 38.176244 
32.573458 36.540622 38.014145 
32.793558 36.154863 38.123147 
34.130271 33.641776 39.584216 
FEnd
FBeg
 1741   OH TYR B 248  2070    O HOH D  51 hbw
30.288 39.910 41.794 33.865 37.596 40.632  0.10
32.100669 38.625731 41.540842 
32.227937 38.527662 42.127909 
32.273821 38.694614 41.936685 
32.281001 38.841180 41.666917 
FEnd
FBeg
 1779   CE LYS B 252  2070    O HOH D  51 unk
30.732 36.224 41.082 33.865 37.596 40.632  13.10
32.111788 37.551728 38.343735 
32.473647 36.670477 38.176244 
33.817421 34.120311 39.756723 
32.690448 37.848044 43.275930 
32.227937 38.527662 42.127909 
32.100669 38.625731 41.540842 
FEnd
FBeg
  786  OD2 ASP A 106  2070    O HOH D  51 hbw
34.164 40.300 41.728 33.865 37.596 40.632  10.57
36.431909 38.455886 41.734627 
33.833724 39.618398 39.575342 
32.585354 39.030576 41.366157 
34.669859 37.564989 44.413313 
35.874365 37.902550 43.251895 
FEnd
FBeg
 1721  OD2 ASP B 246  2100    O HOH A 202 hbw
25.903 42.892 34.801 25.725 46.602 37.006  17.98
22.246408 46.274238 33.045866 
25.297195 46.232496 33.362374 
26.454179 45.133176 35.305423 
26.916102 44.402648 36.571854 
25.458690 43.696031 37.643114 
24.665532 43.513606 37.886024 
21.838444 45.166944 34.875998 
21.850342 45.292216 34.666184 
FEnd
FBeg
 1118   NZ LYS A 147  2100    O HOH A 202 hbw
27.251 44.107 40.115 25.725 46.602 37.006  62.90
25.458690 43.696031 37.643114 
26.472802 47.069156 39.852317 
23.997191 51.244090 44.417851 
17.024854 51.335181 47.913205 
20.273069 45.528972 41.659340 
24.665532 43.513606 37.886024 
FEnd
FBeg
 1129  NH2 ARG A 148  2100    O HOH A 202 hbw
28.520 47.589 37.619 25.725 46.602 37.006  268.13
26.472802 47.069156 39.852317 
27.422255 45.870468 37.453270 
25.250663 54.065106 34.160435 
24.517346 56.273433 33.948367 
13.218529 81.003285 45.647925 
12.113243 82.507230 48.265998 
23.997191 51.244090 44.417851 
FEnd
FBeg
 1127   CZ ARG A 148  2100    O HOH A 202 unk
29.097 47.279 36.467 25.725 46.602 37.006  18.76
27.422255 45.870468 37.453270 
27.424790 45.788151 37.365739 
26.247126 48.826452 33.814435 
25.238588 51.940179 31.415921 
25.089078 52.787358 31.544668 
25.250663 54.065106 34.160435 
FEnd
FBeg
 1117   CE LYS A 147  2100    O HOH A 202 unk
28.442 44.341 39.211 25.725 46.602 37.006  5.90
26.916102 44.402648 36.571854 
27.424790 45.788151 37.365739 
27.422255 45.870468 37.453270 
26.472802 47.069156 39.852317 
25.458690 43.696031 37.643114 
FEnd
FBeg
 1126   NE ARG A 148  2100    O HOH A 202 hbw
28.619 46.258 35.752 25.725 46.602 37.006  5.99
26.454179 45.133176 35.305423 
26.247126 48.826452 33.814435 
27.424790 45.788151 37.365739 
26.916102 44.402648 36.571854 
FEnd
FBeg
 1125   CD ARG A 148  2100    O HOH A 202 unk
29.166 45.780 34.492 25.725 46.602 37.006  13.71
25.297195 46.232496 33.362374 
24.299350 48.328378 31.311301 
24.674508 50.508704 31.111894 
25.238588 51.940179 31.415921 
26.247126 48.826452 33.814435 
26.454179 45.133176 35.305423 
FEnd
FBeg
  795   CZ ARG A 107  2083    O HOH A 185 unk
27.694 38.142 47.536 24.230 38.247 46.374  5.21
25.987526 35.831292 45.742127 
25.992327 35.832560 45.727928 
26.730077 37.367733 43.667368 
26.593964 39.770817 44.290276 
26.317763 40.136428 45.146688 
FEnd
FBeg
  797  NH2 ARG A 107  2083    O HOH A 185 hbw
26.379 38.265 47.696 24.230 38.247 46.374  93.96
26.317763 40.136428 45.146688 
24.858451 44.179061 47.463854 
22.151295 45.799700 51.842451 
19.142713 39.862068 56.813949 
24.600349 34.122408 48.020344 
25.953974 35.780782 45.797356 
25.987526 35.831292 45.742127 
FEnd
FBeg
 1669  CE2 PHE B 239  2083    O HOH A 185 unk
24.246 34.171 43.343 24.230 38.247 46.374  8.47
25.992327 35.832560 45.727928 
25.953974 35.780782 45.797356 
24.600349 34.122408 48.020344 
24.282783 33.982431 48.206904 
23.957317 37.004784 44.140814 
26.730077 37.367733 43.667368 
FEnd
FBeg
 1667  CD2 PHE B 239  2083    O HOH A 185 unk
22.869 34.316 43.561 24.230 38.247 46.374  22.61
24.282783 33.982431 48.206904 
21.486466 33.437497 50.321344 
21.265909 33.561435 50.254860 
20.239271 35.411886 48.165677 
20.773940 37.547850 44.922109 
23.957317 37.004784 44.140814 
FEnd

+-+CCS_record::Boundary loops before union-find
Start boundary loop loop_id 3  init_edge IE_B_Wi
xyz 31.1066 49.7855 22.1438
xyz 31.5957 50.8589 22.3377
xyz 35.7478 51.567 21.2188
xyz 35.9308 51.7587 21.2968
xyz 37.1709 50.5104 21.9223
xyz 38.5976 48.3691 22.6689
xyz 37.6349 45.8014 22.3182
xyz 37.9716 45.3929 21.4222
xyz 40.0549 47.5977 19.5675
xyz 39.6364 43.1388 18.5953
xyz 41.2971 39.5757 16.2058
xyz 41.1562 39.3019 16.4195
xyz 39.5359 39.3201 18.8172
xyz 39.0879 39.446 19.4779
xyz 38.1904 39.5109 22.0951
xyz 37.3202 43.6015 23.7327
xyz 37.3338 44.7342 23.4396
xyz 38.6027 48.2108 23.4731
xyz 37.7632 49.2671 24.1189
xyz 37.0168 48.445 24.3425
xyz 37.1143 50.1447 24.2919
xyz 37.0403 50.2484 24.2927
xyz 36.7278 50.5363 24.3
xyz 33.9577 53.2625 23.2882
xyz 32.5423 52.5299 23.28
xyz 31.8397 50.5063 23.6734
xyz 29.9421 49.183 27.3327
xyz 30.1575 46.3735 28.9835
xyz 29.6341 46.382 29.2402
xyz 29.5312 46.414 29.2717
xyz 29.2526 44.9848 28.079
xyz 28.9701 45.7046 23.9446
xyz 29.1418 47.2097 23.8378
xyz 31.0099 49.1883 22.6421
xyz 31.1142 45.8551 22.5672
xyz 31.33 45.9147 21.6034
xyz 31.4771 46.0855 20.9317
xyz 32.0107 46.0378 20.6164
xyz 31.47 46.4337 20.9227
End loop
Boundary info init_edge IE_B_Wi [total exposed]: 84.646788 84.646788
Start boundary loop loop_id 4  init_edge IE_A_Wi
xyz 35.9671 38.0599 31.6215
xyz 37.0037 34.2179 29.213
xyz 39.5586 34.0774 31.7753
xyz 40.1254 36.1131 34.2265
xyz 40.3571 36.0986 34.3112
xyz 40.4335 36.0786 34.3227
xyz 42.3472 35.1311 34.1264
xyz 43.3552 35.4211 33.4357
xyz 43.4712 35.6751 33.192
xyz 42.9595 38.3997 31.405
xyz 43.0057 38.6636 30.5379
xyz 43.1217 38.4825 30.0629
xyz 43.2441 38.2491 29.4215
xyz 41.3178 38.3157 27.5439
xyz 38.7725 39.4791 28.6327
xyz 37.1579 39.5249 28.769
xyz 36.9012 39.4011 29.2173
xyz 36.1313 38.8421 31.1722
End loop
Boundary info init_edge IE_A_Wi [total exposed]: 31.964411 31.964411
Start boundary loop loop_id 5  init_edge IE_A_Wi
xyz 42.8531 44.1333 22.7104
xyz 42.9198 43.6303 22.7212
xyz 41.9714 39.4318 23.409
xyz 42.1507 37.4886 22.5474
xyz 44.0771 37.0841 18.7627
xyz 45.1026 38.9603 17.307
xyz 44.4789 43.1903 19.628
xyz 43.8737 44.4873 19.9366
xyz 42.4373 45.5881 22.4225
xyz 41.2067 46.8666 23.161
xyz 42.3044 45.4929 22.8273
End loop
Boundary info init_edge IE_A_Wi [total exposed]: 28.439015 28.439015
Start boundary loop loop_id 6  init_edge IE_A_Wi
xyz 32.8798 37.6021 37.4117
xyz 32.399 37.37 37.6807
xyz 32.1542 37.5503 38.2198
xyz 32.1118 37.5517 38.3437
xyz 32.4736 36.6705 38.1762
xyz 32.5735 36.5406 38.0141
xyz 32.7936 36.1549 38.1231
xyz 34.1303 33.6418 39.5842
xyz 34.3054 33.4923 39.6588
xyz 35.7105 33.543 42.0654
xyz 34.5658 36.2797 44.1221
xyz 34.079 37.2966 44.7842
xyz 34.1141 37.3243 44.7682
xyz 34.559 37.5027 44.5105
xyz 34.6699 37.565 44.4133
xyz 35.8744 37.9025 43.2519
xyz 36.4319 38.4559 41.7346
xyz 36.6582 37.7601 41.3681
xyz 37.3126 35.0865 39.691
xyz 37.0585 35.0523 39.3418
xyz 36.0025 35.6748 38.6042
xyz 33.3 37.904 37.3098
End loop
Boundary info init_edge IE_A_Wi [total exposed]: 28.483397 28.483397
Start boundary loop loop_id 7  init_edge IE_B_Wi
xyz 25.2972 46.2325 33.3624
xyz 24.2994 48.3284 31.3113
xyz 24.6745 50.5087 31.1119
xyz 25.2386 51.9402 31.4159
xyz 25.0891 52.7874 31.5447
xyz 25.2507 54.0651 34.1604
xyz 24.5173 56.2734 33.9484
xyz 13.2185 81.0033 45.6479
xyz 12.1132 82.5072 48.266
xyz 23.9972 51.2441 44.4179
xyz 17.0249 51.3352 47.9132
xyz 20.2731 45.529 41.6593
xyz 24.6655 43.5136 37.886
xyz 21.8384 45.1669 34.876
xyz 21.8503 45.2922 34.6662
xyz 22.2464 46.2742 33.0459
End loop
Boundary info init_edge IE_B_Wi [total exposed]: 112.248169 112.248169
Start boundary loop loop_id 8  init_edge IE_A_Wi
xyz 25.9923 35.8326 45.7279
xyz 25.954 35.7808 45.7974
xyz 25.9875 35.8313 45.7421
End loop
Boundary info init_edge IE_A_Wi [total exposed]: 0.191784 0.191784
Start boundary loop loop_id 9  init_edge IE_A_Wi
xyz 20.7739 37.5478 44.9221
xyz 23.9573 37.0048 44.1408
xyz 26.7301 37.3677 43.6674
xyz 26.594 39.7708 44.2903
xyz 26.3178 40.1364 45.1467
xyz 24.8585 44.1791 47.4639
xyz 22.1513 45.7997 51.8425
xyz 19.1427 39.8621 56.8139
xyz 24.6003 34.1224 48.0203
xyz 24.2828 33.9824 48.2069
xyz 21.4865 33.4375 50.3213
xyz 21.2659 33.5614 50.2549
xyz 20.2393 35.4119 48.1657
End loop
Boundary info init_edge IE_A_Wi [total exposed]: 51.136055 51.136055
+-+Surf_areas::Interface areas<Areas altogether before UFind>: IE_A_B: 271.01 IE_A_Wi: 327.33 IE_B_Wi: 113.55 
+-+Surf_areas::Chem Interface areas<Areas altogether before UFind>: ali: 98.75 aro: 7.81 hbd: 28.89 hbw: 338.44 hbdp: 0.00 elu: 0.00 elf: 8.19 hbwp: 0.00 ssb: 0.00 unk: 229.82 
+++UnionFindAlgo::processing merged ccs...

+-+MCC_record::Boundary nets of merged cc after union-find
Start boundary net with  1 loops
Start boundary loop loop_id 3
Start boundary loop auf loop_id 3  init_edge IE_B_Wi
xyz 31.1066 49.7855 22.1438
xyz 31.5957 50.8589 22.3377
xyz 35.7478 51.567 21.2188
xyz 35.9308 51.7587 21.2968
xyz 37.1709 50.5104 21.9223
xyz 38.5976 48.3691 22.6689
xyz 37.6349 45.8014 22.3182
xyz 37.9716 45.3929 21.4222
xyz 40.0549 47.5977 19.5675
xyz 39.6364 43.1388 18.5953
xyz 41.2971 39.5757 16.2058
xyz 41.1562 39.3019 16.4195
xyz 39.5359 39.3201 18.8172
xyz 39.0879 39.446 19.4779
xyz 38.1904 39.5109 22.0951
xyz 37.3202 43.6015 23.7327
xyz 37.3338 44.7342 23.4396
xyz 38.6027 48.2108 23.4731
xyz 37.7632 49.2671 24.1189
xyz 37.0168 48.445 24.3425
xyz 37.1143 50.1447 24.2919
xyz 37.0403 50.2484 24.2927
xyz 36.7278 50.5363 24.3
xyz 33.9577 53.2625 23.2882
xyz 32.5423 52.5299 23.28
xyz 31.8397 50.5063 23.6734
xyz 29.9421 49.183 27.3327
xyz 30.1575 46.3735 28.9835
xyz 29.6341 46.382 29.2402
xyz 29.5312 46.414 29.2717
xyz 29.2526 44.9848 28.079
xyz 28.9701 45.7046 23.9446
xyz 29.1418 47.2097 23.8378
xyz 31.0099 49.1883 22.6421
xyz 31.1142 45.8551 22.5672
xyz 31.33 45.9147 21.6034
xyz 31.4771 46.0855 20.9317
xyz 32.0107 46.0378 20.6164
xyz 31.47 46.4337 20.9227
End loop. Loop info [total exposed]: 84.6468 84.6468
End net. Net info [total exposed]: 84.6468 84.6468
Start boundary net with  1 loops
Start boundary loop loop_id 4
Start boundary loop auf loop_id 4  init_edge IE_A_Wi
xyz 35.9671 38.0599 31.6215
xyz 37.0037 34.2179 29.213
xyz 39.5586 34.0774 31.7753
xyz 40.1254 36.1131 34.2265
xyz 40.3571 36.0986 34.3112
xyz 40.4335 36.0786 34.3227
xyz 42.3472 35.1311 34.1264
xyz 43.3552 35.4211 33.4357
xyz 43.4712 35.6751 33.192
xyz 42.9595 38.3997 31.405
xyz 43.0057 38.6636 30.5379
xyz 43.1217 38.4825 30.0629
xyz 43.2441 38.2491 29.4215
xyz 41.3178 38.3157 27.5439
xyz 38.7725 39.4791 28.6327
xyz 37.1579 39.5249 28.769
xyz 36.9012 39.4011 29.2173
xyz 36.1313 38.8421 31.1722
End loop. Loop info [total exposed]: 31.9644 31.9644
End net. Net info [total exposed]: 31.9644 31.9644
Start boundary net with  1 loops
Start boundary loop loop_id 1
Start boundary loop auf loop_id 1  init_edge IE_A_B
xyz 29.9373 42.1295 43.7867
xyz 29.9574 41.8324 43.9476
xyz 29.5522 42.3937 43.8888
End loop. Loop info [total exposed]: 1.51137 1.51137
End net. Net info [total exposed]: 1.51137 1.51137
Start boundary net with  1 loops
Start boundary loop loop_id 2
Start boundary loop auf loop_id 2  init_edge IE_A_B
xyz 28.6148 42.9176 43.8549
xyz 29.0918 42.8781 43.6569
xyz 29.0359 42.8314 43.8504
End loop. Loop info [total exposed]: 1.15459 1.15459
End net. Net info [total exposed]: 1.15459 1.15459
Start boundary net with  3 loops
Start boundary loop loop_id 0
Start boundary loop auf loop_id 0  init_edge IE_A_B
xyz 26.859 41.6666 43.7252
xyz 28.3704 42.3333 42.6581
xyz 28.499 42.9074 43.8606
xyz 27.0979 41.9645 44.0378
xyz 28.0427 40.5852 44.1842
xyz 27.993 38.7413 43.9397
xyz 28.4624 37.7426 43.8442
xyz 31.2973 38.0358 44.0939
xyz 31.3975 37.9783 44.1361
xyz 32.6904 37.848 43.2759
xyz 32.2279 38.5277 42.1279
xyz 32.2738 38.6946 41.9367
xyz 32.281 38.8412 41.6669
xyz 32.5854 39.0306 41.3662
xyz 33.8337 39.6184 39.5753
xyz 33.4624 38.8682 38.4119
xyz 33.3 37.904 37.3098
xyz 36.0025 35.6748 38.6042
xyz 36.6853 36.4435 37.4146
xyz 36.7048 37.4898 36.2143
xyz 38.8545 36.8696 37.2434
xyz 39.5076 36.553 36.5911
xyz 39.6771 36.2567 34.8082
xyz 40.1254 36.1131 34.2265
xyz 35.9671 38.0599 31.6215
xyz 34.8983 38.4422 32.4889
xyz 34.8128 38.4357 33.0405
xyz 34.536 39.1768 34.84
xyz 34.7328 39.1076 35.2798
xyz 33.7749 38.7782 36.0959
xyz 33.6033 38.634 36.339
xyz 33.6568 38.8087 36.297
xyz 33.7749 38.7782 36.0959
xyz 34.046 39.0185 35.2121
xyz 33.5002 40.3964 34.4612
xyz 34.5877 39.5763 34.5137
xyz 34.956 39.2779 32.1315
xyz 35.7569 40.2091 31.8067
xyz 36.3495 41.7593 31.3215
xyz 36.354 41.9088 31.2786
xyz 36.5382 42.1073 30.9748
xyz 36.6202 41.9865 30.8906
xyz 37.1862 40.9792 29.3457
xyz 37.3038 40.761 28.9753
xyz 36.3864 41.6341 27.2756
xyz 35.9518 41.5819 26.4923
xyz 35.7987 41.6971 26.4544
xyz 35.9298 41.626 26.3211
xyz 36.2926 42.6637 24.1745
xyz 35.7582 43.2422 24.3012
xyz 35.9387 43.8937 23.9961
xyz 32.5479 44.8112 24.0462
xyz 32.4592 44.875 24.0565
xyz 32.0797 44.0939 25.1108
xyz 32.0481 44.0722 25.2395
xyz 31.7881 44.0493 26.4441
xyz 31.8306 45.0196 27.1584
xyz 31.6294 45.3991 27.542
xyz 30.1575 46.3735 28.9835
xyz 31.2394 46.2013 29.2203
xyz 30.3083 46.0705 30.401
xyz 30.287 46.0741 30.3954
xyz 29.8099 46.2372 30.3531
xyz 29.4088 45.0771 31.0471
xyz 28.6942 44.7475 31.0303
xyz 28.4789 44.8953 30.8471
xyz 27.9959 45.8181 30.0096
xyz 25.969 47.3605 30.4422
xyz 24.2994 48.3284 31.3113
xyz 25.2972 46.2325 33.3624
xyz 26.4542 45.1332 35.3054
xyz 26.9161 44.4026 36.5719
xyz 25.4587 43.696 37.6431
xyz 25.7544 42.7429 37.786
xyz 24.9674 43.0569 37.9139
xyz 22.6622 43.2146 40.7064
xyz 25.8963 41.3942 41.863
End loop. Loop info [total exposed]: 109.062 72.9324
Start boundary loop loop_id 6
Start boundary loop auf loop_id 6  init_edge IE_A_Wi
xyz 32.8798 37.6021 37.4117
xyz 32.399 37.37 37.6807
xyz 32.1542 37.5503 38.2198
xyz 32.1118 37.5517 38.3437
xyz 32.4736 36.6705 38.1762
xyz 32.5735 36.5406 38.0141
xyz 32.7936 36.1549 38.1231
xyz 34.1303 33.6418 39.5842
xyz 34.3054 33.4923 39.6588
xyz 35.7105 33.543 42.0654
xyz 34.5658 36.2797 44.1221
xyz 34.079 37.2966 44.7842
xyz 34.1141 37.3243 44.7682
xyz 34.559 37.5027 44.5105
xyz 34.6699 37.565 44.4133
xyz 35.8744 37.9025 43.2519
xyz 36.4319 38.4559 41.7346
xyz 36.6582 37.7601 41.3681
xyz 37.3126 35.0865 39.691
xyz 37.0585 35.0523 39.3418
xyz 36.0025 35.6748 38.6042
xyz 33.3 37.904 37.3098
End loop. Loop info [total exposed]: 28.4834 24.7486
Start boundary loop loop_id 7
Start boundary loop auf loop_id 7  init_edge IE_B_Wi
xyz 25.2972 46.2325 33.3624
xyz 24.2994 48.3284 31.3113
xyz 24.6745 50.5087 31.1119
xyz 25.2386 51.9402 31.4159
xyz 25.0891 52.7874 31.5447
xyz 25.2507 54.0651 34.1604
xyz 24.5173 56.2734 33.9484
xyz 13.2185 81.0033 45.6479
xyz 12.1132 82.5072 48.266
xyz 23.9972 51.2441 44.4179
xyz 17.0249 51.3352 47.9132
xyz 20.2731 45.529 41.6593
xyz 24.6655 43.5136 37.886
xyz 21.8384 45.1669 34.876
xyz 21.8503 45.2922 34.6662
xyz 22.2464 46.2742 33.0459
End loop. Loop info [total exposed]: 112.248 109.151
End net. Net info [total exposed]: 249.793 206.832
+-+Surf_areas::Interface areas<for merged connected component>: IE_A_B: 271.01 IE_A_Wi: 258.51 IE_B_Wi: 98.01 
+-+Surf_areas::Chem Interface areas<for merged connected component>: ali: 98.75 aro: 7.81 hbd: 28.89 hbw: 272.47 hbdp: 0.00 elu: 0.00 elf: 8.19 hbwp: 0.00 ssb: 0.00 unk: 211.42 
+-+MCC_record::dump_stats::Nb loops_before - nets_after uf merge: 7 5

+-+MCC_record::Boundary nets of merged cc after union-find
Start boundary net with  1 loops
Start boundary loop loop_id 5
Start boundary loop auf loop_id 5  init_edge IE_A_Wi
xyz 42.8531 44.1333 22.7104
xyz 42.9198 43.6303 22.7212
xyz 41.9714 39.4318 23.409
xyz 42.1507 37.4886 22.5474
xyz 44.0771 37.0841 18.7627
xyz 45.1026 38.9603 17.307
xyz 44.4789 43.1903 19.628
xyz 43.8737 44.4873 19.9366
xyz 42.4373 45.5881 22.4225
xyz 41.2067 46.8666 23.161
xyz 42.3044 45.4929 22.8273
End loop. Loop info [total exposed]: 28.439 28.439
End net. Net info [total exposed]: 28.439 28.439
+-+Surf_areas::Interface areas<for merged connected component>: IE_A_Wi: 19.24 
+-+Surf_areas::Chem Interface areas<for merged connected component>: ali: 0.00 aro: 0.00 hbd: 0.00 hbw: 18.98 hbdp: 0.00 elu: 0.00 elf: 0.00 hbwp: 0.00 ssb: 0.00 unk: 0.25 
+-+MCC_record::dump_stats::Nb loops_before - nets_after uf merge: 1 1

+-+MCC_record::Boundary nets of merged cc after union-find
Start boundary net with  1 loops
Start boundary loop loop_id 8
Start boundary loop auf loop_id 8  init_edge IE_A_Wi
xyz 25.9923 35.8326 45.7279
xyz 25.954 35.7808 45.7974
xyz 25.9875 35.8313 45.7421
End loop. Loop info [total exposed]: 0.191784 0.191784
End net. Net info [total exposed]: 0.191784 0.191784
Start boundary net with  1 loops
Start boundary loop loop_id 9
Start boundary loop auf loop_id 9  init_edge IE_A_Wi
xyz 20.7739 37.5478 44.9221
xyz 23.9573 37.0048 44.1408
xyz 26.7301 37.3677 43.6674
xyz 26.594 39.7708 44.2903
xyz 26.3178 40.1364 45.1467
xyz 24.8585 44.1791 47.4639
xyz 22.1513 45.7997 51.8425
xyz 19.1427 39.8621 56.8139
xyz 24.6003 34.1224 48.0203
xyz 24.2828 33.9824 48.2069
xyz 21.4865 33.4375 50.3213
xyz 21.2659 33.5614 50.2549
xyz 20.2393 35.4119 48.1657
End loop. Loop info [total exposed]: 51.1361 51.1361
End net. Net info [total exposed]: 51.1361 51.1361
+-+Surf_areas::Interface areas<for merged connected component>: IE_A_Wi: 49.58 IE_B_Wi: 15.54 
+-+Surf_areas::Chem Interface areas<for merged connected component>: ali: 0.00 aro: 0.00 hbd: 0.00 hbw: 46.98 hbdp: 0.00 elu: 0.00 elf: 0.00 hbwp: 0.00 ssb: 0.00 unk: 18.14 
+-+MCC_record::dump_stats::Nb loops_before - nets_after uf merge: 2 2
