Begin VSO per interface edge
174 1675  1
176 1674  1
176 1675  2
179 1673  2
179 1675  2
180 1675  1
181 1675  1
183 1673  1
183 1675  1
184 1673  2
184 1674  1
184 1675  2
187 1673  1
187 1674  1
188 1674  1
440 845  1
520 845  1
521 867  3
522 867  4
523 845  1
523 846  2
523 848  3
523 850  3
523 851  2
523 862  3
523 863  3
523 865  2
523 867  3
524 845  2
524 846  3
524 848  2
524 850  3
524 851  2
525 845  1
525 848  1
526 848  1
526 849  2
526 850  2
526 851  1
526 852  1
527 865  1
527 867  2
528 867  3
529 865  2
529 867  3
530 865  1
537 865  1
539 863  1
539 865  2
539 866  3
539 867  3
541 862  1
541 863  1
541 864  1
541 865  2
541 866  2
541 867  2
544 864  2
544 1285  1
792 866  3
793 866  3
793 867  4
796 864  1
796 866  2
796 867  3
798 866  3
798 867  4
799 866  2
799 867  3
800 866  1
805 866  3
805 867  3
809 858  1
809 862  2
809 864  1
809 865  2
809 866  2
809 867  2
810 851  1
810 858  1
810 862  2
830 845  1
End VSO per interface edge

Voronoi Facets of interface MI_AB
FBeg
  830   NZ LYS A 115   845   CA GLY B  10 unk
75.943 21.674 -14.877 78.527 17.736 -12.674  11.35
76.873954 21.181469 -11.230866 
78.388366 22.109199 -11.348815 
78.988961 19.799335 -16.182306 
78.578504 19.475591 -16.279575 
77.466708 18.833355 -16.123534 
77.278924 18.960334 -15.676292 
76.517527 20.778664 -11.532837 
FEnd
FBeg
  525  OD1 ASN A  77   845   CA GLY B  10 unk
75.018 18.575 -13.687 78.527 17.736 -12.674  7.97
77.278924 18.960334 -15.676292 
77.340333 18.710623 -16.095829 
77.107916 17.933535 -15.934354 
76.737691 17.406601 -15.088329 
76.505157 17.412033 -14.278339 
76.224372 18.876580 -12.092724 
76.517527 20.778664 -11.532837 
FEnd
FBeg
  525  OD1 ASN A  77   848    N GLU B  11 hbd
75.018 18.575 -13.687 77.264 17.334 -10.647  1.43
76.224372 18.876580 -12.092724 
76.517527 20.778664 -11.532837 
76.141449 21.038312 -11.148989 
75.738678 20.724564 -10.979495 
75.754303 19.625490 -11.439708 
FEnd
FBeg
  524   CG ASN A  77   848    N GLU B  11 unk
74.315 17.703 -13.193 77.264 17.334 -10.647  3.51
75.754303 19.625490 -11.439708 
76.224372 18.876580 -12.092724 
76.283954 16.888580 -12.449865 
76.152608 16.393074 -12.369543 
75.624705 16.142982 -11.794326 
75.297434 16.966614 -11.295882 
FEnd
FBeg
  524   CG ASN A  77   850    C GLU B  11 ali
74.315 17.703 -13.193 75.681 15.911 -9.335  0.39
75.624705 16.142982 -11.794326 
75.297434 16.966614 -11.295882 
74.995548 16.480228 -11.414914 
74.894236 16.106601 -11.552588 
FEnd
FBeg
  523   CB ASN A  77   850    C GLU B  11 ali
74.138 16.393 -13.925 75.681 15.911 -9.335  0.71
74.894236 16.106601 -11.552588 
75.624705 16.142982 -11.794326 
75.908679 15.695763 -11.936751 
74.538719 15.268060 -11.521132 
FEnd
FBeg
  523   CB ASN A  77   851    O GLU B  11 unk
74.138 16.393 -13.925 74.605 16.352 -9.740  0.85
74.538719 15.268060 -11.521132 
74.894236 16.106601 -11.552588 
74.725710 16.118796 -11.533663 
73.480477 15.494745 -11.400823 
73.664090 14.922193 -11.426921 
73.808024 14.938129 -11.442826 
FEnd
FBeg
  523   CB ASN A  77   862   CG PHE B  12 ali
74.138 16.393 -13.925 74.918 12.487 -10.780  0.05
73.664090 14.922193 -11.426921 
73.642241 14.880794 -11.472919 
73.664596 14.529691 -11.914523 
73.672577 14.534989 -11.909923 
73.808024 14.938129 -11.442826 
FEnd
FBeg
  523   CB ASN A  77   865  CE1 PHE B  12 ali
74.138 16.393 -13.925 75.704 13.200 -12.965  7.48
73.664596 14.529691 -11.914523 
73.637767 14.479382 -12.038089 
75.090233 14.400443 -14.669979 
77.287929 15.414954 -14.880665 
76.717451 15.658356 -13.140507 
76.104199 15.661185 -12.130730 
73.672577 14.534989 -11.909923 
FEnd
FBeg
  523   CB ASN A  77   846    C GLY B  10 ali
74.138 16.393 -13.925 78.285 16.940 -11.408  0.65
76.717451 15.658356 -13.140507 
76.313280 16.536731 -12.665485 
76.152608 16.393074 -12.369543 
76.080385 15.674436 -12.094374 
76.104199 15.661185 -12.130730 
FEnd
FBeg
  527    N SER A  78   865  CE1 PHE B  12 unk
74.680 14.659 -16.621 75.704 13.200 -12.965  2.45
75.090233 14.400443 -14.669979 
77.287929 15.414954 -14.880665 
77.663212 15.193800 -15.074033 
76.646773 13.895627 -15.307403 
75.897481 13.492458 -15.258429 
FEnd
FBeg
  527    N SER A  78   867   CZ PHE B  12 unk
74.680 14.659 -16.621 74.595 12.599 -13.559  0.97
75.897481 13.492458 -15.258429 
75.090233 14.400443 -14.669979 
74.834516 14.366771 -14.699731 
74.189201 13.679328 -15.180131 
75.837161 13.468063 -15.276515 
FEnd
FBeg
  529    C SER A  78   867   CZ PHE B  12 ali
75.752 12.574 -17.384 74.595 12.599 -13.559  1.33
75.837161 13.468063 -15.276515 
75.897481 13.492458 -15.258429 
76.438141 12.325627 -15.087262 
74.637683 11.639571 -15.627387 
FEnd
FBeg
  539  CD1 TYR A  79   867   CZ PHE B  12 aro
75.917 10.009 -14.676 74.595 12.599 -13.559  5.42
76.438141 12.325627 -15.087262 
75.891855 11.050526 -12.777217 
74.137585 10.821963 -14.323470 
73.710523 10.827766 -14.842365 
73.707576 11.044508 -15.348415 
74.045462 11.355339 -15.669245 
74.637683 11.639571 -15.627387 
FEnd
FBeg
  793    O VAL A 111   867   CZ PHE B  12 unk
72.705 10.947 -17.150 74.595 12.599 -13.559  0.85
73.707576 11.044508 -15.348415 
73.139716 11.293826 -15.164238 
72.680240 11.927310 -15.213835 
72.822041 12.256041 -15.439697 
74.045462 11.355339 -15.669245 
FEnd
FBeg
  798   CA LEU A 112   867   CZ PHE B  12 ali
70.341 12.346 -16.598 74.595 12.599 -13.559  0.18
72.680240 11.927310 -15.213835 
72.604858 12.148664 -15.126743 
72.680912 12.909323 -15.296530 
72.822041 12.256041 -15.439697 
FEnd
FBeg
  799    C LEU A 112   867   CZ PHE B  12 ali
70.091 12.698 -15.133 74.595 12.599 -13.559  0.40
72.604858 12.148664 -15.126743 
72.435165 13.075868 -14.582849 
72.617647 13.188057 -15.097965 
72.673953 13.041064 -15.268332 
72.680912 12.909323 -15.296530 
FEnd
FBeg
  522    O ASN A  77   867   CZ PHE B  12 unk
72.460 14.936 -16.281 74.595 12.599 -13.559  0.00
72.617647 13.188057 -15.097965 
72.619289 13.206003 -15.083846 
72.690141 13.059930 -15.264830 
72.673953 13.041064 -15.268332 
FEnd
FBeg
  805    N SER A 113   867   CZ PHE B  12 unk
70.324 13.949 -14.778 74.595 12.599 -13.559  0.36
72.435165 13.075868 -14.582849 
72.459522 13.464435 -14.237865 
72.631443 13.929401 -14.325290 
72.619289 13.206003 -15.083846 
72.617647 13.188057 -15.097965 
FEnd
FBeg
  809   CB SER A 113   867   CZ PHE B  12 ali
70.936 14.183 -12.330 74.595 12.599 -13.559  0.96
72.459522 13.464435 -14.237865 
73.627315 14.438319 -12.016283 
73.636254 14.452919 -12.008490 
73.637767 14.479382 -12.038089 
72.804517 14.177263 -14.129468 
72.631443 13.929401 -14.325290 
FEnd
FBeg
  809   CB SER A 113   864  CD2 PHE B  12 ali
70.936 14.183 -12.330 73.795 11.932 -11.392  10.15
73.627315 14.438319 -12.016283 
73.636254 14.452919 -12.008490 
73.663733 14.526401 -11.915907 
73.085518 14.314289 -10.662545 
71.381465 12.817310 -9.061066 
71.249138 12.664538 -9.024356 
70.770482 11.781202 -9.685242 
70.652675 11.524886 -9.941276 
70.160467 10.430989 -11.066155 
70.646491 10.760531 -11.756715 
FEnd
FBeg
  809   CB SER A 113   858   CA PHE B  12 ali
70.936 14.183 -12.330 74.781 13.804 -8.593  2.28
73.085518 14.314289 -10.662545 
73.304904 14.654631 -10.853754 
71.235998 14.192310 -8.771944 
71.381465 12.817310 -9.061066 
FEnd
FBeg
  810   OG SER A 113   858   CA PHE B  12 unk
71.320 15.387 -11.681 74.781 13.804 -8.593  2.90
73.304904 14.654631 -10.853754 
71.235998 14.192310 -8.771944 
71.472122 15.858278 -8.182565 
73.406970 14.762978 -10.912607 
FEnd
FBeg
  809   CB SER A 113   866  CE2 PHE B  12 ali
70.936 14.183 -12.330 73.635 11.964 -12.776  6.61
72.459522 13.464435 -14.237865 
73.627315 14.438319 -12.016283 
70.646491 10.760531 -11.756715 
71.167568 11.667427 -13.115490 
72.101559 13.002172 -14.104187 
FEnd
FBeg
  800    O LEU A 112   866  CE2 PHE B  12 unk
69.582 11.903 -14.371 73.635 11.964 -12.776  1.98
70.646491 10.760531 -11.756715 
71.167568 11.667427 -13.115490 
71.426557 10.898989 -13.744208 
70.672786 9.721265 -11.783784 
FEnd
FBeg
  796  CG2 VAL A 111   866  CE2 PHE B  12 ali
72.370 8.742 -15.198 73.635 11.964 -12.776  7.38
71.426557 10.898989 -13.744208 
72.295373 11.418310 -14.888843 
72.805722 11.388042 -15.115130 
73.139716 11.293826 -15.164238 
73.710523 10.827766 -14.842365 
73.728019 10.727710 -14.718398 
72.638396 9.130623 -12.024679 
70.672786 9.721265 -11.783784 
FEnd
FBeg
  796  CG2 VAL A 111   864  CD2 PHE B  12 ali
72.370 8.742 -15.198 73.795 11.932 -11.392  0.69
72.638396 9.130623 -12.024679 
70.672786 9.721265 -11.783784 
70.584688 9.610686 -11.658117 
72.391127 8.838257 -11.687053 
72.569036 8.906044 -11.810480 
FEnd
FBeg
  541  CE1 TYR A  79   864  CD2 PHE B  12 aro
75.204 9.244 -13.754 73.795 11.932 -11.392  5.42
72.569036 8.906044 -11.810480 
72.638396 9.130623 -12.024679 
75.627455 10.963833 -12.327848 
75.641713 10.943642 -12.296365 
75.474656 9.186389 -10.396232 
75.236499 8.866094 -10.173798 
74.410304 8.839499 -10.636381 
FEnd
FBeg
  541  CE1 TYR A  79   862   CG PHE B  12 aro
75.204 9.244 -13.754 74.918 12.487 -10.780  3.08
75.641713 10.943642 -12.296365 
75.474656 9.186389 -10.396232 
77.882041 9.620561 -10.638166 
FEnd
FBeg
  541  CE1 TYR A  79   863  CD1 PHE B  12 aro
75.204 9.244 -13.754 75.876 13.099 -11.586  4.45
75.627455 10.963833 -12.327848 
75.641713 10.943642 -12.296365 
77.882041 9.620561 -10.638166 
79.712562 9.037251 -10.168354 
79.915257 9.461014 -10.984691 
76.360187 10.937762 -12.508609 
75.730401 11.000773 -12.425442 
75.635777 10.979716 -12.358670 
FEnd
FBeg
  541  CE1 TYR A  79   865  CE1 PHE B  12 aro
75.204 9.244 -13.754 75.704 13.200 -12.965  0.11
76.360187 10.937762 -12.508609 
75.891855 11.050526 -12.777217 
75.730401 11.000773 -12.425442 
FEnd
FBeg
  539  CD1 TYR A  79   863  CD1 PHE B  12 aro
75.917 10.009 -14.676 75.876 13.099 -11.586  4.98
79.915257 9.461014 -10.984691 
76.360187 10.937762 -12.508609 
79.379658 11.326003 -12.856787 
79.859632 10.953998 -12.478413 
80.236462 9.890079 -11.409494 
FEnd
FBeg
  544   OH TYR A  79   864  CD2 PHE B  12 unk
74.591 7.068 -12.916 73.795 11.932 -11.392  0.23
72.391127 8.838257 -11.687053 
72.569036 8.906044 -11.810480 
74.410304 8.839499 -10.636381 
FEnd
FBeg
  544   OH TYR A  79  1285   CD ARG B  69 unk
74.591 7.068 -12.916 72.176 8.029 -8.276  14.26
74.410304 8.839499 -10.636381 
72.391127 8.838257 -11.687053 
70.442559 5.744045 -12.060384 
73.554723 4.742604 -10.233173 
75.585963 8.678150 -9.991064 
75.419988 8.763504 -10.095127 
FEnd
FBeg
  541  CE1 TYR A  79   866  CE2 PHE B  12 aro
75.204 9.244 -13.754 73.635 11.964 -12.776  4.84
73.728019 10.727710 -14.718398 
74.137585 10.821963 -14.323470 
75.635777 10.979716 -12.358670 
75.627455 10.963833 -12.327848 
72.638396 9.130623 -12.024679 
FEnd
FBeg
  792    C VAL A 111   866  CE2 PHE B  12 ali
71.617 10.340 -17.110 73.635 11.964 -12.776  0.12
72.295373 11.418310 -14.888843 
72.432608 11.625921 -15.030536 
72.595563 11.761952 -15.157384 
72.805722 11.388042 -15.115130 
FEnd
FBeg
  805    N SER A 113   866  CE2 PHE B  12 unk
70.324 13.949 -14.778 73.635 11.964 -12.776  0.14
72.435165 13.075868 -14.582849 
72.459522 13.464435 -14.237865 
72.101559 13.002172 -14.104187 
FEnd
FBeg
  799    C LEU A 112   866  CE2 PHE B  12 ali
70.091 12.698 -15.133 73.635 11.964 -12.776  3.23
72.604858 12.148664 -15.126743 
72.435165 13.075868 -14.582849 
72.101559 13.002172 -14.104187 
71.167568 11.667427 -13.115490 
71.426557 10.898989 -13.744208 
72.295373 11.418310 -14.888843 
72.432608 11.625921 -15.030536 
FEnd
FBeg
  798   CA LEU A 112   866  CE2 PHE B  12 ali
70.341 12.346 -16.598 73.635 11.964 -12.776  0.06
72.680240 11.927310 -15.213835 
72.604858 12.148664 -15.126743 
72.432608 11.625921 -15.030536 
72.595563 11.761952 -15.157384 
FEnd
FBeg
  793    O VAL A 111   866  CE2 PHE B  12 unk
72.705 10.947 -17.150 73.635 11.964 -12.776  0.12
73.139716 11.293826 -15.164238 
72.680240 11.927310 -15.213835 
72.595563 11.761952 -15.157384 
72.805722 11.388042 -15.115130 
FEnd
FBeg
  796  CG2 VAL A 111   867   CZ PHE B  12 ali
72.370 8.742 -15.198 74.595 12.599 -13.559  0.18
73.710523 10.827766 -14.842365 
73.139716 11.293826 -15.164238 
73.707576 11.044508 -15.348415 
FEnd
FBeg
  539  CD1 TYR A  79   866  CE2 PHE B  12 aro
75.917 10.009 -14.676 73.635 11.964 -12.776  0.04
74.137585 10.821963 -14.323470 
73.710523 10.827766 -14.842365 
73.728019 10.727710 -14.718398 
FEnd
FBeg
  541  CE1 TYR A  79   867   CZ PHE B  12 aro
75.204 9.244 -13.754 74.595 12.599 -13.559  0.59
75.891855 11.050526 -12.777217 
75.730401 11.000773 -12.425442 
75.635777 10.979716 -12.358670 
74.137585 10.821963 -14.323470 
FEnd
FBeg
  539  CD1 TYR A  79   865  CE1 PHE B  12 aro
75.917 10.009 -14.676 75.704 13.200 -12.965  5.49
76.438141 12.325627 -15.087262 
75.891855 11.050526 -12.777217 
76.360187 10.937762 -12.508609 
79.379658 11.326003 -12.856787 
76.741022 12.345597 -15.086801 
FEnd
FBeg
  537   CB TYR A  79   865  CE1 PHE B  12 ali
77.576 10.278 -16.516 75.704 13.200 -12.965  5.72
79.379658 11.326003 -12.856787 
76.741022 12.345597 -15.086801 
77.202981 12.695735 -15.131384 
79.225243 13.368347 -14.618767 
80.152651 12.678851 -13.562497 
80.346155 12.029113 -12.925839 
FEnd
FBeg
  528   CA SER A  78   867   CZ PHE B  12 ali
74.478 13.394 -17.302 74.595 12.599 -13.559  4.55
74.189201 13.679328 -15.180131 
75.837161 13.468063 -15.276515 
74.637683 11.639571 -15.627387 
74.045462 11.355339 -15.669245 
72.822041 12.256041 -15.439697 
72.680912 12.909323 -15.296530 
72.673953 13.041064 -15.268332 
72.690141 13.059930 -15.264830 
FEnd
FBeg
  521    C ASN A  77   867   CZ PHE B  12 ali
73.615 15.324 -16.142 74.595 12.599 -13.559  2.33
74.834516 14.366771 -14.699731 
74.189201 13.679328 -15.180131 
72.690141 13.059930 -15.264830 
72.619289 13.206003 -15.083846 
72.631443 13.929401 -14.325290 
72.804517 14.177263 -14.129468 
FEnd
FBeg
  529    C SER A  78   865  CE1 PHE B  12 ali
75.752 12.574 -17.384 75.704 13.200 -12.965  1.17
76.646773 13.895627 -15.307403 
77.202981 12.695735 -15.131384 
76.741022 12.345597 -15.086801 
76.438141 12.325627 -15.087262 
75.897481 13.492458 -15.258429 
FEnd
FBeg
  530    O SER A  78   865  CE1 PHE B  12 unk
76.843 13.090 -17.314 75.704 13.200 -12.965  4.13
77.663212 15.193800 -15.074033 
79.251250 14.177146 -14.632413 
79.225243 13.368347 -14.618767 
77.202981 12.695735 -15.131384 
76.646773 13.895627 -15.307403 
FEnd
FBeg
  523   CB ASN A  77   867   CZ PHE B  12 ali
74.138 16.393 -13.925 74.595 12.599 -13.559  2.75
73.637767 14.479382 -12.038089 
72.804517 14.177263 -14.129468 
74.834516 14.366771 -14.699731 
75.090233 14.400443 -14.669979 
FEnd
FBeg
  809   CB SER A 113   865  CE1 PHE B  12 ali
70.936 14.183 -12.330 75.704 13.200 -12.965  0.00
73.664596 14.529691 -11.914523 
73.637767 14.479382 -12.038089 
73.636254 14.452919 -12.008490 
73.663733 14.526401 -11.915907 
FEnd
FBeg
  809   CB SER A 113   862   CG PHE B  12 ali
70.936 14.183 -12.330 74.918 12.487 -10.780  0.41
73.642241 14.880794 -11.472919 
73.664596 14.529691 -11.914523 
73.663733 14.526401 -11.915907 
73.085518 14.314289 -10.662545 
73.304904 14.654631 -10.853754 
FEnd
FBeg
  810   OG SER A 113   862   CG PHE B  12 unk
71.320 15.387 -11.681 74.918 12.487 -10.780  0.05
73.664090 14.922193 -11.426921 
73.642241 14.880794 -11.472919 
73.304904 14.654631 -10.853754 
73.406970 14.762978 -10.912607 
FEnd
FBeg
  810   OG SER A 113   851    O GLU B  11 hbd
71.320 15.387 -11.681 74.605 16.352 -9.740  5.67
73.480477 15.494745 -11.400823 
73.664090 14.922193 -11.426921 
73.406970 14.762978 -10.912607 
71.472122 15.858278 -8.182565 
71.465628 15.867121 -8.175972 
71.088349 16.717659 -7.960313 
71.809710 17.324660 -9.482944 
FEnd
FBeg
  526  ND2 ASN A  77   851    O GLU B  11 hbd
73.584 17.888 -12.095 74.605 16.352 -9.740  11.50
74.725710 16.118796 -11.533663 
73.480477 15.494745 -11.400823 
71.809710 17.324660 -9.482944 
72.007112 18.137182 -9.038576 
74.157848 19.683380 -8.962543 
74.857358 19.083540 -9.657046 
75.139296 17.953204 -10.516517 
75.196704 17.504410 -10.834123 
74.995548 16.480228 -11.414914 
FEnd
FBeg
  526  ND2 ASN A  77   849   CA GLU B  11 unk
73.584 17.888 -12.095 76.986 16.679 -9.389  0.25
74.857358 19.083540 -9.657046 
75.139296 17.953204 -10.516517 
75.072735 19.284905 -9.837852 
FEnd
FBeg
  526  ND2 ASN A  77   852   CB GLU B  11 unk
73.584 17.888 -12.095 77.238 17.548 -8.121  1.31
74.157848 19.683380 -8.962543 
74.857358 19.083540 -9.657046 
75.072735 19.284905 -9.837852 
75.229938 20.143296 -9.908956 
74.734108 20.682298 -9.406937 
FEnd
FBeg
  523   CB ASN A  77   863  CD1 PHE B  12 ali
74.138 16.393 -13.925 75.876 13.099 -11.586  1.12
75.908679 15.695763 -11.936751 
74.538719 15.268060 -11.521132 
73.808024 14.938129 -11.442826 
73.672577 14.534989 -11.909923 
76.104199 15.661185 -12.130730 
76.080385 15.674436 -12.094374 
FEnd
FBeg
  524   CG ASN A  77   851    O GLU B  11 unk
74.315 17.703 -13.193 74.605 16.352 -9.740  0.03
74.995548 16.480228 -11.414914 
74.725710 16.118796 -11.533663 
74.894236 16.106601 -11.552588 
FEnd
FBeg
  526  ND2 ASN A  77   850    C GLU B  11 unk
73.584 17.888 -12.095 75.681 15.911 -9.335  0.15
75.297434 16.966614 -11.295882 
74.995548 16.480228 -11.414914 
75.196704 17.504410 -10.834123 
FEnd
FBeg
  523   CB ASN A  77   848    N GLU B  11 unk
74.138 16.393 -13.925 77.264 17.334 -10.647  0.30
76.152608 16.393074 -12.369543 
76.080385 15.674436 -12.094374 
75.908679 15.695763 -11.936751 
75.624705 16.142982 -11.794326 
FEnd
FBeg
  524   CG ASN A  77   846    C GLY B  10 ali
74.315 17.703 -13.193 78.285 16.940 -11.408  0.08
76.283954 16.888580 -12.449865 
76.152608 16.393074 -12.369543 
76.313280 16.536731 -12.665485 
FEnd
FBeg
  526  ND2 ASN A  77   848    N GLU B  11 hbd
73.584 17.888 -12.095 77.264 17.334 -10.647  4.27
75.738678 20.724564 -10.979495 
75.754303 19.625490 -11.439708 
75.297434 16.966614 -11.295882 
75.196704 17.504410 -10.834123 
75.139296 17.953204 -10.516517 
75.072735 19.284905 -9.837852 
75.229938 20.143296 -9.908956 
75.570350 20.886275 -10.489831 
FEnd
FBeg
  524   CG ASN A  77   845   CA GLY B  10 ali
74.315 17.703 -13.193 78.527 17.736 -12.674  2.31
76.505157 17.412033 -14.278339 
76.313280 16.536731 -12.665485 
76.283954 16.888580 -12.449865 
76.224372 18.876580 -12.092724 
FEnd
FBeg
  523   CB ASN A  77   845   CA GLY B  10 ali
74.138 16.393 -13.925 78.527 17.736 -12.674  4.13
76.737691 17.406601 -15.088329 
77.199466 16.177443 -15.388864 
77.287929 15.414954 -14.880665 
76.717451 15.658356 -13.140507 
76.313280 16.536731 -12.665485 
76.505157 17.412033 -14.278339 
FEnd
FBeg
  520   CA ASN A  77   845   CA GLY B  10 ali
73.831 16.641 -15.411 78.527 17.736 -12.674  0.89
77.107916 17.933535 -15.934354 
77.293521 16.361111 -15.623721 
77.199466 16.177443 -15.388864 
76.737691 17.406601 -15.088329 
FEnd
FBeg
  440    O SER A  66   845   CA GLY B  10 unk
78.385 16.577 -18.456 78.527 17.736 -12.674  9.75
78.578504 19.475591 -16.279575 
79.484647 18.321803 -16.070552 
80.360382 15.742599 -15.575059 
79.197670 14.951008 -15.387830 
77.790677 15.545490 -15.472439 
77.293521 16.361111 -15.623721 
77.107916 17.933535 -15.934354 
77.340333 18.710623 -16.095829 
77.466708 18.833355 -16.123534 
FEnd
FBeg
  188   CB GLU A  35  1674  NH1 ARG B 118 unk
80.561 -13.716 -8.450 79.937 -13.550 -4.302  21.76
80.139000 -9.248131 -6.292846 
79.250037 -10.734117 -6.367108 
79.643949 -15.394299 -6.121353 
82.115293 -16.577084 -5.702245 
83.058848 -14.889530 -5.627837 
83.084738 -13.944746 -5.661752 
82.647541 -10.665901 -5.858738 
81.646540 -9.405909 -6.059747 
FEnd
FBeg
  187    O GLU A  35  1674  NH1 ARG B 118 hbd
79.260 -16.406 -8.370 79.937 -13.550 -4.302  3.63
79.643949 -15.394299 -6.121353 
82.115293 -16.577084 -5.702245 
82.450515 -16.895472 -5.534504 
82.336184 -17.058190 -5.401239 
80.989441 -17.372391 -4.956522 
78.975453 -15.733153 -5.772205 
FEnd
FBeg
  187    O GLU A  35  1673   CZ ARG B 118 unk
79.260 -16.406 -8.370 79.178 -13.968 -3.268  2.77
80.989441 -17.372391 -4.956522 
78.975453 -15.733153 -5.772205 
78.366498 -16.009210 -5.650077 
78.353442 -16.092690 -5.610396 
79.808614 -17.892609 -4.726914 
79.854053 -17.903615 -4.720924 
80.712091 -17.750856 -4.780130 
FEnd
FBeg
  183   NZ LYS A  34  1673   CZ ARG B 118 unk
75.802 -17.656 -5.221 79.178 -13.968 -3.268  5.85
78.353442 -16.092690 -5.610396 
79.808614 -17.892609 -4.726914 
79.815210 -17.927144 -4.673101 
79.679106 -18.279062 -3.773275 
79.472903 -18.229353 -3.510698 
77.670751 -17.163690 -2.407829 
78.038583 -15.980097 -5.278743 
FEnd
FBeg
  183   NZ LYS A  34  1675  NH2 ARG B 118 elu
75.802 -17.656 -5.221 77.850 -13.907 -3.413  3.20
77.670751 -17.163690 -2.407829 
78.038583 -15.980097 -5.278743 
77.011706 -15.780333 -4.529777 
76.833256 -17.237631 -1.305840 
FEnd
FBeg
  181   CD LYS A  34  1675  NH2 ARG B 118 unk
74.230 -15.822 -4.479 77.850 -13.907 -3.413  28.90
77.011706 -15.780333 -4.529777 
76.833256 -17.237631 -1.305840 
74.597855 -15.126200 2.492244 
73.449379 -12.602955 1.859478 
73.386179 -11.220091 -0.410129 
76.549016 -14.960833 -4.430721 
FEnd
FBeg
  180   CG LYS A  34  1675  NH2 ARG B 118 unk
74.322 -14.678 -5.471 77.850 -13.907 -3.413  11.13
73.386179 -11.220091 -0.410129 
73.637615 -10.801627 -0.997934 
74.206566 -10.147888 -2.218191 
75.773115 -11.775572 -4.293917 
76.484586 -13.719340 -4.785376 
76.549016 -14.960833 -4.430721 
FEnd
FBeg
  176   CA LYS A  34  1675  NH2 ARG B 118 unk
75.907 -13.666 -7.179 77.850 -13.907 -3.413  5.02
75.773115 -11.775572 -4.293917 
77.903346 -11.761498 -5.392070 
78.078067 -13.243560 -5.577057 
77.926624 -14.741456 -5.594778 
76.484586 -13.719340 -4.785376 
FEnd
FBeg
  184    N GLU A  35  1675  NH2 ARG B 118 hbd
78.203 -13.889 -7.951 77.850 -13.907 -3.413  0.26
78.078067 -13.243560 -5.577057 
78.171730 -13.778251 -5.571892 
78.106867 -15.215908 -5.582640 
77.926624 -14.741456 -5.594778 
FEnd
FBeg
  176   CA LYS A  34  1674  NH1 ARG B 118 unk
75.907 -13.666 -7.179 79.937 -13.550 -4.302  0.33
77.903346 -11.761498 -5.392070 
78.078067 -13.243560 -5.577057 
78.162284 -11.761152 -5.754795 
FEnd
FBeg
  174    O GLY A  33  1675  NH2 ARG B 118 hbd
75.881 -10.979 -7.195 77.850 -13.907 -3.413  9.90
74.206566 -10.147888 -2.218191 
76.849904 -9.215133 -2.872243 
78.168147 -9.387302 -3.691845 
78.178601 -9.642742 -3.895047 
77.903346 -11.761498 -5.392070 
75.773115 -11.775572 -4.293917 
FEnd
FBeg
  179   CB LYS A  34  1675  NH2 ARG B 118 unk
75.334 -14.944 -6.586 77.850 -13.907 -3.413  2.88
78.038583 -15.980097 -5.278743 
77.011706 -15.780333 -4.529777 
76.549016 -14.960833 -4.430721 
76.484586 -13.719340 -4.785376 
77.926624 -14.741456 -5.594778 
78.106867 -15.215908 -5.582640 
FEnd
FBeg
  179   CB LYS A  34  1673   CZ ARG B 118 ali
75.334 -14.944 -6.586 79.178 -13.968 -3.268  0.22
78.366498 -16.009210 -5.650077 
78.353442 -16.092690 -5.610396 
78.038583 -15.980097 -5.278743 
78.106867 -15.215908 -5.582640 
FEnd
FBeg
  184    N GLU A  35  1673   CZ ARG B 118 unk
78.203 -13.889 -7.951 79.178 -13.968 -3.268  0.94
78.975453 -15.733153 -5.772205 
78.366498 -16.009210 -5.650077 
78.106867 -15.215908 -5.582640 
78.171730 -13.778251 -5.571892 
FEnd
FBeg
  184    N GLU A  35  1674  NH1 ARG B 118 hbd
78.203 -13.889 -7.951 79.937 -13.550 -4.302  5.66
79.250037 -10.734117 -6.367108 
79.643949 -15.394299 -6.121353 
78.975453 -15.733153 -5.772205 
78.171730 -13.778251 -5.571892 
78.078067 -13.243560 -5.577057 
78.162284 -11.761152 -5.754795 
FEnd

+-+CCS_record::Boundary loops before union-find
Start boundary loop loop_id 0  init_edge IE_A_B
xyz 78.3884 22.1092 -11.3488
xyz 78.989 19.7993 -16.1823
xyz 78.5785 19.4756 -16.2796
xyz 79.4846 18.3218 -16.0706
xyz 80.3604 15.7426 -15.5751
xyz 79.1977 14.951 -15.3878
xyz 77.7907 15.5455 -15.4724
xyz 77.2935 16.3611 -15.6237
xyz 77.1995 16.1774 -15.3889
xyz 77.2879 15.415 -14.8807
xyz 77.6632 15.1938 -15.074
xyz 79.2513 14.1771 -14.6324
xyz 79.2252 13.3683 -14.6188
xyz 80.1527 12.6789 -13.5625
xyz 80.3462 12.0291 -12.9258
xyz 79.3797 11.326 -12.8568
xyz 79.8596 10.954 -12.4784
xyz 80.2365 9.89008 -11.4095
xyz 79.9153 9.46101 -10.9847
xyz 79.7126 9.03725 -10.1684
xyz 77.882 9.62056 -10.6382
xyz 75.4747 9.18639 -10.3962
xyz 75.2365 8.86609 -10.1738
xyz 74.4103 8.8395 -10.6364
xyz 75.42 8.7635 -10.0951
xyz 75.586 8.67815 -9.99106
xyz 73.5547 4.7426 -10.2332
xyz 70.4426 5.74405 -12.0604
xyz 72.3911 8.83826 -11.6871
xyz 70.5847 9.61069 -11.6581
xyz 70.6728 9.72127 -11.7838
xyz 70.6465 10.7605 -11.7567
xyz 70.1605 10.431 -11.0662
xyz 70.6527 11.5249 -9.94128
xyz 70.7705 11.7812 -9.68524
xyz 71.2491 12.6645 -9.02436
xyz 71.3815 12.8173 -9.06107
xyz 71.236 14.1923 -8.77194
xyz 71.4721 15.8583 -8.18257
xyz 71.4656 15.8671 -8.17597
xyz 71.0883 16.7177 -7.96031
xyz 71.8097 17.3247 -9.48294
xyz 72.0071 18.1372 -9.03858
xyz 74.1578 19.6834 -8.96254
xyz 74.7341 20.6823 -9.40694
xyz 75.2299 20.1433 -9.90896
xyz 75.5704 20.8863 -10.4898
xyz 75.7387 20.7246 -10.9795
xyz 76.1414 21.0383 -11.149
xyz 76.5175 20.7787 -11.5328
xyz 76.874 21.1815 -11.2309
End loop
Boundary info init_edge IE_A_B [total exposed]: 69.476661 69.476661
Start boundary loop loop_id 1  init_edge IE_A_B
xyz 77.4667 18.8334 -16.1235
xyz 77.2789 18.9603 -15.6763
xyz 77.3403 18.7106 -16.0958
End loop
Boundary info init_edge IE_A_B [total exposed]: 1.171815 1.171815
Start boundary loop loop_id 2  init_edge IE_A_B
xyz 79.25 -10.7341 -6.36711
xyz 78.1623 -11.7612 -5.7548
xyz 77.9033 -11.7615 -5.39207
xyz 78.1786 -9.64274 -3.89505
xyz 78.1681 -9.3873 -3.69184
xyz 76.8499 -9.21513 -2.87224
xyz 74.2066 -10.1479 -2.21819
xyz 73.6376 -10.8016 -0.997934
xyz 73.3862 -11.2201 -0.410129
xyz 73.4494 -12.603 1.85948
xyz 74.5979 -15.1262 2.49224
xyz 76.8333 -17.2376 -1.30584
xyz 77.6708 -17.1637 -2.40783
xyz 79.4729 -18.2294 -3.5107
xyz 79.6791 -18.2791 -3.77327
xyz 79.8152 -17.9271 -4.6731
xyz 79.8086 -17.8926 -4.72691
xyz 79.8541 -17.9036 -4.72092
xyz 80.7121 -17.7509 -4.78013
xyz 80.9894 -17.3724 -4.95652
xyz 82.3362 -17.0582 -5.40124
xyz 82.4505 -16.8955 -5.5345
xyz 82.1153 -16.5771 -5.70225
xyz 83.0588 -14.8895 -5.62784
xyz 83.0847 -13.9447 -5.66175
xyz 82.6475 -10.6659 -5.85874
xyz 81.6465 -9.40591 -6.05975
xyz 80.139 -9.24813 -6.29285
End loop
Boundary info init_edge IE_A_B [total exposed]: 41.905992 41.905992
