Begin VSO per interface edge
370 2394  1
370 2396  1
371 2394  1
371 2396  1
371 2397  1
556 1756  1
559 1756  1
560 1740  2
560 1741  1
560 1755  2
560 1756  2
561 1740  2
561 1747  1
561 1748  2
561 1749  1
561 1755  2
562 1748  2
562 1749  1
562 1751  1
562 1754  1
562 1755  2
562 1756  2
568 1756  1
577 1757  1
578 1756  1
578 1757  1
898 2145  1
898 2149  1
898 2150  1
899 2150  2
900 2145  1
900 2150  2
901 2145  1
901 2151  2
901 2155  2
901 2158  1
901 2317  2
901 2320  1
902 2145  2
902 2150  2
902 2151  3
902 2152  4
902 2153  3
902 2154  2
902 2155  3
903 2150  1
903 2154  1
903 2162  1
903 2175  1
903 2177  2
904 2152  3
904 2153  3
904 2154  2
904 2155  2
904 2161  3
904 2162  2
904 2163  3
904 2175  2
904 2177  2
904 2178  2
904 2316  2
904 2317  1
905 2177  1
1018 1744  1
1018 1745  2
1022 1743  2
1022 1744  1
1023 1743  1
1023 1744  1
1031 1743  1
1031 1744  2
1035 1741  1
1035 1742  2
1035 1743  2
1035 1744  2
1035 1745  2
1036 1745  2
1038 1742  1
1038 1743  2
1038 1745  1
1177 2175  1
1177 2177  2
1321 1740  1
1323 1740  2
1323 1741  2
1329 1732  1
1329 1739  1
1329 1740  1
1332 1731  3
1332 1732  2
1332 1734  2
1332 1735  2
1332 1738  3
1332 1739  2
1332 1740  2
1332 1742  3
1333 1735  1
1333 1738  3
1333 1739  3
1333 1740  3
1333 1741  2
1333 1742  2
1335 1732  1
1337 1732  2
1338 1732  1
1338 1734  1
1338 2178  1
1349 2177  2
1349 2178  2
1350 2178  1
1354 1732  2
1354 1734  1
1354 1736  2
1354 2177  2
1354 2178  1
1356 1736  1
1356 2175  1
1356 2177  2
1358 1734  2
1358 1735  1
1358 1736  3
1359 1734  3
1359 1735  2
1359 1736  3
1360 1736  2
1361 1735  1
1361 1736  2
1362 1736  2
1366 1735  1
1366 1736  2
1366 1744  2
1366 1745  2
1366 2299  2
1366 2301  2
1367 1735  1
1367 1744  1
1367 2299  1
1368 1744  1
1368 1745  2
1369 2193  1
1369 2194  1
1369 2299  1
1369 2301  2
1375 2301  1
1375 2302  1
1376 1736  1
1376 2299  2
1376 2301  1
1390 1745  2
1391 1745  1
1392 1744  1
1392 1745  2
End VSO per interface edge

Voronoi Facets of interface MI_AB
FBeg
  370    C GLU A  75  2394   CB ARG B 114 ali
4.076 15.871 14.714 9.732 16.904 12.921  20.55
6.832921 13.652444 12.214776 
6.928707 15.680683 13.685459 
7.873231 17.717730 17.838553 
8.059052 17.154528 18.100246 
8.760665 14.488353 18.777415 
8.764053 13.559473 18.252949 
8.242831 12.729280 16.130460 
FEnd
FBeg
  370    C GLU A  75  2396   CD ARG B 114 ali
4.076 15.871 14.714 7.874 18.475 12.573  7.22
6.928707 15.680683 13.685459 
5.768378 18.935963 15.586356 
6.383036 18.887968 16.618347 
7.873231 17.717730 17.838553 
FEnd
FBeg
  371    O GLU A  75  2396   CD ARG B 114 unk
4.418 16.564 13.736 7.874 18.475 12.573  17.81
6.928707 15.680683 13.685459 
5.768378 18.935963 15.586356 
4.589066 19.232597 12.569302 
4.297060 18.645295 10.736537 
4.367440 18.284756 10.353256 
5.420634 16.487394 10.529591 
6.628296 14.811141 11.363950 
FEnd
FBeg
  371    O GLU A  75  2397   NE ARG B 114 hbd
4.418 16.564 13.736 7.525 19.854 12.845  2.81
5.768378 18.935963 15.586356 
4.589066 19.232597 12.569302 
4.160005 19.811250 13.209790 
5.046879 19.642059 15.677669 
5.267768 19.462327 15.784272 
FEnd
FBeg
  371    O GLU A  75  2394   CB ARG B 114 unk
4.418 16.564 13.736 9.732 16.904 12.921  2.12
6.832921 13.652444 12.214776 
6.928707 15.680683 13.685459 
6.628296 14.811141 11.363950 
6.682144 13.948554 11.355199 
FEnd
FBeg
  560   CB PRO A  95  1755   CG LYS B  34 ali
8.774 -17.456 13.190 10.903 -19.202 9.528  2.85
8.041494 -18.253734 10.278378 
7.833919 -18.676710 10.359368 
10.035425 -19.167688 11.873364 
9.923881 -18.058992 11.279901 
9.150574 -17.384390 10.508677 
FEnd
FBeg
  560   CB PRO A  95  1740    O LYS B  32 unk
8.774 -17.456 13.190 8.212 -15.766 9.517  4.34
9.150574 -17.384390 10.508677 
8.041494 -18.253734 10.278378 
6.285355 -17.580322 10.856928 
7.761468 -15.545276 11.567424 
FEnd
FBeg
  561   CG PRO A  95  1740    O LYS B  32 unk
9.917 -16.443 12.930 8.212 -15.766 9.517  5.39
7.761468 -15.545276 11.567424 
9.150574 -17.384390 10.508677 
9.923213 -16.780128 10.242558 
8.893494 -13.046427 11.497579 
8.161921 -14.271919 11.619956 
FEnd
FBeg
 1321  CZ2 TRP A 215  1740    O LYS B  32 unk
6.104 -14.085 13.749 8.212 -15.766 9.517  2.06
8.893494 -13.046427 11.497579 
8.201714 -12.113742 10.782524 
7.280818 -13.180425 10.747515 
8.161921 -14.271919 11.619956 
FEnd
FBeg
 1329   CA PRO A 217  1740    O LYS B  32 unk
4.136 -12.252 9.667 8.212 -15.766 9.517  1.87
8.201714 -12.113742 10.782524 
7.952615 -12.366829 9.942640 
6.892226 -13.589169 9.763671 
6.379579 -14.205479 10.271452 
7.280818 -13.180425 10.747515 
FEnd
FBeg
 1332   CB PRO A 217  1740    O LYS B  32 unk
4.132 -13.225 8.482 8.212 -15.766 9.517  0.48
6.892226 -13.589169 9.763671 
6.217141 -14.727625 9.629882 
6.230063 -14.470224 10.210880 
6.379579 -14.205479 10.271452 
FEnd
FBeg
 1333   CG PRO A 217  1740    O LYS B  32 unk
3.480 -14.445 9.037 8.212 -15.766 9.517  0.65
6.217141 -14.727625 9.629882 
6.198700 -14.795752 9.624187 
5.724022 -16.323171 10.100138 
5.695411 -16.395032 10.184432 
6.230063 -14.470224 10.210880 
FEnd
FBeg
 1333   CG PRO A 217  1741   CB LYS B  32 ali
3.480 -14.445 9.037 6.841 -17.599 7.489  1.63
5.724022 -16.323171 10.100138 
5.695411 -16.395032 10.184432 
5.294153 -16.890757 10.323249 
4.523711 -17.035687 8.945766 
4.900253 -16.269514 8.202257 
FEnd
FBeg
 1333   CG PRO A 217  1742   CG LYS B  32 ali
3.480 -14.445 9.037 5.676 -17.927 6.561  3.37
4.523711 -17.035687 8.945766 
4.197379 -17.022984 8.638472 
3.328807 -15.575970 5.833188 
4.150239 -15.236167 6.083861 
4.605824 -15.272550 6.539093 
4.900253 -16.269514 8.202257 
FEnd
FBeg
 1332   CB PRO A 217  1742   CG LYS B  32 ali
4.132 -13.225 8.482 5.676 -17.927 6.561  0.10
4.150239 -15.236167 6.083861 
4.605824 -15.272550 6.539093 
4.617061 -15.135158 6.211832 
4.576624 -15.129232 6.164827 
FEnd
FBeg
 1332   CB PRO A 217  1735  CG2 ILE B  31 ali
4.132 -13.225 8.482 5.715 -15.699 3.413  0.49
4.576624 -15.129232 6.164827 
4.150239 -15.236167 6.083861 
3.466336 -15.016584 5.763115 
3.573891 -14.781357 5.681897 
4.556632 -14.708775 5.953373 
FEnd
FBeg
 1332   CB PRO A 217  1734  CG1 ILE B  31 ali
4.132 -13.225 8.482 5.497 -13.256 3.549  3.20
3.573891 -14.781357 5.681897 
3.792129 -12.943669 5.730737 
5.352197 -11.602336 6.153990 
4.917769 -14.042803 6.049117 
4.556632 -14.708775 5.953373 
FEnd
FBeg
 1332   CB PRO A 217  1732    O ILE B  31 unk
4.132 -13.225 8.482 6.954 -13.631 6.240  8.28
5.352197 -11.602336 6.153990 
5.595358 -11.175651 6.382788 
5.637265 -11.180768 6.436463 
6.190354 -11.365419 7.166074 
7.068422 -11.887495 8.365837 
7.434061 -12.608523 8.956637 
6.807289 -13.630415 8.352772 
5.541608 -14.418217 6.902325 
4.917769 -14.042803 6.049117 
FEnd
FBeg
 1329   CA PRO A 217  1732    O ILE B  31 unk
4.136 -12.252 9.667 6.954 -13.631 6.240  0.38
7.068422 -11.887495 8.365837 
7.434061 -12.608523 8.956637 
7.919689 -12.092153 9.148181 
7.929388 -12.066497 9.145833 
FEnd
FBeg
 1335    N GLU A 218  1732    O ILE B  31 hbd
4.938 -9.985 9.302 6.954 -13.631 6.240  0.75
6.190354 -11.365419 7.166074 
7.068422 -11.887495 8.365837 
7.929388 -12.066497 9.145833 
8.129855 -11.802102 8.962999 
FEnd
FBeg
 1338    O GLU A 218  1732    O ILE B  31 unk
6.806 -8.906 7.548 6.954 -13.631 6.240  9.07
5.637265 -11.180768 6.436463 
6.190354 -11.365419 7.166074 
8.129855 -11.802102 8.962999 
9.766419 -11.129869 6.719808 
9.656423 -11.042706 6.392496 
9.200271 -10.876899 5.741926 
8.124408 -10.846698 5.511092 
6.898992 -10.859856 5.419970 
5.754413 -11.059556 6.011855 
5.640921 -11.139202 6.286723 
FEnd
FBeg
 1338    O GLU A 218  1734  CG1 ILE B  31 unk
6.806 -8.906 7.548 5.497 -13.256 3.549  0.53
6.898992 -10.859856 5.419970 
5.754413 -11.059556 6.011855 
5.791444 -10.725453 5.636306 
5.905011 -10.449333 5.298775 
FEnd
FBeg
 1338    O GLU A 218  2178   CZ PHE B  86 unk
6.806 -8.906 7.548 7.187 -9.472 2.506  2.99
8.124408 -10.846698 5.511092 
6.898992 -10.859856 5.419970 
5.905011 -10.449333 5.298775 
5.957616 -10.356709 5.292353 
8.999612 -9.127363 5.384219 
9.055550 -10.200490 5.508912 
FEnd
FBeg
 1350   CD PRO A 219  2178   CZ PHE B  86 ali
6.133 -7.096 5.612 7.187 -9.472 2.506  9.93
5.957616 -10.356709 5.292353 
8.999612 -9.127363 5.384219 
9.138863 -7.803004 4.418377 
6.924920 -7.333304 3.307784 
4.868525 -9.564986 4.317132 
5.784301 -10.376521 5.248695 
FEnd
FBeg
 1354    O CYS A 220  2178   CZ PHE B  86 unk
2.981 -10.910 5.388 7.187 -9.472 2.506  1.10
4.868525 -9.564986 4.317132 
4.611346 -9.496028 3.976212 
4.559772 -10.147842 3.575716 
4.837331 -10.365738 3.872064 
5.808364 -10.415678 5.264276 
5.784301 -10.376521 5.248695 
FEnd
FBeg
 1354    O CYS A 220  1736  CD1 ILE B  31 unk
2.981 -10.910 5.388 4.473 -12.974 2.473  3.65
4.559772 -10.147842 3.575716 
4.837331 -10.365738 3.872064 
3.346745 -12.614358 4.701292 
3.045254 -12.343747 4.355368 
2.807530 -11.854151 3.887029 
2.851728 -10.815487 3.174212 
4.168244 -10.029442 3.291483 
FEnd
FBeg
 1356   SG CYS A 220  1736  CD1 ILE B  31 unk
1.642 -8.329 3.120 4.473 -12.974 2.473  4.23
2.851728 -10.815487 3.174212 
4.168244 -10.029442 3.291483 
3.621977 -10.127382 1.604395 
2.095968 -10.741611 -0.663051 
1.964037 -10.848524 -0.472769 
1.924575 -10.884540 -0.386871 
FEnd
FBeg
 1376   CD PRO A 222  1736  CD1 ILE B  31 ali
-0.017 -14.792 -0.352 4.473 -12.974 2.473  4.75
1.964037 -10.848524 -0.472769 
2.826781 -11.922408 -1.152910 
2.876629 -12.155828 -1.081922 
2.915256 -12.855876 -0.692806 
2.850759 -14.376590 0.388344 
2.495256 -14.179446 0.826504 
1.856757 -12.668225 0.868791 
1.924575 -10.884540 -0.386871 
FEnd
FBeg
 1362   CA GLU A 222  1736  CD1 ILE B  31 ali
0.253 -14.757 2.474 4.473 -12.974 2.473  2.95
2.495256 -14.179446 0.826504 
2.715364 -14.698941 3.425401 
2.674057 -14.601190 3.398636 
2.093010 -13.226605 2.267187 
1.856757 -12.668225 0.868791 
FEnd
FBeg
 1361    N GLU A 222  1736  CD1 ILE B  31 unk
0.425 -14.307 3.852 4.473 -12.974 2.473  0.07
2.715364 -14.698941 3.425401 
2.975615 -14.958695 3.938268 
3.002311 -14.899886 4.073479 
2.674057 -14.601190 3.398636 
FEnd
FBeg
 1361    N GLU A 222  1735  CG2 ILE B  31 unk
0.425 -14.307 3.852 5.715 -15.699 3.413  0.62
2.975615 -14.958695 3.938268 
3.002311 -14.899886 4.073479 
3.014761 -15.133089 4.962950 
2.922231 -15.627365 5.415223 
2.813965 -15.915857 5.025372 
FEnd
FBeg
 1366   CG GLU A 222  1735  CG2 ILE B  31 ali
1.781 -16.686 1.959 5.715 -15.699 3.413  10.10
2.813965 -15.915857 5.025372 
2.975615 -14.958695 3.938268 
4.147517 -15.412147 1.075334 
4.692314 -17.452215 0.986144 
4.110874 -18.177405 3.051582 
3.215983 -16.866291 4.582827 
2.869990 -16.159146 5.038939 
FEnd
FBeg
 1366   CG GLU A 222  1745   NZ LYS B  32 unk
1.781 -16.686 1.959 2.669 -18.907 6.076  1.89
3.215983 -16.866291 4.582827 
2.869990 -16.159146 5.038939 
1.563804 -17.795553 4.437878 
1.452620 -18.132969 4.279833 
2.392197 -18.209358 4.035965 
FEnd
FBeg
 1368  OE1 GLU A 222  1745   NZ LYS B  32 elf
1.681 -19.011 2.302 2.669 -18.907 6.076  1.68
1.452620 -18.132969 4.279833 
2.392197 -18.209358 4.035965 
1.184614 -20.900769 4.426267 
1.130602 -19.092882 4.390587 
FEnd
FBeg
 1392  OE2 GLU A 224  1745   NZ LYS B  32 elf
0.041 -18.982 6.254 2.669 -18.907 6.076  7.47
1.184614 -20.900769 4.426267 
1.321679 -21.656041 6.131668 
1.390639 -19.969430 7.860448 
1.300385 -18.500917 7.146684 
1.130602 -19.092882 4.390587 
FEnd
FBeg
 1036   CD GLU A 173  1745   NZ LYS B  32 unk
1.592 -17.517 9.072 2.669 -18.907 6.076  2.04
1.390639 -19.969430 7.860448 
1.459929 -19.998649 7.898912 
3.131479 -18.577408 7.840412 
1.425313 -18.131067 7.020000 
1.300385 -18.500917 7.146684 
FEnd
FBeg
 1038  OE2 GLU A 173  1745   NZ LYS B  32 elf
2.182 -17.188 8.024 2.669 -18.907 6.076  4.24
3.131479 -18.577408 7.840412 
3.177132 -18.567113 7.842741 
3.449199 -17.827310 7.257924 
3.123048 -15.979024 5.545378 
3.010389 -15.930776 5.474637 
1.685362 -17.371612 6.414837 
1.425313 -18.131067 7.020000 
FEnd
FBeg
 1038  OE2 GLU A 173  1743   CD LYS B  32 unk
2.182 -17.188 8.024 5.136 -19.336 6.681  0.42
3.177132 -18.567113 7.842741 
3.449199 -17.827310 7.257924 
3.820078 -17.891262 8.175976 
FEnd
FBeg
 1035   CG GLU A 173  1743   CD LYS B  32 ali
2.340 -18.355 10.086 5.136 -19.336 6.681  7.10
3.820078 -17.891262 8.175976 
3.177132 -18.567113 7.842741 
3.036441 -19.258272 7.926340 
2.977854 -20.804208 8.323625 
5.913803 -19.981550 10.497453 
4.770953 -18.182052 9.040561 
FEnd
FBeg
 1031   CA GLU A 173  1743   CD LYS B  32 ali
2.094 -20.611 11.272 5.136 -19.336 6.681  2.75
2.977854 -20.804208 8.323625 
3.066221 -21.135320 8.290221 
3.327926 -21.228815 8.437662 
5.685486 -21.043270 10.051312 
6.216095 -20.327566 10.601657 
6.215769 -20.326467 10.601747 
5.913803 -19.981550 10.497453 
FEnd
FBeg
 1023    O HIS A 172  1743   CD LYS B  32 unk
2.957 -23.097 10.297 5.136 -19.336 6.681  10.00
3.327926 -21.228815 8.437662 
3.253758 -21.470787 8.141293 
5.503649 -24.662302 6.177584 
6.176216 -24.552213 6.697375 
6.204024 -22.512109 8.836043 
5.685486 -21.043270 10.051312 
FEnd
FBeg
 1023    O HIS A 172  1744   CE LYS B  32 unk
2.957 -23.097 10.297 3.970 -19.547 5.688  3.50
3.253758 -21.470787 8.141293 
5.503649 -24.662302 6.177584 
5.403926 -24.719874 6.111322 
2.815414 -23.143611 6.756488 
FEnd
FBeg
 1022    C HIS A 172  1744   CE LYS B  32 ali
1.752 -22.893 10.432 3.970 -19.547 5.688  1.40
2.815414 -23.143611 6.756488 
3.253758 -21.470787 8.141293 
3.066221 -21.135320 8.290221 
2.580120 -21.011070 8.150586 
2.483576 -22.603834 6.982052 
2.636347 -23.108580 6.697475 
FEnd
FBeg
 1018    O ALA A 171  1744   CE LYS B  32 unk
0.025 -21.591 8.800 3.970 -19.547 5.688  2.20
2.580120 -21.011070 8.150586 
2.494753 -20.840487 8.154410 
2.363717 -20.713800 8.071508 
1.321679 -21.656041 6.131668 
1.311102 -21.692302 6.094444 
2.483576 -22.603834 6.982052 
FEnd
FBeg
 1022    C HIS A 172  1743   CD LYS B  32 ali
1.752 -22.893 10.432 5.136 -19.336 6.681  0.06
3.066221 -21.135320 8.290221 
3.253758 -21.470787 8.141293 
3.327926 -21.228815 8.437662 
FEnd
FBeg
 1031   CA GLU A 173  1744   CE LYS B  32 ali
2.094 -20.611 11.272 3.970 -19.547 5.688  0.13
2.977854 -20.804208 8.323625 
3.066221 -21.135320 8.290221 
2.580120 -21.011070 8.150586 
2.494753 -20.840487 8.154410 
FEnd
FBeg
 1035   CG GLU A 173  1744   CE LYS B  32 ali
2.340 -18.355 10.086 3.970 -19.547 5.688  0.56
3.036441 -19.258272 7.926340 
2.977854 -20.804208 8.323625 
2.494753 -20.840487 8.154410 
2.363717 -20.713800 8.071508 
FEnd
FBeg
 1035   CG GLU A 173  1745   NZ LYS B  32 unk
2.340 -18.355 10.086 2.669 -18.907 6.076  1.43
1.459929 -19.998649 7.898912 
2.363717 -20.713800 8.071508 
3.036441 -19.258272 7.926340 
3.177132 -18.567113 7.842741 
3.131479 -18.577408 7.840412 
FEnd
FBeg
 1018    O ALA A 171  1745   NZ LYS B  32 hbd
0.025 -21.591 8.800 2.669 -18.907 6.076  1.46
1.321679 -21.656041 6.131668 
2.363717 -20.713800 8.071508 
1.459929 -19.998649 7.898912 
1.390639 -19.969430 7.860448 
FEnd
FBeg
 1392  OE2 GLU A 224  1744   CE LYS B  32 unk
0.041 -18.982 6.254 3.970 -19.547 5.688  1.50
1.184614 -20.900769 4.426267 
1.321679 -21.656041 6.131668 
1.311102 -21.692302 6.094444 
1.158067 -22.096739 5.435844 
0.952175 -22.431774 4.341044 
FEnd
FBeg
 1368  OE1 GLU A 222  1744   CE LYS B  32 unk
1.681 -19.011 2.302 3.970 -19.547 5.688  23.43
2.392197 -18.209358 4.035965 
1.184614 -20.900769 4.426267 
0.952175 -22.431774 4.341044 
1.647694 -24.266796 3.580378 
2.577984 -25.536417 2.750504 
4.039038 -23.770376 2.042366 
4.080090 -23.706485 2.024729 
5.262478 -20.052775 1.803790 
3.142981 -18.319089 3.511051 
FEnd
FBeg
 1367   CD GLU A 222  1744   CE LYS B  32 ali
1.748 -18.095 1.455 3.970 -19.547 5.688  1.81
5.262478 -20.052775 1.803790 
3.142981 -18.319089 3.511051 
4.110874 -18.177405 3.051582 
5.519146 -19.526718 1.849507 
FEnd
FBeg
 1390   CD GLU A 224  1745   NZ LYS B  32 unk
-0.469 -17.858 6.044 2.669 -18.907 6.076  3.38
1.563804 -17.795553 4.437878 
1.452620 -18.132969 4.279833 
1.130602 -19.092882 4.390587 
1.300385 -18.500917 7.146684 
1.425313 -18.131067 7.020000 
1.685362 -17.371612 6.414837 
FEnd
FBeg
 1391  OE1 GLU A 224  1745   NZ LYS B  32 elf
0.208 -16.835 5.783 2.669 -18.907 6.076  2.51
2.869990 -16.159146 5.038939 
1.563804 -17.795553 4.437878 
1.685362 -17.371612 6.414837 
3.010389 -15.930776 5.474637 
FEnd
FBeg
 1366   CG GLU A 222  1744   CE LYS B  32 ali
1.781 -16.686 1.959 3.970 -19.547 5.688  1.73
4.110874 -18.177405 3.051582 
3.215983 -16.866291 4.582827 
2.392197 -18.209358 4.035965 
3.142981 -18.319089 3.511051 
FEnd
FBeg
 1367   CD GLU A 222  1735  CG2 ILE B  31 ali
1.748 -18.095 1.455 5.715 -15.699 3.413  3.09
4.692314 -17.452215 0.986144 
5.212287 -18.213897 0.864722 
5.532059 -19.132774 1.341276 
5.561552 -19.315489 1.505109 
5.519146 -19.526718 1.849507 
4.110874 -18.177405 3.051582 
FEnd
FBeg
 1367   CD GLU A 222  2299  CD2 PHE B 101 aro
1.748 -18.095 1.455 4.324 -15.852 -1.584  2.50
4.692314 -17.452215 0.986144 
5.212287 -18.213897 0.864722 
4.941398 -18.990507 0.061909 
2.849812 -16.976105 -0.224245 
FEnd
FBeg
 1369  OE2 GLU A 222  2299  CD2 PHE B 101 unk
1.737 -18.282 0.219 4.324 -15.852 -1.584  4.48
4.941398 -18.990507 0.061909 
2.849812 -16.976105 -0.224245 
2.459122 -16.724249 -0.445379 
3.450416 -18.824501 -1.853662 
4.332531 -19.404279 -1.369375 
4.604518 -19.380177 -0.946635 
4.922002 -19.059938 -0.059497 
FEnd
FBeg
 1369  OE2 GLU A 222  2193   CE LYS B  88 unk
1.737 -18.282 0.219 3.899 -19.352 -5.000  2.74
3.450416 -18.824501 -1.853662 
4.332531 -19.404279 -1.369375 
2.089563 -22.260376 -1.712979 
3.133002 -18.783067 -1.993647 
FEnd
FBeg
 1369  OE2 GLU A 222  2194   NZ LYS B  88 elf
1.737 -18.282 0.219 2.513 -18.911 -4.689  29.82
2.089563 -22.260376 -1.712979 
-0.284347 -25.639539 -1.655249 
-0.894265 -26.097287 -1.693019 
-2.794937 -24.205587 -2.235969 
-1.775586 -19.641791 -2.659688 
-0.226083 -18.039119 -2.620092 
0.319832 -17.712435 -2.575645 
3.133002 -18.783067 -1.993647 
FEnd
FBeg
 1369  OE2 GLU A 222  2301  CE2 PHE B 101 unk
1.737 -18.282 0.219 3.242 -15.780 -2.453  5.07
2.459122 -16.724249 -0.445379 
3.450416 -18.824501 -1.853662 
3.133002 -18.783067 -1.993647 
0.319832 -17.712435 -2.575645 
0.441049 -17.527264 -2.333981 
1.856734 -16.532987 -0.605579 
FEnd
FBeg
 1366   CG GLU A 222  2301  CE2 PHE B 101 ali
1.781 -16.686 1.959 3.242 -15.780 -2.453  0.35
1.856734 -16.532987 -0.605579 
2.459122 -16.724249 -0.445379 
2.371954 -15.602585 -0.243911 
FEnd
FBeg
 1375   CG PRO A 222  2301  CE2 PHE B 101 ali
-0.485 -14.306 -1.713 3.242 -15.780 -2.453  5.55
0.319832 -17.712435 -2.575645 
0.441049 -17.527264 -2.333981 
2.655304 -12.455506 -1.284309 
0.433675 -16.680556 -4.057669 
FEnd
FBeg
 1375   CG PRO A 222  2302   CZ PHE B 101 ali
-0.485 -14.306 -1.713 3.346 -15.068 -3.621  38.19
2.655304 -12.455506 -1.284309 
0.433675 -16.680556 -4.057669 
-1.062109 -15.377006 -7.581596 
-1.404831 -14.228043 -8.728597 
-0.191002 -10.434413 -7.806463 
0.260929 -9.687322 -7.197414 
2.601950 -11.342742 -1.835842 
2.828104 -11.870392 -1.171028 
2.826781 -11.922408 -1.152910 
FEnd
FBeg
 1366   CG GLU A 222  2299  CD2 PHE B 101 ali
1.781 -16.686 1.959 4.324 -15.852 -1.584  5.35
4.147517 -15.412147 1.075334 
4.692314 -17.452215 0.986144 
2.849812 -16.976105 -0.224245 
2.459122 -16.724249 -0.445379 
2.371954 -15.602585 -0.243911 
2.850759 -14.376590 0.388344 
FEnd
FBeg
 1359    C GLY A 221  1735  CG2 ILE B  31 ali
0.886 -13.100 4.162 5.715 -15.699 3.413  0.22
3.002311 -14.899886 4.073479 
3.014761 -15.133089 4.962950 
3.195654 -14.769842 4.868764 
3.127579 -14.747088 4.350916 
FEnd
FBeg
 1359    C GLY A 221  1734  CG1 ILE B  31 ali
0.886 -13.100 4.162 5.497 -13.256 3.549  0.32
3.195654 -14.769842 4.868764 
3.127579 -14.747088 4.350916 
3.201782 -13.529886 4.599306 
FEnd
FBeg
 1366   CG GLU A 222  1736  CD1 ILE B  31 ali
1.781 -16.686 1.959 4.473 -12.974 2.473  3.98
2.850759 -14.376590 0.388344 
4.147517 -15.412147 1.075334 
2.975615 -14.958695 3.938268 
2.715364 -14.698941 3.425401 
2.495256 -14.179446 0.826504 
FEnd
FBeg
 1376   CD PRO A 222  2299  CD2 PHE B 101 ali
-0.017 -14.792 -0.352 4.324 -15.852 -1.584  1.22
2.915256 -12.855876 -0.692806 
2.850759 -14.376590 0.388344 
2.371954 -15.602585 -0.243911 
FEnd
FBeg
 1376   CD PRO A 222  2301  CE2 PHE B 101 ali
-0.017 -14.792 -0.352 3.242 -15.780 -2.453  7.08
2.876629 -12.155828 -1.081922 
2.915256 -12.855876 -0.692806 
2.371954 -15.602585 -0.243911 
1.856734 -16.532987 -0.605579 
0.441049 -17.527264 -2.333981 
2.655304 -12.455506 -1.284309 
FEnd
FBeg
 1356   SG CYS A 220  2175  CD2 PHE B  86 unk
1.642 -8.329 3.120 6.198 -9.345 0.329  9.32
3.621977 -10.127382 1.604395 
2.095968 -10.741611 -0.663051 
1.431274 -9.163057 -2.322727 
2.404518 -7.913107 -1.189030 
3.621736 -7.606879 0.686469 
FEnd
FBeg
 1177   SG CYS A 191  2175  CD2 PHE B  86 unk
1.588 -6.326 2.828 6.198 -9.345 0.329  4.02
2.404518 -7.913107 -1.189030 
3.621736 -7.606879 0.686469 
4.081631 -6.549848 0.257874 
3.229909 -5.947273 -2.041291 
FEnd
FBeg
 1177   SG CYS A 191  2177  CE2 PHE B  86 unk
1.588 -6.326 2.828 6.322 -8.869 1.636  1.58
3.621736 -7.606879 0.686469 
4.081631 -6.549848 0.257874 
4.406656 -6.619224 1.696710 
4.114459 -7.379150 2.157473 
FEnd
FBeg
 1349   CG PRO A 219  2177  CE2 PHE B  86 ali
5.073 -6.534 4.695 6.322 -8.869 1.636  6.41
4.406656 -6.619224 1.696710 
4.114459 -7.379150 2.157473 
4.411749 -9.422413 3.838523 
4.611346 -9.496028 3.976212 
6.871423 -7.319545 3.237653 
5.672456 -6.427010 2.066819 
FEnd
FBeg
  904  CG2 ILE A 147  2177  CE2 PHE B  86 ali
7.975 -5.195 2.744 6.322 -8.869 1.636  6.92
6.871423 -7.319545 3.237653 
9.108531 -7.597231 0.820937 
9.081438 -7.579468 0.802456 
7.099547 -6.423297 -0.074536 
6.919029 -6.337860 -0.088526 
6.099127 -6.240232 0.810946 
5.672456 -6.427010 2.066819 
FEnd
FBeg
  903  CG1 ILE A 147  2177  CE2 PHE B  86 ali
6.752 -3.498 1.445 6.322 -8.869 1.636  0.52
6.919029 -6.337860 -0.088526 
5.704567 -6.237829 -0.009736 
6.099127 -6.240232 0.810946 
FEnd
FBeg
  903  CG1 ILE A 147  2175  CD2 PHE B  86 ali
6.752 -3.498 1.445 6.198 -9.345 0.329  1.54
6.919029 -6.337860 -0.088526 
5.704567 -6.237829 -0.009736 
4.726820 -5.789044 -1.875660 
5.139863 -5.850243 -1.760063 
6.973993 -6.334123 -0.135391 
FEnd
FBeg
  903  CG1 ILE A 147  2162   CA THR B  85 ali
6.752 -3.498 1.445 9.251 -6.902 -2.390  3.51
5.139863 -5.850243 -1.760063 
6.242297 -4.342420 -2.380049 
7.538835 -5.923976 -0.131375 
6.973993 -6.334123 -0.135391 
FEnd
FBeg
  903  CG1 ILE A 147  2154    O HIS B  84 unk
6.752 -3.498 1.445 9.468 -4.553 -0.863  10.26
6.242297 -4.342420 -2.380049 
6.033415 -2.265971 -3.575013 
8.905291 -3.032451 0.154905 
8.365758 -4.930695 0.387694 
7.538835 -5.923976 -0.131375 
FEnd
FBeg
  904  CG2 ILE A 147  2154    O HIS B  84 unk
7.975 -5.195 2.744 9.468 -4.553 -0.863  0.98
8.365758 -4.930695 0.387694 
7.538835 -5.923976 -0.131375 
8.174819 -6.130014 0.095197 
9.211923 -4.808502 0.759685 
FEnd
FBeg
  904  CG2 ILE A 147  2153    C HIS B  84 ali
7.975 -5.195 2.744 10.458 -5.252 -1.018  2.76
8.174819 -6.130014 0.095197 
9.211923 -4.808502 0.759685 
9.801514 -4.694196 1.147096 
9.834553 -4.846360 1.171208 
9.244768 -7.473266 0.821739 
9.194586 -7.452315 0.788300 
FEnd
FBeg
  904  CG2 ILE A 147  2161    N THR B  85 unk
7.975 -5.195 2.744 10.453 -6.386 -1.721  0.00
9.244768 -7.473266 0.821739 
9.239891 -7.590546 0.850316 
9.221096 -7.575876 0.835972 
9.194586 -7.452315 0.788300 
FEnd
FBeg
  904  CG2 ILE A 147  2155   CB HIS B  84 ali
7.975 -5.195 2.744 12.046 -5.846 0.767  6.75
9.834553 -4.846360 1.171208 
9.937497 -4.649221 1.318273 
10.503211 -4.379344 2.394312 
10.914530 -6.063181 3.795758 
10.370411 -6.874089 2.942340 
9.354268 -7.658492 1.108213 
9.246101 -7.625565 0.874635 
9.239891 -7.590546 0.850316 
9.244768 -7.473266 0.821739 
FEnd
FBeg
  904  CG2 ILE A 147  2316   CG ARG B 103 ali
7.975 -5.195 2.744 11.967 -9.237 2.261  1.31
10.370411 -6.874089 2.942340 
9.465134 -7.792148 3.143021 
9.354268 -7.658492 1.108213 
FEnd
FBeg
  904  CG2 ILE A 147  2317   CD ARG B 103 ali
7.975 -5.195 2.744 12.130 -9.067 3.774  4.13
10.914530 -6.063181 3.795758 
10.428749 -6.327902 4.760245 
9.805935 -6.795578 5.514564 
9.138863 -7.803004 4.418377 
9.465134 -7.792148 3.143021 
10.370411 -6.874089 2.942340 
FEnd
FBeg
  901    O ILE A 147  2317   CD ARG B 103 unk
9.938 -3.507 4.196 12.130 -9.067 3.774  0.19
10.914530 -6.063181 3.795758 
10.428749 -6.327902 4.760245 
11.115699 -6.007717 4.109924 
10.970780 -6.042562 3.816273 
FEnd
FBeg
  901    O ILE A 147  2158  CD2 HIS B  84 unk
9.938 -3.507 4.196 13.510 -4.702 2.575  13.42
11.115699 -6.007717 4.109924 
10.970780 -6.042562 3.816273 
11.041853 -3.992290 2.461428 
11.638037 -2.578246 2.732733 
12.172505 -1.954162 3.450402 
13.656199 -1.992362 6.747998 
13.522183 -2.775253 7.029831 
FEnd
FBeg
  901    O ILE A 147  2145   CA THR B  83 unk
9.938 -3.507 4.196 12.464 -1.159 0.273  2.44
11.638037 -2.578246 2.732733 
10.460332 -2.205375 2.197586 
10.376256 -1.995305 2.269181 
11.754033 -0.658956 3.956159 
12.172505 -1.954162 3.450402 
FEnd
FBeg
  900    C ILE A 147  2145   CA THR B  83 ali
8.900 -2.914 4.574 12.464 -1.159 0.273  2.38
10.376256 -1.995305 2.269181 
11.754033 -0.658956 3.956159 
11.691539 -0.338098 4.035298 
11.166454 0.100500 3.779157 
10.557273 -0.217062 3.144782 
10.241415 -1.011905 2.558717 
10.280035 -1.835618 2.254608 
FEnd
FBeg
  900    C ILE A 147  2150  CG2 THR B  83 ali
8.900 -2.914 4.574 10.131 -0.935 -0.630  0.14
10.241415 -1.011905 2.558717 
10.280035 -1.835618 2.254608 
9.948621 -1.527865 2.293246 
9.947379 -1.521922 2.295212 
FEnd
FBeg
  898    N ILE A 147  2150  CG2 THR B  83 unk
7.423 -1.443 3.375 10.131 -0.935 -0.630  15.28
9.947379 -1.521922 2.295212 
10.241415 -1.011905 2.558717 
10.262238 -0.451948 2.643823 
10.184566 -0.291604 2.611643 
7.015898 2.582985 0.833749 
3.458377 2.769993 -1.547965 
8.323582 -1.410164 1.211450 
9.939263 -1.524594 2.289385 
FEnd
FBeg
  898    N ILE A 147  2149  OG1 THR B  83 hbd
7.423 -1.443 3.375 11.312 0.955 0.321  7.61
10.184566 -0.291604 2.611643 
7.015898 2.582985 0.833749 
7.195180 2.818791 1.247205 
9.808520 1.924093 3.872547 
10.691544 0.544587 3.913812 
10.557273 -0.217062 3.144782 
10.303759 -0.345590 2.721036 
FEnd
FBeg
  899   CA ILE A 147  2150  CG2 THR B  83 ali
7.673 -2.876 3.684 10.131 -0.935 -0.630  0.00
9.948621 -1.527865 2.293246 
9.947379 -1.521922 2.295212 
9.939263 -1.524594 2.289385 
FEnd
FBeg
  902   CB ILE A 147  2150  CG2 THR B  83 ali
7.909 -3.709 2.406 10.131 -0.935 -0.630  3.58
10.280035 -1.835618 2.254608 
9.948621 -1.527865 2.293246 
9.939263 -1.524594 2.289385 
8.323582 -1.410164 1.211450 
8.905291 -3.032451 0.154905 
9.524078 -3.167087 0.484768 
10.345949 -2.163930 2.002869 
FEnd
FBeg
  902   CB ILE A 147  2151    N HIS B  84 unk
7.909 -3.709 2.406 11.760 -3.506 0.187  2.98
9.524078 -3.167087 0.484768 
10.345949 -2.163930 2.002869 
10.460332 -2.205375 2.197586 
10.595072 -4.097233 2.258350 
10.192488 -4.324772 1.538863 
9.769092 -4.043644 0.829793 
9.766082 -4.038141 0.825072 
FEnd
FBeg
  902   CB ILE A 147  2152   CA HIS B  84 ali
7.909 -3.709 2.406 11.765 -4.863 -0.354  0.26
10.192488 -4.324772 1.538863 
9.937497 -4.649221 1.318273 
9.801514 -4.694196 1.147096 
9.769092 -4.043644 0.829793 
FEnd
FBeg
  898    N ILE A 147  2145   CA THR B  83 unk
7.423 -1.443 3.375 12.464 -1.159 0.273  0.17
10.557273 -0.217062 3.144782 
10.303759 -0.345590 2.721036 
10.262238 -0.451948 2.643823 
10.241415 -1.011905 2.558717 
FEnd
FBeg
  902   CB ILE A 147  2145   CA THR B  83 ali
7.909 -3.709 2.406 12.464 -1.159 0.273  0.06
10.460332 -2.205375 2.197586 
10.376256 -1.995305 2.269181 
10.280035 -1.835618 2.254608 
10.345949 -2.163930 2.002869 
FEnd
FBeg
  901    O ILE A 147  2151    N HIS B  84 hbd
9.938 -3.507 4.196 11.760 -3.506 0.187  1.51
11.041853 -3.992290 2.461428 
10.595072 -4.097233 2.258350 
10.460332 -2.205375 2.197586 
11.638037 -2.578246 2.732733 
FEnd
FBeg
  901    O ILE A 147  2320  NH1 ARG B 103 hbd
9.938 -3.507 4.196 13.130 -7.260 5.720  16.61
10.428749 -6.327902 4.760245 
11.115699 -6.007717 4.109924 
13.522183 -2.775253 7.029831 
13.837684 -2.239937 7.687288 
13.207595 -1.887476 9.874969 
9.803176 -5.975196 6.939073 
9.810395 -6.454563 5.743464 
FEnd
FBeg
  901    O ILE A 147  2155   CB HIS B  84 unk
9.938 -3.507 4.196 12.046 -5.846 0.767  0.88
10.503211 -4.379344 2.394312 
10.914530 -6.063181 3.795758 
10.970780 -6.042562 3.816273 
11.041853 -3.992290 2.461428 
10.595072 -4.097233 2.258350 
FEnd
FBeg
  902   CB ILE A 147  2155   CB HIS B  84 ali
7.909 -3.709 2.406 12.046 -5.846 0.767  0.31
9.937497 -4.649221 1.318273 
10.503211 -4.379344 2.394312 
10.595072 -4.097233 2.258350 
10.192488 -4.324772 1.538863 
FEnd
FBeg
  904  CG2 ILE A 147  2152   CA HIS B  84 ali
7.975 -5.195 2.744 11.765 -4.863 -0.354  0.02
9.801514 -4.694196 1.147096 
9.937497 -4.649221 1.318273 
9.834553 -4.846360 1.171208 
FEnd
FBeg
  902   CB ILE A 147  2153    C HIS B  84 ali
7.909 -3.709 2.406 10.458 -5.252 -1.018  0.26
9.211923 -4.808502 0.759685 
9.801514 -4.694196 1.147096 
9.769092 -4.043644 0.829793 
9.766082 -4.038141 0.825072 
FEnd
FBeg
  902   CB ILE A 147  2154    O HIS B  84 unk
7.909 -3.709 2.406 9.468 -4.553 -0.863  1.86
8.905291 -3.032451 0.154905 
8.365758 -4.930695 0.387694 
9.211923 -4.808502 0.759685 
9.766082 -4.038141 0.825072 
9.524078 -3.167087 0.484768 
FEnd
FBeg
  903  CG1 ILE A 147  2150  CG2 THR B  83 ali
6.752 -3.498 1.445 10.131 -0.935 -0.630  38.11
6.033415 -2.265971 -3.575013 
1.248725 1.557120 -6.644355 
1.115361 1.847982 -6.502262 
2.666766 2.670274 -2.960222 
3.458377 2.769993 -1.547965 
8.323582 -1.410164 1.211450 
8.905291 -3.032451 0.154905 
FEnd
FBeg
  904  CG2 ILE A 147  2175  CD2 PHE B  86 ali
7.975 -5.195 2.744 6.198 -9.345 0.329  0.01
7.099547 -6.423297 -0.074536 
6.919029 -6.337860 -0.088526 
6.973993 -6.334123 -0.135391 
FEnd
FBeg
  904  CG2 ILE A 147  2162   CA THR B  85 ali
7.975 -5.195 2.744 9.251 -6.902 -2.390  1.42
9.081438 -7.579468 0.802456 
7.099547 -6.423297 -0.074536 
6.973993 -6.334123 -0.135391 
7.538835 -5.923976 -0.131375 
8.174819 -6.130014 0.095197 
9.194586 -7.452315 0.788300 
9.221096 -7.575876 0.835972 
FEnd
FBeg
  904  CG2 ILE A 147  2163    C THR B  85 ali
7.975 -5.195 2.744 9.253 -8.426 -2.235  0.01
9.108531 -7.597231 0.820937 
9.081438 -7.579468 0.802456 
9.221096 -7.575876 0.835972 
9.239891 -7.590546 0.850316 
9.246101 -7.625565 0.874635 
FEnd
FBeg
  905  CD1 ILE A 147  2177  CE2 PHE B  86 ali
5.411 -3.742 2.089 6.322 -8.869 1.636  3.01
4.081631 -6.549848 0.257874 
4.406656 -6.619224 1.696710 
5.672456 -6.427010 2.066819 
6.099127 -6.240232 0.810946 
5.704567 -6.237829 -0.009736 
FEnd
FBeg
 1356   SG CYS A 220  2177  CE2 PHE B  86 unk
1.642 -8.329 3.120 6.322 -8.869 1.636  5.61
4.168244 -10.029442 3.291483 
3.621977 -10.127382 1.604395 
3.621736 -7.606879 0.686469 
4.114459 -7.379150 2.157473 
4.411749 -9.422413 3.838523 
FEnd
FBeg
 1360    O GLY A 221  1736  CD1 ILE B  31 unk
1.166 -12.252 3.320 4.473 -12.974 2.473  6.85
2.807530 -11.854151 3.887029 
2.851728 -10.815487 3.174212 
1.924575 -10.884540 -0.386871 
1.856757 -12.668225 0.868791 
2.093010 -13.226605 2.267187 
FEnd
FBeg
 1359    C GLY A 221  1736  CD1 ILE B  31 ali
0.886 -13.100 4.162 4.473 -12.974 2.473  4.63
3.045254 -12.343747 4.355368 
2.807530 -11.854151 3.887029 
2.093010 -13.226605 2.267187 
2.674057 -14.601190 3.398636 
3.002311 -14.899886 4.073479 
3.127579 -14.747088 4.350916 
3.201782 -13.529886 4.599306 
FEnd
FBeg
 1358   CA GLY A 221  1736  CD1 ILE B  31 ali
1.012 -12.779 5.642 4.473 -12.974 2.473  0.23
3.346745 -12.614358 4.701292 
3.045254 -12.343747 4.355368 
3.201782 -13.529886 4.599306 
FEnd
FBeg
 1354    O CYS A 220  2177  CE2 PHE B  86 unk
2.981 -10.910 5.388 6.322 -8.869 1.636  0.29
4.611346 -9.496028 3.976212 
4.559772 -10.147842 3.575716 
4.168244 -10.029442 3.291483 
4.411749 -9.422413 3.838523 
FEnd
FBeg
 1349   CG PRO A 219  2178   CZ PHE B  86 ali
5.073 -6.534 4.695 7.187 -9.472 2.506  0.83
6.924920 -7.333304 3.307784 
6.871423 -7.319545 3.237653 
4.611346 -9.496028 3.976212 
4.868525 -9.564986 4.317132 
FEnd
FBeg
  904  CG2 ILE A 147  2178   CZ PHE B  86 ali
7.975 -5.195 2.744 7.187 -9.472 2.506  5.05
9.138863 -7.803004 4.418377 
9.465134 -7.792148 3.143021 
9.354268 -7.658492 1.108213 
9.246101 -7.625565 0.874635 
9.108531 -7.597231 0.820937 
6.871423 -7.319545 3.237653 
6.924920 -7.333304 3.307784 
FEnd
FBeg
 1337    C GLU A 218  1732    O ILE B  31 unk
5.746 -8.294 7.692 6.954 -13.631 6.240  0.00
5.595358 -11.175651 6.382788 
5.637265 -11.180768 6.436463 
5.640921 -11.139202 6.286723 
FEnd
FBeg
 1354    O CYS A 220  1732    O ILE B  31 unk
2.981 -10.910 5.388 6.954 -13.631 6.240  0.12
5.352197 -11.602336 6.153990 
5.595358 -11.175651 6.382788 
5.640921 -11.139202 6.286723 
5.754413 -11.059556 6.011855 
FEnd
FBeg
 1354    O CYS A 220  1734  CG1 ILE B  31 unk
2.981 -10.910 5.388 5.497 -13.256 3.549  5.86
3.792129 -12.943669 5.730737 
5.352197 -11.602336 6.153990 
5.754413 -11.059556 6.011855 
5.791444 -10.725453 5.636306 
5.808364 -10.415678 5.264276 
4.837331 -10.365738 3.872064 
3.346745 -12.614358 4.701292 
FEnd
FBeg
 1358   CA GLY A 221  1734  CG1 ILE B  31 ali
1.012 -12.779 5.642 5.497 -13.256 3.549  2.23
3.573891 -14.781357 5.681897 
3.792129 -12.943669 5.730737 
3.346745 -12.614358 4.701292 
3.201782 -13.529886 4.599306 
3.195654 -14.769842 4.868764 
FEnd
FBeg
 1358   CA GLY A 221  1735  CG2 ILE B  31 ali
1.012 -12.779 5.642 5.715 -15.699 3.413  0.71
3.466336 -15.016584 5.763115 
3.573891 -14.781357 5.681897 
3.195654 -14.769842 4.868764 
3.014761 -15.133089 4.962950 
2.922231 -15.627365 5.415223 
2.980619 -15.634339 5.547554 
3.176554 -15.473108 5.749747 
FEnd
FBeg
 1332   CB PRO A 217  1731    C ILE B  31 ali
4.132 -13.225 8.482 7.362 -14.553 5.536  0.78
4.617061 -15.135158 6.211832 
4.576624 -15.129232 6.164827 
4.556632 -14.708775 5.953373 
4.917769 -14.042803 6.049117 
5.541608 -14.418217 6.902325 
FEnd
FBeg
 1332   CB PRO A 217  1738   CA LYS B  32 ali
4.132 -13.225 8.482 7.209 -16.123 7.371  3.78
4.605824 -15.272550 6.539093 
4.617061 -15.135158 6.211832 
5.541608 -14.418217 6.902325 
6.807289 -13.630415 8.352772 
6.207413 -14.741159 9.588702 
FEnd
FBeg
 1333   CG PRO A 217  1735  CG2 ILE B  31 ali
3.480 -14.445 9.037 5.715 -15.699 3.413  0.28
3.328807 -15.575970 5.833188 
3.176554 -15.473108 5.749747 
3.466336 -15.016584 5.763115 
4.150239 -15.236167 6.083861 
FEnd
FBeg
 1038  OE2 GLU A 173  1742   CG LYS B  32 unk
2.182 -17.188 8.024 5.676 -17.927 6.561  3.48
4.197379 -17.022984 8.638472 
3.328807 -15.575970 5.833188 
3.123048 -15.979024 5.545378 
3.449199 -17.827310 7.257924 
3.820078 -17.891262 8.175976 
FEnd
FBeg
 1035   CG GLU A 173  1742   CG LYS B  32 ali
2.340 -18.355 10.086 5.676 -17.927 6.561  0.90
4.523711 -17.035687 8.945766 
4.197379 -17.022984 8.638472 
3.820078 -17.891262 8.175976 
4.770953 -18.182052 9.040561 
FEnd
FBeg
 1035   CG GLU A 173  1741   CB LYS B  32 ali
2.340 -18.355 10.086 6.841 -17.599 7.489  4.87
5.294153 -16.890757 10.323249 
4.523711 -17.035687 8.945766 
4.770953 -18.182052 9.040561 
5.913803 -19.981550 10.497453 
6.009670 -19.890762 10.690033 
6.089917 -19.409927 10.969087 
5.888858 -18.092238 11.004207 
FEnd
FBeg
 1323  CH2 TRP A 215  1741   CB LYS B  32 ali
5.641 -15.099 12.948 6.841 -17.599 7.489  0.87
5.695411 -16.395032 10.184432 
5.294153 -16.890757 10.323249 
5.888858 -18.092238 11.004207 
6.285355 -17.580322 10.856928 
FEnd
FBeg
 1333   CG PRO A 217  1738   CA LYS B  32 ali
3.480 -14.445 9.037 7.209 -16.123 7.371  4.10
6.198700 -14.795752 9.624187 
5.724022 -16.323171 10.100138 
4.900253 -16.269514 8.202257 
4.605824 -15.272550 6.539093 
6.207413 -14.741159 9.588702 
FEnd
FBeg
 1333   CG PRO A 217  1739    C LYS B  32 ali
3.480 -14.445 9.037 8.340 -15.699 8.301  0.00
6.217141 -14.727625 9.629882 
6.198700 -14.795752 9.624187 
6.207413 -14.741159 9.588702 
FEnd
FBeg
 1332   CB PRO A 217  1739    C LYS B  32 ali
4.132 -13.225 8.482 8.340 -15.699 8.301  1.79
6.892226 -13.589169 9.763671 
6.217141 -14.727625 9.629882 
6.207413 -14.741159 9.588702 
6.807289 -13.630415 8.352772 
7.434061 -12.608523 8.956637 
FEnd
FBeg
 1329   CA PRO A 217  1739    C LYS B  32 ali
4.136 -12.252 9.667 8.340 -15.699 8.301  1.08
7.952615 -12.366829 9.942640 
6.892226 -13.589169 9.763671 
7.434061 -12.608523 8.956637 
7.919689 -12.092153 9.148181 
FEnd
FBeg
  561   CG PRO A  95  1747   CA GLY B  33 ali
9.917 -16.443 12.930 10.560 -14.785 8.525  11.81
9.923213 -16.780128 10.242558 
8.893494 -13.046427 11.497579 
10.990209 -10.141945 12.896857 
11.713434 -9.998040 13.056591 
11.478661 -14.416266 11.359343 
9.974934 -16.773862 10.252466 
FEnd
FBeg
  561   CG PRO A  95  1748    C GLY B  33 ali
9.917 -16.443 12.930 11.759 -15.669 8.779  1.91
11.478661 -14.416266 11.359343 
11.820663 -15.190017 11.366831 
10.763649 -16.895570 10.579763 
9.974934 -16.773862 10.252466 
FEnd
FBeg
  562   CD PRO A  95  1748    C GLY B  33 ali
11.188 -17.287 13.052 11.759 -15.669 8.779  2.08
11.820663 -15.190017 11.366831 
10.763649 -16.895570 10.579763 
11.750845 -17.125223 10.624722 
12.764650 -16.690284 10.924889 
FEnd
FBeg
  562   CD PRO A  95  1749    O GLY B  33 unk
11.188 -17.287 13.052 12.739 -15.230 9.382  33.86
12.764650 -16.690284 10.924889 
11.820663 -15.190017 11.366831 
14.327106 -10.916120 14.821572 
18.948693 -12.537143 15.866159 
16.587443 -17.100390 12.310602 
FEnd
FBeg
  562   CD PRO A  95  1751   CA LYS B  34 ali
11.188 -17.287 13.052 12.787 -17.854 8.473  8.10
11.750845 -17.125223 10.624722 
12.764650 -16.690284 10.924889 
16.587443 -17.100390 12.310602 
16.588551 -17.122326 12.313705 
15.871326 -19.358753 12.340176 
12.854622 -18.256587 11.150257 
FEnd
FBeg
  562   CD PRO A  95  1754   CB LYS B  34 ali
11.188 -17.287 13.052 12.190 -19.230 8.712  5.81
15.871326 -19.358753 12.340176 
16.410012 -20.400432 12.930900 
14.467398 -20.897291 12.704840 
14.085072 -20.878080 12.607969 
13.514234 -20.404853 12.264315 
12.854622 -18.256587 11.150257 
FEnd
FBeg
  562   CD PRO A  95  1756   CD LYS B  34 ali
11.188 -17.287 13.052 10.370 -20.599 9.850  1.61
14.085072 -20.878080 12.607969 
11.601648 -20.135974 12.474799 
10.037861 -19.186825 11.892537 
10.035425 -19.167688 11.873364 
13.514234 -20.404853 12.264315 
FEnd
FBeg
  559    O PRO A  95  1756   CD LYS B  34 unk
9.292 -20.393 13.081 10.370 -20.599 9.850  15.72
11.601648 -20.135974 12.474799 
10.037861 -19.186825 11.892537 
6.634766 -19.746216 10.792784 
6.300293 -20.204498 10.710408 
6.300106 -20.306411 10.716844 
7.214451 -21.346027 11.088191 
9.801013 -23.316850 12.076834 
12.699460 -21.128222 12.904339 
FEnd
FBeg
  568   CG GLN A  95  1756   CD LYS B  34 ali
10.278 -22.627 15.536 10.370 -20.599 9.850  6.94
9.801013 -23.316850 12.076834 
10.553805 -24.796024 11.561443 
11.303710 -25.014692 11.495586 
12.045236 -24.476970 11.699370 
13.219857 -21.201794 12.886518 
12.699460 -21.128222 12.904339 
FEnd
FBeg
  578   CD PRO A  95  1756   CD LYS B  34 ali
6.555 -23.797 13.456 10.370 -20.599 9.850  3.31
7.214451 -21.346027 11.088191 
7.699448 -22.308223 10.747970 
10.553805 -24.796024 11.561443 
9.801013 -23.316850 12.076834 
FEnd
FBeg
  578   CD PRO A  95  1757   CE LYS B  34 ali
6.555 -23.797 13.456 10.024 -21.407 8.593  5.58
7.699448 -22.308223 10.747970 
10.553805 -24.796024 11.561443 
10.808753 -25.401545 11.445716 
9.653254 -25.960953 10.346516 
9.084196 -25.930925 9.955339 
FEnd
FBeg
  577   CG PRO A  95  1757   CE LYS B  34 ali
5.444 -24.002 12.452 10.024 -21.407 8.593  13.01
9.084196 -25.930925 9.955339 
7.699448 -22.308223 10.747970 
6.386525 -20.848721 10.171195 
6.204024 -22.512109 8.836043 
6.514464 -25.390163 7.269127 
FEnd
FBeg
  556    N PRO A  95  1756   CD LYS B  34 unk
10.859 -18.187 14.172 10.370 -20.599 9.850  1.16
14.085072 -20.878080 12.607969 
11.601648 -20.135974 12.474799 
12.699460 -21.128222 12.904339 
13.219857 -21.201794 12.886518 
14.201945 -20.991726 12.658169 
FEnd
FBeg
  561   CG PRO A  95  1749    O GLY B  33 unk
9.917 -16.443 12.930 12.739 -15.230 9.382  11.02
11.713434 -9.998040 13.056591 
12.254745 -10.001118 13.486086 
13.420623 -10.026847 14.404602 
14.327106 -10.916120 14.821572 
11.820663 -15.190017 11.366831 
11.478661 -14.416266 11.359343 
FEnd
FBeg
 1323  CH2 TRP A 215  1740    O LYS B  32 unk
5.641 -15.099 12.948 8.212 -15.766 9.517  7.10
6.285355 -17.580322 10.856928 
7.761468 -15.545276 11.567424 
8.161921 -14.271919 11.619956 
7.280818 -13.180425 10.747515 
6.379579 -14.205479 10.271452 
6.230063 -14.470224 10.210880 
5.695411 -16.395032 10.184432 
FEnd
FBeg
  561   CG PRO A  95  1755   CG LYS B  34 ali
9.917 -16.443 12.930 10.903 -19.202 9.528  1.37
9.923881 -18.058992 11.279901 
10.763649 -16.895570 10.579763 
9.974934 -16.773862 10.252466 
9.923213 -16.780128 10.242558 
9.150574 -17.384390 10.508677 
FEnd
FBeg
  562   CD PRO A  95  1755   CG LYS B  34 ali
11.188 -17.287 13.052 10.903 -19.202 9.528  8.17
10.035425 -19.167688 11.873364 
13.514234 -20.404853 12.264315 
12.854622 -18.256587 11.150257 
11.750845 -17.125223 10.624722 
10.763649 -16.895570 10.579763 
9.923881 -18.058992 11.279901 
FEnd
FBeg
  560   CB PRO A  95  1756   CD LYS B  34 ali
8.774 -17.456 13.190 10.370 -20.599 9.850  2.19
7.833919 -18.676710 10.359368 
10.035425 -19.167688 11.873364 
10.037861 -19.186825 11.892537 
6.634766 -19.746216 10.792784 
FEnd
FBeg
  560   CB PRO A  95  1741   CB LYS B  32 ali
8.774 -17.456 13.190 6.841 -17.599 7.489  3.00
8.041494 -18.253734 10.278378 
7.833919 -18.676710 10.359368 
6.634766 -19.746216 10.792784 
6.307151 -19.808178 10.905420 
6.089917 -19.409927 10.969087 
5.888858 -18.092238 11.004207 
6.285355 -17.580322 10.856928 
FEnd

+-+CCS_record::Boundary loops before union-find
Start boundary loop loop_id 0  init_edge IE_A_B
xyz 8.24283 12.7293 16.1305
xyz 6.83292 13.6524 12.2148
xyz 6.68214 13.9486 11.3552
xyz 6.6283 14.8111 11.364
xyz 5.42063 16.4874 10.5296
xyz 4.36744 18.2848 10.3533
xyz 4.29706 18.6453 10.7365
xyz 4.58907 19.2326 12.5693
xyz 4.16 19.8113 13.2098
xyz 5.04688 19.6421 15.6777
xyz 5.26777 19.4623 15.7843
xyz 5.76838 18.936 15.5864
xyz 6.38304 18.888 16.6183
xyz 7.87323 17.7177 17.8386
xyz 8.05905 17.1545 18.1002
xyz 8.76067 14.4884 18.7774
xyz 8.76405 13.5595 18.2529
End loop
Boundary info init_edge IE_A_B [total exposed]: 27.841358 27.841358
Start boundary loop loop_id 1  init_edge IE_A_B
xyz 2.57798 -25.5364 2.7505
xyz 4.03904 -23.7704 2.04237
xyz 4.08009 -23.7065 2.02473
xyz 5.26248 -20.0528 1.80379
xyz 5.51915 -19.5267 1.84951
xyz 5.56155 -19.3155 1.50511
xyz 5.53206 -19.1328 1.34128
xyz 5.21229 -18.2139 0.864722
xyz 4.9414 -18.9905 0.061909
xyz 4.922 -19.0599 -0.0594969
xyz 4.60452 -19.3802 -0.946635
xyz 4.33253 -19.4043 -1.36937
xyz 2.08956 -22.2604 -1.71298
xyz -0.284347 -25.6395 -1.65525
xyz -0.894265 -26.0973 -1.69302
xyz -2.79494 -24.2056 -2.23597
xyz -1.77559 -19.6418 -2.65969
xyz -0.226083 -18.0391 -2.62009
xyz 0.319832 -17.7124 -2.57565
xyz 0.433675 -16.6806 -4.05767
xyz -1.06211 -15.377 -7.5816
xyz -1.40483 -14.228 -8.7286
xyz -0.191002 -10.4344 -7.80646
xyz 0.260929 -9.68732 -7.19741
xyz 2.60195 -11.3427 -1.83584
xyz 2.8281 -11.8704 -1.17103
xyz 2.82678 -11.9224 -1.15291
xyz 2.6553 -12.4555 -1.28431
xyz 2.87663 -12.1558 -1.08192
xyz 2.82678 -11.9224 -1.15291
xyz 1.96404 -10.8485 -0.472769
xyz 2.09597 -10.7416 -0.663051
xyz 1.43127 -9.16306 -2.32273
xyz 2.40452 -7.91311 -1.18903
xyz 3.22991 -5.94727 -2.04129
xyz 4.08163 -6.54985 0.257874
xyz 5.70457 -6.23783 -0.00973556
xyz 4.72682 -5.78904 -1.87566
xyz 5.13986 -5.85024 -1.76006
xyz 6.2423 -4.34242 -2.38005
xyz 6.03341 -2.26597 -3.57501
xyz 1.24872 1.55712 -6.64435
xyz 1.11536 1.84798 -6.50226
xyz 2.66677 2.67027 -2.96022
xyz 3.45838 2.76999 -1.54796
xyz 7.0159 2.58298 0.833749
xyz 7.19518 2.81879 1.2472
xyz 9.80852 1.92409 3.87255
xyz 10.6915 0.544587 3.91381
xyz 10.5573 -0.217062 3.14478
xyz 11.1665 0.1005 3.77916
xyz 11.6915 -0.338098 4.0353
xyz 11.754 -0.658956 3.95616
xyz 12.1725 -1.95416 3.4504
xyz 13.6562 -1.99236 6.748
xyz 13.5222 -2.77525 7.02983
xyz 13.8377 -2.23994 7.68729
xyz 13.2076 -1.88748 9.87497
xyz 9.80318 -5.9752 6.93907
xyz 9.81039 -6.45456 5.74346
xyz 10.4287 -6.3279 4.76025
xyz 9.80594 -6.79558 5.51456
xyz 9.13886 -7.803 4.41838
xyz 8.99961 -9.12736 5.38422
xyz 9.05555 -10.2005 5.50891
xyz 8.12441 -10.8467 5.51109
xyz 9.20027 -10.8769 5.74193
xyz 9.65642 -11.0427 6.3925
xyz 9.76642 -11.1299 6.71981
xyz 8.12986 -11.8021 8.963
xyz 7.92939 -12.0665 9.14583
xyz 7.91969 -12.0922 9.14818
xyz 7.95261 -12.3668 9.94264
xyz 8.20171 -12.1137 10.7825
xyz 8.89349 -13.0464 11.4976
xyz 10.9902 -10.1419 12.8969
xyz 11.7134 -9.99804 13.0566
xyz 12.2547 -10.0011 13.4861
xyz 13.4206 -10.0268 14.4046
xyz 14.3271 -10.9161 14.8216
xyz 18.9487 -12.5371 15.8662
xyz 16.5874 -17.1004 12.3106
xyz 16.5886 -17.1223 12.3137
xyz 15.8713 -19.3588 12.3402
xyz 16.41 -20.4004 12.9309
xyz 14.4674 -20.8973 12.7048
xyz 14.0851 -20.8781 12.608
xyz 14.2019 -20.9917 12.6582
xyz 13.2199 -21.2018 12.8865
xyz 12.0452 -24.477 11.6994
xyz 11.3037 -25.0147 11.4956
xyz 10.5538 -24.796 11.5614
xyz 10.8088 -25.4015 11.4457
xyz 9.65325 -25.961 10.3465
xyz 9.0842 -25.9309 9.95534
xyz 6.51446 -25.3902 7.26913
xyz 6.20402 -22.5121 8.83604
xyz 6.38653 -20.8487 10.1712
xyz 7.69945 -22.3082 10.748
xyz 7.21445 -21.346 11.0882
xyz 6.30011 -20.3064 10.7168
xyz 6.30029 -20.2045 10.7104
xyz 6.63477 -19.7462 10.7928
xyz 6.30715 -19.8082 10.9054
xyz 6.08992 -19.4099 10.9691
xyz 6.00967 -19.8908 10.69
xyz 5.9138 -19.9815 10.4975
xyz 6.21577 -20.3265 10.6017
xyz 6.21609 -20.3276 10.6017
xyz 5.68549 -21.0433 10.0513
xyz 6.20402 -22.5121 8.83604
xyz 6.17622 -24.5522 6.69737
xyz 5.50365 -24.6623 6.17758
xyz 5.40393 -24.7199 6.11132
xyz 2.81541 -23.1436 6.75649
xyz 2.63635 -23.1086 6.69748
xyz 2.48358 -22.6038 6.98205
xyz 1.3111 -21.6923 6.09444
xyz 1.15807 -22.0967 5.43584
xyz 0.952175 -22.4318 4.34104
xyz 1.64769 -24.2668 3.58038
End loop
Boundary info init_edge IE_A_B [total exposed]: 199.858780 199.858780
Start boundary loop loop_id 2  init_edge IE_A_B
xyz 5.80836 -10.4157 5.26428
xyz 5.7843 -10.3765 5.2487
xyz 5.95762 -10.3567 5.29235
xyz 5.90501 -10.4493 5.29878
xyz 5.79144 -10.7255 5.63631
End loop
Boundary info init_edge IE_A_B [total exposed]: 1.270106 1.270106
Start boundary loop loop_id 3  init_edge IE_A_B
xyz 2.86999 -16.1591 5.03894
xyz 2.81396 -15.9159 5.02537
xyz 2.92223 -15.6274 5.41522
xyz 2.98062 -15.6343 5.54755
xyz 3.17655 -15.4731 5.74975
xyz 3.32881 -15.576 5.83319
xyz 3.12305 -15.979 5.54538
xyz 3.01039 -15.9308 5.47464
End loop
Boundary info init_edge IE_A_B [total exposed]: 2.607385 2.607385
Start boundary loop loop_id 4  init_edge IE_A_B
xyz 10.2622 -0.451948 2.64382
xyz 10.1846 -0.291604 2.61164
xyz 10.3038 -0.34559 2.72104
End loop
Boundary info init_edge IE_A_B [total exposed]: 0.489435 0.489435
