Begin VSO per interface edge
17 1815  1
38 2407  1
38 2408  2
38 2409  1
40 2407  1
40 2408  1
59 2399  1
59 2403  1
59 2411  1
59 2415  2
59 2416  1
61 2411  1
61 2414  1
61 2415  1
61 2416  1
90 1815  1
556 1846  1
556 1848  1
557 1846  2
557 1848  2
558 1848  1
558 1879  1
558 1881  2
559 1879  1
559 1881  1
573 1838  2
573 1841  1
573 1842  1
574 1841  1
575 1835  2
575 1836  2
575 1838  2
575 1841  1
576 1836  3
589 1834  2
589 1835  1
589 1836  1
589 1923  1
589 1935  2
590 1827  3
590 1831  2
590 1834  3
590 1835  2
590 1836  2
591 1827  3
591 1830  3
591 1831  2
591 1833  3
591 1834  3
591 1835  3
591 1836  3
591 1923  2
591 1935  2
592 1830  2
592 1831  1
592 1923  1
592 1935  1
592 1937  1
595 1824  4
595 1827  3
595 1833  4
595 1836  3
596 1836  3
598 1818  3
598 1820  2
598 1824  4
599 1818  3
599 1819  2
599 1820  2
599 1823  2
599 1824  3
599 1827  2
599 1831  1
600 1820  1
600 1831  1
601 1818  2
601 1819  1
601 1820  1
601 1831  1
603 1818  4
603 1820  3
603 1821  4
603 1822  4
603 1824  5
603 1833  5
603 1836  4
604 1822  4
604 1823  4
604 1824  5
604 1825  3
605 1818  3
605 1820  2
606 1817  2
606 1818  3
606 1820  2
606 1821  3
606 1822  3
606 1824  4
606 1825  2
607 1822  3
607 1823  3
607 1824  4
607 1825  2
607 1828  4
607 1833  4
607 1835  4
607 1836  3
607 1838  3
607 1897  3
608 1838  2
608 1842  1
609 1838  3
609 1839  3
609 1842  2
609 1846  1
609 1848  2
609 1881  2
609 1894  2
609 1897  2
610 1825  1
610 1881  1
610 1897  2
610 1898  2
610 1899  1
612 1817  1
612 1820  2
618 1820  1
625 1812  1
625 1817  1
625 1821  2
625 1825  1
1530 1820  2
1533 1817  1
1533 1820  2
1535 1809  1
1535 1811  2
1535 1812  1
1535 1813  2
1535 1814  2
1535 1816  2
1535 1817  2
1535 1820  2
1555 1820  1
1573 1809  1
1573 1813  2
1573 1814  2
1573 1815  1
1576 1813  2
1576 1814  3
1576 1815  2
1580 1812  1
1580 1813  1
1580 1814  2
1580 1815  1
1584 1815  2
End VSO per interface edge

Voronoi Facets of interface MI_AB
FBeg
 1555   CA GLY A 203  1820   CB ALA B   2 ali
99.090 23.274 21.610 96.566 19.234 25.782  9.29
97.382431 22.662943 24.790802 
99.855806 21.278393 24.946415 
99.673933 19.330319 22.949947 
99.661067 19.299192 22.912020 
97.705251 20.088733 22.493340 
96.890711 21.439966 23.309035 
96.881938 22.664019 24.489053 
FEnd
FBeg
 1535  CG2 THR A 199  1820   CB ALA B   2 ali
93.922 22.566 22.306 96.566 19.234 25.782  4.39
96.890711 21.439966 23.309035 
96.577171 21.107545 23.228878 
94.197178 20.070028 24.044670 
94.921282 21.319970 24.692045 
96.326825 22.438861 24.695466 
96.881938 22.664019 24.489053 
FEnd
FBeg
 1535  CG2 THR A 199  1809    N THR B   1 unk
93.922 22.566 22.306 95.496 23.513 27.572  2.56
96.326825 22.438861 24.695466 
96.881938 22.664019 24.489053 
96.737385 23.596755 24.364522 
96.651163 23.858446 24.343233 
96.153397 24.126424 24.443824 
95.540363 24.060553 24.638905 
94.961935 22.704904 25.055586 
95.359508 22.460639 24.980679 
FEnd
FBeg
 1535  CG2 THR A 199  1811    C THR B   1 ali
93.922 22.566 22.306 94.159 21.385 27.415  2.94
94.961935 22.704904 25.055586 
92.768561 21.848737 24.959422 
92.736907 21.831325 24.956865 
93.464380 20.537993 24.624151 
94.717037 21.291241 24.740164 
95.359508 22.460639 24.980679 
FEnd
FBeg
 1535  CG2 THR A 199  1812    O THR B   1 unk
93.922 22.566 22.306 93.073 20.831 27.194  2.63
92.736907 21.831325 24.956865 
92.097848 21.809959 24.838283 
91.638597 20.826579 24.409464 
91.655515 20.583688 24.326188 
92.673373 19.727047 24.198915 
92.893589 19.724543 24.236275 
93.464380 20.537993 24.624151 
FEnd
FBeg
  625  OD1 ASP A  83  1812    O THR B   1 unk
90.389 17.890 25.524 93.073 20.831 27.194  16.33
91.655515 20.583688 24.326188 
92.673373 19.727047 24.198915 
92.810030 19.596557 24.209083 
92.546865 18.413531 26.715440 
91.614525 18.472982 28.109184 
89.684276 19.292463 29.768283 
89.112448 20.920769 27.819744 
89.510447 21.246732 26.606039 
FEnd
FBeg
  625  OD1 ASP A  83  1825   CB ALA B   3 unk
90.389 17.890 25.524 93.427 16.241 29.873  5.10
91.614525 18.472982 28.109184 
89.684276 19.292463 29.768283 
89.431201 18.938305 29.810783 
89.771259 17.618963 29.072983 
91.748873 16.605274 27.307161 
92.139579 17.204833 27.261566 
FEnd
FBeg
  606    O MET A  81  1825   CB ALA B   3 unk
93.680 15.767 25.808 93.427 16.241 29.873  2.48
91.748873 16.605274 27.307161 
92.139579 17.204833 27.261566 
93.993613 15.923941 27.526317 
94.309760 15.331400 27.615087 
94.260847 15.312577 27.614238 
92.557589 15.358335 27.502894 
FEnd
FBeg
  607   CB MET A  81  1825   CB ALA B   3 ali
93.540 12.972 26.801 93.427 16.241 29.873  4.45
94.260847 15.312577 27.614238 
94.363565 15.251254 27.683271 
94.440678 15.143924 27.800321 
94.384011 13.388170 29.666583 
92.593776 13.953592 28.999050 
92.557589 15.358335 27.502894 
FEnd
FBeg
  607   CB MET A  81  1897   CB PRO B  14 ali
93.540 12.972 26.801 91.826 12.238 30.776  4.20
94.384011 13.388170 29.666583 
92.593776 13.953592 28.999050 
92.391589 13.439668 28.816970 
93.019597 11.053120 28.647078 
93.664355 11.341226 28.978294 
94.581238 12.968273 29.674091 
94.581315 12.973732 29.675132 
94.522101 13.245219 29.699730 
FEnd
FBeg
  607   CB MET A  81  1828    C VAL B   4 ali
93.540 12.972 26.801 96.855 13.268 31.514  0.07
94.581315 12.973732 29.675132 
94.931649 13.190883 29.415078 
94.522101 13.245219 29.699730 
FEnd
FBeg
  607   CB MET A  81  1833    N GLY B   5 unk
93.540 12.972 26.801 97.027 12.157 30.818  0.30
94.581238 12.968273 29.674091 
94.996850 12.831602 29.285586 
95.513178 12.986127 28.868733 
95.450382 13.194151 28.965449 
95.425219 13.205049 28.989503 
94.931649 13.190883 29.415078 
94.581315 12.973732 29.675132 
FEnd
FBeg
  607   CB MET A  81  1824    O ALA B   3 unk
93.540 12.972 26.801 96.241 15.368 28.541  0.05
95.450382 13.194151 28.965449 
94.533599 15.096460 27.769070 
94.522061 15.111813 27.765839 
95.425219 13.205049 28.989503 
FEnd
FBeg
  604   CA MET A  81  1824    O ALA B   3 unk
94.547 13.515 25.785 96.241 15.368 28.541  0.01
94.533599 15.096460 27.769070 
94.522061 15.111813 27.765839 
94.502214 15.209431 27.712405 
94.570232 15.383370 27.553649 
FEnd
FBeg
  604   CA MET A  81  1822   CA ALA B   3 ali
94.547 13.515 25.785 94.770 16.918 29.609  0.05
94.502214 15.209431 27.712405 
94.570232 15.383370 27.553649 
94.581164 15.437009 27.505277 
94.309760 15.331400 27.615087 
94.363565 15.251254 27.683271 
94.468660 15.173821 27.746051 
FEnd
FBeg
  603    N MET A  81  1822   CA ALA B   3 unk
95.818 13.834 26.426 94.770 16.918 29.609  0.00
94.570232 15.383370 27.553649 
94.581164 15.437009 27.505277 
94.605117 15.459162 27.491700 
FEnd
FBeg
  604   CA MET A  81  1823    C ALA B   3 ali
94.547 13.515 25.785 95.871 15.873 29.601  0.00
94.522061 15.111813 27.765839 
94.502214 15.209431 27.712405 
94.468660 15.173821 27.746051 
FEnd
FBeg
  603    N MET A  81  1824    O ALA B   3 hbd
95.818 13.834 26.426 96.241 15.368 28.541  5.95
95.450382 13.194151 28.965449 
94.533599 15.096460 27.769070 
94.570232 15.383370 27.553649 
94.605117 15.459162 27.491700 
95.316784 16.061196 26.912714 
95.702872 16.300410 26.661996 
96.195336 16.365034 26.516632 
96.693031 15.342752 27.158549 
96.377382 13.257178 28.734337 
FEnd
FBeg
  595   CA GLU A  80  1824    O ALA B   3 unk
98.205 13.747 26.789 96.241 15.368 28.541  2.59
96.693031 15.342752 27.158549 
97.853835 15.462391 28.349122 
98.002349 15.319876 28.647466 
96.395128 13.268319 28.743922 
96.377382 13.257178 28.734337 
FEnd
FBeg
  595   CA GLU A  80  1833    N GLY B   5 unk
98.205 13.747 26.789 97.027 12.157 30.818  0.85
96.395128 13.268319 28.743922 
96.377382 13.257178 28.734337 
96.388634 12.758495 28.540827 
97.195546 12.158972 28.540157 
97.542347 13.057089 28.995986 
FEnd
FBeg
  591    O SER A  79  1833    N GLY B   5 hbd
99.072 12.287 29.006 97.027 12.157 30.818  5.80
97.195546 12.158972 28.540157 
97.542347 13.057089 28.995986 
99.169278 12.711639 30.807336 
99.542561 12.364718 31.203730 
99.238883 10.872053 30.753912 
97.855760 10.897673 29.194776 
97.780477 10.979954 29.115715 
FEnd
FBeg
  591    O SER A  79  1836    O GLY B   5 unk
99.072 12.287 29.006 95.963 10.727 28.970  0.36
97.780477 10.979954 29.115715 
97.195546 12.158972 28.540157 
97.278427 11.997004 28.401081 
97.981136 10.582567 29.006679 
FEnd
FBeg
  590    C SER A  79  1836    O GLY B   5 unk
99.639 12.105 27.923 95.963 10.727 28.970  3.11
97.278427 11.997004 28.401081 
97.981136 10.582567 29.006679 
98.253511 9.627763 28.706328 
98.065498 9.494046 27.870226 
97.508866 10.586804 27.354125 
97.339858 10.933700 27.217305 
97.264057 11.476433 27.665482 
FEnd
FBeg
  596    C GLU A  80  1836    O GLY B   5 unk
96.966 13.299 26.025 95.963 10.727 28.970  1.99
97.339858 10.933700 27.217305 
97.269744 10.938281 27.197426 
95.677470 11.492001 27.138723 
95.715486 11.834716 27.450978 
96.408503 12.626546 28.378545 
97.264057 11.476433 27.665482 
FEnd
FBeg
  603    N MET A  81  1836    O GLY B   5 hbd
95.818 13.834 26.426 95.963 10.727 28.970  0.84
95.715486 11.834716 27.450978 
95.513178 12.986127 28.868733 
96.388634 12.758495 28.540827 
96.408503 12.626546 28.378545 
FEnd
FBeg
  576  NE2 GLN A  76  1836    O GLY B   5 hbd
97.013 9.683 25.026 95.963 10.727 28.970  0.01
97.508866 10.586804 27.354125 
97.269744 10.938281 27.197426 
97.339858 10.933700 27.217305 
FEnd
FBeg
  575  OE1 GLN A  76  1836    O GLY B   5 hbd
95.624 9.520 26.780 95.963 10.727 28.970  6.14
98.065498 9.494046 27.870226 
98.223168 8.706487 28.279875 
96.549604 9.231815 28.249404 
96.030008 9.422996 28.224467 
94.438161 10.740132 27.744947 
95.677470 11.492001 27.138723 
97.269744 10.938281 27.197426 
97.508866 10.586804 27.354125 
FEnd
FBeg
  575  OE1 GLN A  76  1838   CA ALA B   6 unk
95.624 9.520 26.780 94.177 8.685 29.290  3.59
96.030008 9.422996 28.224467 
94.438161 10.740132 27.744947 
93.419995 10.130263 26.955096 
93.236388 9.889664 26.769208 
94.204877 8.730987 26.942080 
96.074984 9.374411 28.234233 
FEnd
FBeg
  573   CG GLN A  76  1838   CA ALA B   6 ali
94.883 8.590 24.698 94.177 8.685 29.290  1.28
93.236388 9.889664 26.769208 
94.204877 8.730987 26.942080 
93.146449 8.123237 26.791924 
92.817190 9.630320 26.710123 
FEnd
FBeg
  573   CG GLN A  76  1842    N ASP B   7 unk
94.883 8.590 24.698 91.855 8.158 28.927  5.63
93.146449 8.123237 26.791924 
92.817190 9.630320 26.710123 
91.540719 9.133867 25.745446 
91.277406 7.290862 25.368645 
91.953979 6.489893 25.771257 
92.641296 5.967690 26.210037 
FEnd
FBeg
  608   CG MET A  81  1842    N ASP B   7 unk
92.199 12.588 26.192 91.855 8.158 28.927  0.66
92.817190 9.630320 26.710123 
91.540719 9.133867 25.745446 
91.532785 9.254383 25.939652 
92.644791 9.996412 27.281414 
FEnd
FBeg
  609   SD MET A  81  1842    N ASP B   7 hbd
90.942 12.244 27.424 91.855 8.158 28.927  2.94
91.532785 9.254383 25.939652 
91.253551 10.358756 29.111582 
92.200131 10.478519 28.862161 
92.310823 10.460023 28.744639 
92.644791 9.996412 27.281414 
FEnd
FBeg
  609   SD MET A  81  1838   CA ALA B   6 unk
90.942 12.244 27.424 94.177 8.685 29.290  0.95
92.310823 10.460023 28.744639 
92.644791 9.996412 27.281414 
92.952501 10.516916 27.740703 
93.019597 11.053120 28.647078 
92.326208 10.518229 28.828983 
FEnd
FBeg
  609   SD MET A  81  1839    C ALA B   6 unk
90.942 12.244 27.424 92.825 8.270 29.823  0.01
92.200131 10.478519 28.862161 
92.310823 10.460023 28.744639 
92.326208 10.518229 28.828983 
FEnd
FBeg
  609   SD MET A  81  1846   CB ASP B   7 unk
90.942 12.244 27.424 89.482 8.569 28.575  9.29
91.532785 9.254383 25.939652 
91.253551 10.358756 29.111582 
90.189817 10.869503 29.393028 
89.438200 11.222453 29.566554 
88.485450 11.238960 28.410732 
88.319050 11.018118 27.494540 
90.111853 9.892376 26.174286 
91.299644 9.274241 25.707325 
FEnd
FBeg
  556   CB GLU A  74  1846   CB ASP B   7 ali
89.146 11.384 23.994 89.482 8.569 28.575  10.80
90.111853 9.892376 26.174286 
91.299644 9.274241 25.707325 
91.437387 9.118321 25.601411 
90.754299 7.473699 24.640901 
90.568847 7.379251 24.596466 
88.002159 7.217371 24.685249 
87.172514 8.268086 25.391759 
87.884149 10.051306 26.435342 
FEnd
FBeg
  556   CB GLU A  74  1848  OD1 ASP B   7 unk
89.146 11.384 23.994 87.270 9.323 28.795  4.10
87.172514 8.268086 25.391759 
87.884149 10.051306 26.435342 
87.071309 10.404803 26.269475 
85.755506 10.155132 25.648142 
85.187743 9.703301 25.232323 
85.682186 8.920317 25.089404 
FEnd
FBeg
  558   CD GLU A  74  1848  OD1 ASP B   7 unk
88.108 13.231 25.450 87.270 9.323 28.795  3.27
87.071309 10.404803 26.269475 
85.755506 10.155132 25.648142 
85.341420 10.658067 26.131988 
87.275271 11.661181 27.788411 
88.020368 11.568089 27.866315 
88.090094 11.392166 27.678250 
FEnd
FBeg
  558   CD GLU A  74  1881    O GLY B  12 unk
88.108 13.231 25.450 87.456 12.067 30.295  0.25
87.275271 11.661181 27.788411 
88.020368 11.568089 27.866315 
88.068794 11.860831 27.943163 
87.130677 11.955550 27.839675 
FEnd
FBeg
  559  OE1 GLU A  74  1881    O GLY B  12 unk
88.051 13.853 26.536 87.456 12.067 30.295  7.54
88.068794 11.860831 27.943163 
87.130677 11.955550 27.839675 
85.189846 15.709844 29.316231 
86.391397 16.493390 29.878704 
87.011439 16.463124 29.962468 
88.130714 12.018960 28.028095 
FEnd
FBeg
  610   CE MET A  81  1881    O GLY B  12 unk
90.330 13.899 27.749 87.456 12.067 30.295  6.22
87.011439 16.463124 29.962468 
87.169307 16.814275 30.393348 
89.414596 12.202145 29.609192 
89.416316 12.185802 29.599374 
88.130714 12.018960 28.028095 
FEnd
FBeg
  610   CE MET A  81  1899   CD PRO B  14 ali
90.330 13.899 27.749 90.022 13.011 32.090  7.95
87.169307 16.814275 30.393348 
89.414596 12.202145 29.609192 
90.100859 13.329084 29.888411 
89.389303 16.788519 30.545591 
88.583069 17.731584 30.681302 
87.980602 17.415590 30.573916 
FEnd
FBeg
  610   CE MET A  81  1898   CG PRO B  14 ali
90.330 13.899 27.749 91.442 13.384 31.664  3.83
90.100859 13.329084 29.888411 
92.013123 14.292511 29.471994 
89.389303 16.788519 30.545591 
FEnd
FBeg
  559  OE1 GLU A  74  1879   CA GLY B  12 unk
88.051 13.853 26.536 85.304 11.054 30.042  8.42
87.130677 11.955550 27.839675 
85.189846 15.709844 29.316231 
83.890808 15.355959 28.015894 
83.402540 14.847099 27.227083 
83.435930 14.680318 27.120095 
84.711752 13.245255 26.974044 
FEnd
FBeg
  558   CD GLU A  74  1879   CA GLY B  12 ali
88.108 13.231 25.450 85.304 11.054 30.042  3.89
85.341420 10.658067 26.131988 
87.275271 11.661181 27.788411 
87.130677 11.955550 27.839675 
84.711752 13.245255 26.974044 
FEnd
FBeg
  557   CG GLU A  74  1848  OD1 ASP B   7 unk
89.352 12.394 25.137 87.270 9.323 28.795  1.10
87.884149 10.051306 26.435342 
87.071309 10.404803 26.269475 
88.090094 11.392166 27.678250 
88.319050 11.018118 27.494540 
FEnd
FBeg
  557   CG GLU A  74  1846   CB ASP B   7 ali
89.352 12.394 25.137 89.482 8.569 28.575  1.66
88.319050 11.018118 27.494540 
90.111853 9.892376 26.174286 
87.884149 10.051306 26.435342 
FEnd
FBeg
  609   SD MET A  81  1848  OD1 ASP B   7 hbd
90.942 12.244 27.424 87.270 9.323 28.795  0.31
88.485450 11.238960 28.410732 
88.020368 11.568089 27.866315 
88.090094 11.392166 27.678250 
88.319050 11.018118 27.494540 
FEnd
FBeg
  609   SD MET A  81  1881    O GLY B  12 hbd
90.942 12.244 27.424 87.456 12.067 30.295  1.77
89.438200 11.222453 29.566554 
89.451978 11.305321 29.588393 
89.416316 12.185802 29.599374 
88.130714 12.018960 28.028095 
88.068794 11.860831 27.943163 
88.020368 11.568089 27.866315 
88.485450 11.238960 28.410732 
FEnd
FBeg
  609   SD MET A  81  1894   CA PRO B  14 unk
90.942 12.244 27.424 91.361 11.063 31.641  0.04
90.189817 10.869503 29.393028 
89.451978 11.305321 29.588393 
89.438200 11.222453 29.566554 
FEnd
FBeg
  573   CG GLN A  76  1841   CB ALA B   6 ali
94.883 8.590 24.698 94.945 7.473 28.782  18.97
94.204877 8.730987 26.942080 
93.146449 8.123237 26.791924 
92.641296 5.967690 26.210037 
92.916210 4.839900 25.897406 
93.085233 4.629646 25.837334 
99.278495 2.887464 25.266815 
99.063785 3.525765 25.444654 
98.625436 4.313365 25.666722 
94.331632 8.671019 26.923754 
FEnd
FBeg
  574   CD GLN A  76  1841   CB ALA B   6 ali
95.875 9.309 25.594 94.945 7.473 28.782  9.18
98.625436 4.313365 25.666722 
94.331632 8.671019 26.923754 
98.164310 8.263848 27.807325 
98.540580 6.073176 26.655461 
FEnd
FBeg
  608   CG MET A  81  1838   CA ALA B   6 ali
92.199 12.588 26.192 94.177 8.685 29.290  0.63
93.419995 10.130263 26.955096 
93.236388 9.889664 26.769208 
92.817190 9.630320 26.710123 
92.644791 9.996412 27.281414 
92.952501 10.516916 27.740703 
FEnd
FBeg
  575  OE1 GLN A  76  1835    C GLY B   5 unk
95.624 9.520 26.780 95.755 10.310 30.107  0.01
96.549604 9.231815 28.249404 
96.030008 9.422996 28.224467 
96.074984 9.374411 28.234233 
FEnd
FBeg
  575  OE1 GLN A  76  1841   CB ALA B   6 unk
95.624 9.520 26.780 94.945 7.473 28.782  3.39
98.223168 8.706487 28.279875 
96.549604 9.231815 28.249404 
96.074984 9.374411 28.234233 
94.204877 8.730987 26.942080 
94.331632 8.671019 26.923754 
98.164310 8.263848 27.807325 
98.245607 8.659672 28.239618 
FEnd
FBeg
  589   CA SER A  79  1836    O GLY B   5 unk
100.791 11.098 27.825 95.963 10.727 28.970  0.41
98.253511 9.627763 28.706328 
98.243632 8.695309 28.362539 
98.223168 8.706487 28.279875 
98.065498 9.494046 27.870226 
FEnd
FBeg
  589   CA SER A  79  1835    C GLY B   5 ali
100.791 11.098 27.825 95.755 10.310 30.107  0.46
98.253511 9.627763 28.706328 
98.243632 8.695309 28.362539 
98.257541 8.679544 28.387791 
98.566163 9.643815 29.401843 
98.502942 9.852004 29.334214 
FEnd
FBeg
  589   CA SER A  79  1834   CA GLY B   5 ali
100.791 11.098 27.825 96.473 10.912 31.289  0.12
98.566163 9.643815 29.401843 
99.048232 10.018648 30.022886 
98.575077 9.925393 29.428074 
98.502942 9.852004 29.334214 
FEnd
FBeg
  590    C SER A  79  1834   CA GLY B   5 ali
99.639 12.105 27.923 96.473 10.912 31.289  0.02
98.575077 9.925393 29.428074 
98.502942 9.852004 29.334214 
98.371194 10.088131 29.293983 
FEnd
FBeg
  589   CA SER A  79  1923  CD2 LEU B  17 ali
100.791 11.098 27.825 98.300 7.714 31.801  12.29
98.257541 8.679544 28.387791 
98.372116 8.465664 28.277538 
101.100656 6.162653 28.026885 
103.376381 4.881128 28.361933 
99.881774 9.974719 30.507719 
99.491242 10.216331 30.468685 
99.048232 10.018648 30.022886 
98.566163 9.643815 29.401843 
FEnd
FBeg
  591    O SER A  79  1923  CD2 LEU B  17 unk
99.072 12.287 29.006 98.300 7.714 31.801  0.05
99.491242 10.216331 30.468685 
99.048232 10.018648 30.022886 
99.350973 10.271124 30.519591 
FEnd
FBeg
  589   CA SER A  79  1935  CZ2 TRP B  18 ali
100.791 11.098 27.825 100.051 10.789 33.316  0.08
99.881774 9.974719 30.507719 
99.710727 10.489030 30.513610 
99.491242 10.216331 30.468685 
FEnd
FBeg
  592   CB SER A  79  1935  CZ2 TRP B  18 ali
101.919 11.462 28.798 100.051 10.789 33.316  7.48
99.881774 9.974719 30.507719 
99.710727 10.489030 30.513610 
100.367391 12.607119 31.100622 
102.027735 13.474875 31.916364 
102.756801 13.703129 32.251803 
103.439370 13.134952 32.449380 
100.373631 9.620447 30.658309 
FEnd
FBeg
  592   CB SER A  79  1937  CH2 TRP B  18 ali
101.919 11.462 28.798 101.024 9.848 33.497  48.52
103.439370 13.134952 32.449380 
100.373631 9.620447 30.658309 
103.781802 5.797639 29.994401 
110.818452 5.736510 31.313648 
105.988564 12.613611 32.755846 
FEnd
FBeg
  592   CB SER A  79  1831  CG1 VAL B   4 ali
101.919 11.462 28.798 99.455 16.011 31.058  6.68
102.027735 13.474875 31.916364 
102.756801 13.703129 32.251803 
104.042585 14.459251 32.131702 
101.950278 14.753323 29.258615 
100.993130 14.256290 29.215514 
100.601062 13.728910 29.849582 
100.566536 13.506269 30.260078 
FEnd
FBeg
  591    O SER A  79  1831  CG1 VAL B   4 unk
99.072 12.287 29.006 99.455 16.011 31.058  0.59
100.601062 13.728910 29.849582 
100.566536 13.506269 30.260078 
99.549892 13.923739 29.692201 
99.342348 14.271751 29.099362 
FEnd
FBeg
  590    C SER A  79  1831  CG1 VAL B   4 ali
99.639 12.105 27.923 99.455 16.011 31.058  0.70
100.993130 14.256290 29.215514 
100.601062 13.728910 29.849582 
99.342348 14.271751 29.099362 
99.340883 14.274072 29.096384 
FEnd
FBeg
  590    C SER A  79  1827   CA VAL B   4 ali
99.639 12.105 27.923 97.448 14.533 30.893  0.00
99.342348 14.271751 29.099362 
99.340883 14.274072 29.096384 
99.337230 14.273603 29.094073 
99.330841 14.267956 29.093976 
FEnd
FBeg
  599   CG GLU A  80  1827   CA VAL B   4 ali
99.745 15.804 27.005 97.448 14.533 30.893  0.60
99.340883 14.274072 29.096384 
99.337230 14.273603 29.094073 
98.002349 15.319876 28.647466 
98.009713 15.609035 28.746343 
98.135529 15.929911 28.925570 
FEnd
FBeg
  599   CG GLU A  80  1823    C ALA B   3 ali
99.745 15.804 27.005 95.871 15.873 29.601  0.84
98.009713 15.609035 28.746343 
98.135529 15.929911 28.925570 
98.117407 16.981077 28.870587 
97.524008 16.843433 27.988719 
FEnd
FBeg
  599   CG GLU A  80  1819    O ALA B   2 unk
99.745 15.804 27.005 96.742 18.621 28.586  1.33
98.117407 16.981077 28.870587 
98.931480 17.840854 28.884923 
97.746272 17.387540 27.441413 
97.507559 16.846473 27.952056 
97.524008 16.843433 27.988719 
FEnd
FBeg
  599   CG GLU A  80  1818    C ALA B   2 ali
99.745 15.804 27.005 95.665 18.545 28.002  0.24
97.746272 17.387540 27.441413 
97.641689 17.325069 27.185177 
97.574196 17.243749 27.132546 
97.418745 16.793444 27.734397 
97.507559 16.846473 27.952056 
FEnd
FBeg
  598   CB GLU A  80  1818    C ALA B   2 ali
98.683 15.080 26.189 95.665 18.545 28.002  0.85
97.574196 17.243749 27.132546 
97.418745 16.793444 27.734397 
96.195336 16.365034 26.516632 
96.147126 16.435136 26.302400 
FEnd
FBeg
  598   CB GLU A  80  1820   CB ALA B   2 ali
98.683 15.080 26.189 96.566 19.234 25.782  3.25
96.147126 16.435136 26.302400 
97.574196 17.243749 27.132546 
97.705273 17.289829 26.921069 
97.903979 17.330008 26.297582 
98.200204 17.319966 24.654291 
96.169497 16.380360 25.626966 
96.130662 16.377618 25.800980 
FEnd
FBeg
  603    N MET A  81  1820   CB ALA B   2 unk
95.818 13.834 26.426 96.566 19.234 25.782  0.07
96.130662 16.377618 25.800980 
96.147126 16.435136 26.302400 
95.888359 16.459352 26.204894 
FEnd
FBeg
  605    C MET A  81  1820   CB ALA B   2 ali
93.982 14.771 25.135 96.566 19.234 25.782  0.37
96.169497 16.380360 25.626966 
96.130662 16.377618 25.800980 
95.888359 16.459352 26.204894 
95.868787 16.471298 26.200658 
95.318463 16.922538 25.285898 
FEnd
FBeg
  606    O MET A  81  1820   CB ALA B   2 unk
93.680 15.767 25.808 96.566 19.234 25.782  0.55
95.868787 16.471298 26.200658 
95.536605 16.747445 26.151545 
94.547787 17.560876 24.860753 
94.550040 17.558998 24.860419 
95.318463 16.922538 25.285898 
FEnd
FBeg
  612   CA LEU A  82  1820   CB ALA B   2 ali
93.329 15.835 23.056 96.566 19.234 25.782  0.11
94.547787 17.560876 24.860753 
93.835416 19.109714 23.775443 
93.920227 19.078896 23.713160 
94.550040 17.558998 24.860419 
FEnd
FBeg
  612   CA LEU A  82  1817   CA ALA B   2 ali
93.329 15.835 23.056 95.418 19.392 26.761  2.04
94.547787 17.560876 24.860753 
93.835416 19.109714 23.775443 
93.195604 19.262349 23.989652 
92.963369 18.754420 24.608233 
93.000237 18.246502 25.075074 
FEnd
FBeg
 1533   CB THR A 199  1817   CA ALA B   2 ali
94.078 21.425 21.310 95.418 19.392 26.761  0.80
93.835416 19.109714 23.775443 
93.195604 19.262349 23.989652 
92.812048 19.591700 24.206775 
92.810030 19.596557 24.209083 
92.893589 19.724543 24.236275 
94.197178 20.070028 24.044670 
FEnd
FBeg
  606    O MET A  81  1817   CA ALA B   2 unk
93.680 15.767 25.808 95.418 19.392 26.761  3.60
95.536605 16.747445 26.151545 
94.547787 17.560876 24.860753 
93.000237 18.246502 25.075074 
92.739780 18.021025 26.407739 
95.084610 16.911131 26.353225 
FEnd
FBeg
  606    O MET A  81  1818    C ALA B   2 unk
93.680 15.767 25.808 95.665 18.545 28.002  0.26
95.868787 16.471298 26.200658 
95.536605 16.747445 26.151545 
95.084610 16.911131 26.353225 
95.650956 16.325275 26.582630 
95.865419 16.449970 26.230710 
FEnd
FBeg
  605    C MET A  81  1818    C ALA B   2 ali
93.982 14.771 25.135 95.665 18.545 28.002  0.00
95.888359 16.459352 26.204894 
95.868787 16.471298 26.200658 
95.865419 16.449970 26.230710 
FEnd
FBeg
  600   CD GLU A  80  1820   CB ALA B   2 ali
100.124 17.168 26.436 96.566 19.234 25.782  1.95
97.903979 17.330008 26.297582 
98.200204 17.319966 24.654291 
99.648878 19.270891 22.935986 
99.657261 19.291041 22.954030 
FEnd
FBeg
  599   CG GLU A  80  1820   CB ALA B   2 ali
99.745 15.804 27.005 96.566 19.234 25.782  0.01
97.641689 17.325069 27.185177 
97.705273 17.289829 26.921069 
97.574196 17.243749 27.132546 
FEnd
FBeg
  601  OE1 GLU A  80  1818    C ALA B   2 unk
99.348 18.138 26.598 95.665 18.545 28.002  0.05
97.746272 17.387540 27.441413 
97.641689 17.325069 27.185177 
97.759616 17.760703 27.368242 
FEnd
FBeg
  601  OE1 GLU A  80  1819    O ALA B   2 unk
99.348 18.138 26.598 96.742 18.621 28.586  11.35
98.931480 17.840854 28.884923 
97.746272 17.387540 27.441413 
97.759616 17.760703 27.368242 
98.984012 21.404472 28.087977 
99.281366 21.786402 28.384975 
100.931332 22.613324 30.346952 
100.577654 20.893385 30.301200 
FEnd
FBeg
  601  OE1 GLU A  80  1831  CG1 VAL B   4 unk
99.348 18.138 26.598 99.455 16.011 31.058  4.30
100.577654 20.893385 30.301200 
98.931480 17.840854 28.884923 
99.130218 17.876818 28.897307 
102.852225 20.648572 30.129877 
FEnd
FBeg
  600   CD GLU A  80  1831  CG1 VAL B   4 ali
100.124 17.168 26.436 99.455 16.011 31.058  9.85
99.130218 17.876818 28.897307 
102.852225 20.648572 30.129877 
103.666163 20.367813 30.177408 
103.476859 16.821292 29.262226 
FEnd
FBeg
  599   CG GLU A  80  1831  CG1 VAL B   4 ali
99.745 15.804 27.005 99.455 16.011 31.058  13.79
101.950278 14.753323 29.258615 
100.993130 14.256290 29.215514 
99.340883 14.274072 29.096384 
98.135529 15.929911 28.925570 
98.117407 16.981077 28.870587 
98.931480 17.840854 28.884923 
99.130218 17.876818 28.897307 
103.476859 16.821292 29.262226 
103.856867 16.478697 29.306914 
FEnd
FBeg
  592   CB SER A  79  1830   CB VAL B   4 ali
101.919 11.462 28.798 98.630 14.965 31.766  1.26
100.367391 12.607119 31.100622 
102.027735 13.474875 31.916364 
100.566536 13.506269 30.260078 
FEnd
FBeg
  592   CB SER A  79  1923  CD2 LEU B  17 ali
101.919 11.462 28.798 98.300 7.714 31.801  6.89
103.376381 4.881128 28.361933 
99.881774 9.974719 30.507719 
100.373631 9.620447 30.658309 
103.781802 5.797639 29.994401 
104.093061 4.170519 28.338723 
FEnd
FBeg
  590    C SER A  79  1835    C GLY B   5 ali
99.639 12.105 27.923 95.755 10.310 30.107  0.36
97.981136 10.582567 29.006679 
98.253511 9.627763 28.706328 
98.502942 9.852004 29.334214 
98.371194 10.088131 29.293983 
FEnd
FBeg
  591    O SER A  79  1835    C GLY B   5 unk
99.072 12.287 29.006 95.755 10.310 30.107  0.14
97.855760 10.897673 29.194776 
97.780477 10.979954 29.115715 
97.981136 10.582567 29.006679 
98.371194 10.088131 29.293983 
FEnd
FBeg
  591    O SER A  79  1834   CA GLY B   5 unk
99.072 12.287 29.006 96.473 10.912 31.289  1.63
99.238883 10.872053 30.753912 
97.855760 10.897673 29.194776 
98.371194 10.088131 29.293983 
98.575077 9.925393 29.428074 
99.048232 10.018648 30.022886 
99.350973 10.271124 30.519591 
FEnd
FBeg
  591    O SER A  79  1935  CZ2 TRP B  18 unk
99.072 12.287 29.006 100.051 10.789 33.316  1.46
99.542561 12.364718 31.203730 
99.238883 10.872053 30.753912 
99.350973 10.271124 30.519591 
99.491242 10.216331 30.468685 
99.710727 10.489030 30.513610 
100.367391 12.607119 31.100622 
FEnd
FBeg
  591    O SER A  79  1830   CB VAL B   4 unk
99.072 12.287 29.006 98.630 14.965 31.766  2.01
99.169278 12.711639 30.807336 
99.542561 12.364718 31.203730 
100.367391 12.607119 31.100622 
100.566536 13.506269 30.260078 
99.549892 13.923739 29.692201 
FEnd
FBeg
  591    O SER A  79  1827   CA VAL B   4 unk
99.072 12.287 29.006 97.448 14.533 30.893  2.66
97.542347 13.057089 28.995986 
99.169278 12.711639 30.807336 
99.549892 13.923739 29.692201 
99.342348 14.271751 29.099362 
99.330841 14.267956 29.093976 
FEnd
FBeg
  595   CA GLU A  80  1836    O GLY B   5 unk
98.205 13.747 26.789 95.963 10.727 28.970  0.64
96.388634 12.758495 28.540827 
96.408503 12.626546 28.378545 
97.264057 11.476433 27.665482 
97.278427 11.997004 28.401081 
97.195546 12.158972 28.540157 
FEnd
FBeg
  595   CA GLU A  80  1827   CA VAL B   4 ali
98.205 13.747 26.789 97.448 14.533 30.893  3.21
98.002349 15.319876 28.647466 
96.395128 13.268319 28.743922 
97.542347 13.057089 28.995986 
99.330841 14.267956 29.093976 
99.337230 14.273603 29.094073 
FEnd
FBeg
  599   CG GLU A  80  1824    O ALA B   3 unk
99.745 15.804 27.005 96.241 15.368 28.541  0.59
97.853835 15.462391 28.349122 
97.418745 16.793444 27.734397 
97.507559 16.846473 27.952056 
97.524008 16.843433 27.988719 
98.009713 15.609035 28.746343 
98.002349 15.319876 28.647466 
FEnd
FBeg
  598   CB GLU A  80  1824    O ALA B   3 unk
98.683 15.080 26.189 96.241 15.368 28.541  2.21
96.195336 16.365034 26.516632 
97.418745 16.793444 27.734397 
97.853835 15.462391 28.349122 
96.693031 15.342752 27.158549 
FEnd
FBeg
  603    N MET A  81  1818    C ALA B   2 unk
95.818 13.834 26.426 95.665 18.545 28.002  0.15
95.702872 16.300410 26.661996 
96.195336 16.365034 26.516632 
96.147126 16.435136 26.302400 
95.888359 16.459352 26.204894 
95.865419 16.449970 26.230710 
95.650956 16.325275 26.582630 
FEnd
FBeg
  603    N MET A  81  1821    N ALA B   3 hbd
95.818 13.834 26.426 94.676 17.744 28.398  0.03
95.316784 16.061196 26.912714 
95.702872 16.300410 26.661996 
95.650956 16.325275 26.582630 
FEnd
FBeg
  606    O MET A  81  1824    O ALA B   3 unk
93.680 15.767 25.808 96.241 15.368 28.541  0.06
94.605117 15.459162 27.491700 
94.806722 15.751276 27.345430 
95.316784 16.061196 26.912714 
FEnd
FBeg
  603    N MET A  81  1833    N GLY B   5 hbd
95.818 13.834 26.426 97.027 12.157 30.818  0.35
95.513178 12.986127 28.868733 
95.450382 13.194151 28.965449 
96.377382 13.257178 28.734337 
96.388634 12.758495 28.540827 
FEnd
FBeg
  607   CB MET A  81  1836    O GLY B   5 unk
93.540 12.972 26.801 95.963 10.727 28.970  3.61
94.996850 12.831602 29.285586 
94.124044 11.133695 28.503201 
94.438161 10.740132 27.744947 
95.677470 11.492001 27.138723 
95.715486 11.834716 27.450978 
95.513178 12.986127 28.868733 
FEnd
FBeg
  607   CB MET A  81  1835    C GLY B   5 ali
93.540 12.972 26.801 95.755 10.310 30.107  1.28
93.664355 11.341226 28.978294 
94.124044 11.133695 28.503201 
94.996850 12.831602 29.285586 
94.581238 12.968273 29.674091 
FEnd
FBeg
  607   CB MET A  81  1838   CA ALA B   6 ali
93.540 12.972 26.801 94.177 8.685 29.290  2.20
93.019597 11.053120 28.647078 
92.952501 10.516916 27.740703 
93.419995 10.130263 26.955096 
94.438161 10.740132 27.744947 
94.124044 11.133695 28.503201 
93.664355 11.341226 28.978294 
FEnd
FBeg
  609   SD MET A  81  1897   CB PRO B  14 unk
90.942 12.244 27.424 91.826 12.238 30.776  7.51
92.391589 13.439668 28.816970 
93.019597 11.053120 28.647078 
92.326208 10.518229 28.828983 
92.200131 10.478519 28.862161 
91.253551 10.358756 29.111582 
90.189817 10.869503 29.393028 
89.451978 11.305321 29.588393 
89.416316 12.185802 29.599374 
FEnd
FBeg
  610   CE MET A  81  1897   CB PRO B  14 ali
90.330 13.899 27.749 91.826 12.238 30.776  3.06
92.593776 13.953592 28.999050 
92.391589 13.439668 28.816970 
89.416316 12.185802 29.599374 
89.414596 12.202145 29.609192 
90.100859 13.329084 29.888411 
92.013123 14.292511 29.471994 
FEnd
FBeg
  607   CB MET A  81  1823    C ALA B   3 ali
93.540 12.972 26.801 95.871 15.873 29.601  1.77
94.440678 15.143924 27.800321 
94.384011 13.388170 29.666583 
94.522101 13.245219 29.699730 
94.931649 13.190883 29.415078 
95.425219 13.205049 28.989503 
94.522061 15.111813 27.765839 
94.468660 15.173821 27.746051 
FEnd
FBeg
  607   CB MET A  81  1822   CA ALA B   3 ali
93.540 12.972 26.801 94.770 16.918 29.609  0.00
94.363565 15.251254 27.683271 
94.440678 15.143924 27.800321 
94.468660 15.173821 27.746051 
FEnd
FBeg
  604   CA MET A  81  1825   CB ALA B   3 ali
94.547 13.515 25.785 93.427 16.241 29.873  0.00
94.309760 15.331400 27.615087 
94.363565 15.251254 27.683271 
94.260847 15.312577 27.614238 
FEnd
FBeg
  606    O MET A  81  1822   CA ALA B   3 unk
93.680 15.767 25.808 94.770 16.918 29.609  0.27
93.993613 15.923941 27.526317 
94.309760 15.331400 27.615087 
94.581164 15.437009 27.505277 
94.605117 15.459162 27.491700 
94.806722 15.751276 27.345430 
FEnd
FBeg
  606    O MET A  81  1821    N ALA B   3 hbd
93.680 15.767 25.808 94.676 17.744 28.398  5.03
92.139579 17.204833 27.261566 
93.993613 15.923941 27.526317 
94.806722 15.751276 27.345430 
95.316784 16.061196 26.912714 
95.650956 16.325275 26.582630 
95.084610 16.911131 26.353225 
92.739780 18.021025 26.407739 
FEnd
FBeg
  610   CE MET A  81  1825   CB ALA B   3 ali
90.330 13.899 27.749 93.427 16.241 29.873  11.35
89.771259 17.618963 29.072983 
91.748873 16.605274 27.307161 
92.557589 15.358335 27.502894 
92.593776 13.953592 28.999050 
92.013123 14.292511 29.471994 
89.389303 16.788519 30.545591 
88.583069 17.731584 30.681302 
88.625614 17.794506 30.549886 
FEnd
FBeg
  625  OD1 ASP A  83  1821    N ALA B   3 hbd
90.389 17.890 25.524 94.676 17.744 28.398  1.39
92.546865 18.413531 26.715440 
91.614525 18.472982 28.109184 
92.139579 17.204833 27.261566 
92.739780 18.021025 26.407739 
FEnd
FBeg
  625  OD1 ASP A  83  1817   CA ALA B   2 unk
90.389 17.890 25.524 95.418 19.392 26.761  1.69
92.810030 19.596557 24.209083 
92.546865 18.413531 26.715440 
92.739780 18.021025 26.407739 
93.000237 18.246502 25.075074 
92.963369 18.754420 24.608233 
92.812048 19.591700 24.206775 
FEnd
FBeg
 1580   CB LEU A 207  1812    O THR B   1 unk
90.395 23.880 23.070 93.073 20.831 27.194  1.10
92.097848 21.809959 24.838283 
91.638597 20.826579 24.409464 
90.441756 21.672937 25.812394 
FEnd
FBeg
 1580   CB LEU A 207  1813   CB THR B   1 ali
90.395 23.880 23.070 92.948 23.593 27.370  7.57
90.441756 21.672937 25.812394 
92.097848 21.809959 24.838283 
92.106057 21.833900 24.835007 
91.206539 24.603908 25.553951 
90.737409 25.002397 25.859080 
89.181050 23.925121 26.711221 
89.149962 23.760460 26.718689 
89.131275 22.717393 26.660165 
FEnd
FBeg
 1580   CB LEU A 207  1815  CG2 THR B   1 ali
90.395 23.880 23.070 92.589 24.803 28.244  0.90
90.737409 25.002397 25.859080 
90.551201 25.179379 25.906469 
89.256932 24.816087 26.520103 
89.194279 24.563753 26.591685 
89.181050 23.925121 26.711221 
FEnd
FBeg
   90   CG PRO A  14  1815  CG2 THR B   1 ali
86.413 26.381 28.401 92.589 24.803 28.244  6.97
89.256932 24.816087 26.520103 
89.194279 24.563753 26.591685 
89.334394 24.512477 32.618862 
89.376917 24.640446 33.005408 
89.582652 25.452145 32.940163 
89.505274 25.755878 26.843487 
FEnd
FBeg
   17   CB ALA A   3  1815  CG2 THR B   1 ali
90.370 28.754 28.469 92.589 24.803 28.244  24.17
89.582652 25.452145 32.940163 
90.743482 26.107312 32.883785 
94.034934 28.192857 28.722657 
94.426711 28.458788 27.916690 
91.609625 26.976378 26.165097 
89.505274 25.755878 26.843487 
FEnd
FBeg
 1573   CA GLY A 206  1815  CG2 THR B   1 ali
94.049 26.860 24.155 92.589 24.803 28.244  8.77
94.426711 28.458788 27.916690 
94.624169 28.441572 27.978533 
94.811775 28.329620 27.989200 
95.426074 27.911319 27.998110 
95.755576 27.483394 27.900490 
94.631632 25.642163 26.572935 
94.247442 25.631233 26.430259 
92.302909 25.826175 25.834020 
91.608738 26.757099 26.054471 
91.609625 26.976378 26.165097 
FEnd
FBeg
 1573   CA GLY A 206  1814  OG1 THR B   1 unk
94.049 26.860 24.155 93.191 24.021 26.025  5.16
94.247442 25.631233 26.430259 
92.302909 25.826175 25.834020 
93.869827 24.290007 24.220777 
95.540363 24.060553 24.638905 
94.636471 25.541055 26.471849 
FEnd
FBeg
 1576    N LEU A 207  1814  OG1 THR B   1 hbd
92.110 25.569 23.501 93.191 24.021 26.025  4.01
92.302909 25.826175 25.834020 
93.869827 24.290007 24.220777 
92.608540 23.505463 24.279801 
91.206539 24.603908 25.553951 
91.526172 25.263497 25.821591 
FEnd
FBeg
 1573   CA GLY A 206  1813   CB THR B   1 ali
94.049 26.860 24.155 92.948 23.593 27.370  0.03
94.631632 25.642163 26.572935 
94.247442 25.631233 26.430259 
94.636471 25.541055 26.471849 
FEnd
FBeg
 1584    N GLY A 208  1815  CG2 THR B   1 unk
89.857 27.050 23.812 92.589 24.803 28.244  2.46
90.551201 25.179379 25.906469 
89.256932 24.816087 26.520103 
89.505274 25.755878 26.843487 
91.609625 26.976378 26.165097 
91.608738 26.757099 26.054471 
FEnd
FBeg
 1576    N LEU A 207  1815  CG2 THR B   1 unk
92.110 25.569 23.501 92.589 24.803 28.244  1.40
90.737409 25.002397 25.859080 
90.551201 25.179379 25.906469 
91.608738 26.757099 26.054471 
92.302909 25.826175 25.834020 
91.526172 25.263497 25.821591 
FEnd
FBeg
 1576    N LEU A 207  1813   CB THR B   1 unk
92.110 25.569 23.501 92.948 23.593 27.370  0.25
91.206539 24.603908 25.553951 
90.737409 25.002397 25.859080 
91.526172 25.263497 25.821591 
FEnd
FBeg
 1580   CB LEU A 207  1814  OG1 THR B   1 unk
90.395 23.880 23.070 93.191 24.021 26.025  1.99
92.106057 21.833900 24.835007 
92.608540 23.505463 24.279801 
91.206539 24.603908 25.553951 
FEnd
FBeg
 1535  CG2 THR A 199  1813   CB THR B   1 ali
93.922 22.566 22.306 92.948 23.593 27.370  0.01
92.768561 21.848737 24.959422 
92.106057 21.833900 24.835007 
92.097848 21.809959 24.838283 
92.736907 21.831325 24.956865 
FEnd
FBeg
 1535  CG2 THR A 199  1814  OG1 THR B   1 unk
93.922 22.566 22.306 93.191 24.021 26.025  5.53
95.540363 24.060553 24.638905 
93.869827 24.290007 24.220777 
92.608540 23.505463 24.279801 
92.106057 21.833900 24.835007 
92.768561 21.848737 24.959422 
94.961935 22.704904 25.055586 
FEnd
FBeg
 1573   CA GLY A 206  1809    N THR B   1 unk
94.049 26.860 24.155 95.496 23.513 27.572  8.99
96.153397 24.126424 24.443824 
95.540363 24.060553 24.638905 
94.636471 25.541055 26.471849 
94.631632 25.642163 26.572935 
95.755576 27.483394 27.900490 
97.057038 27.265749 27.136172 
97.294789 25.850445 25.649181 
96.692221 24.617607 24.696769 
FEnd
FBeg
 1535  CG2 THR A 199  1816    N ALA B   2 unk
93.922 22.566 22.306 95.331 20.781 27.221  0.73
94.921282 21.319970 24.692045 
96.326825 22.438861 24.695466 
95.359508 22.460639 24.980679 
94.717037 21.291241 24.740164 
FEnd
FBeg
 1535  CG2 THR A 199  1817   CA ALA B   2 ali
93.922 22.566 22.306 95.418 19.392 26.761  1.42
94.197178 20.070028 24.044670 
94.921282 21.319970 24.692045 
94.717037 21.291241 24.740164 
93.464380 20.537993 24.624151 
92.893589 19.724543 24.236275 
FEnd
FBeg
 1533   CB THR A 199  1820   CB ALA B   2 ali
94.078 21.425 21.310 96.566 19.234 25.782  3.11
96.577171 21.107545 23.228878 
96.479242 19.966697 22.724417 
93.920227 19.078896 23.713160 
93.835416 19.109714 23.775443 
94.197178 20.070028 24.044670 
FEnd
FBeg
 1530   CA THR A 199  1820   CB ALA B   2 ali
95.303 21.724 20.396 96.566 19.234 25.782  1.17
97.705251 20.088733 22.493340 
96.479242 19.966697 22.724417 
96.577171 21.107545 23.228878 
96.890711 21.439966 23.309035 
FEnd
FBeg
  618  CD2 LEU A  82  1820   CB ALA B   2 ali
96.239 16.831 22.778 96.566 19.234 25.782  16.86
99.661067 19.299192 22.912020 
99.648878 19.270891 22.935986 
98.200204 17.319966 24.654291 
96.169497 16.380360 25.626966 
95.318463 16.922538 25.285898 
94.550040 17.558998 24.860419 
93.920227 19.078896 23.713160 
96.479242 19.966697 22.724417 
97.705251 20.088733 22.493340 
FEnd
FBeg
  601  OE1 GLU A  80  1820   CB ALA B   2 unk
99.348 18.138 26.598 96.566 19.234 25.782  16.92
99.855806 21.278393 24.946415 
99.640173 22.287756 27.037288 
99.242953 21.861445 27.818941 
98.984012 21.404472 28.087977 
97.759616 17.760703 27.368242 
97.641689 17.325069 27.185177 
97.705273 17.289829 26.921069 
97.903979 17.330008 26.297582 
99.657261 19.291041 22.954030 
99.673933 19.330319 22.949947 
FEnd
FBeg
   59   CA GLY A  10  2411    N MET B  81 unk
78.759 22.724 33.004 80.677 23.087 38.529  2.94
79.246207 22.915272 36.055469 
80.522639 22.175475 35.660962 
80.757798 22.221650 35.576293 
81.541113 22.649141 35.276279 
81.309659 23.627897 35.292322 
78.791874 23.693580 36.162054 
FEnd
FBeg
   59   CA GLY A  10  2416   CG MET B  81 ali
78.759 22.724 33.004 78.042 21.545 38.557  10.85
78.791874 23.693580 36.162054 
78.393764 23.956244 36.166419 
74.514567 23.933129 35.660631 
76.119654 20.632814 35.167164 
78.714714 21.625116 35.712920 
79.246207 22.915272 36.055469 
FEnd
FBeg
   61    O GLY A  10  2416   CG MET B  81 unk
79.444 20.541 33.716 78.042 21.545 38.557  3.14
76.119654 20.632814 35.167164 
78.714714 21.625116 35.712920 
77.697797 19.018568 35.958996 
76.086854 20.563321 35.172077 
FEnd
FBeg
   61    O GLY A  10  2415   CB MET B  81 unk
79.444 20.541 33.716 79.444 20.990 38.472  10.71
78.714714 21.625116 35.712920 
77.697797 19.018568 35.958996 
78.080596 18.035031 36.051849 
78.501106 18.009385 36.054270 
79.264333 18.192024 36.037028 
80.950384 18.956280 35.964877 
81.469404 21.617361 35.713652 
80.522639 22.175475 35.660962 
FEnd
FBeg
   61    O GLY A  10  2414    O MET B  81 unk
79.444 20.541 33.716 82.252 20.436 38.405  4.11
80.950384 18.956280 35.964877 
81.584299 18.608852 35.577478 
82.507001 19.024044 35.034216 
82.235314 21.798759 35.259050 
82.074722 21.993552 35.359582 
81.469404 21.617361 35.713652 
FEnd
FBeg
   59   CA GLY A  10  2399    O SER B  79 unk
78.759 22.724 33.004 78.144 26.571 37.545  11.30
78.393764 23.956244 36.166419 
79.627372 25.866934 34.714811 
79.319008 26.056179 34.512725 
75.616677 25.916282 34.129824 
75.366177 25.804847 34.190303 
74.563544 24.793518 34.938369 
74.514567 23.933129 35.660631 
FEnd
FBeg
   59   CA GLY A  10  2403   CA GLU B  80 ali
78.759 22.724 33.004 80.638 25.485 38.235  4.48
81.309659 23.627897 35.292322 
81.071337 24.368261 34.987153 
80.615783 24.996309 34.819297 
79.627372 25.866934 34.714811 
78.393764 23.956244 36.166419 
78.791874 23.693580 36.162054 
FEnd
FBeg
   61    O GLY A  10  2411    N MET B  81 hbd
79.444 20.541 33.716 80.677 23.087 38.529  0.48
80.522639 22.175475 35.660962 
80.757798 22.221650 35.576293 
82.049404 22.014699 35.354881 
82.074722 21.993552 35.359582 
81.469404 21.617361 35.713652 
FEnd
FBeg
   59   CA GLY A  10  2415   CB MET B  81 ali
78.759 22.724 33.004 79.444 20.990 38.472  1.08
79.246207 22.915272 36.055469 
78.714714 21.625116 35.712920 
80.522639 22.175475 35.660962 
FEnd
FBeg
   40  OD1 ASP A   7  2407   CG GLU B  80 unk
82.221 23.554 32.314 82.647 26.633 37.078  2.87
81.071337 24.368261 34.987153 
80.963945 24.664838 34.805077 
83.117331 25.183257 34.277463 
83.177149 23.399283 35.425106 
81.377394 24.027222 35.180201 
FEnd
FBeg
   40  OD1 ASP A   7  2408   CD GLU B  80 unk
82.221 23.554 32.314 84.152 26.531 36.841  4.91
83.117331 25.183257 34.277463 
83.177149 23.399283 35.425106 
83.648029 22.707821 35.678964 
84.125990 22.843656 35.385763 
85.423920 24.379879 33.821892 
84.079356 25.321461 33.776225 
FEnd
FBeg
   38   CB ASP A   7  2408   CD GLU B  80 ali
81.523 25.689 31.563 84.152 26.531 36.841  0.64
84.079356 25.321461 33.776225 
83.117331 25.183257 34.277463 
83.164259 26.369822 34.064795 
FEnd
FBeg
   38   CB ASP A   7  2409  OE1 GLU B  80 unk
81.523 25.689 31.563 84.674 27.233 35.946  7.75
83.164259 26.369822 34.064795 
84.079356 25.321461 33.776225 
85.634158 25.423899 32.622370 
85.633473 25.435403 32.618810 
84.456430 28.120043 32.519284 
82.276893 28.893766 33.813624 
FEnd
FBeg
   38   CB ASP A   7  2407   CG GLU B  80 ali
81.523 25.689 31.563 82.647 26.633 37.078  12.09
80.963945 24.664838 34.805077 
80.615783 24.996309 34.819297 
79.817270 26.327995 34.754097 
79.760886 28.154626 34.452925 
80.348307 29.083494 34.174210 
82.276893 28.893766 33.813624 
83.164259 26.369822 34.064795 
83.117331 25.183257 34.277463 
FEnd

+-+CCS_record::Boundary loops before union-find
Start boundary loop loop_id 0  init_edge IE_A_B
xyz 99.8558 21.2784 24.9464
xyz 99.6402 22.2878 27.0373
xyz 99.243 21.8614 27.8189
xyz 98.984 21.4045 28.088
xyz 99.2814 21.7864 28.385
xyz 100.931 22.6133 30.347
xyz 100.578 20.8934 30.3012
xyz 102.852 20.6486 30.1299
xyz 103.666 20.3678 30.1774
xyz 103.477 16.8213 29.2622
xyz 103.857 16.4787 29.3069
xyz 101.95 14.7533 29.2586
xyz 104.043 14.4593 32.1317
xyz 102.757 13.7031 32.2518
xyz 103.439 13.135 32.4494
xyz 105.989 12.6136 32.7558
xyz 110.818 5.73651 31.3136
xyz 103.782 5.79764 29.9944
xyz 104.093 4.17052 28.3387
xyz 103.376 4.88113 28.3619
xyz 101.101 6.16265 28.0269
xyz 98.3721 8.46566 28.2775
xyz 98.2575 8.67954 28.3878
xyz 98.2436 8.69531 28.3625
xyz 98.2232 8.70649 28.2799
xyz 98.2456 8.65967 28.2396
xyz 98.1643 8.26385 27.8073
xyz 98.5406 6.07318 26.6555
xyz 98.6254 4.31336 25.6667
xyz 99.0638 3.52576 25.4447
xyz 99.2785 2.88746 25.2668
xyz 93.0852 4.62965 25.8373
xyz 92.9162 4.8399 25.8974
xyz 92.6413 5.96769 26.21
xyz 91.954 6.48989 25.7713
xyz 91.2774 7.29086 25.3686
xyz 91.5407 9.13387 25.7454
xyz 91.5328 9.25438 25.9397
xyz 91.2996 9.27424 25.7073
xyz 91.4374 9.11832 25.6014
xyz 90.7543 7.4737 24.6409
xyz 90.5688 7.37925 24.5965
xyz 88.0022 7.21737 24.6852
xyz 87.1725 8.26809 25.3918
xyz 85.6822 8.92032 25.0894
xyz 85.1877 9.7033 25.2323
xyz 85.7555 10.1551 25.6481
xyz 85.3414 10.6581 26.132
xyz 84.7118 13.2453 26.974
xyz 83.4359 14.6803 27.1201
xyz 83.4025 14.8471 27.2271
xyz 83.8908 15.356 28.0159
xyz 85.1898 15.7098 29.3162
xyz 86.3914 16.4934 29.8787
xyz 87.0114 16.4631 29.9625
xyz 87.1693 16.8143 30.3933
xyz 87.9806 17.4156 30.5739
xyz 88.5831 17.7316 30.6813
xyz 88.6256 17.7945 30.5499
xyz 89.7713 17.619 29.073
xyz 89.4312 18.9383 29.8108
xyz 89.6843 19.2925 29.7683
xyz 89.1124 20.9208 27.8197
xyz 89.5104 21.2467 26.606
xyz 91.6555 20.5837 24.3262
xyz 91.6386 20.8266 24.4095
xyz 90.4418 21.6729 25.8124
xyz 89.1313 22.7174 26.6602
xyz 89.15 23.7605 26.7187
xyz 89.1811 23.9251 26.7112
xyz 89.1943 24.5638 26.5917
xyz 89.3344 24.5125 32.6189
xyz 89.3769 24.6404 33.0054
xyz 89.5827 25.4521 32.9402
xyz 90.7435 26.1073 32.8838
xyz 94.0349 28.1929 28.7227
xyz 94.4267 28.4588 27.9167
xyz 94.6242 28.4416 27.9785
xyz 94.8118 28.3296 27.9892
xyz 95.4261 27.9113 27.9981
xyz 95.7556 27.4834 27.9005
xyz 97.057 27.2657 27.1362
xyz 97.2948 25.8504 25.6492
xyz 96.6922 24.6176 24.6968
xyz 96.1534 24.1264 24.4438
xyz 96.6512 23.8584 24.3432
xyz 96.7374 23.5968 24.3645
xyz 96.8819 22.664 24.4891
xyz 97.3824 22.6629 24.7908
End loop
Boundary info init_edge IE_A_B [total exposed]: 140.839732 140.839732
Start boundary loop loop_id 1  init_edge IE_A_B
xyz 99.6739 19.3303 22.9499
xyz 99.6611 19.2992 22.912
xyz 99.6489 19.2709 22.936
xyz 99.6573 19.291 22.954
End loop
Boundary info init_edge IE_A_B [total exposed]: 0.160944 0.160944
Start boundary loop loop_id 2  init_edge IE_A_B
xyz 92.8936 19.7245 24.2363
xyz 92.81 19.5966 24.2091
xyz 92.6734 19.727 24.1989
End loop
Boundary info init_edge IE_A_B [total exposed]: 0.567849 0.567849
Start boundary loop loop_id 3  init_edge IE_A_B
xyz 92.812 19.5917 24.2068
xyz 93.1956 19.2623 23.9897
xyz 92.9634 18.7544 24.6082
End loop
Boundary info init_edge IE_A_B [total exposed]: 2.324416 2.324416
Start boundary loop loop_id 4  init_edge IE_A_B
xyz 74.5146 23.9331 35.6606
xyz 76.1197 20.6328 35.1672
xyz 76.0869 20.5633 35.1721
xyz 77.6978 19.0186 35.959
xyz 78.0806 18.035 36.0518
xyz 78.5011 18.0094 36.0543
xyz 79.2643 18.192 36.037
xyz 80.9504 18.9563 35.9649
xyz 81.5843 18.6089 35.5775
xyz 82.507 19.024 35.0342
xyz 82.2353 21.7988 35.259
xyz 82.0747 21.9936 35.3596
xyz 82.0494 22.0147 35.3549
xyz 80.7578 22.2217 35.5763
xyz 81.5411 22.6491 35.2763
xyz 81.3097 23.6279 35.2923
xyz 81.0713 24.3683 34.9872
xyz 80.6158 24.9963 34.8193
xyz 79.6274 25.8669 34.7148
xyz 79.319 26.0562 34.5127
xyz 75.6167 25.9163 34.1298
xyz 75.3662 25.8048 34.1903
xyz 74.5635 24.7935 34.9384
End loop
Boundary info init_edge IE_A_B [total exposed]: 28.596664 28.596664
Start boundary loop loop_id 5  init_edge IE_A_B
xyz 80.9639 24.6648 34.8051
xyz 80.6158 24.9963 34.8193
xyz 79.8173 26.328 34.7541
xyz 79.7609 28.1546 34.4529
xyz 80.3483 29.0835 34.1742
xyz 82.2769 28.8938 33.8136
xyz 84.4564 28.12 32.5193
xyz 85.6335 25.4354 32.6188
xyz 85.6342 25.4239 32.6224
xyz 84.0794 25.3215 33.7762
xyz 85.4239 24.3799 33.8219
xyz 84.126 22.8437 35.3858
xyz 83.648 22.7078 35.679
xyz 83.1771 23.3993 35.4251
xyz 81.3774 24.0272 35.1802
xyz 81.0713 24.3683 34.9872
End loop
Boundary info init_edge IE_A_B [total exposed]: 22.950643 22.950643
