Begin VSO per interface edge
10 2060  2
11 2060  1
12 2060  2
32 1738  1
32 1739  1
33 1738  1
33 1739  2
34 1739  1
66 1711  1
1227 2000  1
1227 2001  1
1230 2001  1
1232 1982  1
1237 1981  2
1237 1982  1
1237 1984  2
1237 1986  1
1237 1989  2
1238 1989  1
1257 1982  2
1259 1980  1
1259 1981  2
1259 1982  2
1260 1980  2
1260 1982  2
1260 2000  1
1260 2001  2
1260 2002  1
1266 1981  3
1266 1982  2
1266 1984  3
1267 1961  3
1267 1984  3
1267 1987  3
1267 1989  2
1268 1956  3
1268 1958  3
1268 1961  4
1268 1980  2
1268 1981  3
1268 1983  3
1268 1984  4
1268 1987  4
1294 1930  1
1294 1933  1
1294 1960  2
1294 1962  2
1295 1930  2
1295 1952  1
1295 1953  2
1295 1954  1
1295 1955  2
1295 1956  2
1295 1960  3
1295 1961  3
1295 1980  2
1317 1934  3
1319 1932  1
1319 1933  2
1319 1934  2
1326 1934  3
1327 1934  3
1331 1933  2
1331 1934  3
1333 1933  2
1333 1962  3
1360 1905  3
1360 1934  3
1362 1903  2
1362 1905  2
1362 1906  1
1362 1932  1
1362 1934  2
1363 1905  2
1363 1906  1
1396 2061  1
1399 1878  3
1399 2061  2
1400 1881  4
1400 1905  4
1400 2061  1
1401 1875  4
1401 1878  3
1401 1880  3
1401 1881  3
1401 1884  3
1401 1905  4
1401 2061  2
1402 1878  2
1402 1905  3
1402 2061  2
1404 1878  1
1404 1905  2
1404 1906  1
1405 1878  1
1405 2061  1
1407 1881  4
1407 1884  4
1407 1885  5
1408 1884  4
1411 1905  4
1411 1934  4
1412 1934  4
1413 1881  4
1413 1882  5
1413 1883  4
1413 1885  5
1413 1901  4
1413 1903  3
1413 1905  3
1413 1907  4
1413 1908  4
1413 1934  3
1414 1884  3
1414 1885  4
1418 1767  3
1418 1768  2
1418 1885  4
1418 2060  1
1419 1767  3
1419 1769  4
1419 1885  4
1419 2078  4
1420 1767  2
1420 1768  1
1420 1769  3
1420 1856  2
1420 1857  2
1420 1858  1
1420 1863  2
1420 1864  2
1420 1867  1
1420 1884  2
1420 1885  3
1420 2061  1
1420 2078  3
1421 2060  2
1425 2060  2
1426 2060  1
1427 2060  1
1428 2060  2
1430 1738  2
1432 1766  2
1432 1767  3
1432 1768  2
1432 1769  3
1432 2060  2
1433 1766  1
1433 1767  2
1433 1768  1
1433 2060  1
1434 1738  1
1434 1766  1
1434 1767  2
1434 1769  2
1435 1769  4
1436 1720  3
1436 1722  4
1436 1738  2
1438 1720  3
1439 1885  5
1440 1720  4
1440 1722  5
1440 1882  6
1440 1883  5
1440 1885  6
1440 1887  6
1440 1908  5
1441 1720  3
1441 1721  5
1441 1722  4
1441 1738  2
1441 1740  3
1441 1741  3
1441 1744  4
1441 1769  3
1441 1882  5
1441 1883  6
1441 1884  4
1441 1885  5
1441 1886  5
1441 1887  5
1441 2078  4
1459 1718  1
1459 1720  2
1461 1718  1
1461 1720  2
1461 1738  2
1461 1739  1
1462 1720  3
1463 1718  1
1463 1720  2
1463 1941  1
1463 1962  4
1464 1962  4
1465 1962  4
1466 1933  3
1466 1962  4
1467 1720  4
1467 1722  5
1468 1722  5
1468 1908  5
1468 1910  5
1468 1931  4
1468 1933  3
1468 1934  4
1469 1718  2
1469 1720  3
1469 1722  4
1469 1908  5
1469 1909  5
1469 1910  4
1469 1929  4
1469 1931  5
1469 1933  4
1469 1935  4
1469 1936  3
1469 1939  3
1469 1941  2
1469 1962  3
1487 1961  4
1489 1941  1
1489 1962  4
1490 1688  2
1490 1689  1
1490 1961  4
1490 1962  4
1491 1688  1
1491 1689  1
1491 1961  3
1492 1686  2
1492 1688  2
1492 1689  1
1492 1941  2
1492 1961  4
1492 1962  3
1493 1688  1
1493 1961  3
1493 1990  2
1494 1686  3
1494 1688  3
1494 1938  4
1494 1941  3
1494 1959  4
1494 1961  4
1494 1962  4
1494 1963  5
1494 1964  5
1494 1968  4
1494 1969  4
1495 1688  2
1495 1961  3
1495 1969  3
1495 1990  2
1496 1667  3
1496 1671  3
1496 1688  2
1496 1957  5
1496 1961  4
1496 1963  5
1496 1964  4
1496 1969  3
1496 1987  4
1496 1990  3
1497 1961  4
1497 1962  5
1498 1961  3
1502 1961  4
1502 1962  4
1503 1960  3
1503 1962  3
1504 1960  3
1504 1961  3
1504 1962  4
1525 1961  3
1526 1987  2
1526 1989  1
1526 1990  2
1527 1961  2
1527 1987  2
1527 1989  1
1527 1990  1
1588 1989  1
1741 2078  4
1743 2078  5
1744 2078  5
1765 2078  4
1766 2078  4
1767 2078  3
1768 2060  1
1769 2078  4
1776 2078  5
1855 2061  1
1856 2061  2
1857 2061  2
1858 2061  1
1859 2061  1
1864 2078  3
1866 2078  4
1867 2078  4
1877 2061  1
1878 2061  2
1880 2061  2
1881 2061  3
1882 2078  4
1884 2061  2
1884 2078  3
1885 2078  4
1886 2078  4
1887 2078  5
1890 2078  5
End VSO per interface edge

Voronoi Facets of interface MI_AB
FBeg
 1492  CD2 TYR A 199  1941  CD1 LEU B  70 ali
70.178 7.178 29.582 67.811 5.297 27.634  11.40
70.257732 7.079776 26.441295 
68.163838 9.438505 26.707968 
67.964990 9.255993 27.125821 
67.504616 8.185611 28.718786 
69.802334 4.852149 29.145655 
70.589208 5.654048 27.415212 
70.285698 7.015308 26.469565 
FEnd
FBeg
 1463   CA LEU A 196  1941  CD1 LEU B  70 ali
73.129 6.466 25.039 67.811 5.297 27.634  0.15
70.285698 7.015308 26.469565 
69.854467 7.429602 25.772465 
69.844437 7.615348 25.835584 
69.907555 7.626791 25.970088 
70.257732 7.079776 26.441295 
FEnd
FBeg
 1463   CA LEU A 196  1718  CD1 PHE B  36 ali
73.129 6.466 25.039 67.703 6.786 23.235  0.16
69.854467 7.429602 25.772465 
69.844437 7.615348 25.835584 
69.869910 7.623348 25.760385 
70.195792 7.189761 24.703299 
70.174206 7.121072 24.756040 
FEnd
FBeg
 1469  CD2 LEU A 196  1718  CD1 PHE B  36 ali
70.943 4.194 25.041 67.703 6.786 23.235  1.73
70.174206 7.121072 24.756040 
69.854467 7.429602 25.772465 
68.182303 4.731724 24.900324 
FEnd
FBeg
 1469  CD2 LEU A 196  1720  CE1 PHE B  36 ali
70.943 4.194 25.041 68.621 5.980 22.561  5.31
68.182303 4.731724 24.900324 
70.174206 7.121072 24.756040 
70.551438 6.757577 24.141067 
70.642336 6.634594 23.967392 
70.009007 4.487488 23.014109 
68.164441 4.359782 24.649190 
68.175592 4.719163 24.897562 
FEnd
FBeg
 1469  CD2 LEU A 196  1939   CB LEU B  70 ali
70.943 4.194 25.041 67.085 3.040 26.884  2.67
68.164441 4.359782 24.649190 
68.263806 3.675216 24.428551 
69.006090 2.642193 25.335564 
69.058584 2.678486 25.468176 
69.224155 3.836203 26.539676 
68.175592 4.719163 24.897562 
FEnd
FBeg
 1469  CD2 LEU A 196  1936   CA LEU B  70 ali
70.943 4.194 25.041 68.078 2.177 27.663  2.55
69.058584 2.678486 25.468176 
70.453998 2.341560 26.733730 
70.599857 2.405651 26.942409 
69.921011 3.903395 27.352804 
69.224155 3.836203 26.539676 
FEnd
FBeg
 1469  CD2 LEU A 196  1962  CD1 ILE B  73 ali
70.943 4.194 25.041 72.011 3.653 28.782  7.55
70.599857 2.405651 26.942409 
70.620045 2.393880 26.934944 
72.975206 2.917859 26.338355 
72.325038 5.053481 26.832809 
71.289271 6.050429 27.272677 
70.589208 5.654048 27.415212 
69.921011 3.903395 27.352804 
FEnd
FBeg
 1463   CA LEU A 196  1962  CD1 ILE B  73 ali
73.129 6.466 25.039 72.011 3.653 28.782  1.64
72.325038 5.053481 26.832809 
71.289271 6.050429 27.272677 
71.657439 6.192660 27.489537 
72.273948 6.211589 27.687909 
73.287795 5.241095 27.261374 
73.413199 5.058995 27.161976 
FEnd
FBeg
 1464    C LEU A 196  1962  CD1 ILE B  73 ali
74.359 6.866 25.858 72.011 3.653 28.782  0.07
73.287795 5.241095 27.261374 
73.926717 4.770959 27.257831 
73.930056 4.724416 27.209369 
73.413199 5.058995 27.161976 
FEnd
FBeg
 1503  CD1 LEU A 200  1962  CD1 ILE B  73 ali
76.030 3.984 28.741 72.011 3.653 28.782  3.84
73.926717 4.770959 27.257831 
73.912355 4.994908 27.658018 
74.089607 3.074378 29.528227 
74.100203 2.947815 29.545145 
74.146886 2.302415 28.910804 
74.145889 2.208736 28.056771 
73.986790 4.009028 26.995281 
73.930056 4.724416 27.209369 
FEnd
FBeg
 1333  CD1 ILE A 177  1962  CD1 ILE B  73 ali
75.785 2.312 25.942 72.011 3.653 28.782  2.01
74.145889 2.208736 28.056771 
73.792534 1.865145 27.749444 
73.124112 2.893929 26.375422 
73.986790 4.009028 26.995281 
FEnd
FBeg
 1333  CD1 ILE A 177  1933  CG2 ILE B  69 ali
75.785 2.312 25.942 72.108 0.333 26.249  4.07
73.792534 1.865145 27.749444 
73.124112 2.893929 26.375422 
73.178797 2.723052 25.928882 
73.673899 1.656992 24.986718 
74.477705 0.456261 26.873857 
FEnd
FBeg
 1294  CG2 ILE A 173  1933  CG2 ILE B  69 ali
75.202 0.018 29.177 72.108 0.333 26.249  12.66
74.477705 0.456261 26.873857 
73.792534 1.865145 27.749444 
73.450072 1.600747 28.082877 
72.213032 -0.314123 29.184045 
72.156648 -1.720331 29.092342 
72.274752 -2.372879 28.897340 
72.773849 -3.321741 28.267866 
73.707306 -2.741305 27.343933 
74.725840 -1.570267 26.393636 
FEnd
FBeg
 1319   CB PHE A 176  1933  CG2 ILE B  69 ali
76.933 -3.931 26.166 72.108 0.333 26.249  0.41
73.707306 -2.741305 27.343933 
74.405825 -1.929109 26.225288 
74.659385 -1.640314 26.128941 
74.725840 -1.570267 26.393636 
FEnd
FBeg
 1319   CB PHE A 176  1934  CD1 ILE B  69 ali
76.933 -3.931 26.166 72.707 -1.069 23.623  2.46
74.405825 -1.929109 26.225288 
74.659385 -1.640314 26.128941 
75.193536 -1.767942 25.097641 
75.202407 -1.804538 25.041712 
75.024067 -2.696239 24.334523 
74.006242 -3.524257 25.094074 
FEnd
FBeg
 1362  CD1 LEU A 180  1934  CD1 ILE B  69 ali
74.323 -4.447 22.106 72.707 -1.069 23.623  10.90
75.024067 -2.696239 24.334523 
74.006242 -3.524257 25.094074 
71.393387 -3.520392 22.302096 
72.454004 -2.428490 21.000521 
73.249923 -2.053055 21.012377 
75.322667 -1.860295 22.791160 
75.353886 -2.031363 23.205345 
FEnd
FBeg
 1327   CA ILE A 177  1934  CD1 ILE B  69 ali
77.542 -0.252 23.596 72.707 -1.069 23.623  2.33
75.322667 -1.860295 22.791160 
75.231939 -1.338041 22.347125 
75.023646 -0.084773 22.970313 
75.288666 -1.598422 24.626594 
75.300508 -1.671149 24.546464 
75.353886 -2.031363 23.205345 
FEnd
FBeg
 1412  CD1 LEU A 188  1934  CD1 ILE B  69 ali
74.409 0.728 20.578 72.707 -1.069 23.623  7.07
75.231939 -1.338041 22.347125 
73.556881 -1.813542 21.130237 
73.312149 -1.537225 21.156512 
72.274720 0.858107 21.990242 
74.189535 1.054138 23.176213 
75.023646 -0.084773 22.970313 
FEnd
FBeg
 1468  CD1 LEU A 196  1934  CD1 ILE B  69 ali
72.421 2.983 23.415 72.707 -1.069 23.623  4.76
72.274720 0.858107 21.990242 
71.579506 0.812776 22.063077 
71.070766 0.833400 23.164381 
72.211802 0.966027 24.179134 
73.620857 1.078888 24.440289 
74.189535 1.054138 23.176213 
FEnd
FBeg
 1468  CD1 LEU A 196  1931   CB ILE B  69 ali
72.421 2.983 23.415 71.025 -0.355 25.421  2.27
71.070766 0.833400 23.164381 
72.211802 0.966027 24.179134 
71.055439 1.894799 24.919891 
70.240306 1.822697 24.232651 
70.256874 1.657942 23.970027 
FEnd
FBeg
 1468  CD1 LEU A 196  1910    O GLY B  66 unk
72.421 2.983 23.415 68.297 1.470 24.104  0.08
70.240306 1.822697 24.232651 
70.057355 2.138523 23.831135 
70.256874 1.657942 23.970027 
FEnd
FBeg
 1469  CD2 LEU A 196  1931   CB ILE B  69 ali
70.943 4.194 25.041 71.025 -0.355 25.421  0.99
71.055439 1.894799 24.919891 
70.240306 1.822697 24.232651 
69.845526 1.891901 25.146286 
70.295267 1.959652 25.860286 
FEnd
FBeg
 1468  CD1 LEU A 196  1908   CA GLY B  66 ali
72.421 2.983 23.415 68.910 1.067 21.829  5.39
71.579506 0.812776 22.063077 
71.070766 0.833400 23.164381 
70.256874 1.657942 23.970027 
70.057355 2.138523 23.831135 
69.895936 3.226522 22.874096 
70.158824 3.307679 22.194085 
71.355340 1.831862 21.328193 
FEnd
FBeg
 1413  CD2 LEU A 188  1908   CA GLY B  66 ali
72.200 0.135 19.533 68.910 1.067 21.829  4.36
71.355340 1.831862 21.328193 
71.579506 0.812776 22.063077 
71.027385 -0.414684 21.770183 
70.650332 -0.321722 21.192158 
69.903417 0.923714 19.616332 
70.022247 1.448579 19.573552 
FEnd
FBeg
 1413  CD2 LEU A 188  1883    O SER B  62 unk
72.200 0.135 19.533 68.701 0.831 18.353  2.80
69.903417 0.923714 19.616332 
70.022247 1.448579 19.573552 
70.580122 1.740812 18.091677 
70.581962 1.690542 18.056572 
70.424312 0.989901 18.110784 
70.006709 -0.627709 18.394966 
69.799079 -0.390984 19.150272 
FEnd
FBeg
 1413  CD2 LEU A 188  1903   CB LEU B  65 ali
72.200 0.135 19.533 69.775 -2.796 19.785  8.28
70.006709 -0.627709 18.394966 
70.872060 -1.409558 17.628598 
72.751512 -2.744059 20.193079 
72.454004 -2.428490 21.000521 
71.262289 -1.403876 21.449869 
70.317006 -0.717926 20.331642 
69.799079 -0.390984 19.150272 
FEnd
FBeg
 1413  CD2 LEU A 188  1905  CD1 LEU B  65 ali
72.200 0.135 19.533 71.074 -4.145 18.131  3.37
70.872060 -1.409558 17.628598 
71.297355 -1.403556 17.268706 
72.752392 -1.974344 17.842599 
72.883454 -2.049341 17.966290 
73.121045 -2.576476 19.384696 
72.768103 -2.743984 20.179524 
72.751512 -2.744059 20.193079 
FEnd
FBeg
 1362  CD1 LEU A 180  1905  CD1 LEU B  65 ali
74.323 -4.447 22.106 71.074 -4.145 18.131  2.10
72.768103 -2.743984 20.179524 
72.751512 -2.744059 20.193079 
71.942526 -4.198324 20.743823 
72.366410 -5.384104 20.307268 
73.199923 -3.961036 19.734107 
FEnd
FBeg
 1363  CD2 LEU A 180  1905  CD1 LEU B  65 ali
75.156 -5.736 20.117 71.074 -4.145 18.131  4.57
72.366410 -5.384104 20.307268 
72.296634 -7.135035 19.048000 
73.692229 -4.531960 18.264855 
73.794443 -3.971544 18.503719 
73.199923 -3.961036 19.734107 
FEnd
FBeg
 1404  CD1 LEU A 187  1905  CD1 LEU B  65 ali
73.556 -6.081 16.119 71.074 -4.145 18.131  10.65
72.296634 -7.135035 19.048000 
69.972643 -7.629257 16.656681 
71.343170 -4.843609 15.666937 
73.692229 -4.531960 18.264855 
FEnd
FBeg
 1404  CD1 LEU A 187  1878  CG1 VAL B  61 ali
73.556 -6.081 16.119 68.979 -4.296 14.805  24.05
69.972643 -7.629257 16.656681 
71.343170 -4.843609 15.666937 
71.421403 -4.890407 15.330859 
69.661797 -11.289845 12.766720 
67.185056 -15.706239 15.394408 
FEnd
FBeg
 1405  CD2 LEU A 187  1878  CG1 VAL B  61 ali
73.473 -5.131 13.805 68.979 -4.296 14.805  16.15
71.421403 -4.890407 15.330859 
69.661797 -11.289845 12.766720 
69.664294 -11.263891 12.756269 
70.625864 -4.786196 11.668688 
70.880739 -3.989438 12.148808 
71.445715 -3.156646 13.992427 
FEnd
FBeg
 1402   CB LEU A 187  1878  CG1 VAL B  61 ali
73.598 -3.605 15.784 68.979 -4.296 14.805  2.62
71.343170 -4.843609 15.666937 
71.421403 -4.890407 15.330859 
71.445715 -3.156646 13.992427 
71.397327 -3.026632 14.128958 
71.297299 -2.781305 14.427742 
70.977832 -2.582064 15.794385 
FEnd
FBeg
 1401    O LEU A 187  1878  CG1 VAL B  61 unk
72.188 -0.838 15.051 68.979 -4.296 14.805  1.19
71.297299 -2.781305 14.427742 
71.297276 -2.778009 14.381714 
70.453611 -2.008654 14.572320 
70.478962 -2.078072 15.217431 
70.637344 -2.280377 15.995156 
70.977832 -2.582064 15.794385 
FEnd
FBeg
 1401    O LEU A 187  1905  CD1 LEU B  65 unk
72.188 -0.838 15.051 71.074 -4.145 18.131  0.40
70.637344 -2.280377 15.995156 
70.977832 -2.582064 15.794385 
71.184005 -2.407635 16.056240 
71.122660 -1.687310 16.807466 
70.635202 -2.240361 16.037347 
FEnd
FBeg
 1401    O LEU A 187  1881   CA SER B  62 unk
72.188 -0.838 15.051 69.281 0.283 16.086  4.23
71.122660 -1.687310 16.807466 
71.514307 -0.453189 16.570814 
71.525432 0.122306 15.978748 
70.617174 -0.641938 14.255473 
70.503716 -1.046418 14.374894 
70.490648 -2.014140 15.386320 
70.635202 -2.240361 16.037347 
FEnd
FBeg
 1401    O LEU A 187  1884   CB SER B  62 unk
72.188 -0.838 15.051 69.846 1.447 15.272  3.22
71.525432 0.122306 15.978748 
72.232229 0.983341 14.566322 
72.254743 1.027277 14.350637 
72.255127 1.080969 13.799559 
72.027542 0.884661 13.417483 
70.617174 -0.641938 14.255473 
FEnd
FBeg
 1420  CG2 THR A 189  1884   CB SER B  62 ali
71.538 3.742 13.085 69.846 1.447 15.272  8.46
72.255127 1.080969 13.799559 
72.027542 0.884661 13.417483 
71.151757 0.972010 12.831584 
69.796103 1.906150 12.763035 
69.045918 3.293118 13.638105 
70.002421 3.954766 15.072438 
71.293581 3.150343 15.227213 
FEnd
FBeg
 1420  CG2 THR A 189  1885   OG SER B  62 unk
71.538 3.742 13.085 70.369 2.450 16.122  0.37
70.002421 3.954766 15.072438 
71.293581 3.150343 15.227213 
71.285290 3.299622 15.287528 
70.559681 3.950889 15.285289 
70.082009 4.113542 15.170619 
FEnd
FBeg
 1419  OG1 THR A 189  1885   OG SER B  62 hbd
71.613 5.282 14.957 70.369 2.450 16.122  0.71
70.559681 3.950889 15.285289 
70.082009 4.113542 15.170619 
70.052315 4.264374 15.505569 
71.119075 4.081923 16.201148 
71.420228 3.963840 16.235674 
71.358588 3.865322 15.930365 
FEnd
FBeg
 1439   CB VAL A 192  1885   OG SER B  62 unk
71.006 4.788 18.562 70.369 2.450 16.122  2.36
71.119075 4.081923 16.201148 
70.094552 2.713482 17.779852 
71.563624 2.377184 17.718568 
71.862439 2.784984 17.249804 
71.420228 3.963840 16.235674 
FEnd
FBeg
 1407   CA LEU A 188  1885   OG SER B  62 unk
73.492 0.895 16.760 70.369 2.450 16.122  1.42
71.563624 2.377184 17.718568 
71.364224 2.040584 17.874228 
71.091480 1.364671 17.561902 
71.109459 1.357400 17.456175 
71.717280 2.076523 16.233621 
71.862439 2.784984 17.249804 
FEnd
FBeg
 1440  CG1 VAL A 192  1885   OG SER B  62 unk
70.841 3.850 19.754 70.369 2.450 16.122  1.00
70.094552 2.713482 17.779852 
69.785899 2.559710 17.879237 
70.503898 1.801015 18.078377 
70.580122 1.740812 18.091677 
71.364224 2.040584 17.874228 
71.563624 2.377184 17.718568 
FEnd
FBeg
 1440  CG1 VAL A 192  1882    C SER B  62 ali
70.841 3.850 19.754 68.353 0.818 17.173  0.49
69.785899 2.559710 17.879237 
70.503898 1.801015 18.078377 
68.931163 2.705219 18.532239 
FEnd
FBeg
 1441  CG2 VAL A 192  1882    C SER B  62 ali
69.645 5.064 17.918 68.353 0.818 17.173  1.99
68.931163 2.705219 18.532239 
69.785899 2.559710 17.879237 
68.898013 3.006877 16.870482 
68.585379 3.137505 16.668168 
68.304744 3.199740 16.800154 
68.186123 3.178546 17.126661 
68.419511 2.834682 18.681707 
FEnd
FBeg
 1441  CG2 VAL A 192  1883    O SER B  62 unk
69.645 5.064 17.918 68.701 0.831 18.353  0.09
68.419511 2.834682 18.681707 
68.931163 2.705219 18.532239 
68.350188 2.885955 19.030202 
FEnd
FBeg
 1441  CG2 VAL A 192  1887   CA ALA B  63 ali
69.645 5.064 17.918 66.182 1.782 17.712  4.62
68.186123 3.178546 17.126661 
68.419511 2.834682 18.681707 
68.350188 2.885955 19.030202 
67.926199 3.298855 19.579413 
67.597463 3.651433 19.488395 
67.013121 4.285725 19.206014 
66.939914 4.493945 17.119308 
68.048671 3.338182 16.894010 
FEnd
FBeg
 1441  CG2 VAL A 192  1744   CB ALA B  40 ali
69.645 5.064 17.918 64.491 5.597 18.152  3.89
67.013121 4.285725 19.206014 
67.121766 5.236956 19.432293 
67.299021 6.873059 19.609769 
67.292532 6.867970 19.478436 
66.986530 5.032817 16.918618 
66.939914 4.493945 17.119308 
FEnd
FBeg
 1441  CG2 VAL A 192  1741   CA ALA B  40 ali
69.645 5.064 17.918 64.785 6.795 17.258  4.26
67.292532 6.867970 19.478436 
67.399619 7.057489 19.186937 
67.852739 7.525580 17.078006 
67.435265 6.071030 16.337245 
66.986530 5.032817 16.918618 
FEnd
FBeg
 1441  CG2 VAL A 192  1769  OE2 GLU B  43 unk
69.645 5.064 17.918 69.330 6.615 15.050  7.07
67.852739 7.525580 17.078006 
68.567546 7.814833 17.155924 
69.875996 7.466678 16.823933 
70.091295 7.307532 16.714220 
70.775803 6.390178 16.142938 
69.854460 4.862782 15.418124 
67.435265 6.071030 16.337245 
FEnd
FBeg
 1419  OG1 THR A 189  1769  OE2 GLU B  43 hbd
71.613 5.282 14.957 69.330 6.615 15.050  2.65
70.775803 6.390178 16.142938 
69.854460 4.862782 15.418124 
69.811651 4.848138 14.577136 
70.028609 5.242985 14.243623 
71.039037 6.901745 15.272433 
70.981504 6.759152 15.903916 
FEnd
FBeg
 1419  OG1 THR A 189  1767   CD GLU B  43 unk
71.613 5.282 14.957 69.167 7.337 14.046  1.31
70.028609 5.242985 14.243623 
71.039037 6.901745 15.272433 
71.582260 7.118249 14.302279 
70.096124 5.300992 14.193199 
FEnd
FBeg
 1420  CG2 THR A 189  1767   CD GLU B  43 ali
71.538 3.742 13.085 69.167 7.337 14.046  2.81
70.096124 5.300992 14.193199 
70.028609 5.242985 14.243623 
69.544877 4.957783 14.117061 
68.787031 4.780685 12.909790 
68.811535 4.830434 12.784142 
69.199256 5.343725 11.820568 
70.507846 5.862951 13.106778 
FEnd
FBeg
 1420  CG2 THR A 189  1768  OE1 GLU B  43 unk
71.538 3.742 13.085 70.020 7.434 13.139  8.46
69.199256 5.343725 11.820568 
70.507846 5.862951 13.106778 
71.794837 6.421316 11.109936 
71.699788 6.430553 7.806443 
71.286564 6.257956 7.990789 
70.491716 5.920557 8.714849 
FEnd
FBeg
 1418   CB THR A 189  1768  OE1 GLU B  43 unk
72.398 4.703 13.908 70.020 7.434 13.139  2.64
70.507846 5.862951 13.106778 
71.794837 6.421316 11.109936 
71.673168 7.182443 14.189218 
71.595362 7.136235 14.265719 
FEnd
FBeg
 1432   CB THR A 191  1768  OE1 GLU B  43 unk
71.635 9.188 15.841 70.020 7.434 13.139  0.77
71.673168 7.182443 14.189218 
71.187462 8.877442 13.379220 
70.504027 9.356402 13.476796 
71.595362 7.136235 14.265719 
FEnd
FBeg
 1433  OG1 THR A 191  1768  OE1 GLU B  43 hbd
72.002 9.948 14.681 70.020 7.434 13.139  3.50
71.187462 8.877442 13.379220 
70.398253 11.441880 10.212694 
69.827912 11.520086 10.818274 
70.130874 9.834482 13.176988 
70.504027 9.356402 13.476796 
FEnd
FBeg
 1433  OG1 THR A 191  1767   CD GLU B  43 unk
72.002 9.948 14.681 69.167 7.337 14.046  0.14
70.130874 9.834482 13.176988 
70.504027 9.356402 13.476796 
70.060989 9.800737 13.627745 
FEnd
FBeg
 1433  OG1 THR A 191  1766   CG GLU B  43 unk
72.002 9.948 14.681 67.863 8.114 13.902  5.34
69.827912 11.520086 10.818274 
70.130874 9.834482 13.176988 
70.060989 9.800737 13.627745 
69.763821 10.356628 13.897931 
69.033223 12.236643 13.353643 
69.337473 12.378322 11.403540 
FEnd
FBeg
 1434  CG2 THR A 191  1766   CG GLU B  43 ali
70.644 9.999 16.680 67.863 8.114 13.902  9.60
69.763821 10.356628 13.897931 
69.033223 12.236643 13.353643 
68.930275 12.271148 13.433289 
67.518486 12.340394 14.799615 
67.518532 12.339832 14.799951 
68.396886 8.031238 16.844226 
68.716704 8.075850 16.493791 
69.621029 9.274962 14.774838 
FEnd
FBeg
 1434  CG2 THR A 191  1767   CD GLU B  43 ali
70.644 9.999 16.680 69.167 7.337 14.046  1.01
68.716704 8.075850 16.493791 
69.621029 9.274962 14.774838 
69.656790 7.859331 16.185464 
FEnd
FBeg
 1434  CG2 THR A 191  1738  CG2 ILE B  39 ali
70.644 9.999 16.680 67.466 10.264 18.604  18.29
67.518532 12.339832 14.799951 
68.396886 8.031238 16.844226 
68.567546 7.814833 17.155924 
69.368765 7.978966 18.456744 
69.918078 8.612372 19.276840 
69.954696 8.684142 19.327439 
70.199363 10.137835 19.531348 
69.344279 13.167523 17.701659 
67.518472 12.340423 14.799770 
FEnd
FBeg
   33  CD1 LEU A   7  1738  CG2 ILE B  39 ali
72.095 12.300 19.812 67.466 10.264 18.604  3.97
70.199363 10.137835 19.531348 
69.344279 13.167523 17.701659 
69.106201 13.483191 18.081928 
69.046928 13.020344 19.089156 
69.660966 10.886231 20.333089 
FEnd
FBeg
   33  CD1 LEU A   7  1739  CD1 ILE B  39 ali
72.095 12.300 19.812 67.139 11.774 21.356  1.08
69.046928 13.020344 19.089156 
69.660966 10.886231 20.333089 
69.797626 11.252392 20.896485 
69.177406 12.873458 19.457929 
FEnd
FBeg
   32   CG LEU A   7  1739  CD1 ILE B  39 ali
71.890 13.682 20.435 67.139 11.774 21.356  0.31
69.177406 12.873458 19.457929 
69.046928 13.020344 19.089156 
68.943230 13.219786 18.967402 
68.633359 14.105543 19.203913 
FEnd
FBeg
   34  CD2 LEU A   7  1739  CD1 ILE B  39 ali
71.044 13.568 21.694 67.139 11.774 21.356  19.27
69.797626 11.252392 20.896485 
69.177406 12.873458 19.457929 
68.633359 14.105543 19.203913 
67.935422 15.523555 19.740981 
67.694747 15.850079 20.788471 
68.120927 14.407578 23.521057 
69.262114 11.621764 25.122874 
FEnd
FBeg
 1461   CB ALA A 195  1739  CD1 ILE B  39 ali
71.121 9.160 22.089 67.139 11.774 21.356  10.00
69.660966 10.886231 20.333089 
69.797626 11.252392 20.896485 
69.262114 11.621764 25.122874 
68.467459 10.465781 25.317385 
68.189568 8.901190 21.247429 
FEnd
FBeg
 1461   CB ALA A 195  1718  CD1 PHE B  36 ali
71.121 9.160 22.089 67.703 6.786 23.235  8.76
68.467459 10.465781 25.317385 
68.189568 8.901190 21.247429 
68.414386 8.384702 20.848028 
70.145428 7.526158 24.232424 
69.516541 8.855968 25.111509 
68.578068 10.416603 25.545408 
FEnd
FBeg
 1461   CB ALA A 195  1720  CE1 PHE B  36 ali
71.121 9.160 22.089 68.621 5.980 22.561  7.18
68.414386 8.384702 20.848028 
69.023485 7.782729 20.018520 
70.803461 6.600061 21.478382 
71.144001 6.479944 22.472827 
70.509450 7.182447 23.844825 
70.145428 7.526158 24.232424 
FEnd
FBeg
 1459    C ALA A 195  1720  CE1 PHE B  36 ali
72.651 8.613 24.011 68.621 5.980 22.561  0.23
70.509450 7.182447 23.844825 
70.145428 7.526158 24.232424 
70.195792 7.189761 24.703299 
70.365693 7.089052 24.413966 
FEnd
FBeg
 1438    O VAL A 192  1720  CE1 PHE B  36 unk
72.714 5.952 21.156 68.621 5.980 22.561  0.83
70.803461 6.600061 21.478382 
71.144001 6.479944 22.472827 
71.153357 6.422033 22.501236 
70.927505 5.397423 21.863709 
70.780224 5.820453 21.426225 
FEnd
FBeg
 1440  CG1 VAL A 192  1720  CE1 PHE B  36 ali
70.841 3.850 19.754 68.621 5.980 22.561  1.22
70.927505 5.397423 21.863709 
70.542375 4.755182 22.046461 
69.494019 5.911948 20.339564 
70.780224 5.820453 21.426225 
FEnd
FBeg
 1440  CG1 VAL A 192  1722   CZ PHE B  36 ali
70.841 3.850 19.754 68.207 4.777 22.000  6.86
70.542375 4.755182 22.046461 
69.494019 5.911948 20.339564 
69.464054 5.910984 20.304821 
67.926199 3.298855 19.579413 
67.976987 3.006454 19.759658 
70.158824 3.307679 22.194085 
70.336255 3.745914 22.221293 
FEnd
FBeg
 1467   CG LEU A 196  1722   CZ PHE B  36 ali
72.033 4.340 23.988 68.207 4.777 22.000  0.94
70.336255 3.745914 22.221293 
70.542375 4.755182 22.046461 
70.009007 4.487488 23.014109 
69.978815 3.386592 22.830216 
FEnd
FBeg
 1436   CA VAL A 192  1722   CZ PHE B  36 ali
71.635 6.128 19.006 68.207 4.777 22.000  0.00
69.494019 5.911948 20.339564 
69.464054 5.910984 20.304821 
69.447307 5.945833 20.301371 
FEnd
FBeg
 1436   CA VAL A 192  1720  CE1 PHE B  36 ali
71.635 6.128 19.006 68.621 5.980 22.561  2.82
69.023485 7.782729 20.018520 
70.803461 6.600061 21.478382 
70.780224 5.820453 21.426225 
69.494019 5.911948 20.339564 
69.447307 5.945833 20.301371 
68.828833 7.569621 19.844618 
FEnd
FBeg
 1441  CG2 VAL A 192  1720  CE1 PHE B  36 ali
69.645 5.064 17.918 68.621 5.980 22.561  1.44
69.447307 5.945833 20.301371 
67.360348 6.973199 19.638414 
67.367105 6.984399 19.637694 
68.828833 7.569621 19.844618 
FEnd
FBeg
   32   CG LEU A   7  1738  CG2 ILE B  39 ali
71.890 13.682 20.435 67.466 10.264 18.604  0.30
69.106201 13.483191 18.081928 
68.792162 13.757394 18.328833 
68.943230 13.219786 18.967402 
69.046928 13.020344 19.089156 
FEnd
FBeg
 1461   CB ALA A 195  1738  CG2 ILE B  39 ali
71.121 9.160 22.089 67.466 10.264 18.604  5.04
69.954696 8.684142 19.327439 
70.199363 10.137835 19.531348 
69.660966 10.886231 20.333089 
68.189568 8.901190 21.247429 
68.414386 8.384702 20.848028 
69.023485 7.782729 20.018520 
69.934546 8.634411 19.332819 
FEnd
FBeg
 1430    C THR A 191  1738  CG2 ILE B  39 ali
72.476 8.164 17.957 67.466 10.264 18.604  0.00
69.918078 8.612372 19.276840 
69.954696 8.684142 19.327439 
69.934546 8.634411 19.332819 
FEnd
FBeg
 1436   CA VAL A 192  1738  CG2 ILE B  39 ali
71.635 6.128 19.006 67.466 10.264 18.604  1.12
69.368765 7.978966 18.456744 
69.918078 8.612372 19.276840 
69.934546 8.634411 19.332819 
69.023485 7.782729 20.018520 
68.828833 7.569621 19.844618 
FEnd
FBeg
 1432   CB THR A 191  1766   CG GLU B  43 ali
71.635 9.188 15.841 67.863 8.114 13.902  0.45
70.060989 9.800737 13.627745 
69.763821 10.356628 13.897931 
69.621029 9.274962 14.774838 
FEnd
FBeg
 1420  CG2 THR A 189  1867   CB ALA B  59 ali
71.538 3.742 13.085 66.778 3.553 11.069  5.28
68.811535 4.830434 12.784142 
69.199256 5.343725 11.820568 
70.491716 5.920557 8.714849 
70.574343 5.617543 8.548166 
70.409705 4.353893 9.055360 
70.237701 3.924375 9.501749 
70.139408 3.837708 9.741954 
FEnd
FBeg
 1420  CG2 THR A 189  1863    N ALA B  59 unk
71.538 3.742 13.085 67.942 1.418 10.775  0.39
70.237701 3.924375 9.501749 
70.345558 2.668771 10.597061 
70.151615 2.628518 10.939471 
70.139408 3.837708 9.741954 
FEnd
FBeg
 1420  CG2 THR A 189  1856    C GLU B  58 ali
71.538 3.742 13.085 68.725 0.393 11.098  2.36
70.345558 2.668771 10.597061 
71.540227 1.033775 11.661477 
71.413222 1.027034 11.852640 
69.860417 1.910136 12.562522 
70.151615 2.628518 10.939471 
FEnd
FBeg
 1420  CG2 THR A 189  1858   CB GLU B  58 ali
71.538 3.742 13.085 70.164 0.132 9.082  8.30
70.409705 4.353893 9.055360 
71.191875 4.880489 8.311989 
73.201367 0.983069 11.137031 
71.540227 1.033775 11.661477 
70.345558 2.668771 10.597061 
70.237701 3.924375 9.501749 
FEnd
FBeg
 1418   CB THR A 189  1767   CD GLU B  43 ali
72.398 4.703 13.908 69.167 7.337 14.046  1.36
71.582260 7.118249 14.302279 
70.096124 5.300992 14.193199 
70.507846 5.862951 13.106778 
71.595362 7.136235 14.265719 
FEnd
FBeg
 1432   CB THR A 191  1767   CD GLU B  43 ali
71.635 9.188 15.841 69.167 7.337 14.046  6.02
71.039037 6.901745 15.272433 
71.582260 7.118249 14.302279 
71.595362 7.136235 14.265719 
70.504027 9.356402 13.476796 
70.060989 9.800737 13.627745 
69.621029 9.274962 14.774838 
69.656790 7.859331 16.185464 
FEnd
FBeg
 1420  CG2 THR A 189  1769  OE2 GLU B  43 unk
71.538 3.742 13.085 69.330 6.615 15.050  0.14
69.811651 4.848138 14.577136 
69.544877 4.957783 14.117061 
70.028609 5.242985 14.243623 
FEnd
FBeg
 1435    N VAL A 192  1769  OE2 GLU B  43 hbd
72.054 6.907 17.845 69.330 6.615 15.050  0.31
70.091295 7.307532 16.714220 
70.775803 6.390178 16.142938 
70.981504 6.759152 15.903916 
FEnd
FBeg
 1432   CB THR A 191  1769  OE2 GLU B  43 unk
71.635 9.188 15.841 69.330 6.615 15.050  1.24
69.875996 7.466678 16.823933 
70.091295 7.307532 16.714220 
70.981504 6.759152 15.903916 
71.039037 6.901745 15.272433 
69.656790 7.859331 16.185464 
FEnd
FBeg
 1434  CG2 THR A 191  1769  OE2 GLU B  43 unk
70.644 9.999 16.680 69.330 6.615 15.050  0.97
68.567546 7.814833 17.155924 
69.875996 7.466678 16.823933 
69.656790 7.859331 16.185464 
68.716704 8.075850 16.493791 
68.396886 8.031238 16.844226 
FEnd
FBeg
 1441  CG2 VAL A 192  1738  CG2 ILE B  39 ali
69.645 5.064 17.918 67.466 10.264 18.604  4.20
67.399619 7.057489 19.186937 
67.367105 6.984399 19.637694 
68.828833 7.569621 19.844618 
69.368765 7.978966 18.456744 
68.567546 7.814833 17.155924 
67.852739 7.525580 17.078006 
FEnd
FBeg
 1441  CG2 VAL A 192  1740    N ALA B  40 unk
69.645 5.064 17.918 64.754 8.023 18.045  0.05
67.299021 6.873059 19.609769 
67.360348 6.973199 19.638414 
67.367105 6.984399 19.637694 
67.399619 7.057489 19.186937 
67.292532 6.867970 19.478436 
FEnd
FBeg
 1441  CG2 VAL A 192  1721  CE2 PHE B  36 ali
69.645 5.064 17.918 66.877 4.382 22.114  0.38
67.597463 3.651433 19.488395 
67.121766 5.236956 19.432293 
67.013121 4.285725 19.206014 
FEnd
FBeg
 1441  CG2 VAL A 192  1722   CZ PHE B  36 ali
69.645 5.064 17.918 68.207 4.777 22.000  5.04
67.926199 3.298855 19.579413 
69.464054 5.910984 20.304821 
69.447307 5.945833 20.301371 
67.360348 6.973199 19.638414 
67.299021 6.873059 19.609769 
67.121766 5.236956 19.432293 
67.597463 3.651433 19.488395 
FEnd
FBeg
 1440  CG1 VAL A 192  1887   CA ALA B  63 ali
70.841 3.850 19.754 66.182 1.782 17.712  0.23
68.350188 2.885955 19.030202 
67.926199 3.298855 19.579413 
67.976987 3.006454 19.759658 
68.158188 2.759187 19.596648 
FEnd
FBeg
 1441  CG2 VAL A 192  1886    N ALA B  63 unk
69.645 5.064 17.918 67.159 1.246 16.767  0.04
68.304744 3.199740 16.800154 
68.186123 3.178546 17.126661 
68.048671 3.338182 16.894010 
FEnd
FBeg
 1441  CG2 VAL A 192  1884   CB SER B  62 ali
69.645 5.064 17.918 69.846 1.447 15.272  0.11
68.898013 3.006877 16.870482 
68.585379 3.137505 16.668168 
68.999929 3.383679 16.363147 
FEnd
FBeg
 1441  CG2 VAL A 192  1885   OG SER B  62 unk
69.645 5.064 17.918 70.369 2.450 16.122  3.69
70.052315 4.264374 15.505569 
68.999929 3.383679 16.363147 
68.898013 3.006877 16.870482 
69.785899 2.559710 17.879237 
70.094552 2.713482 17.779852 
71.119075 4.081923 16.201148 
FEnd
FBeg
 1418   CB THR A 189  1885   OG SER B  62 unk
72.398 4.703 13.908 70.369 2.450 16.122  0.39
71.285290 3.299622 15.287528 
70.559681 3.950889 15.285289 
71.358588 3.865322 15.930365 
FEnd
FBeg
 1414    N THR A 189  1885   OG SER B  62 hbd
73.166 2.891 15.415 70.369 2.450 16.122  2.10
71.293581 3.150343 15.227213 
71.285290 3.299622 15.287528 
71.358588 3.865322 15.930365 
71.420228 3.963840 16.235674 
71.862439 2.784984 17.249804 
71.717280 2.076523 16.233621 
FEnd
FBeg
 1420  CG2 THR A 189  1864   CA ALA B  59 ali
71.538 3.742 13.085 67.500 2.392 11.763  7.19
69.796103 1.906150 12.763035 
69.045918 3.293118 13.638105 
68.787031 4.780685 12.909790 
68.811535 4.830434 12.784142 
70.139408 3.837708 9.741954 
70.151615 2.628518 10.939471 
69.860417 1.910136 12.562522 
FEnd
FBeg
 1420  CG2 THR A 189  1857    O GLU B  58 unk
71.538 3.742 13.085 69.133 0.190 12.243  0.99
71.151757 0.972010 12.831584 
69.796103 1.906150 12.763035 
69.860417 1.910136 12.562522 
71.413222 1.027034 11.852640 
FEnd
FBeg
 1414    N THR A 189  1884   CB SER B  62 unk
73.166 2.891 15.415 69.846 1.447 15.272  2.45
72.254743 1.027277 14.350637 
72.255127 1.080969 13.799559 
71.293581 3.150343 15.227213 
71.717280 2.076523 16.233621 
72.196705 1.125514 14.706107 
FEnd
FBeg
 1408    C LEU A 188  1884   CB SER B  62 ali
74.020 1.959 15.812 69.846 1.447 15.272  0.02
72.232229 0.983341 14.566322 
72.254743 1.027277 14.350637 
72.196705 1.125514 14.706107 
FEnd
FBeg
 1407   CA LEU A 188  1884   CB SER B  62 ali
73.492 0.895 16.760 69.846 1.447 15.272  3.07
71.525432 0.122306 15.978748 
72.232229 0.983341 14.566322 
72.196705 1.125514 14.706107 
71.717280 2.076523 16.233621 
71.109459 1.357400 17.456175 
FEnd
FBeg
 1407   CA LEU A 188  1881   CA SER B  62 ali
73.492 0.895 16.760 69.281 0.283 16.086  1.62
71.514307 -0.453189 16.570814 
71.525432 0.122306 15.978748 
71.109459 1.357400 17.456175 
71.091480 1.364671 17.561902 
71.477414 -0.827260 17.140971 
FEnd
FBeg
 1400    C LEU A 187  1881   CA SER B  62 ali
73.326 -1.128 15.422 69.281 0.283 16.086  0.49
71.122660 -1.687310 16.807466 
71.514307 -0.453189 16.570814 
71.477414 -0.827260 17.140971 
71.297355 -1.403556 17.268706 
FEnd
FBeg
 1401    O LEU A 187  1875    C VAL B  61 unk
72.188 -0.838 15.051 67.970 -1.726 15.679  0.06
70.478962 -2.078072 15.217431 
70.637344 -2.280377 15.995156 
70.635202 -2.240361 16.037347 
70.490648 -2.014140 15.386320 
FEnd
FBeg
 1401    O LEU A 187  1880    N SER B  62 hbd
72.188 -0.838 15.051 68.529 -0.613 15.219  0.42
70.453611 -2.008654 14.572320 
70.478962 -2.078072 15.217431 
70.490648 -2.014140 15.386320 
70.503716 -1.046418 14.374894 
FEnd
FBeg
 1399   CA LEU A 187  1878  CG1 VAL B  61 ali
74.019 -2.403 14.938 68.979 -4.296 14.805  0.01
71.397327 -3.026632 14.128958 
71.297276 -2.778009 14.381714 
71.297299 -2.781305 14.427742 
FEnd
FBeg
 1404  CD1 LEU A 187  1906  CD2 LEU B  65 ali
73.556 -6.081 16.119 69.595 -5.290 19.805  154.81
72.296634 -7.135035 19.048000 
69.972643 -7.629257 16.656681 
67.185056 -15.706239 15.394408 
65.656486 -37.034516 18.328754 
67.438218 -37.862175 20.421028 
70.838779 -23.892722 21.077507 
FEnd
FBeg
 1363  CD2 LEU A 180  1906  CD2 LEU B  65 ali
75.156 -5.736 20.117 69.595 -5.290 19.805  44.12
72.366410 -5.384104 20.307268 
72.296634 -7.135035 19.048000 
70.838779 -23.892722 21.077507 
71.670726 -11.492757 23.974714 
FEnd
FBeg
 1362  CD1 LEU A 180  1906  CD2 LEU B  65 ali
74.323 -4.447 22.106 69.595 -5.290 19.805  16.61
71.942526 -4.198324 20.743823 
72.366410 -5.384104 20.307268 
71.670726 -11.492757 23.974714 
71.376359 -11.055720 24.419452 
70.743776 -5.202475 23.574849 
71.022752 -4.117024 22.603951 
FEnd
FBeg
 1360   CB LEU A 180  1905  CD1 LEU B  65 ali
75.712 -3.317 20.365 71.074 -4.145 18.131  2.20
73.121045 -2.576476 19.384696 
72.768103 -2.743984 20.179524 
73.199923 -3.961036 19.734107 
73.794443 -3.971544 18.503719 
73.532068 -2.595057 18.538260 
FEnd
FBeg
 1411   CG LEU A 188  1905  CD1 LEU B  65 ali
73.710 0.229 19.315 71.074 -4.145 18.131  0.47
72.883454 -2.049341 17.966290 
73.121045 -2.576476 19.384696 
73.532068 -2.595057 18.538260 
FEnd
FBeg
 1402   CB LEU A 187  1905  CD1 LEU B  65 ali
73.598 -3.605 15.784 71.074 -4.145 18.131  9.25
72.752392 -1.974344 17.842599 
72.883454 -2.049341 17.966290 
73.532068 -2.595057 18.538260 
73.794443 -3.971544 18.503719 
73.692229 -4.531960 18.264855 
71.343170 -4.843609 15.666937 
70.977832 -2.582064 15.794385 
71.184005 -2.407635 16.056240 
FEnd
FBeg
 1400    C LEU A 187  1905  CD1 LEU B  65 ali
73.326 -1.128 15.422 71.074 -4.145 18.131  1.43
71.297355 -1.403556 17.268706 
72.752392 -1.974344 17.842599 
71.184005 -2.407635 16.056240 
71.122660 -1.687310 16.807466 
FEnd
FBeg
 1413  CD2 LEU A 188  1881   CA SER B  62 ali
72.200 0.135 19.533 69.281 0.283 16.086  3.69
70.424312 0.989901 18.110784 
70.615311 1.596879 17.975103 
71.091480 1.364671 17.561902 
71.477414 -0.827260 17.140971 
71.297355 -1.403556 17.268706 
70.872060 -1.409558 17.628598 
70.006709 -0.627709 18.394966 
FEnd
FBeg
 1413  CD2 LEU A 188  1882    C SER B  62 ali
72.200 0.135 19.533 68.353 0.818 17.173  0.04
70.581962 1.690542 18.056572 
70.615311 1.596879 17.975103 
70.424312 0.989901 18.110784 
FEnd
FBeg
 1413  CD2 LEU A 188  1885   OG SER B  62 unk
72.200 0.135 19.533 70.369 2.450 16.122  0.34
70.580122 1.740812 18.091677 
71.364224 2.040584 17.874228 
71.091480 1.364671 17.561902 
70.615311 1.596879 17.975103 
70.581962 1.690542 18.056572 
FEnd
FBeg
 1440  CG1 VAL A 192  1883    O SER B  62 unk
70.841 3.850 19.754 68.701 0.831 18.353  2.92
70.022247 1.448579 19.573552 
70.580122 1.740812 18.091677 
70.503898 1.801015 18.078377 
68.931163 2.705219 18.532239 
68.350188 2.885955 19.030202 
68.158188 2.759187 19.596648 
FEnd
FBeg
 1413  CD2 LEU A 188  1907    N GLY B  66 unk
72.200 0.135 19.533 68.677 -0.109 21.010  1.85
70.650332 -0.321722 21.192158 
69.903417 0.923714 19.616332 
69.799079 -0.390984 19.150272 
70.317006 -0.717926 20.331642 
FEnd
FBeg
 1413  CD2 LEU A 188  1901    C LEU B  65 ali
72.200 0.135 19.533 68.772 -1.327 21.534  1.01
71.027385 -0.414684 21.770183 
70.650332 -0.321722 21.192158 
70.317006 -0.717926 20.331642 
71.262289 -1.403876 21.449869 
FEnd
FBeg
 1440  CG1 VAL A 192  1908   CA GLY B  66 ali
70.841 3.850 19.754 68.910 1.067 21.829  6.38
70.158824 3.307679 22.194085 
71.355340 1.831862 21.328193 
70.022247 1.448579 19.573552 
68.158188 2.759187 19.596648 
67.976987 3.006454 19.759658 
FEnd
FBeg
 1468  CD1 LEU A 196  1722   CZ PHE B  36 ali
72.421 2.983 23.415 68.207 4.777 22.000  0.22
69.895936 3.226522 22.874096 
69.978815 3.386592 22.830216 
70.336255 3.745914 22.221293 
70.158824 3.307679 22.194085 
FEnd
FBeg
 1469  CD2 LEU A 196  1908   CA GLY B  66 ali
70.943 4.194 25.041 68.910 1.067 21.829  0.52
70.057355 2.138523 23.831135 
69.895936 3.226522 22.874096 
69.355240 3.102739 23.336831 
69.652414 2.597359 23.640743 
FEnd
FBeg
 1469  CD2 LEU A 196  1909    C GLY B  66 ali
70.943 4.194 25.041 67.921 1.174 22.974  0.17
69.355240 3.102739 23.336831 
69.652414 2.597359 23.640743 
68.980349 3.230287 23.698575 
FEnd
FBeg
 1411   CG LEU A 188  1934  CD1 ILE B  69 ali
73.710 0.229 19.315 72.707 -1.069 23.623  0.06
73.556881 -1.813542 21.130237 
73.320699 -1.977826 21.025750 
73.312149 -1.537225 21.156512 
FEnd
FBeg
 1360   CB LEU A 180  1934  CD1 ILE B  69 ali
75.712 -3.317 20.365 72.707 -1.069 23.623  1.04
73.249923 -2.053055 21.012377 
73.320699 -1.977826 21.025750 
73.556881 -1.813542 21.130237 
75.231939 -1.338041 22.347125 
75.322667 -1.860295 22.791160 
FEnd
FBeg
 1413  CD2 LEU A 188  1934  CD1 ILE B  69 ali
72.200 0.135 19.533 72.707 -1.069 23.623  4.98
72.454004 -2.428490 21.000521 
71.262289 -1.403876 21.449869 
71.027385 -0.414684 21.770183 
71.579506 0.812776 22.063077 
72.274720 0.858107 21.990242 
73.312149 -1.537225 21.156512 
73.320699 -1.977826 21.025750 
73.249923 -2.053055 21.012377 
FEnd
FBeg
 1362  CD1 LEU A 180  1903   CB LEU B  65 ali
74.323 -4.447 22.106 69.775 -2.796 19.785  2.99
71.393387 -3.520392 22.302096 
72.454004 -2.428490 21.000521 
72.751512 -2.744059 20.193079 
71.942526 -4.198324 20.743823 
71.022752 -4.117024 22.603951 
FEnd
FBeg
 1362  CD1 LEU A 180  1932  CG1 ILE B  69 ali
74.323 -4.447 22.106 71.641 -1.509 24.620  10.26
74.006242 -3.524257 25.094074 
71.393387 -3.520392 22.302096 
71.022752 -4.117024 22.603951 
70.743776 -5.202475 23.574849 
72.134732 -6.304027 26.346093 
72.640439 -5.766170 26.257023 
FEnd
FBeg
 1317    C PHE A 176  1934  CD1 ILE B  69 ali
77.815 -2.572 24.230 72.707 -1.069 23.623  0.96
75.202407 -1.804538 25.041712 
75.024067 -2.696239 24.334523 
75.353886 -2.031363 23.205345 
75.300508 -1.671149 24.546464 
FEnd
FBeg
 1326    N ILE A 177  1934  CD1 ILE B  69 unk
77.831 -1.288 24.579 72.707 -1.069 23.623  0.04
75.193536 -1.767942 25.097641 
75.202407 -1.804538 25.041712 
75.300508 -1.671149 24.546464 
75.288666 -1.598422 24.626594 
FEnd
FBeg
 1331  CG1 ILE A 177  1934  CD1 ILE B  69 ali
76.013 1.091 25.068 72.707 -1.069 23.623  6.26
74.659385 -1.640314 26.128941 
75.193536 -1.767942 25.097641 
75.288666 -1.598422 24.626594 
75.023646 -0.084773 22.970313 
74.189535 1.054138 23.176213 
73.620857 1.078888 24.440289 
FEnd
FBeg
 1319   CB PHE A 176  1932  CG1 ILE B  69 ali
76.933 -3.931 26.166 71.641 -1.509 24.620  7.96
73.707306 -2.741305 27.343933 
74.405825 -1.929109 26.225288 
74.006242 -3.524257 25.094074 
72.640439 -5.766170 26.257023 
72.626888 -5.761428 26.310836 
72.693556 -4.316190 28.346773 
72.796313 -4.006727 28.479844 
FEnd
FBeg
 1294  CG2 ILE A 173  1930    O ILE B  69 unk
75.202 0.018 29.177 69.913 0.278 28.442  0.28
72.213032 -0.314123 29.184045 
72.156648 -1.720331 29.092342 
72.137947 -1.320012 29.368522 
72.178796 -0.414106 29.395037 
FEnd
FBeg
 1295  CD1 ILE A 173  1930    O ILE B  69 unk
73.908 -0.003 31.888 69.913 0.278 28.442  0.23
72.137947 -1.320012 29.368522 
72.178796 -0.414106 29.395037 
72.006647 -0.394814 29.596184 
71.920146 -0.838551 29.660283 
FEnd
FBeg
 1295  CD1 ILE A 173  1952   CA GLY B  72 ali
73.908 -0.003 31.888 69.345 -1.643 31.188  5.33
71.920146 -0.838551 29.660283 
72.137947 -1.320012 29.368522 
72.518248 -2.451868 29.541278 
72.524923 -4.021686 33.175632 
72.157322 -2.795324 32.698671 
71.866736 -0.837844 30.006780 
FEnd
FBeg
 1295  CD1 ILE A 173  1953    C GLY B  72 ali
73.908 -0.003 31.888 69.936 -0.484 31.967  4.97
72.157322 -2.795324 32.698671 
71.819412 0.059309 33.089783 
71.788316 0.057390 31.514664 
71.866736 -0.837844 30.006780 
FEnd
FBeg
 1295  CD1 ILE A 173  1956   CA ILE B  73 ali
73.908 -0.003 31.888 70.654 1.835 31.950  5.61
71.819412 0.059309 33.089783 
72.100242 0.521535 34.126087 
72.131036 0.575473 34.143296 
73.161929 2.459722 32.389647 
73.136627 2.427232 32.024911 
71.983284 0.431048 30.670185 
71.788316 0.057390 31.514664 
FEnd
FBeg
 1295  CD1 ILE A 173  1961  CG2 ILE B  73 ali
73.908 -0.003 31.888 71.358 4.228 31.688  0.10
73.161929 2.459722 32.389647 
73.428982 2.613417 32.236127 
73.387798 2.575331 31.955516 
73.136627 2.427232 32.024911 
FEnd
FBeg
 1504  CD2 LEU A 200  1961  CG2 ILE B  73 ali
75.248 4.236 31.116 71.358 4.228 31.688  7.47
73.428982 2.613417 32.236127 
73.387798 2.575331 31.955516 
73.175877 4.113851 30.535823 
73.149042 4.946818 30.364977 
73.231386 6.062627 30.940575 
73.504227 6.321903 32.799711 
73.520644 6.257217 32.910453 
73.559321 6.047083 33.170549 
73.580278 4.996755 33.298377 
FEnd
FBeg
 1267  CD1 LEU A 170  1961  CG2 ILE B  73 ali
74.926 4.800 35.803 71.358 4.228 31.688  2.00
73.559321 6.047083 33.170549 
73.236145 6.053726 33.449842 
72.004739 5.839443 34.547345 
72.027502 5.006883 34.643337 
73.580278 4.996755 33.298377 
FEnd
FBeg
 1267  CD1 LEU A 170  1987   CB LEU B  77 ali
74.926 4.800 35.803 70.005 4.806 37.022  2.41
72.004739 5.839443 34.547345 
72.027502 5.006883 34.643337 
72.396490 4.191114 36.136922 
72.594396 4.920449 36.932266 
72.322302 5.777289 35.829626 
72.006782 5.843346 34.555574 
FEnd
FBeg
 1527  CG2 VAL A 203  1987   CB LEU B  77 ali
72.840 9.069 34.296 70.005 4.806 37.022  0.28
72.006782 5.843346 34.555574 
72.004739 5.839443 34.547345 
71.345762 6.149319 34.346614 
71.695953 6.377039 35.066921 
FEnd
FBeg
 1527  CG2 VAL A 203  1990  CD2 LEU B  77 ali
72.840 9.069 34.296 69.239 7.148 36.654  16.96
71.345762 6.149319 34.346614 
71.695953 6.377039 35.066921 
71.548623 7.809958 36.009289 
70.962466 11.002027 37.714638 
68.670159 14.059376 36.704702 
68.974171 11.747874 35.285852 
70.993102 6.536387 34.123384 
71.085311 6.353652 34.115331 
FEnd
FBeg
 1495   CZ TYR A 199  1990  CD2 LEU B  77 ali
69.262 7.374 31.789 69.239 7.148 36.654  0.89
70.993102 6.536387 34.123384 
71.085311 6.353652 34.115331 
70.380080 5.884603 34.090208 
69.508325 7.571998 34.164473 
FEnd
FBeg
 1496   OH TYR A 199  1990  CD2 LEU B  77 unk
68.420 6.896 32.766 69.239 7.148 36.654  8.81
70.380080 5.884603 34.090208 
70.282477 5.765702 34.118474 
68.835134 5.344514 34.450654 
67.335249 5.770447 34.738995 
66.695392 8.613779 34.689490 
67.995835 9.212629 34.376739 
69.508325 7.571998 34.164473 
FEnd
FBeg
 1496   OH TYR A 199  1688  CD1 LEU B  32 unk
68.420 6.896 32.766 66.669 10.008 31.444  4.43
66.695392 8.613779 34.689490 
67.995835 9.212629 34.376739 
67.971717 8.801953 33.441950 
66.668850 7.274409 31.571755 
66.107315 7.497447 32.840546 
66.230802 7.894302 33.611188 
FEnd
FBeg
 1496   OH TYR A 199  1667   CA VAL B  29 unk
68.420 6.896 32.766 63.224 7.404 33.337  0.14
66.107315 7.497447 32.840546 
66.134710 7.334911 33.234432 
66.230802 7.894302 33.611188 
FEnd
FBeg
 1496   OH TYR A 199  1969  OD1 ASN B  74 hbd
68.420 6.896 32.766 66.500 5.225 32.210  6.25
66.668850 7.274409 31.571755 
68.065698 5.549633 31.931738 
68.588415 4.858465 32.203906 
67.173967 5.737689 34.445915 
66.134710 7.334911 33.234432 
66.107315 7.497447 32.840546 
FEnd
FBeg
 1494  CE2 TYR A 199  1969  OD1 ASN B  74 unk
69.322 6.715 30.574 66.500 5.225 32.210  3.66
68.065698 5.549633 31.931738 
68.588415 4.858465 32.203906 
68.577827 4.817259 32.148114 
68.491360 4.707876 31.899341 
67.020833 5.628150 30.200920 
66.310006 6.770562 30.015246 
66.435924 7.118966 30.549760 
66.651856 7.179871 30.977699 
FEnd
FBeg
 1494  CE2 TYR A 199  1688  CD1 LEU B  32 ali
69.322 6.715 30.574 66.669 10.008 31.444  2.52
66.435924 7.118966 30.549760 
66.651856 7.179871 30.977699 
68.634631 9.014287 30.080651 
67.666188 8.516257 29.012530 
FEnd
FBeg
 1492  CD2 TYR A 199  1688  CD1 LEU B  32 ali
70.178 7.178 29.582 66.669 10.008 31.444  1.07
68.634631 9.014287 30.080651 
67.666188 8.516257 29.012530 
67.991663 9.239171 28.527163 
68.330290 9.523995 28.732420 
68.646337 9.067533 30.021784 
68.640860 9.020683 30.082668 
FEnd
FBeg
 1491  CD1 TYR A 199  1688  CD1 LEU B  32 ali
70.907 8.955 31.015 66.669 10.008 31.444  5.10
68.646337 9.067533 30.021784 
68.888092 10.300893 29.382691 
69.842216 13.085967 31.972189 
69.982085 13.178461 33.126897 
68.642343 9.023241 30.091047 
68.640860 9.020683 30.082668 
FEnd
FBeg
 1491  CD1 TYR A 199  1689  CD2 LEU B  32 ali
70.907 8.955 31.015 66.241 11.765 29.712  3.99
68.888092 10.300893 29.382691 
69.842216 13.085967 31.972189 
70.210016 12.567526 29.537058 
70.061209 12.171458 29.215787 
69.430256 11.036042 29.026616 
FEnd
FBeg
 1490   CG TYR A 199  1689  CD2 LEU B  32 ali
70.984 8.301 29.782 66.241 11.765 29.712  1.55
69.430256 11.036042 29.026616 
68.888092 10.300893 29.382691 
68.330290 9.523995 28.732420 
68.438204 9.648804 27.596725 
FEnd
FBeg
 1490   CG TYR A 199  1688  CD1 LEU B  32 ali
70.984 8.301 29.782 66.669 10.008 31.444  0.74
68.330290 9.523995 28.732420 
68.888092 10.300893 29.382691 
68.646337 9.067533 30.021784 
FEnd
FBeg
 1494  CE2 TYR A 199  1686   CB LEU B  32 ali
69.322 6.715 30.574 64.942 9.622 29.711  1.29
66.310006 6.770562 30.015246 
66.435924 7.118966 30.549760 
67.666188 8.516257 29.012530 
67.504616 8.185611 28.718786 
FEnd
FBeg
 1494  CE2 TYR A 199  1968   CG ASN B  74 aro
69.322 6.715 30.574 66.022 4.105 32.017  1.71
68.491360 4.707876 31.899341 
67.020833 5.628150 30.200920 
68.039973 4.382232 30.278060 
68.323401 4.221795 30.636046 
68.461733 4.330656 31.149297 
FEnd
FBeg
 1494  CE2 TYR A 199  1959   CB ILE B  73 ali
69.322 6.715 30.574 70.838 2.997 30.954  2.19
68.323401 4.221795 30.636046 
68.465455 4.228363 30.133598 
69.671047 4.636493 29.317143 
70.262423 4.918986 29.721839 
68.726899 4.479412 31.546890 
68.461733 4.330656 31.149297 
FEnd
FBeg
 1494  CE2 TYR A 199  1961  CG2 ILE B  73 ali
69.322 6.715 30.574 71.358 4.228 31.688  5.00
70.262423 4.918986 29.721839 
70.385796 5.023170 29.728947 
71.492874 6.710064 31.471579 
68.856592 4.926787 32.308618 
68.772122 4.845087 32.280605 
68.726899 4.479412 31.546890 
FEnd
FBeg
 1492  CD2 TYR A 199  1961  CG2 ILE B  73 ali
70.178 7.178 29.582 71.358 4.228 31.688  2.44
70.385796 5.023170 29.728947 
71.492874 6.710064 31.471579 
71.508075 6.720017 31.477004 
71.561664 6.721063 31.448444 
72.698501 6.158833 30.023920 
FEnd
FBeg
 1490   CG TYR A 199  1961  CG2 ILE B  73 ali
70.984 8.301 29.782 71.358 4.228 31.688  1.09
71.561664 6.721063 31.448444 
72.760078 6.837282 31.461640 
72.810719 6.737821 31.239162 
72.841772 6.575816 30.886873 
72.798352 6.192285 30.075812 
72.784497 6.174336 30.040176 
72.698501 6.158833 30.023920 
FEnd
FBeg
 1490   CG TYR A 199  1962  CD1 ILE B  73 ali
70.984 8.301 29.782 72.011 3.653 28.782  0.05
72.784497 6.174336 30.040176 
72.698501 6.158833 30.023920 
72.678921 6.261227 29.527883 
72.795117 6.266086 29.624630 
72.796345 6.190202 29.978599 
FEnd
FBeg
 1497    N LEU A 200  1962  CD1 ILE B  73 unk
74.704 8.030 29.711 72.011 3.653 28.782  0.08
72.795117 6.266086 29.624630 
72.796345 6.190202 29.978599 
73.097053 6.240000 28.872280 
73.072090 6.256194 28.868342 
FEnd
FBeg
 1497    N LEU A 200  1961  CG2 ILE B  73 unk
74.704 8.030 29.711 71.358 4.228 31.688  0.10
72.841772 6.575816 30.886873 
72.988299 6.242424 30.493715 
72.798352 6.192285 30.075812 
FEnd
FBeg
 1487    C TYR A 199  1961  CG2 ILE B  73 ali
73.960 9.049 30.125 71.358 4.228 31.688  0.01
72.760078 6.837282 31.461640 
72.818717 6.872038 31.666461 
72.810719 6.737821 31.239162 
FEnd
FBeg
 1491  CD1 TYR A 199  1961  CG2 ILE B  73 ali
70.907 8.955 31.015 71.358 4.228 31.688  0.72
71.508075 6.720017 31.477004 
71.508816 6.720433 31.479428 
72.385888 6.923561 32.318404 
72.868388 6.929097 32.033946 
72.818717 6.872038 31.666461 
72.760078 6.837282 31.461640 
71.561664 6.721063 31.448444 
FEnd
FBeg
 1493  CE1 TYR A 199  1961  CG2 ILE B  73 ali
70.051 8.496 32.021 71.358 4.228 31.688  1.25
71.508816 6.720433 31.479428 
71.200915 6.437795 33.893451 
72.385888 6.923561 32.318404 
FEnd
FBeg
 1494  CE2 TYR A 199  1962  CD1 ILE B  73 ali
69.322 6.715 30.574 72.011 3.653 28.782  0.16
69.671047 4.636493 29.317143 
69.802334 4.852149 29.145655 
70.385796 5.023170 29.728947 
70.262423 4.918986 29.721839 
FEnd
FBeg
 1494  CE2 TYR A 199  1938    O LEU B  70 unk
69.322 6.715 30.574 67.503 2.223 30.001  0.10
68.039973 4.382232 30.278060 
68.465455 4.228363 30.133598 
68.323401 4.221795 30.636046 
FEnd
FBeg
 1494  CE2 TYR A 199  1963    N ASN B  74 unk
69.322 6.715 30.574 68.448 2.457 32.750  0.24
68.577827 4.817259 32.148114 
68.491360 4.707876 31.899341 
68.461733 4.330656 31.149297 
68.726899 4.479412 31.546890 
68.772122 4.845087 32.280605 
68.690483 4.844693 32.247044 
FEnd
FBeg
 1496   OH TYR A 199  1963    N ASN B  74 hbd
68.420 6.896 32.766 68.448 2.457 32.750  0.00
68.772122 4.845087 32.280605 
68.690483 4.844693 32.247044 
68.799253 4.844990 32.354787 
FEnd
FBeg
 1494  CE2 TYR A 199  1964   CA ASN B  74 ali
69.322 6.715 30.574 67.475 2.915 33.731  0.00
68.588415 4.858465 32.203906 
68.577827 4.817259 32.148114 
68.690483 4.844693 32.247044 
FEnd
FBeg
 1495   CZ TYR A 199  1969  OD1 ASN B  74 unk
69.262 7.374 31.789 66.500 5.225 32.210  0.68
66.668850 7.274409 31.571755 
68.065698 5.549633 31.931738 
66.651856 7.179871 30.977699 
FEnd
FBeg
 1495   CZ TYR A 199  1688  CD1 LEU B  32 ali
69.262 7.374 31.789 66.669 10.008 31.444  4.82
67.971717 8.801953 33.441950 
66.668850 7.274409 31.571755 
66.651856 7.179871 30.977699 
68.634631 9.014287 30.080651 
68.640860 9.020683 30.082668 
68.642343 9.023241 30.091047 
FEnd
FBeg
 1493  CE1 TYR A 199  1688  CD1 LEU B  32 ali
70.051 8.496 32.021 66.669 10.008 31.444  14.80
67.995835 9.212629 34.376739 
67.971717 8.801953 33.441950 
68.642343 9.023241 30.091047 
69.982085 13.178461 33.126897 
69.975374 13.246012 33.343247 
69.932369 13.294237 33.721685 
68.974171 11.747874 35.285852 
FEnd
FBeg
 1496   OH TYR A 199  1671  CG1 VAL B  29 unk
68.420 6.896 32.766 64.337 6.018 35.111  2.96
67.335249 5.770447 34.738995 
66.695392 8.613779 34.689490 
66.230802 7.894302 33.611188 
66.134710 7.334911 33.234432 
67.173967 5.737689 34.445915 
FEnd
FBeg
 1496   OH TYR A 199  1964   CA ASN B  74 unk
68.420 6.896 32.766 67.475 2.915 33.731  3.32
68.835134 5.344514 34.450654 
67.335249 5.770447 34.738995 
67.173967 5.737689 34.445915 
68.588415 4.858465 32.203906 
68.690483 4.844693 32.247044 
68.799253 4.844990 32.354787 
69.592531 5.054855 33.997397 
69.601859 5.059350 34.025078 
FEnd
FBeg
 1496   OH TYR A 199  1957    C ILE B  73 unk
68.420 6.896 32.766 69.732 2.308 33.069  0.00
69.592531 5.054855 33.997397 
69.607687 5.060925 34.023681 
69.601859 5.059350 34.025078 
FEnd
FBeg
 1496   OH TYR A 199  1987   CB LEU B  77 unk
68.420 6.896 32.766 70.005 4.806 37.022  0.43
70.282477 5.765702 34.118474 
68.835134 5.344514 34.450654 
69.601859 5.059350 34.025078 
69.607687 5.060925 34.023681 
FEnd
FBeg
 1496   OH TYR A 199  1961  CG2 ILE B  73 unk
68.420 6.896 32.766 71.358 4.228 31.688  1.11
70.380080 5.884603 34.090208 
70.282477 5.765702 34.118474 
69.607687 5.060925 34.023681 
69.592531 5.054855 33.997397 
68.799253 4.844990 32.354787 
68.772122 4.845087 32.280605 
68.856592 4.926787 32.308618 
FEnd
FBeg
 1495   CZ TYR A 199  1961  CG2 ILE B  73 ali
69.262 7.374 31.789 71.358 4.228 31.688  4.87
71.085311 6.353652 34.115331 
70.380080 5.884603 34.090208 
68.856592 4.926787 32.308618 
71.492874 6.710064 31.471579 
71.508075 6.720017 31.477004 
71.508816 6.720433 31.479428 
71.200915 6.437795 33.893451 
FEnd
FBeg
 1493  CE1 TYR A 199  1990  CD2 LEU B  77 ali
70.051 8.496 32.021 69.239 7.148 36.654  5.85
68.974171 11.747874 35.285852 
70.993102 6.536387 34.123384 
69.508325 7.571998 34.164473 
67.995835 9.212629 34.376739 
FEnd
FBeg
 1527  CG2 VAL A 203  1989  CD1 LEU B  77 ali
72.840 9.069 34.296 71.165 6.680 38.192  0.92
71.548623 7.809958 36.009289 
71.495441 10.625534 37.712916 
70.962466 11.002027 37.714638 
FEnd
FBeg
 1526  CG1 VAL A 203  1989  CD1 LEU B  77 ali
74.026 7.946 36.189 71.165 6.680 38.192  13.58
71.548623 7.809958 36.009289 
71.495441 10.625534 37.712916 
73.417963 9.108665 39.500224 
73.564127 8.424235 39.276404 
73.333921 5.881332 37.340340 
72.322302 5.777289 35.829626 
71.716980 6.433027 35.379471 
FEnd
FBeg
 1237  CD1 LEU A 166  1989  CD1 LEU B  77 ali
74.680 5.471 39.362 71.165 6.680 38.192  11.72
73.564127 8.424235 39.276404 
73.328890 8.391219 39.949002 
71.940326 6.269769 41.928465 
72.067907 4.750485 39.975248 
72.904650 4.801580 37.514241 
73.333921 5.881332 37.340340 
FEnd
FBeg
 1237  CD1 LEU A 166  1984   CA LEU B  77 ali
74.680 5.471 39.362 70.536 3.687 37.916  4.83
72.067907 4.750485 39.975248 
72.904650 4.801580 37.514241 
73.347866 3.557029 37.779519 
73.492757 2.887616 38.190172 
73.404724 2.840648 38.500407 
72.638225 3.211876 40.239067 
FEnd
FBeg
 1237  CD1 LEU A 166  1982    O GLY B  76 unk
74.680 5.471 39.362 71.469 1.239 38.850  2.52
73.404724 2.840648 38.500407 
73.709723 2.624576 38.373587 
74.110731 2.290004 38.624111 
73.126137 2.709548 41.331187 
72.981801 2.820927 41.315771 
72.638225 3.211876 40.239067 
FEnd
FBeg
 1232   CA LEU A 166  1982    O GLY B  76 unk
76.696 3.311 40.430 71.469 1.239 38.850  2.06
74.110731 2.290004 38.624111 
73.126137 2.709548 41.331187 
73.472350 1.896506 41.252054 
74.109117 1.643939 39.476696 
74.187767 2.114218 38.599784 
FEnd
FBeg
 1257   CB ILE A 169  1982    O GLY B  76 unk
75.543 -0.880 38.079 71.469 1.239 38.850  0.79
74.109117 1.643939 39.476696 
73.635520 0.900388 39.017745 
74.011368 1.900488 38.255089 
74.187767 2.114218 38.599784 
FEnd
FBeg
 1259  CG2 ILE A 169  1982    O GLY B  76 unk
74.315 -1.085 37.205 71.469 1.239 38.850  1.12
73.635520 0.900388 39.017745 
72.463484 -0.425845 38.863673 
72.626576 -0.049852 38.614647 
73.989039 1.894390 38.225074 
74.011368 1.900488 38.255089 
FEnd
FBeg
 1259  CG2 ILE A 169  1981    C GLY B  76 ali
74.315 -1.085 37.205 71.040 1.309 37.699  1.97
72.626576 -0.049852 38.614647 
73.989039 1.894390 38.225074 
73.732640 1.692330 37.504476 
73.297992 1.237053 36.829298 
FEnd
FBeg
 1268  CD2 LEU A 170  1981    C GLY B  76 ali
74.077 2.651 34.839 71.040 1.309 37.699  2.20
73.732640 1.692330 37.504476 
73.297992 1.237053 36.829298 
72.082659 1.960946 35.878423 
72.839902 2.848808 37.099143 
73.108090 2.878394 37.397811 
FEnd
FBeg
 1268  CD2 LEU A 170  1984   CA LEU B  77 ali
74.077 2.651 34.839 70.536 3.687 37.916  1.27
72.839902 2.848808 37.099143 
73.108090 2.878394 37.397811 
72.980417 3.564318 37.019941 
72.396490 4.191114 36.136922 
71.886596 3.631018 35.738719 
FEnd
FBeg
 1268  CD2 LEU A 170  1983    N LEU B  77 unk
74.077 2.651 34.839 70.579 2.435 37.166  2.34
72.082659 1.960946 35.878423 
72.839902 2.848808 37.099143 
71.886596 3.631018 35.738719 
71.603202 3.536002 35.303895 
71.659634 1.981013 35.244385 
FEnd
FBeg
 1268  CD2 LEU A 170  1958    O ILE B  73 unk
74.077 2.651 34.839 70.176 2.534 34.197  3.17
71.603202 3.536002 35.303895 
71.689447 4.386919 34.624768 
71.872382 2.989982 33.767780 
71.833450 1.089571 34.350680 
71.659634 1.981013 35.244385 
FEnd
FBeg
 1268  CD2 LEU A 170  1980   CA GLY B  76 ali
74.077 2.651 34.839 71.010 0.083 36.804  4.36
73.297992 1.237053 36.829298 
72.082659 1.960946 35.878423 
71.659634 1.981013 35.244385 
71.833450 1.089571 34.350680 
72.131036 0.575473 34.143296 
73.076072 -0.117633 34.712524 
FEnd
FBeg
 1266   CG LEU A 170  1981    C GLY B  76 ali
75.190 3.311 35.661 71.040 1.309 37.699  1.11
73.989039 1.894390 38.225074 
73.732640 1.692330 37.504476 
73.108090 2.878394 37.397811 
73.492757 2.887616 38.190172 
73.709723 2.624576 38.373587 
FEnd
FBeg
 1259  CG2 ILE A 169  1980   CA GLY B  76 ali
74.315 -1.085 37.205 71.010 0.083 36.804  22.51
72.463484 -0.425845 38.863673 
72.626576 -0.049852 38.614647 
73.297992 1.237053 36.829298 
73.076072 -0.117633 34.712524 
72.567929 -1.649131 34.439764 
71.291193 -4.953293 35.338395 
70.803279 -5.678033 37.248763 
71.705665 -2.663967 38.590520 
FEnd
FBeg
 1260  CD1 ILE A 169  1980   CA GLY B  76 ali
74.348 -1.470 40.268 71.010 0.083 36.804  0.77
71.705665 -2.663967 38.590520 
72.463484 -0.425845 38.863673 
71.838151 -0.882063 39.261726 
FEnd
FBeg
 1260  CD1 ILE A 169  2002   CB ALA B  79 ali
74.348 -1.470 40.268 69.737 -1.398 40.987  78.10
71.838151 -0.882063 39.261726 
71.705665 -2.663967 38.590520 
71.515245 -8.080502 37.911747 
71.902757 -16.643233 41.254358 
72.551360 -11.759106 44.924801 
72.615025 -10.144485 45.171408 
72.572789 -4.645517 44.349880 
72.393879 -2.162248 42.953844 
72.036263 -0.050092 40.448921 
FEnd
FBeg
 1260  CD1 ILE A 169  2000    C ALA B  79 ali
74.348 -1.470 40.268 70.492 0.472 42.456  7.17
72.393879 -2.162248 42.953844 
73.363839 -0.519946 43.205589 
73.707732 1.762831 41.785522 
73.472350 1.896506 41.252054 
72.036263 -0.050092 40.448921 
FEnd
FBeg
 1227   CB ASN A 165  2000    C ALA B  79 ali
76.420 0.397 43.771 70.492 0.472 42.456  4.73
73.363839 -0.519946 43.205589 
73.707732 1.762831 41.785522 
73.576539 2.501646 42.419074 
73.432630 3.234465 43.109612 
73.225555 3.112842 44.036164 
73.191653 3.030313 44.184289 
FEnd
FBeg
 1227   CB ASN A 165  2001    O ALA B  79 unk
76.420 0.397 43.771 70.717 0.159 43.631  4.17
73.191653 3.030313 44.184289 
73.363839 -0.519946 43.205589 
73.389062 -1.387580 43.653093 
73.187037 2.401861 45.440665 
FEnd
FBeg
 1230  ND2 ASN A 165  2001    O ALA B  79 hbd
75.744 -0.624 45.859 70.717 0.159 43.631  134.52
73.389062 -1.387580 43.653093 
73.187037 2.401861 45.440665 
72.081437 2.030746 47.804789 
71.523421 1.467106 48.865748 
70.423143 -0.248142 50.745487 
64.488308 -15.549073 58.758856 
67.845535 -14.125159 51.684415 
72.572789 -4.645517 44.349880 
FEnd
FBeg
 1260  CD1 ILE A 169  2001    O ALA B  79 unk
74.348 -1.470 40.268 70.717 0.159 43.631  2.71
72.572789 -4.645517 44.349880 
73.389062 -1.387580 43.653093 
73.363839 -0.519946 43.205589 
72.393879 -2.162248 42.953844 
FEnd
FBeg
 1260  CD1 ILE A 169  1982    O GLY B  76 unk
74.348 -1.470 40.268 71.469 1.239 38.850  5.59
73.472350 1.896506 41.252054 
72.036263 -0.050092 40.448921 
71.838151 -0.882063 39.261726 
72.463484 -0.425845 38.863673 
73.635520 0.900388 39.017745 
74.109117 1.643939 39.476696 
FEnd
FBeg
 1266   CG LEU A 170  1982    O GLY B  76 unk
75.190 3.311 35.661 71.469 1.239 38.850  0.21
73.709723 2.624576 38.373587 
74.110731 2.290004 38.624111 
74.187767 2.114218 38.599784 
74.011368 1.900488 38.255089 
73.989039 1.894390 38.225074 
FEnd
FBeg
 1237  CD1 LEU A 166  1981    C GLY B  76 ali
74.680 5.471 39.362 71.040 1.309 37.699  0.06
73.492757 2.887616 38.190172 
73.709723 2.624576 38.373587 
73.404724 2.840648 38.500407 
FEnd
FBeg
 1266   CG LEU A 170  1984   CA LEU B  77 ali
75.190 3.311 35.661 70.536 3.687 37.916  0.59
73.347866 3.557029 37.779519 
73.492757 2.887616 38.190172 
73.108090 2.878394 37.397811 
72.980417 3.564318 37.019941 
FEnd
FBeg
 1237  CD1 LEU A 166  1986    O LEU B  77 unk
74.680 5.471 39.362 70.050 3.911 40.273  7.63
71.940326 6.269769 41.928465 
72.067907 4.750485 39.975248 
72.638225 3.211876 40.239067 
72.981801 2.820927 41.315771 
72.951498 3.989465 43.162769 
72.579214 5.061409 43.106302 
FEnd
FBeg
 1588  CD1 ILE A 211  1989  CD1 LEU B  77 ali
74.554 8.892 42.940 71.165 6.680 38.192  15.35
73.328890 8.391219 39.949002 
73.394759 9.119532 39.562679 
71.256914 10.554398 40.420143 
68.182336 8.883692 43.393046 
71.940326 6.269769 41.928465 
FEnd
FBeg
 1238  CD2 LEU A 166  1989  CD1 LEU B  77 ali
76.369 7.188 40.037 71.165 6.680 38.192  0.28
73.417963 9.108665 39.500224 
73.394759 9.119532 39.562679 
73.328890 8.391219 39.949002 
73.564127 8.424235 39.276404 
FEnd
FBeg
 1526  CG1 VAL A 203  1990  CD2 LEU B  77 ali
74.026 7.946 36.189 69.239 7.148 36.654  0.20
71.695953 6.377039 35.066921 
71.548623 7.809958 36.009289 
71.716980 6.433027 35.379471 
FEnd
FBeg
 1526  CG1 VAL A 203  1987   CB LEU B  77 ali
74.026 7.946 36.189 70.005 4.806 37.022  0.61
72.322302 5.777289 35.829626 
72.006782 5.843346 34.555574 
71.695953 6.377039 35.066921 
71.716980 6.433027 35.379471 
FEnd
FBeg
 1267  CD1 LEU A 170  1989  CD1 LEU B  77 ali
74.926 4.800 35.803 71.165 6.680 38.192  1.30
72.594396 4.920449 36.932266 
72.904650 4.801580 37.514241 
73.333921 5.881332 37.340340 
72.322302 5.777289 35.829626 
FEnd
FBeg
 1267  CD1 LEU A 170  1984   CA LEU B  77 ali
74.926 4.800 35.803 70.536 3.687 37.916  1.63
72.396490 4.191114 36.136922 
72.980417 3.564318 37.019941 
73.347866 3.557029 37.779519 
72.904650 4.801580 37.514241 
72.594396 4.920449 36.932266 
FEnd
FBeg
 1268  CD2 LEU A 170  1987   CB LEU B  77 ali
74.077 2.651 34.839 70.005 4.806 37.022  1.44
72.027502 5.006883 34.643337 
72.396490 4.191114 36.136922 
71.886596 3.631018 35.738719 
71.603202 3.536002 35.303895 
71.689447 4.386919 34.624768 
FEnd
FBeg
 1525   CB VAL A 203  1961  CG2 ILE B  73 ali
74.205 8.698 34.876 71.358 4.228 31.688  0.07
73.520644 6.257217 32.910453 
73.236145 6.053726 33.449842 
73.559321 6.047083 33.170549 
FEnd
FBeg
 1527  CG2 VAL A 203  1961  CG2 ILE B  73 ali
72.840 9.069 34.296 71.358 4.228 31.688  3.63
73.504227 6.321903 32.799711 
72.868388 6.929097 32.033946 
72.385888 6.923561 32.318404 
71.200915 6.437795 33.893451 
71.085311 6.353652 34.115331 
71.345762 6.149319 34.346614 
72.004739 5.839443 34.547345 
73.236145 6.053726 33.449842 
73.520644 6.257217 32.910453 
FEnd
FBeg
 1498   CA LEU A 200  1961  CG2 ILE B  73 ali
75.615 7.349 30.628 71.358 4.228 31.688  1.42
73.231386 6.062627 30.940575 
72.988299 6.242424 30.493715 
72.841772 6.575816 30.886873 
72.810719 6.737821 31.239162 
72.818717 6.872038 31.666461 
72.868388 6.929097 32.033946 
73.504227 6.321903 32.799711 
FEnd
FBeg
 1502   CG LEU A 200  1961  CG2 ILE B  73 ali
75.410 4.922 29.763 71.358 4.228 31.688  0.66
73.149042 4.946818 30.364977 
72.784497 6.174336 30.040176 
72.798352 6.192285 30.075812 
72.988299 6.242424 30.493715 
73.231386 6.062627 30.940575 
FEnd
FBeg
 1504  CD2 LEU A 200  1960  CG1 ILE B  73 ali
75.248 4.236 31.116 71.814 2.592 29.847  3.19
73.387798 2.575331 31.955516 
73.175877 4.113851 30.535823 
74.100203 2.947815 29.545145 
74.335105 2.348351 29.686095 
74.228968 2.024774 30.392506 
FEnd
FBeg
 1268  CD2 LEU A 170  1961  CG2 ILE B  73 ali
74.077 2.651 34.839 71.358 4.228 31.688  5.53
73.161929 2.459722 32.389647 
73.428982 2.613417 32.236127 
73.580278 4.996755 33.298377 
72.027502 5.006883 34.643337 
71.689447 4.386919 34.624768 
71.872382 2.989982 33.767780 
FEnd
FBeg
 1268  CD2 LEU A 170  1956   CA ILE B  73 ali
74.077 2.651 34.839 70.654 1.835 31.950  2.81
72.131036 0.575473 34.143296 
73.161929 2.459722 32.389647 
71.872382 2.989982 33.767780 
71.833450 1.089571 34.350680 
FEnd
FBeg
 1295  CD1 ILE A 173  1980   CA GLY B  76 ali
73.908 -0.003 31.888 71.010 0.083 36.804  1.10
72.100242 0.521535 34.126087 
72.567929 -1.649131 34.439764 
73.076072 -0.117633 34.712524 
72.131036 0.575473 34.143296 
FEnd
FBeg
 1295  CD1 ILE A 173  1954    O GLY B  72 unk
73.908 -0.003 31.888 70.237 -0.611 33.154  6.09
72.524923 -4.021686 33.175632 
72.783957 -3.972307 33.950465 
72.567929 -1.649131 34.439764 
72.100242 0.521535 34.126087 
71.819412 0.059309 33.089783 
72.157322 -2.795324 32.698671 
FEnd
FBeg
 1295  CD1 ILE A 173  1955    N ILE B  73 unk
73.908 -0.003 31.888 70.102 0.654 31.300  1.17
72.006647 -0.394814 29.596184 
71.920146 -0.838551 29.660283 
71.866736 -0.837844 30.006780 
71.788316 0.057390 31.514664 
71.983284 0.431048 30.670185 
FEnd
FBeg
 1295  CD1 ILE A 173  1960  CG1 ILE B  73 ali
73.908 -0.003 31.888 71.814 2.592 29.847  5.04
72.178796 -0.414106 29.395037 
72.006647 -0.394814 29.596184 
71.983284 0.431048 30.670185 
73.136627 2.427232 32.024911 
73.387798 2.575331 31.955516 
74.228968 2.024774 30.392506 
FEnd
FBeg
 1294  CG2 ILE A 173  1960  CG1 ILE B  73 ali
75.202 0.018 29.177 71.814 2.592 29.847  4.49
73.450072 1.600747 28.082877 
72.213032 -0.314123 29.184045 
72.178796 -0.414106 29.395037 
74.228968 2.024774 30.392506 
74.335105 2.348351 29.686095 
74.146886 2.302415 28.910804 
FEnd
FBeg
 1331  CG1 ILE A 177  1933  CG2 ILE B  69 ali
76.013 1.091 25.068 72.108 0.333 26.249  4.15
73.673899 1.656992 24.986718 
74.477705 0.456261 26.873857 
74.725840 -1.570267 26.393636 
74.659385 -1.640314 26.128941 
73.620857 1.078888 24.440289 
FEnd
FBeg
 1468  CD1 LEU A 196  1933  CG2 ILE B  69 ali
72.421 2.983 23.415 72.108 0.333 26.249  4.11
73.178797 2.723052 25.928882 
73.673899 1.656992 24.986718 
73.620857 1.078888 24.440289 
72.211802 0.966027 24.179134 
71.055439 1.894799 24.919891 
72.948887 2.794872 25.970646 
FEnd
FBeg
 1466   CB LEU A 196  1933  CG2 ILE B  69 ali
73.268 5.003 24.604 72.108 0.333 26.249  0.08
73.124112 2.893929 26.375422 
73.178797 2.723052 25.928882 
72.948887 2.794872 25.970646 
72.975206 2.917859 26.338355 
FEnd
FBeg
 1294  CG2 ILE A 173  1962  CD1 ILE B  73 ali
75.202 0.018 29.177 72.011 3.653 28.782  0.55
74.146886 2.302415 28.910804 
73.450072 1.600747 28.082877 
73.792534 1.865145 27.749444 
74.145889 2.208736 28.056771 
FEnd
FBeg
 1503  CD1 LEU A 200  1960  CG1 ILE B  73 ali
76.030 3.984 28.741 71.814 2.592 29.847  0.26
74.100203 2.947815 29.545145 
74.146886 2.302415 28.910804 
74.335105 2.348351 29.686095 
FEnd
FBeg
 1504  CD2 LEU A 200  1962  CD1 ILE B  73 ali
75.248 4.236 31.116 72.011 3.653 28.782  0.72
74.089607 3.074378 29.528227 
73.149042 4.946818 30.364977 
73.175877 4.113851 30.535823 
74.100203 2.947815 29.545145 
FEnd
FBeg
 1502   CG LEU A 200  1962  CD1 ILE B  73 ali
75.410 4.922 29.763 72.011 3.653 28.782  5.51
73.912355 4.994908 27.658018 
73.097053 6.240000 28.872280 
72.796345 6.190202 29.978599 
72.784497 6.174336 30.040176 
73.149042 4.946818 30.364977 
74.089607 3.074378 29.528227 
FEnd
FBeg
 1465    O LEU A 196  1962  CD1 ILE B  73 unk
74.332 6.820 27.093 72.011 3.653 28.782  1.97
72.273948 6.211589 27.687909 
73.072090 6.256194 28.868342 
73.097053 6.240000 28.872280 
73.912355 4.994908 27.658018 
73.926717 4.770959 27.257831 
73.287795 5.241095 27.261374 
FEnd
FBeg
 1489   CB TYR A 199  1962  CD1 ILE B  73 ali
71.889 8.800 28.670 72.011 3.653 28.782  1.08
71.657439 6.192660 27.489537 
72.678921 6.261227 29.527883 
72.795117 6.266086 29.624630 
73.072090 6.256194 28.868342 
72.273948 6.211589 27.687909 
FEnd
FBeg
 1466   CB LEU A 196  1962  CD1 ILE B  73 ali
73.268 5.003 24.604 72.011 3.653 28.782  2.49
72.975206 2.917859 26.338355 
72.325038 5.053481 26.832809 
73.413199 5.058995 27.161976 
73.930056 4.724416 27.209369 
73.986790 4.009028 26.995281 
73.124112 2.893929 26.375422 
FEnd
FBeg
 1469  CD2 LEU A 196  1933  CG2 ILE B  69 ali
70.943 4.194 25.041 72.108 0.333 26.249  3.44
70.620045 2.393880 26.934944 
70.448710 2.200329 26.481554 
70.295267 1.959652 25.860286 
71.055439 1.894799 24.919891 
72.948887 2.794872 25.970646 
72.975206 2.917859 26.338355 
FEnd
FBeg
 1469  CD2 LEU A 196  1929    C ILE B  69 ali
70.943 4.194 25.041 69.459 0.216 27.300  0.03
70.453998 2.341560 26.733730 
70.448710 2.200329 26.481554 
70.620045 2.393880 26.934944 
70.599857 2.405651 26.942409 
FEnd
FBeg
 1469  CD2 LEU A 196  1935    N LEU B  70 unk
70.943 4.194 25.041 68.568 1.085 26.832  1.30
69.006090 2.642193 25.335564 
69.845526 1.891901 25.146286 
70.295267 1.959652 25.860286 
70.448710 2.200329 26.481554 
70.453998 2.341560 26.733730 
69.058584 2.678486 25.468176 
FEnd
FBeg
 1469  CD2 LEU A 196  1910    O GLY B  66 unk
70.943 4.194 25.041 68.297 1.470 24.104  3.23
68.263806 3.675216 24.428551 
68.980349 3.230287 23.698575 
69.652414 2.597359 23.640743 
70.057355 2.138523 23.831135 
70.240306 1.822697 24.232651 
69.845526 1.891901 25.146286 
69.006090 2.642193 25.335564 
FEnd
FBeg
 1469  CD2 LEU A 196  1722   CZ PHE B  36 ali
70.943 4.194 25.041 68.207 4.777 22.000  2.71
70.009007 4.487488 23.014109 
69.978815 3.386592 22.830216 
69.895936 3.226522 22.874096 
69.355240 3.102739 23.336831 
68.980349 3.230287 23.698575 
68.263806 3.675216 24.428551 
68.164441 4.359782 24.649190 
FEnd
FBeg
 1467   CG LEU A 196  1720  CE1 PHE B  36 ali
72.033 4.340 23.988 68.621 5.980 22.561  3.13
70.642336 6.634594 23.967392 
70.009007 4.487488 23.014109 
70.542375 4.755182 22.046461 
70.927505 5.397423 21.863709 
71.153357 6.422033 22.501236 
FEnd
FBeg
 1462    N LEU A 196  1720  CE1 PHE B  36 unk
72.950 7.324 23.875 68.621 5.980 22.561  0.68
70.551438 6.757577 24.141067 
70.642336 6.634594 23.967392 
71.153357 6.422033 22.501236 
71.144001 6.479944 22.472827 
70.509450 7.182447 23.844825 
70.365693 7.089052 24.413966 
FEnd
FBeg
 1463   CA LEU A 196  1720  CE1 PHE B  36 ali
73.129 6.466 25.039 68.621 5.980 22.561  0.07
70.195792 7.189761 24.703299 
70.365693 7.089052 24.413966 
70.551438 6.757577 24.141067 
70.174206 7.121072 24.756040 
FEnd
FBeg
 1459    C ALA A 195  1718  CD1 PHE B  36 ali
72.651 8.613 24.011 67.703 6.786 23.235  1.35
69.869910 7.623348 25.760385 
70.195792 7.189761 24.703299 
70.145428 7.526158 24.232424 
69.516541 8.855968 25.111509 
FEnd
FBeg
 1469  CD2 LEU A 196  1941  CD1 LEU B  70 ali
70.943 4.194 25.041 67.811 5.297 27.634  7.90
70.589208 5.654048 27.415212 
69.921011 3.903395 27.352804 
69.224155 3.836203 26.539676 
68.175592 4.719163 24.897562 
68.182303 4.731724 24.900324 
69.854467 7.429602 25.772465 
70.285698 7.015308 26.469565 
FEnd
FBeg
 1492  CD2 TYR A 199  1962  CD1 ILE B  73 ali
70.178 7.178 29.582 72.011 3.653 28.782  5.85
69.802334 4.852149 29.145655 
70.589208 5.654048 27.415212 
71.289271 6.050429 27.272677 
71.657439 6.192660 27.489537 
72.678921 6.261227 29.527883 
72.698501 6.158833 30.023920 
70.385796 5.023170 29.728947 
FEnd
FBeg
 1494  CE2 TYR A 199  1941  CD1 LEU B  70 ali
69.322 6.715 30.574 67.811 5.297 27.634  8.08
67.504616 8.185611 28.718786 
66.310006 6.770562 30.015246 
67.020833 5.628150 30.200920 
68.039973 4.382232 30.278060 
68.465455 4.228363 30.133598 
69.671047 4.636493 29.317143 
69.802334 4.852149 29.145655 
FEnd
FBeg
 1492  CD2 TYR A 199  1686   CB LEU B  32 ali
70.178 7.178 29.582 64.942 9.622 29.711  1.02
67.964990 9.255993 27.125821 
67.504616 8.185611 28.718786 
67.666188 8.516257 29.012530 
67.991663 9.239171 28.527163 
FEnd
FBeg
 1492  CD2 TYR A 199  1689  CD2 LEU B  32 ali
70.178 7.178 29.582 66.241 11.765 29.712  0.89
68.163838 9.438505 26.707968 
67.964990 9.255993 27.125821 
67.991663 9.239171 28.527163 
68.330290 9.523995 28.732420 
68.438204 9.648804 27.596725 
FEnd
FBeg
 1489   CB TYR A 199  1941  CD1 LEU B  70 ali
71.889 8.800 28.670 67.811 5.297 27.634  1.25
70.257732 7.079776 26.441295 
69.907555 7.626791 25.970088 
69.631787 7.952326 25.954867 
68.211637 9.445772 26.495243 
68.161023 9.487656 26.552854 
68.163838 9.438505 26.707968 
FEnd
FBeg
   66  CD1 LEU A  10  1711  CD2 LEU B  35 ali
69.948 17.425 23.901 65.497 13.648 25.785  23.91
65.001827 18.964249 25.287209 
68.839257 16.232361 28.876416 
68.914343 16.106734 28.801952 
69.755758 14.512952 27.594641 
69.870613 13.537526 25.910477 
68.120927 14.407578 23.521057 
67.521778 14.899106 23.090955 
FEnd

+-+CCS_record::Boundary loops before union-find
Start boundary loop loop_id 0  init_edge IE_A_B
xyz 68.3047 3.19974 16.8002
xyz 68.5854 3.13751 16.6682
xyz 68.9999 3.38368 16.3631
xyz 70.0523 4.26437 15.5056
xyz 70.082 4.11354 15.1706
xyz 70.0024 3.95477 15.0724
xyz 69.0459 3.29312 13.6381
xyz 68.787 4.78069 12.9098
xyz 69.5449 4.95778 14.1171
xyz 69.8117 4.84814 14.5771
xyz 69.8545 4.86278 15.4181
xyz 67.4353 6.07103 16.3372
xyz 66.9865 5.03282 16.9186
xyz 66.9399 4.49394 17.1193
xyz 68.0487 3.33818 16.894
End loop
Boundary info init_edge IE_A_B [total exposed]: 16.049046 16.049046
Start boundary loop loop_id 1  init_edge IE_A_B
xyz 71.2866 6.25796 7.99079
xyz 70.4917 5.92056 8.71485
xyz 70.5743 5.61754 8.54817
xyz 70.4097 4.35389 9.05536
xyz 71.1919 4.88049 8.31199
xyz 73.2014 0.983069 11.137
xyz 71.5402 1.03378 11.6615
xyz 71.4132 1.02703 11.8526
xyz 71.1518 0.97201 12.8316
xyz 72.0275 0.884661 13.4175
xyz 70.6172 -0.641938 14.2555
xyz 70.5037 -1.04642 14.3749
xyz 70.4536 -2.00865 14.5723
xyz 71.2973 -2.77801 14.3817
xyz 71.3973 -3.02663 14.129
xyz 71.4457 -3.15665 13.9924
xyz 70.8807 -3.98944 12.1488
xyz 70.6259 -4.7862 11.6687
xyz 69.6643 -11.2639 12.7563
xyz 69.6618 -11.2898 12.7667
xyz 67.1851 -15.7062 15.3944
xyz 65.6565 -37.0345 18.3288
xyz 67.4382 -37.8622 20.421
xyz 70.8388 -23.8927 21.0775
xyz 71.6707 -11.4928 23.9747
xyz 71.3764 -11.0557 24.4195
xyz 70.7438 -5.20247 23.5748
xyz 72.1347 -6.30403 26.3461
xyz 72.6404 -5.76617 26.257
xyz 72.6269 -5.76143 26.3108
xyz 72.6936 -4.31619 28.3468
xyz 72.7963 -4.00673 28.4798
xyz 73.7073 -2.7413 27.3439
xyz 72.7738 -3.32174 28.2679
xyz 72.2748 -2.37288 28.8973
xyz 72.1566 -1.72033 29.0923
xyz 72.1379 -1.32001 29.3685
xyz 72.5182 -2.45187 29.5413
xyz 72.5249 -4.02169 33.1756
xyz 72.784 -3.97231 33.9505
xyz 72.5679 -1.64913 34.4398
xyz 71.2912 -4.95329 35.3384
xyz 70.8033 -5.67803 37.2488
xyz 71.7057 -2.66397 38.5905
xyz 71.5152 -8.0805 37.9117
xyz 71.9028 -16.6432 41.2544
xyz 72.5514 -11.7591 44.9248
xyz 72.615 -10.1445 45.1714
xyz 72.5728 -4.64552 44.3499
xyz 67.8455 -14.1252 51.6844
xyz 64.4883 -15.5491 58.7589
xyz 70.4231 -0.248142 50.7455
xyz 71.5234 1.46711 48.8657
xyz 72.0814 2.03075 47.8048
xyz 73.187 2.40186 45.4407
xyz 73.1917 3.03031 44.1843
xyz 73.2256 3.11284 44.0362
xyz 73.4326 3.23447 43.1096
xyz 73.5765 2.50165 42.4191
xyz 73.7077 1.76283 41.7855
xyz 73.4723 1.89651 41.2521
xyz 73.1261 2.70955 41.3312
xyz 72.9818 2.82093 41.3158
xyz 72.9515 3.98947 43.1628
xyz 72.5792 5.06141 43.1063
xyz 71.9403 6.26977 41.9285
xyz 68.1823 8.88369 43.393
xyz 71.2569 10.5544 40.4201
xyz 73.3948 9.11953 39.5627
xyz 73.418 9.10866 39.5002
xyz 71.4954 10.6255 37.7129
xyz 70.9625 11.002 37.7146
xyz 68.6702 14.0594 36.7047
xyz 68.9742 11.7479 35.2859
xyz 69.9324 13.2942 33.7217
xyz 69.9754 13.246 33.3432
xyz 69.9821 13.1785 33.1269
xyz 69.8422 13.086 31.9722
xyz 70.21 12.5675 29.5371
xyz 70.0612 12.1715 29.2158
xyz 69.4303 11.036 29.0266
xyz 68.4382 9.6488 27.5967
xyz 68.1638 9.4385 26.708
xyz 68.161 9.48766 26.5529
xyz 68.2116 9.44577 26.4952
xyz 69.6318 7.95233 25.9549
xyz 69.9076 7.62679 25.9701
xyz 69.8444 7.61535 25.8356
xyz 69.8699 7.62335 25.7604
xyz 69.5165 8.85597 25.1115
xyz 68.5781 10.4166 25.5454
xyz 68.4675 10.4658 25.3174
xyz 69.2621 11.6218 25.1229
xyz 68.1209 14.4076 23.5211
xyz 67.6947 15.8501 20.7885
xyz 67.9354 15.5236 19.741
xyz 68.6334 14.1055 19.2039
xyz 68.9432 13.2198 18.9674
xyz 68.7922 13.7574 18.3288
xyz 69.1062 13.4832 18.0819
xyz 69.3443 13.1675 17.7017
xyz 67.5185 12.3404 14.7998
xyz 67.5185 12.3398 14.8
xyz 67.5185 12.3404 14.7996
xyz 68.9303 12.2711 13.4333
xyz 69.0332 12.2366 13.3536
xyz 69.3375 12.3783 11.4035
xyz 69.8279 11.5201 10.8183
xyz 70.3983 11.4419 10.2127
xyz 71.1875 8.87744 13.3792
xyz 71.6732 7.18244 14.1892
xyz 71.7948 6.42132 11.1099
xyz 71.6998 6.43055 7.80644
End loop
Boundary info init_edge IE_A_B [total exposed]: 284.914796 284.914796
Start boundary loop loop_id 2  init_edge IE_A_B
xyz 68.8393 16.2324 28.8764
xyz 68.9143 16.1067 28.802
xyz 69.7558 14.513 27.5946
xyz 69.8706 13.5375 25.9105
xyz 68.1209 14.4076 23.5211
xyz 67.5218 14.8991 23.091
xyz 65.0018 18.9642 25.2872
End loop
Boundary info init_edge IE_A_B [total exposed]: 19.441239 19.441239
Voronoi Facets of interface MI_AWi_BWi
FBeg
 1859   CG GLU B  58  2061    O HOH A 319 unk
70.845 -0.788 8.087 71.274 -1.266 12.733  5.88
73.559920 -2.982060 10.285000 
73.553323 -1.050399 10.484347 
73.180269 -0.500516 10.575368 
71.511223 -1.762257 10.599670 
70.892282 -4.474075 10.377819 
FEnd
FBeg
 1405  CD2 LEU A 187  2061    O HOH A 319 unk
73.473 -5.131 13.805 71.274 -1.266 12.733  8.16
70.892282 -4.474075 10.377819 
73.559920 -2.982060 10.285000 
73.479489 -2.622850 11.745087 
71.461207 -3.149609 13.986022 
71.445715 -3.156646 13.992427 
70.880739 -3.989438 12.148808 
70.758376 -4.346042 11.114109 
70.837434 -4.494888 10.415284 
FEnd
FBeg
 1877   CB VAL B  61  2061    O HOH A 319 unk
68.132 -3.455 13.859 71.274 -1.266 12.733  5.80
70.880739 -3.989438 12.148808 
70.313662 -2.008374 14.417718 
69.460258 -1.356261 13.304111 
69.395239 -1.809375 12.241805 
70.347680 -3.830038 10.971236 
70.758376 -4.346042 11.114109 
FEnd
FBeg
 1857    O GLU B  58  2061    O HOH A 319 hbw
69.133 0.190 12.243 71.274 -1.266 12.733  4.40
69.460258 -1.356261 13.304111 
70.018578 -0.411328 13.672393 
71.151757 0.972010 12.831584 
71.413222 1.027034 11.852640 
69.943053 -1.084486 12.002152 
69.395239 -1.809375 12.241805 
FEnd
FBeg
 1856    C GLU B  58  2061    O HOH A 319 unk
68.725 0.393 11.098 71.274 -1.266 12.733  0.82
71.413222 1.027034 11.852640 
71.540227 1.033775 11.661477 
71.045694 0.051398 11.435668 
69.943053 -1.084486 12.002152 
FEnd
FBeg
 1420  CG2 THR A 189  2061    O HOH A 319 unk
71.538 3.742 13.085 71.274 -1.266 12.733  3.76
71.151757 0.972010 12.831584 
72.027542 0.884661 13.417483 
73.000570 0.860014 13.038364 
73.251354 0.860246 12.846976 
73.435533 0.862228 12.680640 
73.516754 0.960225 11.225495 
73.201367 0.983069 11.137031 
71.540227 1.033775 11.661477 
71.413222 1.027034 11.852640 
FEnd
FBeg
 1400    C LEU A 187  2061    O HOH A 319 unk
73.326 -1.128 15.422 71.274 -1.266 12.733  2.18
73.000570 0.860014 13.038364 
71.989284 -1.937474 13.953653 
73.425488 -0.717036 12.795039 
73.433902 0.836653 12.708883 
73.251354 0.860246 12.846976 
FEnd
FBeg
 1401    O LEU A 187  2061    O HOH A 319 hbw
72.188 -0.838 15.051 71.274 -1.266 12.733  5.50
72.027542 0.884661 13.417483 
70.617174 -0.641938 14.255473 
70.503716 -1.046418 14.374894 
70.453611 -2.008654 14.572320 
71.297276 -2.778009 14.381714 
71.989284 -1.937474 13.953653 
73.000570 0.860014 13.038364 
FEnd
FBeg
 1881   CA SER B  62  2061    O HOH A 319 unk
69.281 0.283 16.086 71.274 -1.266 12.733  0.07
70.617174 -0.641938 14.255473 
70.339871 -0.627324 14.083895 
70.503716 -1.046418 14.374894 
FEnd
FBeg
 1884   CB SER B  62  2061    O HOH A 319 unk
69.846 1.447 15.272 71.274 -1.266 12.733  2.04
70.018578 -0.411328 13.672393 
70.339871 -0.627324 14.083895 
70.617174 -0.641938 14.255473 
72.027542 0.884661 13.417483 
71.151757 0.972010 12.831584 
FEnd
FBeg
 1880    N SER B  62  2061    O HOH A 319 hbw
68.529 -0.613 15.219 71.274 -1.266 12.733  1.51
70.313662 -2.008374 14.417718 
70.453611 -2.008654 14.572320 
70.503716 -1.046418 14.374894 
70.339871 -0.627324 14.083895 
70.018578 -0.411328 13.672393 
69.460258 -1.356261 13.304111 
FEnd
FBeg
 1878  CG1 VAL B  61  2061    O HOH A 319 unk
68.979 -4.296 14.805 71.274 -1.266 12.733  2.05
71.445715 -3.156646 13.992427 
71.397327 -3.026632 14.128958 
71.297276 -2.778009 14.381714 
70.453611 -2.008654 14.572320 
70.313662 -2.008374 14.417718 
70.880739 -3.989438 12.148808 
FEnd
FBeg
 1402   CB LEU A 187  2061    O HOH A 319 unk
73.598 -3.605 15.784 71.274 -1.266 12.733  0.00
71.461207 -3.149609 13.986022 
71.397327 -3.026632 14.128958 
71.445715 -3.156646 13.992427 
FEnd
FBeg
 1399   CA LEU A 187  2061    O HOH A 319 unk
74.019 -2.403 14.938 71.274 -1.266 12.733  4.51
73.479489 -2.622850 11.745087 
73.425488 -0.717036 12.795039 
71.989284 -1.937474 13.953653 
71.297276 -2.778009 14.381714 
71.397327 -3.026632 14.128958 
71.461207 -3.149609 13.986022 
FEnd
FBeg
 1855   CA GLU B  58  2061    O HOH A 319 unk
69.102 -0.543 9.955 71.274 -1.266 12.733  6.66
71.511223 -1.762257 10.599670 
70.892282 -4.474075 10.377819 
70.837434 -4.494888 10.415284 
70.347680 -3.830038 10.971236 
69.395239 -1.809375 12.241805 
69.943053 -1.084486 12.002152 
71.045694 0.051398 11.435668 
FEnd
FBeg
 1858   CB GLU B  58  2061    O HOH A 319 unk
70.164 0.132 9.082 71.274 -1.266 12.733  4.70
73.180269 -0.500516 10.575368 
71.511223 -1.762257 10.599670 
71.045694 0.051398 11.435668 
71.540227 1.033775 11.661477 
73.201367 0.983069 11.137031 
FEnd
FBeg
 1396    O ALA A 186  2061    O HOH A 319 hbw
75.568 -1.276 12.972 71.274 -1.266 12.733  6.78
73.559920 -2.982060 10.285000 
73.553323 -1.050399 10.484347 
73.516754 0.960225 11.225495 
73.435533 0.862228 12.680640 
73.433902 0.836653 12.708883 
73.425488 -0.717036 12.795039 
73.479489 -2.622850 11.745087 
FEnd
FBeg
 1867   CB ALA B  59  2078    O HOH B 124 unk
66.778 3.553 11.069 68.145 4.164 15.153  0.88
66.135042 4.537958 13.802618 
66.832757 4.107569 13.633468 
68.670337 4.819026 12.911952 
68.392008 4.935117 12.987747 
FEnd
FBeg
 1765   CB GLU B  43  2078    O HOH B 124 unk
66.842 7.340 13.092 68.145 4.164 15.153  4.45
68.392008 4.935117 12.987747 
66.135042 4.537958 13.802618 
65.784581 4.610104 14.135362 
65.746731 4.648899 14.219076 
66.127487 5.383044 15.109672 
66.955668 6.044317 15.605102 
67.581002 5.886947 14.967248 
FEnd
FBeg
 1766   CG GLU B  43  2078    O HOH B 124 unk
67.863 8.114 13.902 68.145 4.164 15.153  0.22
66.955668 6.044317 15.605102 
67.223244 6.154909 15.893979 
67.595321 5.943434 15.142378 
67.581002 5.886947 14.967248 
FEnd
FBeg
 1769  OE2 GLU B  43  2078    O HOH B 124 hbw
69.330 6.615 15.050 68.145 4.164 15.153  3.40
67.223244 6.154909 15.893979 
67.435265 6.071030 16.337245 
69.854460 4.862782 15.418124 
69.811651 4.848138 14.577136 
69.544877 4.957783 14.117061 
67.595321 5.943434 15.142378 
FEnd
FBeg
 1420  CG2 THR A 189  2078    O HOH B 124 unk
71.538 3.742 13.085 68.145 4.164 15.153  2.66
69.811651 4.848138 14.577136 
70.082009 4.113542 15.170619 
70.002421 3.954766 15.072438 
69.045918 3.293118 13.638105 
68.787031 4.780685 12.909790 
69.544877 4.957783 14.117061 
FEnd
FBeg
 1884   CB SER B  62  2078    O HOH B 124 unk
69.846 1.447 15.272 68.145 4.164 15.153  4.71
70.002421 3.954766 15.072438 
68.999929 3.383679 16.363147 
68.585379 3.137505 16.668168 
68.351249 2.980599 16.432372 
67.708167 2.524684 15.215248 
68.235350 2.803617 14.048197 
69.045918 3.293118 13.638105 
FEnd
FBeg
 1886    N ALA B  63  2078    O HOH B 124 hbw
67.159 1.246 16.767 68.145 4.164 15.153  1.53
68.351249 2.980599 16.432372 
68.304744 3.199740 16.800154 
68.048671 3.338182 16.894010 
66.943587 3.141390 15.863124 
66.843902 2.993657 15.535134 
67.708167 2.524684 15.215248 
FEnd
FBeg
 1890   CB ALA B  63  2078    O HOH B 124 unk
64.959 2.302 16.960 68.145 4.164 15.153  2.72
66.943587 3.141390 15.863124 
66.812416 4.453097 16.983482 
66.230972 4.663096 16.174704 
65.731979 4.699628 15.332552 
65.583845 4.398489 14.761064 
66.843902 2.993657 15.535134 
FEnd
FBeg
 1744   CB ALA B  40  2078    O HOH B 124 unk
64.491 5.597 18.152 68.145 4.164 15.153  0.36
66.812416 4.453097 16.983482 
66.939914 4.493945 17.119308 
66.986530 5.032817 16.918618 
66.230972 4.663096 16.174704 
FEnd
FBeg
 1887   CA ALA B  63  2078    O HOH B 124 unk
66.182 1.782 17.712 68.145 4.164 15.153  1.31
68.048671 3.338182 16.894010 
66.939914 4.493945 17.119308 
66.812416 4.453097 16.983482 
66.943587 3.141390 15.863124 
FEnd
FBeg
 1882    C SER B  62  2078    O HOH B 124 unk
68.353 0.818 17.173 68.145 4.164 15.153  0.06
68.585379 3.137505 16.668168 
68.304744 3.199740 16.800154 
68.351249 2.980599 16.432372 
FEnd
FBeg
 1885   OG SER B  62  2078    O HOH B 124 hbw
70.369 2.450 16.122 68.145 4.164 15.153  0.46
70.082009 4.113542 15.170619 
70.052315 4.264374 15.505569 
68.999929 3.383679 16.363147 
70.002421 3.954766 15.072438 
FEnd
FBeg
 1419  OG1 THR A 189  2078    O HOH B 124 hbw
71.613 5.282 14.957 68.145 4.164 15.153  0.44
69.854460 4.862782 15.418124 
70.052315 4.264374 15.505569 
70.082009 4.113542 15.170619 
69.811651 4.848138 14.577136 
FEnd
FBeg
 1441  CG2 VAL A 192  2078    O HOH B 124 unk
69.645 5.064 17.918 68.145 4.164 15.153  6.39
67.435265 6.071030 16.337245 
66.986530 5.032817 16.918618 
66.939914 4.493945 17.119308 
68.048671 3.338182 16.894010 
68.304744 3.199740 16.800154 
68.585379 3.137505 16.668168 
68.999929 3.383679 16.363147 
70.052315 4.264374 15.505569 
69.854460 4.862782 15.418124 
FEnd
FBeg
 1741   CA ALA B  40  2078    O HOH B 124 unk
64.785 6.795 17.258 68.145 4.164 15.153  2.63
66.127487 5.383044 15.109672 
65.731979 4.699628 15.332552 
66.230972 4.663096 16.174704 
66.986530 5.032817 16.918618 
67.435265 6.071030 16.337245 
67.223244 6.154909 15.893979 
66.955668 6.044317 15.605102 
FEnd
FBeg
 1743    O ALA B  40  2078    O HOH B 124 hbw
64.046 6.484 14.993 68.145 4.164 15.153  0.63
65.746731 4.648899 14.219076 
65.680061 4.542724 14.387521 
65.583845 4.398489 14.761064 
65.731979 4.699628 15.332552 
66.127487 5.383044 15.109672 
FEnd
FBeg
 1776  CG2 VAL B  44  2078    O HOH B 124 unk
63.001 3.899 12.950 68.145 4.164 15.153  0.01
65.784581 4.610104 14.135362 
65.680061 4.542724 14.387521 
65.746731 4.648899 14.219076 
FEnd
FBeg
 1767   CD GLU B  43  2078    O HOH B 124 unk
69.167 7.337 14.046 68.145 4.164 15.153  2.27
68.670337 4.819026 12.911952 
68.392008 4.935117 12.987747 
67.581002 5.886947 14.967248 
67.595321 5.943434 15.142378 
69.544877 4.957783 14.117061 
68.787031 4.780685 12.909790 
FEnd
FBeg
 1864   CA ALA B  59  2078    O HOH B 124 unk
67.500 2.392 11.763 68.145 4.164 15.153  2.85
66.832757 4.107569 13.633468 
68.670337 4.819026 12.911952 
68.787031 4.780685 12.909790 
69.045918 3.293118 13.638105 
68.235350 2.803617 14.048197 
FEnd
FBeg
 1866    O ALA B  59  2078    O HOH B 124 hbw
66.612 2.141 13.977 68.145 4.164 15.153  4.59
66.135042 4.537958 13.802618 
66.832757 4.107569 13.633468 
68.235350 2.803617 14.048197 
67.708167 2.524684 15.215248 
66.843902 2.993657 15.535134 
65.583845 4.398489 14.761064 
65.680061 4.542724 14.387521 
65.784581 4.610104 14.135362 
FEnd
FBeg
 1427   CD PRO A 190  2060    O HOH A 318 unk
75.472 5.885 13.264 72.912 8.224 13.058  18.54
72.955564 6.060714 10.318094 
73.086533 6.007092 8.081669 
74.883376 7.745920 5.495263 
75.008009 7.919247 5.914442 
74.860852 8.318911 12.281129 
74.213383 7.753512 13.907589 
73.566762 7.061492 14.085831 
73.416686 6.893949 14.048490 
FEnd
FBeg
 1418   CB THR A 189  2060    O HOH A 318 unk
72.398 4.703 13.908 72.912 8.224 13.058  5.59
73.416686 6.893949 14.048490 
73.378057 6.921946 14.141107 
72.333844 7.160976 14.499810 
71.673168 7.182443 14.189218 
71.794837 6.421316 11.109936 
72.955564 6.060714 10.318094 
FEnd
FBeg
 1768  OE1 GLU B  43  2060    O HOH A 318 hbw
70.020 7.434 13.139 72.912 8.224 13.058  22.23
71.673168 7.182443 14.189218 
71.187462 8.877442 13.379220 
70.398253 11.441880 10.212694 
71.175272 8.310449 7.414034 
71.316044 7.792752 7.390987 
71.511857 7.088040 7.509131 
71.699788 6.430553 7.806443 
71.794837 6.421316 11.109936 
FEnd
FBeg
 1433  OG1 THR A 191  2060    O HOH A 318 hbw
72.002 9.948 14.681 72.912 8.224 13.058  16.29
71.187462 8.877442 13.379220 
73.355013 9.185789 14.267008 
74.259709 9.910090 14.004887 
74.261313 10.121301 13.781433 
73.243825 11.833192 11.392514 
72.523852 12.908986 9.846091 
71.338794 12.766829 9.332645 
70.398253 11.441880 10.212694 
FEnd
FBeg
   11  CD1 LEU A   4  2060    O HOH A 318 unk
76.612 12.188 14.093 72.912 8.224 13.058  25.26
73.243825 11.833192 11.392514 
74.604725 9.968970 13.667338 
74.609324 9.964375 13.668499 
75.518296 9.812177 11.001943 
75.813585 10.231131 8.341747 
75.206878 11.458220 5.810960 
73.710278 12.922649 5.552432 
72.528566 13.455670 7.735466 
72.523852 12.908986 9.846091 
FEnd
FBeg
   10   CG LEU A   4  2060    O HOH A 318 unk
75.475 12.516 15.042 72.912 8.224 13.058  0.59
74.261313 10.121301 13.781433 
74.604725 9.968970 13.667338 
73.243825 11.833192 11.392514 
FEnd
FBeg
   12  CD2 LEU A   4  2060    O HOH A 318 unk
75.390 11.487 16.160 72.912 8.224 13.058  0.10
74.259709 9.910090 14.004887 
74.499518 9.808601 13.920075 
74.609324 9.964375 13.668499 
74.604725 9.968970 13.667338 
74.261313 10.121301 13.781433 
FEnd
FBeg
 1432   CB THR A 191  2060    O HOH A 318 unk
71.635 9.188 15.841 72.912 8.224 13.058  2.99
72.333844 7.160976 14.499810 
73.355013 9.185789 14.267008 
71.187462 8.877442 13.379220 
71.673168 7.182443 14.189218 
FEnd
FBeg
 1421    N PRO A 190  2060    O HOH A 318 hbw
75.141 5.861 14.702 72.912 8.224 13.058  0.01
73.566762 7.061492 14.085831 
73.378057 6.921946 14.141107 
73.416686 6.893949 14.048490 
FEnd
FBeg
 1428    N THR A 191  2060    O HOH A 318 hbw
73.845 8.077 15.872 72.912 8.224 13.058  3.56
74.213383 7.753512 13.907589 
74.499518 9.808601 13.920075 
74.259709 9.910090 14.004887 
73.355013 9.185789 14.267008 
72.333844 7.160976 14.499810 
73.378057 6.921946 14.141107 
73.566762 7.061492 14.085831 
FEnd
FBeg
 1425   CB PRO A 190  2060    O HOH A 318 unk
76.520 7.714 14.317 72.912 8.224 13.058  4.36
74.860852 8.318911 12.281129 
75.518296 9.812177 11.001943 
74.609324 9.964375 13.668499 
74.499518 9.808601 13.920075 
74.213383 7.753512 13.907589 
FEnd
FBeg
 1426   CG PRO A 190  2060    O HOH A 318 unk
76.774 6.683 13.244 72.912 8.224 13.058  9.26
75.008009 7.919247 5.914442 
75.813585 10.231131 8.341747 
75.518296 9.812177 11.001943 
74.860852 8.318911 12.281129 
FEnd

+-+CCS_record::Boundary loops before union-find
Start boundary loop loop_id 3  init_edge IE_B_Wi
xyz 73.4355 0.862228 12.6806
xyz 73.4339 0.836653 12.7089
xyz 73.2514 0.860246 12.847
End loop
Boundary info init_edge IE_B_Wi [total exposed]: 0.516426 0.516426
Start boundary loop loop_id 4  init_edge IE_B_Wi
xyz 70.3477 -3.83004 10.9712
xyz 70.7584 -4.34604 11.1141
xyz 70.8374 -4.49489 10.4153
End loop
Boundary info init_edge IE_B_Wi [total exposed]: 2.389128 2.389128
Start boundary loop loop_id 5  init_edge IE_B_Wi
xyz 73.5168 0.960225 11.2255
xyz 73.2014 0.983069 11.137
xyz 73.1803 -0.500516 10.5754
xyz 73.5533 -1.0504 10.4843
End loop
Boundary info init_edge IE_B_Wi [total exposed]: 4.728716 4.728716
Start boundary loop loop_id 6  init_edge IE_A_Wi
xyz 73.0865 6.00709 8.08167
xyz 74.8834 7.74592 5.49526
xyz 75.008 7.91925 5.91444
xyz 75.8136 10.2311 8.34175
xyz 75.2069 11.4582 5.81096
xyz 73.7103 12.9226 5.55243
xyz 72.5286 13.4557 7.73547
xyz 72.5239 12.909 9.84609
xyz 71.3388 12.7668 9.33265
xyz 70.3983 11.4419 10.2127
xyz 71.1753 8.31045 7.41403
xyz 71.316 7.79275 7.39099
xyz 71.5119 7.08804 7.50913
xyz 71.6998 6.43055 7.80644
xyz 71.7948 6.42132 11.1099
xyz 72.9556 6.06071 10.3181
End loop
Boundary info init_edge IE_A_Wi [total exposed]: 33.659874 33.659874
+-+Surf_areas::Interface areas<Areas altogether before UFind>: IE_A_B: 1289.57 IE_A_Wi: 63.47 IE_B_Wi: 44.62 
+-+Surf_areas::Chem Interface areas<Areas altogether before UFind>: ali: 1004.84 aro: 1.71 hbd: 150.47 hbw: 35.67 hbdp: 0.00 elu: 0.00 elf: 0.00 hbwp: 0.00 ssb: 0.00 unk: 204.98 
+++UnionFindAlgo::processing merged ccs...

+-+MCC_record::Boundary nets of merged cc after union-find
Start boundary net with  1 loops
Start boundary loop loop_id 4
Start boundary loop auf loop_id 4  init_edge IE_B_Wi
xyz 70.3477 -3.83004 10.9712
xyz 70.7584 -4.34604 11.1141
xyz 70.8374 -4.49489 10.4153
End loop. Loop info [total exposed]: 2.38913 2.38913
End net. Net info [total exposed]: 2.38913 2.38913
Start boundary net with  1 loops
Start boundary loop loop_id 5
Start boundary loop auf loop_id 5  init_edge IE_B_Wi
xyz 73.5168 0.960225 11.2255
xyz 73.2014 0.983069 11.137
xyz 73.1803 -0.500516 10.5754
xyz 73.5533 -1.0504 10.4843
End loop. Loop info [total exposed]: 4.72872 4.72872
End net. Net info [total exposed]: 4.72872 4.72872
Start boundary net with  1 loops
Start boundary loop loop_id 3
Start boundary loop auf loop_id 3  init_edge IE_B_Wi
xyz 73.4355 0.862228 12.6806
xyz 73.4339 0.836653 12.7089
xyz 73.2514 0.860246 12.847
End loop. Loop info [total exposed]: 0.516426 0.516426
End net. Net info [total exposed]: 0.516426 0.516426
Start boundary net with  1 loops
Start boundary loop loop_id 0
Start boundary loop auf loop_id 0  init_edge IE_A_B
xyz 68.3047 3.19974 16.8002
xyz 68.5854 3.13751 16.6682
xyz 68.9999 3.38368 16.3631
xyz 70.0523 4.26437 15.5056
xyz 70.082 4.11354 15.1706
xyz 70.0024 3.95477 15.0724
xyz 69.0459 3.29312 13.6381
xyz 68.787 4.78069 12.9098
xyz 69.5449 4.95778 14.1171
xyz 69.8117 4.84814 14.5771
xyz 69.8545 4.86278 15.4181
xyz 67.4353 6.07103 16.3372
xyz 66.9865 5.03282 16.9186
xyz 66.9399 4.49394 17.1193
xyz 68.0487 3.33818 16.894
End loop. Loop info [total exposed]: 16.049 0
End net. Net info [total exposed]: 16.049 0
Start boundary net with  2 loops
Start boundary loop loop_id 1
Start boundary loop auf loop_id 1  init_edge IE_A_B
xyz 71.2866 6.25796 7.99079
xyz 70.4917 5.92056 8.71485
xyz 70.5743 5.61754 8.54817
xyz 70.4097 4.35389 9.05536
xyz 71.1919 4.88049 8.31199
xyz 73.2014 0.983069 11.137
xyz 71.5402 1.03378 11.6615
xyz 71.4132 1.02703 11.8526
xyz 71.1518 0.97201 12.8316
xyz 72.0275 0.884661 13.4175
xyz 70.6172 -0.641938 14.2555
xyz 70.5037 -1.04642 14.3749
xyz 70.4536 -2.00865 14.5723
xyz 71.2973 -2.77801 14.3817
xyz 71.3973 -3.02663 14.129
xyz 71.4457 -3.15665 13.9924
xyz 70.8807 -3.98944 12.1488
xyz 70.6259 -4.7862 11.6687
xyz 69.6643 -11.2639 12.7563
xyz 69.6618 -11.2898 12.7667
xyz 67.1851 -15.7062 15.3944
xyz 65.6565 -37.0345 18.3288
xyz 67.4382 -37.8622 20.421
xyz 70.8388 -23.8927 21.0775
xyz 71.6707 -11.4928 23.9747
xyz 71.3764 -11.0557 24.4195
xyz 70.7438 -5.20247 23.5748
xyz 72.1347 -6.30403 26.3461
xyz 72.6404 -5.76617 26.257
xyz 72.6269 -5.76143 26.3108
xyz 72.6936 -4.31619 28.3468
xyz 72.7963 -4.00673 28.4798
xyz 73.7073 -2.7413 27.3439
xyz 72.7738 -3.32174 28.2679
xyz 72.2748 -2.37288 28.8973
xyz 72.1566 -1.72033 29.0923
xyz 72.1379 -1.32001 29.3685
xyz 72.5182 -2.45187 29.5413
xyz 72.5249 -4.02169 33.1756
xyz 72.784 -3.97231 33.9505
xyz 72.5679 -1.64913 34.4398
xyz 71.2912 -4.95329 35.3384
xyz 70.8033 -5.67803 37.2488
xyz 71.7057 -2.66397 38.5905
xyz 71.5152 -8.0805 37.9117
xyz 71.9028 -16.6432 41.2544
xyz 72.5514 -11.7591 44.9248
xyz 72.615 -10.1445 45.1714
xyz 72.5728 -4.64552 44.3499
xyz 67.8455 -14.1252 51.6844
xyz 64.4883 -15.5491 58.7589
xyz 70.4231 -0.248142 50.7455
xyz 71.5234 1.46711 48.8657
xyz 72.0814 2.03075 47.8048
xyz 73.187 2.40186 45.4407
xyz 73.1917 3.03031 44.1843
xyz 73.2256 3.11284 44.0362
xyz 73.4326 3.23447 43.1096
xyz 73.5765 2.50165 42.4191
xyz 73.7077 1.76283 41.7855
xyz 73.4723 1.89651 41.2521
xyz 73.1261 2.70955 41.3312
xyz 72.9818 2.82093 41.3158
xyz 72.9515 3.98947 43.1628
xyz 72.5792 5.06141 43.1063
xyz 71.9403 6.26977 41.9285
xyz 68.1823 8.88369 43.393
xyz 71.2569 10.5544 40.4201
xyz 73.3948 9.11953 39.5627
xyz 73.418 9.10866 39.5002
xyz 71.4954 10.6255 37.7129
xyz 70.9625 11.002 37.7146
xyz 68.6702 14.0594 36.7047
xyz 68.9742 11.7479 35.2859
xyz 69.9324 13.2942 33.7217
xyz 69.9754 13.246 33.3432
xyz 69.9821 13.1785 33.1269
xyz 69.8422 13.086 31.9722
xyz 70.21 12.5675 29.5371
xyz 70.0612 12.1715 29.2158
xyz 69.4303 11.036 29.0266
xyz 68.4382 9.6488 27.5967
xyz 68.1638 9.4385 26.708
xyz 68.161 9.48766 26.5529
xyz 68.2116 9.44577 26.4952
xyz 69.6318 7.95233 25.9549
xyz 69.9076 7.62679 25.9701
xyz 69.8444 7.61535 25.8356
xyz 69.8699 7.62335 25.7604
xyz 69.5165 8.85597 25.1115
xyz 68.5781 10.4166 25.5454
xyz 68.4675 10.4658 25.3174
xyz 69.2621 11.6218 25.1229
xyz 68.1209 14.4076 23.5211
xyz 67.6947 15.8501 20.7885
xyz 67.9354 15.5236 19.741
xyz 68.6334 14.1055 19.2039
xyz 68.9432 13.2198 18.9674
xyz 68.7922 13.7574 18.3288
xyz 69.1062 13.4832 18.0819
xyz 69.3443 13.1675 17.7017
xyz 67.5185 12.3404 14.7998
xyz 67.5185 12.3398 14.8
xyz 67.5185 12.3404 14.7996
xyz 68.9303 12.2711 13.4333
xyz 69.0332 12.2366 13.3536
xyz 69.3375 12.3783 11.4035
xyz 69.8279 11.5201 10.8183
xyz 70.3983 11.4419 10.2127
xyz 71.1875 8.87744 13.3792
xyz 71.6732 7.18244 14.1892
xyz 71.7948 6.42132 11.1099
xyz 71.6998 6.43055 7.80644
End loop. Loop info [total exposed]: 284.915 260.818
Start boundary loop loop_id 6
Start boundary loop auf loop_id 6  init_edge IE_A_Wi
xyz 73.0865 6.00709 8.08167
xyz 74.8834 7.74592 5.49526
xyz 75.008 7.91925 5.91444
xyz 75.8136 10.2311 8.34175
xyz 75.2069 11.4582 5.81096
xyz 73.7103 12.9226 5.55243
xyz 72.5286 13.4557 7.73547
xyz 72.5239 12.909 9.84609
xyz 71.3388 12.7668 9.33265
xyz 70.3983 11.4419 10.2127
xyz 71.1753 8.31045 7.41403
xyz 71.316 7.79275 7.39099
xyz 71.5119 7.08804 7.50913
xyz 71.6998 6.43055 7.80644
xyz 71.7948 6.42132 11.1099
xyz 72.9556 6.06071 10.3181
End loop. Loop info [total exposed]: 33.6599 30.355
End net. Net info [total exposed]: 318.575 291.173
+-+Surf_areas::Interface areas<for merged connected component>: IE_A_B: 1265.66 IE_A_Wi: 63.47 IE_B_Wi: 44.62 
+-+Surf_areas::Chem Interface areas<for merged connected component>: ali: 980.93 aro: 1.71 hbd: 150.47 hbw: 35.67 hbdp: 0.00 elu: 0.00 elf: 0.00 hbwp: 0.00 ssb: 0.00 unk: 204.98 
+-+MCC_record::dump_stats::Nb loops_before - nets_after uf merge: 6 5

+-+MCC_record::Boundary nets of merged cc after union-find
Start boundary net with  1 loops
Start boundary loop loop_id 2
Start boundary loop auf loop_id 2  init_edge IE_A_B
xyz 68.8393 16.2324 28.8764
xyz 68.9143 16.1067 28.802
xyz 69.7558 14.513 27.5946
xyz 69.8706 13.5375 25.9105
xyz 68.1209 14.4076 23.5211
xyz 67.5218 14.8991 23.091
xyz 65.0018 18.9642 25.2872
End loop. Loop info [total exposed]: 19.4412 19.4412
End net. Net info [total exposed]: 19.4412 19.4412
+-+Surf_areas::Interface areas<for merged connected component>: IE_A_B: 23.91 
+-+Surf_areas::Chem Interface areas<for merged connected component>: ali: 23.91 aro: 0.00 hbd: 0.00 hbw: 0.00 hbdp: 0.00 elu: 0.00 elf: 0.00 hbwp: 0.00 ssb: 0.00 unk: 0.00 
+-+MCC_record::dump_stats::Nb loops_before - nets_after uf merge: 1 1
