Begin VSO per interface edge
574 2657  1
586 2663  1
586 2664  1
586 2665  1
587 2657  1
587 2663  1
587 2667  2
589 2656  2
589 2657  2
589 2658  1
589 2662  2
589 2663  2
589 2667  2
590 2667  1
596 2657  1
597 2657  1
597 2664  1
625 2665  1
625 2929  2
626 2929  3
1042 2665  1
1059 2667  2
1067 2667  2
1069 2667  3
1070 2667  3
1070 2678  4
1071 2663  1
1071 2666  2
1071 2667  2
1071 2678  3
1072 2666  3
1072 2677  4
1072 2678  4
1072 2679  4
1073 2663  1
1073 2665  2
1073 2666  2
1073 2677  3
1074 2665  3
1074 2677  4
1074 2679  4
1075 2679  3
1076 2665  2
1076 2670  3
1076 2671  2
1076 2672  3
1076 2673  3
1076 2677  3
1076 2679  3
1076 2929  2
1098 2633  3
1098 2634  2
1099 2633  2
1099 2634  1
1099 2636  1
1100 2667  3
1101 2630  2
1101 2631  3
1101 2632  3
1101 2633  2
1101 2634  2
1101 2635  1
1101 2658  2
1101 2661  2
1101 2667  3
1102 2667  2
1104 2610  2
1104 2633  3
1104 2636  2
1106 2610  1
1106 2636  2
1108 2608  3
1108 2610  2
1108 2633  3
1108 2642  4
1108 2644  3
1109 2607  4
1109 2608  4
1109 2610  3
1109 2631  4
1109 2632  4
1109 2633  3
1109 2637  4
1109 2638  4
1109 2642  5
1109 2644  4
1109 2666  4
1109 2667  3
1109 2678  4
1121 2636  2
1122 2636  1
1123 2636  1
1124 2636  1
1173 2635  1
1173 2661  1
1174 2635  1
1175 2635  2
1175 2658  2
1175 2659  1
1175 2661  1
1792 2678  5
1792 2679  4
1814 2644  4
1815 2644  4
1815 2678  5
1816 2644  4
1816 2678  5
1816 2679  5
1837 2610  2
1838 2610  2
1841 2610  1
1843 2610  2
1843 2611  3
1845 2611  3
1847 2611  4
1847 2643  5
1848 2608  3
1848 2610  2
1848 2611  3
1848 2642  4
1848 2643  4
1848 2644  3
1869 2611  3
1871 2609  1
1871 2610  1
1871 2611  2
1872 2611  3
1876 2611  3
1899 2604  1
1899 2609  1
1923 2618  1
1930 2690  2
1931 2619  3
1932 2619  3
1932 2689  3
1932 2690  3
1933 2690  2
1934 2690  1
1935 2618  1
1935 2619  2
1935 2652  1
1935 2689  2
1935 2690  2
1936 2618  2
1937 2618  2
1937 2619  3
1939 2611  3
1940 2618  2
1940 2619  3
1941 2617  1
1941 2618  1
1941 2619  2
1942 2609  1
1942 2611  2
1942 2617  2
1942 2619  2
1954 2688  3
1956 2688  2
1956 2690  2
1958 2688  1
1958 2690  1
1961 2688  3
1961 2690  3
1962 2684  4
1962 2685  4
1962 2686  3
1962 2688  3
1962 2690  4
1963 2643  5
1964 2684  4
1964 2686  3
1965 2611  3
1965 2619  3
1965 2643  4
1965 2684  5
1965 2685  5
1965 2686  4
1965 2687  4
1965 2688  4
1965 2689  3
1965 2690  4
1966 2611  4
1970 2611  3
1986 2675  2
1988 2675  2
1988 2684  3
1988 2686  2
1988 2688  2
1989 2686  1
1989 2688  1
1991 2674  1
1991 2675  1
1991 2681  1
1991 2684  2
1991 2686  1
1993 2675  3
1994 2675  2
1994 2679  3
1996 2679  4
1998 2644  4
1998 2676  5
1998 2678  5
1998 2679  4
1999 2641  5
1999 2643  5
1999 2644  4
1999 2674  4
1999 2675  3
1999 2676  4
1999 2678  5
1999 2679  4
1999 2684  4
2022 2675  2
2022 2679  3
2023 2673  1
2023 2675  1
2023 2679  2
2025 2671  1
2025 2673  2
2025 2679  2
2025 2929  1
2026 2679  4
2032 2679  4
2056 2679  3
2430 2929  1
2436 2929  2
2437 2929  2
2438 2929  2
2439 2929  3
2442 2929  3
2466 2671  1
2472 2669  3
2472 2671  2
2472 2929  1
2475 2671  2
2475 2929  1
2476 2669  3
2476 2671  3
2477 2669  3
2478 2664  2
2478 2665  1
2478 2669  2
2478 2670  3
2478 2671  3
2478 2929  2
2479 2669  2
2479 2670  2
2479 2671  1
2483 2669  1
2483 2670  2
2483 2671  1
2483 2682  1
2483 2683  1
2485 2683  1
2488 2669  2
2493 2648  1
2493 2669  2
2496 2647  1
2496 2648  1
2496 2655  1
2496 2656  2
2496 2657  1
2496 2664  2
2496 2668  2
2496 2669  2
2665 2929  2
2669 2929  3
2670 2929  3
2671 2929  2
End VSO per interface edge

Voronoi Facets of interface MI_AB
FBeg
 2478  ND2 ASN A 310  2670    C GLY B 348 unk
13.867 -16.815 40.651 15.131 -13.098 41.133  0.44
15.872752 -15.579254 41.383290 
15.880423 -15.471815 40.534649 
14.883844 -15.294487 41.780604 
FEnd
FBeg
 2478  ND2 ASN A 310  2671    O GLY B 348 hbd
13.867 -16.815 40.651 15.402 -13.647 42.201  0.59
14.883844 -15.294487 41.780604 
14.563903 -15.255995 42.018774 
14.916531 -15.489821 42.147470 
15.825220 -15.816614 41.915497 
15.872752 -15.579254 41.383290 
FEnd
FBeg
 2475   CB ASN A 310  2671    O GLY B 348 unk
14.081 -17.788 42.860 15.402 -13.647 42.201  0.41
14.916531 -15.489821 42.147470 
15.825220 -15.816614 41.915497 
16.346549 -15.896170 42.460616 
14.830004 -15.447691 42.238761 
FEnd
FBeg
 2472   CA ASN A 310  2671    O GLY B 348 unk
14.137 -16.960 44.151 15.402 -13.647 42.201  6.44
16.346549 -15.896170 42.460616 
17.378243 -15.887596 43.144462 
17.377406 -15.883521 43.150842 
14.925695 -14.024440 44.718904 
13.506040 -14.596544 42.825958 
13.844394 -14.879261 42.565126 
14.830004 -15.447691 42.238761 
FEnd
FBeg
 2472   CA ASN A 310  2669   CA GLY B 348 ali
14.137 -16.960 44.151 13.982 -13.576 40.282  0.05
13.506040 -14.596544 42.825958 
13.844394 -14.879261 42.565126 
13.361326 -14.708150 42.734140 
FEnd
FBeg
 2479    N LYS A 311  2669   CA GLY B 348 unk
12.450 -15.434 44.955 13.982 -13.576 40.282  2.09
13.361326 -14.708150 42.734140 
13.506040 -14.596544 42.825958 
13.142295 -13.519437 43.134969 
12.907577 -13.108864 43.221264 
11.727180 -13.767032 42.572592 
11.902845 -14.511392 42.334222 
12.063524 -14.593414 42.354287 
FEnd
FBeg
 2477  OD1 ASN A 310  2669   CA GLY B 348 unk
12.016 -17.032 41.898 13.982 -13.576 40.282  0.52
11.902845 -14.511392 42.334222 
11.673816 -14.510448 42.057608 
11.652105 -15.069894 40.834755 
11.789287 -15.292009 40.526631 
12.063524 -14.593414 42.354287 
FEnd
FBeg
 2496  NE2 GLN A 312  2669   CA GLY B 348 unk
10.104 -14.183 38.993 13.982 -13.576 40.282  6.63
11.652105 -15.069894 40.834755 
11.130061 -12.768481 41.321586 
11.878323 -13.045101 39.200680 
12.585392 -15.125108 38.052929 
12.682767 -15.646418 38.005463 
11.828518 -15.339751 40.431086 
11.789287 -15.292009 40.526631 
FEnd
FBeg
 2496  NE2 GLN A 312  2664    C CYS B 347 unk
10.104 -14.183 38.993 14.814 -13.216 38.035  0.25
12.585392 -15.125108 38.052929 
12.682767 -15.646418 38.005463 
12.680599 -15.673368 37.967601 
12.571774 -15.479168 37.628587 
12.454702 -14.734321 37.804852 
FEnd
FBeg
 2496  NE2 GLN A 312  2657    O ASP B 346 hbd
10.104 -14.183 38.993 12.108 -13.164 36.018  6.80
12.571774 -15.479168 37.628587 
10.501909 -15.453005 36.243260 
10.441838 -15.439376 36.207464 
10.088819 -15.296797 36.018502 
8.844530 -13.745764 35.711593 
10.360188 -13.311569 36.881281 
12.188897 -13.947699 37.895237 
12.454702 -14.734321 37.804852 
FEnd
FBeg
 2496  NE2 GLN A 312  2656    C ASP B 346 unk
10.104 -14.183 38.993 12.342 -11.994 36.330  1.85
10.360188 -13.311569 36.881281 
11.028311 -12.593911 38.032695 
11.870403 -13.010580 38.397890 
12.188897 -13.947699 37.895237 
FEnd
FBeg
 2496  NE2 GLN A 312  2655   CA ASP B 346 unk
10.104 -14.183 38.993 11.243 -10.950 36.317  7.67
8.844530 -13.745764 35.711593 
8.147600 -13.442498 35.781344 
8.016308 -13.347341 35.840426 
7.784427 -13.108500 36.030284 
8.046422 -11.323113 38.298807 
9.331940 -11.792149 38.279305 
11.028311 -12.593911 38.032695 
10.360188 -13.311569 36.881281 
FEnd
FBeg
 2496  NE2 GLN A 312  2647    C LYS B 345 unk
10.104 -14.183 38.993 11.545 -10.219 38.643  1.02
8.046422 -11.323113 38.298807 
7.599816 -11.124361 38.711076 
8.104678 -11.247840 39.391176 
9.331940 -11.792149 38.279305 
FEnd
FBeg
  574  OG1 THR A  70  2657    O ASP B 346 hbd
8.604 -16.424 33.749 12.108 -13.164 36.018  3.21
10.088819 -15.296797 36.018502 
8.844530 -13.745764 35.711593 
9.303928 -13.404192 34.511392 
9.574884 -13.450052 34.158846 
9.760217 -13.648500 34.157760 
10.657042 -15.485647 35.412331 
10.287129 -15.403584 35.865681 
FEnd
FBeg
  587   CB LEU A  72  2657    O ASP B 346 unk
12.684 -15.023 32.884 12.108 -13.164 36.018  7.44
9.760217 -13.648500 34.157760 
13.528653 -13.754357 34.913154 
13.734336 -15.500950 35.986986 
13.497733 -15.621790 36.015180 
10.782091 -15.513922 35.452086 
10.657042 -15.485647 35.412331 
FEnd
FBeg
  587   CB LEU A  72  2663   CA CYS B 347 ali
12.684 -15.023 32.884 14.704 -12.423 36.726  4.17
13.528653 -13.754357 34.913154 
13.734336 -15.500950 35.986986 
16.102345 -14.886596 34.326211 
16.078310 -14.518865 34.089993 
15.950493 -14.394058 34.072735 
15.283815 -13.833078 34.043620 
FEnd
FBeg
  589  CD1 LEU A  72  2663   CA CYS B 347 ali
12.766 -12.532 32.824 14.704 -12.423 36.726  2.32
15.283815 -13.833078 34.043620 
13.528653 -13.754357 34.913154 
13.418123 -13.410399 34.958443 
13.754342 -11.756037 34.745240 
13.833072 -11.652147 34.703235 
FEnd
FBeg
  589  CD1 LEU A  72  2667   SG CYS B 347 unk
12.766 -12.532 32.824 16.028 -10.951 34.771  6.88
13.833072 -11.652147 34.703235 
15.283815 -13.833078 34.043620 
15.335139 -13.836767 33.960627 
15.315824 -11.671167 32.234479 
15.130270 -11.328784 32.267335 
13.661145 -9.897461 33.566444 
13.559344 -10.930479 34.575830 
FEnd
FBeg
  589  CD1 LEU A  72  2658   CB ASP B 346 ali
12.766 -12.532 32.824 11.154 -10.329 34.916  15.08
13.661145 -9.897461 33.566444 
12.092679 -9.516927 31.957131 
9.673152 -11.475488 32.155234 
8.791619 -12.686641 32.751381 
9.125297 -13.131370 33.476824 
9.574884 -13.450052 34.158846 
10.974143 -12.818568 34.572062 
13.515970 -10.983081 34.597801 
13.559344 -10.930479 34.575830 
FEnd
FBeg
 1175  NH2 ARG A 147  2658   CB ASP B 346 unk
10.303 -9.797 29.782 11.154 -10.329 34.916  0.98
12.092679 -9.516927 31.957131 
9.673152 -11.475488 32.155234 
10.338920 -10.446571 32.151498 
11.996616 -9.148129 32.011270 
FEnd
FBeg
 1175  NH2 ARG A 147  2661  OD2 ASP B 346 elf
10.303 -9.797 29.782 9.830 -8.770 33.700  29.42
10.338920 -10.446571 32.151498 
11.996616 -9.148129 32.011270 
11.898119 -8.333647 31.785884 
11.744631 -8.215331 31.736341 
8.202203 -6.773368 30.930709 
2.128043 -8.377530 30.617896 
2.994434 -9.868987 31.113437 
5.816279 -11.238722 31.813143 
FEnd
FBeg
 1173   CZ ARG A 147  2661  OD2 ASP B 346 unk
10.831 -9.034 28.826 9.830 -8.770 33.700  2.09
11.744631 -8.215331 31.736341 
8.202203 -6.773368 30.930709 
8.819980 -5.871140 31.008717 
FEnd
FBeg
 1173   CZ ARG A 147  2635  OD1 ASN B 343 unk
10.831 -9.034 28.826 12.649 -5.654 32.408  6.29
8.819980 -5.871140 31.008717 
11.744631 -8.215331 31.736341 
11.906707 -8.313954 31.747143 
12.129138 -7.999655 31.337676 
11.812394 -5.969021 29.582315 
9.928489 -5.595964 30.186449 
FEnd
FBeg
 1174  NH1 ARG A 147  2635  OD1 ASN B 343 hbd
12.157 -8.892 28.751 12.649 -5.654 32.408  3.45
12.129138 -7.999655 31.337676 
11.812394 -5.969021 29.582315 
13.109979 -5.364098 28.872128 
13.571212 -5.883882 29.270306 
13.652163 -6.170249 29.512971 
FEnd
FBeg
 1101  CG1 VAL A 138  2635  OD1 ASN B 343 unk
15.159 -8.767 31.382 12.649 -5.654 32.408  3.40
11.906707 -8.313954 31.747143 
12.129138 -7.999655 31.337676 
13.652163 -6.170249 29.512971 
13.663295 -6.169018 29.536469 
13.070065 -7.662269 32.615886 
13.063057 -7.670076 32.622431 
12.268848 -8.315641 32.638199 
11.898119 -8.333647 31.785884 
FEnd
FBeg
 1101  CG1 VAL A 138  2630   CA ASN B 343 ali
15.159 -8.767 31.382 13.366 -6.473 34.991  2.20
13.063057 -7.670076 32.622431 
12.268848 -8.315641 32.638199 
12.289381 -8.373738 32.685328 
13.434790 -9.050235 33.684387 
14.614113 -8.496835 33.918531 
14.716391 -8.416527 33.918298 
FEnd
FBeg
 1101  CG1 VAL A 138  2631    C ASN B 343 ali
15.159 -8.767 31.382 14.057 -7.350 36.033  0.06
14.614113 -8.496835 33.918531 
15.324365 -8.450226 34.072617 
15.437889 -8.391215 34.081537 
15.434230 -8.369869 34.074166 
14.716391 -8.416527 33.918298 
FEnd
FBeg
 1109  CG2 VAL A 139  2631    C ASN B 343 ali
17.836 -7.186 34.632 14.057 -7.350 36.033  3.10
15.437889 -8.391215 34.081537 
15.434230 -8.369869 34.074166 
15.973036 -6.248981 35.775789 
16.202747 -7.301958 36.272141 
16.223372 -8.668500 36.167810 
15.970565 -8.594847 35.494520 
FEnd
FBeg
 1109  CG2 VAL A 139  2667   SG CYS B 347 unk
17.836 -7.186 34.632 16.028 -10.951 34.771  8.67
15.970565 -8.594847 35.494520 
15.437889 -8.391215 34.081537 
16.945995 -9.147702 33.207323 
17.921620 -9.620002 33.104578 
18.501168 -9.855109 34.274691 
18.766208 -9.960326 34.872179 
18.816713 -9.967932 35.323089 
17.679039 -9.383178 36.363978 
16.689553 -8.902619 36.510113 
16.237036 -8.697654 36.175878 
FEnd
FBeg
 1109  CG2 VAL A 139  2666   CB CYS B 347 ali
17.836 -7.186 34.632 15.964 -11.597 36.462  0.28
17.679039 -9.383178 36.363978 
17.344784 -9.047216 36.831849 
17.086424 -8.944393 36.815402 
16.689553 -8.902619 36.510113 
FEnd
FBeg
 1109  CG2 VAL A 139  2644  CD2 LEU B 344 ali
17.836 -7.186 34.632 17.815 -6.634 38.413  8.54
17.344784 -9.047216 36.831849 
19.512342 -8.257049 36.728529 
19.824110 -7.472925 36.615784 
16.968518 -4.747311 36.202003 
16.473600 -5.427608 36.298572 
16.439094 -6.806926 36.499752 
17.086424 -8.944393 36.815402 
FEnd
FBeg
 1109  CG2 VAL A 139  2642   CG LEU B 344 ali
17.836 -7.186 34.632 16.745 -5.766 39.044  0.16
16.968518 -4.747311 36.202003 
16.873980 -4.654358 36.148708 
16.822201 -4.659314 36.137500 
16.428689 -5.083653 36.176765 
16.473600 -5.427608 36.298572 
FEnd
FBeg
 1109  CG2 VAL A 139  2607    O ILE B 340 unk
17.836 -7.186 34.632 14.528 -3.888 37.121  0.18
16.822201 -4.659314 36.137500 
16.671993 -4.486143 35.708408 
16.372521 -5.083181 36.101490 
16.428689 -5.083653 36.176765 
FEnd
FBeg
 1109  CG2 VAL A 139  2608   CB ILE B 340 ali
17.836 -7.186 34.632 16.757 -1.739 37.208  0.02
16.873980 -4.654358 36.148708 
16.699266 -4.455439 35.654908 
16.694387 -4.454095 35.650023 
16.671993 -4.486143 35.708408 
16.822201 -4.659314 36.137500 
FEnd
FBeg
 1109  CG2 VAL A 139  2610  CG2 ILE B 340 ali
17.836 -7.186 34.632 17.860 -1.591 36.147  0.00
16.699266 -4.455439 35.654908 
16.696535 -4.451987 35.642202 
16.694387 -4.454095 35.650023 
FEnd
FBeg
 1108  CG1 VAL A 139  2610  CG2 ILE B 340 ali
19.556 -5.365 34.757 17.860 -1.591 36.147  10.09
16.699266 -4.455439 35.654908 
16.696535 -4.451987 35.642202 
16.841410 -3.848567 34.180622 
17.465859 -3.414106 33.762930 
19.420719 -2.591783 33.915445 
20.327943 -2.957024 36.014058 
18.685173 -4.142851 37.229288 
17.644627 -4.395643 36.646032 
FEnd
FBeg
 1848  CG2 VAL A 230  2610  CG2 ILE B 340 ali
21.252 -3.849 38.529 17.860 -1.591 36.147  4.76
20.327943 -2.957024 36.014058 
20.626164 -1.771538 36.713160 
19.962198 -1.585170 37.835322 
18.847329 -2.988508 38.092627 
18.527134 -3.964239 37.623651 
18.685173 -4.142851 37.229288 
FEnd
FBeg
 1848  CG2 VAL A 230  2644  CD2 LEU B 344 ali
21.252 -3.849 38.529 17.815 -6.634 38.413  6.01
18.527134 -3.964239 37.623651 
18.685173 -4.142851 37.229288 
20.456041 -6.331778 37.312804 
20.595532 -6.571941 38.945773 
20.193530 -6.106932 39.692599 
19.884202 -5.733954 39.903067 
18.667805 -4.165302 38.282912 
18.509434 -3.946110 37.712838 
FEnd
FBeg
 1848  CG2 VAL A 230  2642   CG LEU B 344 ali
21.252 -3.849 38.529 16.745 -5.766 39.044  0.11
18.667805 -4.165302 38.282912 
18.474950 -3.748882 38.145202 
18.509434 -3.946110 37.712838 
FEnd
FBeg
 1848  CG2 VAL A 230  2643  CD1 LEU B 344 ali
21.252 -3.849 38.529 17.284 -5.103 40.294  3.48
19.884202 -5.733954 39.903067 
19.954424 -5.131324 40.489095 
18.993442 -3.285148 39.640328 
18.516618 -3.483363 38.427525 
18.474950 -3.748882 38.145202 
18.667805 -4.165302 38.282912 
FEnd
FBeg
 1847  CG1 VAL A 230  2643  CD1 LEU B 344 ali
21.253 -2.809 40.790 17.284 -5.103 40.294  4.35
19.954424 -5.131324 40.489095 
18.993442 -3.285148 39.640328 
18.426520 -2.754588 41.723011 
18.672574 -3.242136 42.008986 
19.344288 -4.417890 42.071786 
FEnd
FBeg
 1963    C ALA A 246  2643  CD1 LEU B 344 ali
18.881 -3.957 44.668 17.284 -5.103 40.294  1.42
18.672574 -3.242136 42.008986 
17.749871 -5.474515 42.930765 
19.344288 -4.417890 42.071786 
FEnd
FBeg
 1965   CB ALA A 246  2643  CD1 LEU B 344 ali
16.583 -3.283 44.000 17.284 -5.103 40.294  7.42
18.426520 -2.754588 41.723011 
16.933068 -2.624891 41.376827 
15.266477 -4.296577 41.882544 
15.942948 -5.181235 42.444952 
17.507930 -5.695216 42.993386 
17.749871 -5.474515 42.930765 
18.672574 -3.242136 42.008986 
FEnd
FBeg
 1965   CB ALA A 246  2684   CB PHE B 350 ali
16.583 -3.283 44.000 15.453 -7.541 43.234  0.92
15.942948 -5.181235 42.444952 
17.507930 -5.695216 42.993386 
17.534869 -5.720121 43.092086 
16.770693 -5.628850 43.712042 
15.943431 -5.210279 42.605687 
FEnd
FBeg
 1965   CB ALA A 246  2685   CG PHE B 350 ali
16.583 -3.283 44.000 14.784 -6.524 44.119  1.74
16.770693 -5.628850 43.712042 
15.984358 -5.162213 44.533494 
15.211182 -4.727743 44.677806 
15.943431 -5.210279 42.605687 
FEnd
FBeg
 1965   CB ALA A 246  2686  CD1 PHE B 350 ali
16.583 -3.283 44.000 15.065 -6.476 45.480  0.21
15.984358 -5.162213 44.533494 
15.587815 -4.738738 45.040389 
15.187403 -4.703800 44.705071 
15.186822 -4.704090 44.703850 
15.211182 -4.727743 44.677806 
FEnd
FBeg
 1965   CB ALA A 246  2690   CZ PHE B 350 ali
16.583 -3.283 44.000 13.562 -4.629 45.758  2.31
15.187403 -4.703800 44.705071 
15.375121 -4.008557 45.559958 
15.299621 -3.325886 45.952901 
15.070371 -2.797645 45.963394 
14.197309 -2.293184 44.849334 
15.180510 -4.695948 44.699238 
15.186822 -4.704090 44.703850 
FEnd
FBeg
 1965   CB ALA A 246  2689  CE2 PHE B 350 ali
16.583 -3.283 44.000 13.269 -4.664 44.399  2.57
14.197309 -2.293184 44.849334 
14.188623 -2.278531 44.827907 
14.127972 -2.223092 44.516036 
14.557493 -3.679459 43.042833 
15.180510 -4.695948 44.699238 
FEnd
FBeg
 1935  CG2 THR A 242  2689  CE2 PHE B 350 ali
12.224 -0.463 45.349 13.269 -4.664 44.399  5.98
14.188623 -2.278531 44.827907 
14.127972 -2.223092 44.516036 
12.716122 -2.390467 43.703151 
10.911888 -2.820371 43.619573 
9.627073 -3.648780 45.869588 
14.180234 -2.286255 44.852837 
FEnd
FBeg
 1935  CG2 THR A 242  2690   CZ PHE B 350 ali
12.224 -0.463 45.349 13.562 -4.629 45.758  8.25
9.627073 -3.648780 45.869588 
14.180234 -2.286255 44.852837 
13.589158 -2.272799 46.923541 
12.616122 -2.508904 47.701794 
12.424910 -2.567149 47.734052 
9.175099 -3.744040 46.377874 
FEnd
FBeg
 1934  OG1 THR A 242  2690   CZ PHE B 350 unk
11.217 -0.161 47.500 13.562 -4.629 45.758  11.86
12.424910 -2.567149 47.734052 
9.175099 -3.744040 46.377874 
7.955779 -4.980951 47.908997 
7.848608 -5.091952 48.049431 
8.922471 -5.227352 49.842298 
10.701454 -4.155358 49.487559 
12.628973 -2.719651 48.399898 
12.538380 -2.556961 47.860666 
FEnd
FBeg
 1958   CD LYS A 245  2690   CZ PHE B 350 ali
14.809 -2.263 51.091 13.562 -4.629 45.758  5.79
10.701454 -4.155358 49.487559 
10.312316 -6.005760 50.399486 
10.397435 -6.063198 50.405066 
13.659202 -3.862083 48.665845 
13.392767 -2.656353 48.193220 
12.628973 -2.719651 48.399898 
FEnd
FBeg
 1956   CB LYS A 245  2690   CZ PHE B 350 ali
16.472 -2.625 49.230 13.562 -4.629 45.758  2.09
13.659202 -3.862083 48.665845 
15.117884 -3.326565 47.134180 
14.935577 -2.862331 47.019027 
13.910072 -2.497094 47.667727 
13.392767 -2.656353 48.193220 
FEnd
FBeg
 1956   CB LYS A 245  2688  CE1 PHE B 350 ali
16.472 -2.625 49.230 14.462 -5.536 46.298  9.16
13.659202 -3.862083 48.665845 
15.117884 -3.326565 47.134180 
16.081001 -4.409416 47.549021 
16.693445 -5.782445 48.492362 
16.106878 -6.439079 49.546408 
15.197813 -6.905590 50.632777 
FEnd
FBeg
 1989   CG GLU A 249  2688  CE1 PHE B 350 ali
18.561 -9.078 48.207 14.462 -5.536 46.298  8.77
16.106878 -6.439079 49.546408 
15.197813 -6.905590 50.632777 
13.308765 -8.449698 51.823965 
13.479845 -9.077057 50.292605 
13.761837 -9.412351 49.065000 
15.954553 -7.307361 48.262452 
FEnd
FBeg
 1989   CG GLU A 249  2686  CD1 PHE B 350 ali
18.561 -9.078 48.207 15.065 -6.476 45.480  4.74
13.761837 -9.412351 49.065000 
15.954553 -7.307361 48.262452 
16.320127 -8.671563 46.492118 
14.269328 -9.735454 48.106107 
13.873042 -9.617330 48.726853 
FEnd
FBeg
 1991  OE1 GLU A 249  2686  CD1 PHE B 350 unk
17.792 -10.428 46.340 15.065 -6.476 45.480  1.93
16.320127 -8.671563 46.492118 
14.269328 -9.735454 48.106107 
14.700360 -9.685643 46.968233 
16.719434 -8.606588 45.524525 
16.848314 -8.521583 45.506482 
FEnd
FBeg
 1991  OE1 GLU A 249  2684   CB PHE B 350 unk
17.792 -10.428 46.340 15.453 -7.541 43.234  0.19
16.719434 -8.606588 45.524525 
16.848314 -8.521583 45.506482 
17.487795 -8.590192 44.961144 
17.140153 -8.829330 45.000662 
FEnd
FBeg
 1991  OE1 GLU A 249  2675    O LEU B 349 unk
17.792 -10.428 46.340 17.337 -10.259 43.360  10.14
17.487795 -8.590192 44.961144 
18.725677 -9.047602 44.746198 
19.640483 -10.407348 44.529409 
17.354287 -13.179362 44.721271 
16.469145 -12.728802 44.881970 
15.884977 -11.184699 45.058732 
17.140153 -8.829330 45.000662 
FEnd
FBeg
 1991  OE1 GLU A 249  2674    C LEU B 349 unk
17.792 -10.428 46.340 16.565 -10.443 42.416  0.98
16.469145 -12.728802 44.881970 
15.081821 -12.254214 45.313960 
15.884977 -11.184699 45.058732 
FEnd
FBeg
 2023   CG MET A 253  2675    O LEU B 349 unk
20.910 -13.059 45.481 17.337 -10.259 43.360  3.61
19.640483 -10.407348 44.529409 
17.354287 -13.179362 44.721271 
17.670582 -13.178241 44.189925 
19.135491 -12.007601 43.267564 
19.471718 -11.552262 43.302269 
19.734083 -10.488723 44.264306 
19.673476 -10.402709 44.479953 
FEnd
FBeg
 1994   CA VAL A 250  2675    O LEU B 349 unk
21.496 -8.043 43.645 17.337 -10.259 43.360  2.17
19.734083 -10.488723 44.264306 
19.914999 -10.691990 43.204695 
19.642489 -10.109446 42.651898 
18.889955 -8.903760 44.258876 
19.019690 -9.169529 44.432119 
19.673476 -10.402709 44.479953 
FEnd
FBeg
 1993    N VAL A 250  2675    O LEU B 349 hbd
20.938 -7.511 44.879 17.337 -10.259 43.360  0.18
18.889955 -8.903760 44.258876 
18.460097 -8.477192 44.506216 
18.693570 -8.860037 44.645336 
19.019690 -9.169529 44.432119 
FEnd
FBeg
 1999  CG2 VAL A 250  2675    O LEU B 349 unk
19.683 -7.202 42.165 17.337 -10.259 43.360  3.40
19.642489 -10.109446 42.651898 
19.447188 -10.039524 42.447360 
18.868120 -9.645285 42.319071 
17.739792 -8.505521 43.019657 
18.085656 -8.197816 44.485808 
18.460097 -8.477192 44.506216 
18.889955 -8.903760 44.258876 
FEnd
FBeg
 1999  CG2 VAL A 250  2674    C LEU B 349 ali
19.683 -7.202 42.165 16.565 -10.443 42.416  1.56
18.868120 -9.645285 42.319071 
17.739792 -8.505521 43.019657 
17.284475 -8.199499 41.315026 
FEnd
FBeg
 1999  CG2 VAL A 250  2676   CB LEU B 349 ali
19.683 -7.202 42.165 17.761 -10.658 40.220  5.65
19.447188 -10.039524 42.447360 
18.868120 -9.645285 42.319071 
17.284475 -8.199499 41.315026 
17.212598 -8.029754 41.084439 
17.414368 -7.977952 40.793008 
19.335538 -8.466458 39.762567 
19.935690 -9.070606 40.243001 
20.014997 -9.265302 40.510579 
FEnd
FBeg
 1998  CG1 VAL A 250  2676   CB LEU B 349 ali
21.948 -7.574 41.223 17.761 -10.658 40.220  0.02
19.935690 -9.070606 40.243001 
20.014997 -9.265302 40.510579 
20.040132 -9.240296 40.328768 
FEnd
FBeg
 1998  CG1 VAL A 250  2678  CD1 LEU B 349 ali
21.948 -7.574 41.223 19.297 -10.725 38.217  1.92
20.040132 -9.240296 40.328768 
19.935690 -9.070606 40.243001 
19.781592 -8.295472 39.566376 
20.179292 -8.126092 39.038092 
21.573702 -9.808437 39.571854 
FEnd
FBeg
 1816  CD2 LEU A 226  2678  CD1 LEU B 349 ali
22.755 -7.994 37.791 19.297 -10.725 38.217  6.67
20.179292 -8.126092 39.038092 
21.573702 -9.808437 39.571854 
22.491154 -11.126799 38.567404 
22.241216 -10.965868 37.570258 
19.960604 -8.121634 37.291493 
FEnd
FBeg
 1815  CD1 LEU A 226  2678  CD1 LEU B 349 ali
22.090 -8.750 35.518 19.297 -10.725 38.217  6.78
22.241216 -10.965868 37.570258 
21.730975 -11.425441 36.705953 
19.246208 -9.759932 35.353387 
19.512342 -8.257049 36.728529 
19.960604 -8.121634 37.291493 
FEnd
FBeg
 1070   CB ARG A 135  2678  CD1 LEU B 349 ali
20.362 -12.348 34.262 19.297 -10.725 38.217  3.05
21.730975 -11.425441 36.705953 
21.713883 -11.469339 36.719365 
19.852939 -11.538808 36.246759 
18.607733 -10.706134 35.569749 
18.816713 -9.967932 35.323089 
19.246208 -9.759932 35.353387 
FEnd
FBeg
 1071   CG ARG A 135  2678  CD1 LEU B 349 ali
19.379 -13.257 34.952 19.297 -10.725 38.217  1.43
19.852939 -11.538808 36.246759 
18.239302 -12.130210 36.664864 
18.405302 -10.983798 35.779993 
18.607733 -10.706134 35.569749 
FEnd
FBeg
 1071   CG ARG A 135  2667   SG CYS B 347 unk
19.379 -13.257 34.952 16.028 -10.951 34.771  6.20
18.405302 -10.983798 35.779993 
18.607733 -10.706134 35.569749 
18.341392 -11.171026 34.577865 
16.928298 -13.370329 32.719775 
16.080087 -14.495852 34.083856 
16.296149 -14.149950 34.490625 
FEnd
FBeg
 1071   CG ARG A 135  2666   CB CYS B 347 ali
19.379 -13.257 34.952 15.964 -11.597 36.462  4.78
18.239302 -12.130210 36.664864 
18.405302 -10.983798 35.779993 
16.296149 -14.149950 34.490625 
16.693338 -14.385846 35.648231 
17.545363 -13.388892 36.479175 
FEnd
FBeg
 1072   CD ARG A 135  2666   CB CYS B 347 ali
19.901 -13.741 36.282 15.964 -11.597 36.462  0.75
17.545363 -13.388892 36.479175 
18.239302 -12.130210 36.664864 
17.991406 -12.646480 37.392171 
17.868191 -12.883242 37.517282 
FEnd
FBeg
 1072   CD ARG A 135  2677   CG LEU B 349 ali
19.901 -13.741 36.282 18.768 -11.490 39.426  1.33
17.991406 -12.646480 37.392171 
17.868191 -12.883242 37.517282 
18.427041 -13.202714 37.947405 
19.856355 -13.260601 38.503932 
20.218294 -12.773917 38.285913 
FEnd
FBeg
 1072   CD ARG A 135  2679  CD2 LEU B 349 ali
19.901 -13.741 36.282 19.902 -11.923 40.342  1.35
19.856355 -13.260601 38.503932 
20.261314 -13.397689 38.565217 
21.836400 -13.130158 38.445033 
21.737233 -12.346773 38.094271 
20.218294 -12.773917 38.285913 
FEnd
FBeg
 1792  CE1 TYR A 223  2679  CD2 LEU B 349 ali
24.043 -13.051 36.652 19.902 -11.923 40.342  1.33
21.836400 -13.130158 38.445033 
21.737233 -12.346773 38.094271 
22.491154 -11.126799 38.567404 
22.507297 -11.126765 38.585510 
22.662337 -11.910057 38.998944 
21.927857 -13.177868 38.562253 
FEnd
FBeg
 2056   CE MET A 257  2679  CD2 LEU B 349 ali
23.298 -14.126 41.026 19.902 -11.923 40.342  9.92
22.662337 -11.910057 38.998944 
22.536389 -11.231676 41.809168 
22.523385 -11.245177 41.830250 
21.006830 -13.446526 42.269795 
20.392451 -14.724419 41.204343 
21.927857 -13.177868 38.562253 
FEnd
FBeg
 2025   CE MET A 253  2679  CD2 LEU B 349 ali
20.790 -15.449 44.059 19.902 -11.923 40.342  5.15
21.006830 -13.446526 42.269795 
19.871823 -13.083527 42.885296 
18.874222 -13.142152 43.068014 
18.262214 -14.531390 41.896372 
18.260310 -14.769850 41.670621 
19.027239 -14.956995 41.309871 
20.392451 -14.724419 41.204343 
FEnd
FBeg
 1076  NH2 ARG A 135  2679  CD2 LEU B 349 unk
18.146 -15.900 38.672 19.902 -11.923 40.342  0.77
18.260310 -14.769850 41.670621 
18.107874 -14.609889 41.449970 
17.898897 -14.126284 40.518033 
17.974885 -14.121319 40.426308 
19.018946 -14.931009 41.256708 
19.027239 -14.956995 41.309871 
FEnd
FBeg
 1076  NH2 ARG A 135  2677   CG LEU B 349 unk
18.146 -15.900 38.672 18.768 -11.490 39.426  0.15
17.898897 -14.126284 40.518033 
17.974885 -14.121319 40.426308 
17.322225 -13.883309 39.572636 
17.298222 -13.893737 39.653428 
17.417773 -13.955973 39.918813 
17.580317 -14.026717 40.198494 
FEnd
FBeg
 1076  NH2 ARG A 135  2670    C GLY B 348 unk
18.146 -15.900 38.672 15.131 -13.098 41.133  2.22
17.417773 -13.955973 39.918813 
17.247931 -13.950656 39.704683 
16.250724 -15.290896 40.008939 
17.471442 -15.061805 41.243622 
18.008512 -14.581201 41.354395 
17.580317 -14.026717 40.198494 
FEnd
FBeg
 1076  NH2 ARG A 135  2672    N LEU B 349 hbd
18.146 -15.900 38.672 15.794 -12.056 40.633  0.01
17.298222 -13.893737 39.653428 
17.247931 -13.950656 39.704683 
17.417773 -13.955973 39.918813 
FEnd
FBeg
 1076  NH2 ARG A 135  2665    O CYS B 347 hbd
18.146 -15.900 38.672 15.621 -14.140 38.149  7.42
17.322225 -13.883309 39.572636 
16.874150 -15.278022 37.042411 
16.533785 -15.979025 36.326652 
15.917160 -16.786403 36.586677 
15.580116 -16.789861 38.202259 
16.250724 -15.290896 40.008939 
17.247931 -13.950656 39.704683 
17.298222 -13.893737 39.653428 
FEnd
FBeg
  625  CD1 LEU A  76  2665    O CYS B 347 unk
14.605 -19.765 37.925 15.621 -14.140 38.149  2.09
15.917160 -16.786403 36.586677 
15.580116 -16.789861 38.202259 
15.500244 -16.777266 38.248252 
14.049223 -16.487029 37.541336 
14.487195 -16.534606 36.749559 
15.780663 -16.755898 36.439759 
FEnd
FBeg
  586    O LEU A  72  2665    O CYS B 347 unk
14.045 -17.444 33.929 15.621 -14.140 38.149  2.27
14.487195 -16.534606 36.749559 
14.095913 -16.016273 36.489864 
14.634453 -15.609984 35.970642 
15.990690 -15.425280 35.319530 
15.780663 -16.755898 36.439759 
FEnd
FBeg
  586    O LEU A  72  2664    C CYS B 347 unk
14.045 -17.444 33.929 14.814 -13.216 38.035  0.33
14.095913 -16.016273 36.489864 
14.634453 -15.609984 35.970642 
13.723101 -15.552449 36.082082 
13.660025 -15.621430 36.164926 
FEnd
FBeg
 2478  ND2 ASN A 310  2665    O CYS B 347 hbd
13.867 -16.815 40.651 15.621 -14.140 38.149  2.89
15.500244 -16.777266 38.248252 
15.842758 -15.554687 39.795483 
14.235909 -15.635853 38.582240 
13.724544 -16.201280 37.619230 
14.049223 -16.487029 37.541336 
FEnd
FBeg
 1042  CD1 LEU A 131  2665    O CYS B 347 unk
18.683 -17.628 34.580 15.621 -14.140 38.149  1.02
16.533785 -15.979025 36.326652 
15.917160 -16.786403 36.586677 
15.780663 -16.755898 36.439759 
15.990690 -15.425280 35.319530 
16.288824 -15.220188 35.374875 
FEnd
FBeg
 1073   NE ARG A 135  2665    O CYS B 347 hbd
18.903 -14.543 36.983 15.621 -14.140 38.149  3.06
16.874150 -15.278022 37.042411 
16.533785 -15.979025 36.326652 
16.288824 -15.220188 35.374875 
16.728765 -14.239774 36.274343 
17.441589 -13.235211 37.933562 
17.474170 -13.334658 38.059640 
FEnd
FBeg
 1073   NE ARG A 135  2663   CA CYS B 347 unk
18.903 -14.543 36.983 14.704 -12.423 36.726  0.40
16.288824 -15.220188 35.374875 
16.728765 -14.239774 36.274343 
16.693338 -14.385846 35.648231 
16.386161 -15.054294 35.152987 
FEnd
FBeg
 1074   CZ ARG A 135  2665    O CYS B 347 unk
19.128 -15.205 38.115 15.621 -14.140 38.149  1.83
17.322225 -13.883309 39.572636 
16.874150 -15.278022 37.042411 
17.474170 -13.334658 38.059640 
FEnd
FBeg
 1076  NH2 ARG A 135  2673   CA LEU B 349 unk
18.146 -15.900 38.672 16.940 -11.405 41.275  0.18
18.107874 -14.609889 41.449970 
17.898897 -14.126284 40.518033 
17.580317 -14.026717 40.198494 
18.008512 -14.581201 41.354395 
FEnd
FBeg
 1076  NH2 ARG A 135  2671    O GLY B 348 hbd
18.146 -15.900 38.672 15.402 -13.647 42.201  0.32
18.260310 -14.769850 41.670621 
18.107874 -14.609889 41.449970 
18.008512 -14.581201 41.354395 
17.471442 -15.061805 41.243622 
18.117220 -15.097035 41.768243 
FEnd
FBeg
 2025   CE MET A 253  2673   CA LEU B 349 ali
20.790 -15.449 44.059 16.940 -11.405 41.275  1.19
18.874222 -13.142152 43.068014 
18.262214 -14.531390 41.896372 
17.942951 -13.528090 43.795261 
FEnd
FBeg
 2022   CB MET A 253  2679  CD2 LEU B 349 ali
22.014 -12.529 44.594 19.902 -11.923 40.342  6.47
22.523385 -11.245177 41.830250 
22.512904 -11.166808 41.846625 
21.821177 -10.671562 42.260794 
19.914999 -10.691990 43.204695 
19.471718 -11.552262 43.302269 
19.871823 -13.083527 42.885296 
21.006830 -13.446526 42.269795 
FEnd
FBeg
 1996    O VAL A 250  2679  CD2 LEU B 349 unk
23.558 -9.164 43.149 19.902 -11.923 40.342  0.48
22.512904 -11.166808 41.846625 
22.523058 -11.163567 41.830215 
22.405272 -10.570039 41.400247 
21.876817 -10.433712 41.954542 
21.821177 -10.671562 42.260794 
FEnd
FBeg
 2026    N VAL A 254  2679  CD2 LEU B 349 unk
24.823 -11.902 43.391 19.902 -11.923 40.342  0.00
22.536389 -11.231676 41.809168 
22.523058 -11.163567 41.830215 
22.512904 -11.166808 41.846625 
22.523385 -11.245177 41.830250 
FEnd
FBeg
 2032  CG2 VAL A 254  2679  CD2 LEU B 349 ali
25.229 -10.876 40.328 19.902 -11.923 40.342  3.32
22.507297 -11.126765 38.585510 
22.330384 -10.210429 39.798976 
22.405272 -10.570039 41.400247 
22.523058 -11.163567 41.830215 
22.536389 -11.231676 41.809168 
22.662337 -11.910057 38.998944 
FEnd
FBeg
 1075  NH1 ARG A 135  2679  CD2 LEU B 349 unk
20.328 -15.175 38.686 19.902 -11.923 40.342  4.69
20.261314 -13.397689 38.565217 
21.836400 -13.130158 38.445033 
21.927857 -13.177868 38.562253 
20.392451 -14.724419 41.204343 
19.027239 -14.956995 41.309871 
19.018946 -14.931009 41.256708 
FEnd
FBeg
 1074   CZ ARG A 135  2679  CD2 LEU B 349 ali
19.128 -15.205 38.115 19.902 -11.923 40.342  2.92
19.856355 -13.260601 38.503932 
20.261314 -13.397689 38.565217 
19.018946 -14.931009 41.256708 
17.974885 -14.121319 40.426308 
FEnd
FBeg
 1074   CZ ARG A 135  2677   CG LEU B 349 ali
19.128 -15.205 38.115 18.768 -11.490 39.426  3.85
18.427041 -13.202714 37.947405 
19.856355 -13.260601 38.503932 
17.974885 -14.121319 40.426308 
17.322225 -13.883309 39.572636 
17.474170 -13.334658 38.059640 
FEnd
FBeg
 1073   NE ARG A 135  2677   CG LEU B 349 unk
18.903 -14.543 36.983 18.768 -11.490 39.426  0.35
17.868191 -12.883242 37.517282 
18.427041 -13.202714 37.947405 
17.474170 -13.334658 38.059640 
17.441589 -13.235211 37.933562 
FEnd
FBeg
 1073   NE ARG A 135  2666   CB CYS B 347 unk
18.903 -14.543 36.983 15.964 -11.597 36.462  1.63
16.693338 -14.385846 35.648231 
17.545363 -13.388892 36.479175 
17.868191 -12.883242 37.517282 
17.441589 -13.235211 37.933562 
16.728765 -14.239774 36.274343 
FEnd
FBeg
 1072   CD ARG A 135  2678  CD1 LEU B 349 ali
19.901 -13.741 36.282 19.297 -10.725 38.217  6.63
21.713883 -11.469339 36.719365 
21.737233 -12.346773 38.094271 
20.218294 -12.773917 38.285913 
17.991406 -12.646480 37.392171 
18.239302 -12.130210 36.664864 
19.852939 -11.538808 36.246759 
FEnd
FBeg
 1792  CE1 TYR A 223  2678  CD1 LEU B 349 ali
24.043 -13.051 36.652 19.297 -10.725 38.217  1.61
22.491154 -11.126799 38.567404 
21.737233 -12.346773 38.094271 
21.713883 -11.469339 36.719365 
21.730975 -11.425441 36.705953 
22.241216 -10.965868 37.570258 
FEnd
FBeg
 1816  CD2 LEU A 226  2679  CD2 LEU B 349 ali
22.755 -7.994 37.791 19.902 -11.923 40.342  0.69
21.573702 -9.808437 39.571854 
22.491154 -11.126799 38.567404 
22.507297 -11.126765 38.585510 
22.330384 -10.210429 39.798976 
FEnd
FBeg
 1998  CG1 VAL A 250  2679  CD2 LEU B 349 ali
21.948 -7.574 41.223 19.902 -11.923 40.342  4.86
20.014997 -9.265302 40.510579 
20.040132 -9.240296 40.328768 
21.573702 -9.808437 39.571854 
22.330384 -10.210429 39.798976 
22.405272 -10.570039 41.400247 
21.876817 -10.433712 41.954542 
20.482338 -9.751709 41.826365 
FEnd
FBeg
 1999  CG2 VAL A 250  2678  CD1 LEU B 349 ali
19.683 -7.202 42.165 19.297 -10.725 38.217  0.25
19.335538 -8.466458 39.762567 
19.781592 -8.295472 39.566376 
19.935690 -9.070606 40.243001 
FEnd
FBeg
 1999  CG2 VAL A 250  2641   CB LEU B 344 ali
19.683 -7.202 42.165 15.496 -6.584 39.376  0.12
17.212598 -8.029754 41.084439 
17.206127 -7.660068 41.176070 
17.432750 -7.715210 40.823632 
17.414368 -7.977952 40.793008 
FEnd
FBeg
 1999  CG2 VAL A 250  2679  CD2 LEU B 349 ali
19.683 -7.202 42.165 19.902 -11.923 40.342  1.07
19.642489 -10.109446 42.651898 
19.447188 -10.039524 42.447360 
20.014997 -9.265302 40.510579 
20.482338 -9.751709 41.826365 
FEnd
FBeg
 1994   CA VAL A 250  2679  CD2 LEU B 349 ali
21.496 -8.043 43.645 19.902 -11.923 40.342  2.21
19.914999 -10.691990 43.204695 
19.642489 -10.109446 42.651898 
20.482338 -9.751709 41.826365 
21.876817 -10.433712 41.954542 
21.821177 -10.671562 42.260794 
FEnd
FBeg
 2022   CB MET A 253  2675    O LEU B 349 unk
22.014 -12.529 44.594 17.337 -10.259 43.360  0.53
19.471718 -11.552262 43.302269 
19.914999 -10.691990 43.204695 
19.734083 -10.488723 44.264306 
FEnd
FBeg
 2023   CG MET A 253  2679  CD2 LEU B 349 ali
20.910 -13.059 45.481 19.902 -11.923 40.342  0.95
19.135491 -12.007601 43.267564 
19.471718 -11.552262 43.302269 
19.871823 -13.083527 42.885296 
18.874222 -13.142152 43.068014 
FEnd
FBeg
 2023   CG MET A 253  2673   CA LEU B 349 ali
20.910 -13.059 45.481 16.940 -11.405 41.275  1.28
17.670582 -13.178241 44.189925 
19.135491 -12.007601 43.267564 
18.874222 -13.142152 43.068014 
17.942951 -13.528090 43.795261 
FEnd
FBeg
 1986    C GLU A 249  2675    O LEU B 349 unk
21.005 -8.212 45.999 17.337 -10.259 43.360  0.36
18.725677 -9.047602 44.746198 
19.640483 -10.407348 44.529409 
19.673476 -10.402709 44.479953 
19.019690 -9.169529 44.432119 
18.693570 -8.860037 44.645336 
FEnd
FBeg
 1988   CB GLU A 249  2675    O LEU B 349 unk
18.917 -7.851 47.335 17.337 -10.259 43.360  0.57
17.487795 -8.590192 44.961144 
18.725677 -9.047602 44.746198 
18.693570 -8.860037 44.645336 
18.460097 -8.477192 44.506216 
18.085656 -8.197816 44.485808 
FEnd
FBeg
 1988   CB GLU A 249  2684   CB PHE B 350 ali
18.917 -7.851 47.335 15.453 -7.541 43.234  1.57
16.848314 -8.521583 45.506482 
17.487795 -8.590192 44.961144 
18.085656 -8.197816 44.485808 
18.028963 -7.070739 44.618893 
17.784399 -6.789225 44.846749 
FEnd
FBeg
 1964    O ALA A 246  2684   CB PHE B 350 unk
19.336 -5.041 44.313 15.453 -7.541 43.234  0.43
18.028963 -7.070739 44.618893 
17.632549 -5.933655 43.410888 
17.734431 -6.686961 44.789626 
17.784399 -6.789225 44.846749 
FEnd
FBeg
 1964    O ALA A 246  2686  CD1 PHE B 350 unk
19.336 -5.041 44.313 15.065 -6.476 45.480  0.01
17.734431 -6.686961 44.789626 
17.784399 -6.789225 44.846749 
17.777393 -6.706946 44.922284 
FEnd
FBeg
 1991  OE1 GLU A 249  2681   CA PHE B 350 unk
17.792 -10.428 46.340 14.899 -8.959 43.392  7.20
14.700360 -9.685643 46.968233 
16.719434 -8.606588 45.524525 
17.140153 -8.829330 45.000662 
15.884977 -11.184699 45.058732 
15.081821 -12.254214 45.313960 
14.810348 -12.340145 45.537548 
14.441152 -11.685663 46.225987 
FEnd
FBeg
 1988   CB GLU A 249  2686  CD1 PHE B 350 ali
18.917 -7.851 47.335 15.065 -6.476 45.480  7.11
15.954553 -7.307361 48.262452 
16.320127 -8.671563 46.492118 
16.848314 -8.521583 45.506482 
17.784399 -6.789225 44.846749 
17.777393 -6.706946 44.922284 
17.023062 -5.716954 47.222512 
FEnd
FBeg
 1988   CB GLU A 249  2688  CE1 PHE B 350 ali
18.917 -7.851 47.335 14.462 -5.536 46.298  2.14
16.693445 -5.782445 48.492362 
16.106878 -6.439079 49.546408 
15.954553 -7.307361 48.262452 
17.023062 -5.716954 47.222512 
17.023955 -5.709295 47.235775 
FEnd
FBeg
 1962   CA ALA A 246  2688  CE1 PHE B 350 ali
17.422 -3.832 45.115 14.462 -5.536 46.298  2.74
17.023062 -5.716954 47.222512 
15.587815 -4.738738 45.040389 
15.375121 -4.008557 45.559958 
15.396999 -3.627298 46.163868 
16.519609 -4.895452 47.146110 
17.023955 -5.709295 47.235775 
FEnd
FBeg
 1954    C LYS A 245  2688  CE1 PHE B 350 ali
18.063 -3.185 47.382 14.462 -5.536 46.298  1.25
16.081001 -4.409416 47.549021 
16.693445 -5.782445 48.492362 
17.023955 -5.709295 47.235775 
16.519609 -4.895452 47.146110 
FEnd
FBeg
 1961    N ALA A 246  2688  CE1 PHE B 350 unk
17.261 -3.035 46.328 14.462 -5.536 46.298  1.45
15.117884 -3.326565 47.134180 
16.081001 -4.409416 47.549021 
16.519609 -4.895452 47.146110 
15.396999 -3.627298 46.163868 
FEnd
FBeg
 1958   CD LYS A 245  2688  CE1 PHE B 350 ali
14.809 -2.263 51.091 14.462 -5.536 46.298  13.54
10.397435 -6.063198 50.405066 
13.659202 -3.862083 48.665845 
15.197813 -6.905590 50.632777 
13.308765 -8.449698 51.823965 
FEnd
FBeg
 1933   CB THR A 242  2690   CZ PHE B 350 ali
12.172 0.400 46.599 13.562 -4.629 45.758  0.01
12.616122 -2.508904 47.701794 
12.424910 -2.567149 47.734052 
12.538380 -2.556961 47.860666 
FEnd
FBeg
 1930   CA THR A 242  2690   CZ PHE B 350 ali
13.556 0.462 47.295 13.562 -4.629 45.758  1.16
13.589158 -2.272799 46.923541 
12.616122 -2.508904 47.701794 
12.538380 -2.556961 47.860666 
12.628973 -2.719651 48.399898 
13.392767 -2.656353 48.193220 
13.910072 -2.497094 47.667727 
FEnd
FBeg
 1935  CG2 THR A 242  2652   CE LYS B 345 ali
12.224 -0.463 45.349 9.513 -5.235 42.044  2.12
10.911888 -2.820371 43.619573 
9.627073 -3.648780 45.869588 
9.175099 -3.744040 46.377874 
9.052581 -3.622936 46.303513 
10.060963 -2.322457 43.598640 
FEnd
FBeg
 1935  CG2 THR A 242  2618  CD1 LEU B 341 ali
12.224 -0.463 45.349 12.353 -0.378 42.127  29.26
12.716122 -2.390467 43.703151 
10.911888 -2.820371 43.619573 
10.060963 -2.322457 43.598640 
5.111003 2.747905 43.534219 
5.106839 2.914473 43.538446 
5.164859 3.063406 43.544698 
6.839202 3.067056 43.611831 
12.773120 1.927731 43.819352 
13.218326 1.522703 43.826492 
13.671070 0.764301 43.824611 
14.104437 -0.350025 43.812564 
FEnd
FBeg
 1937   CA THR A 243  2618  CD1 LEU B 341 ali
16.012 1.020 44.440 12.353 -0.378 42.127  1.30
13.671070 0.764301 43.824611 
14.104437 -0.350025 43.812564 
14.554640 0.578584 42.539115 
14.379515 0.731346 42.723818 
13.592686 1.219749 43.673331 
FEnd
FBeg
 1940   CB THR A 243  2618  CD1 LEU B 341 ali
16.066 2.239 43.483 12.353 -0.378 42.127  0.02
14.554640 0.578584 42.539115 
14.572693 0.639438 42.372238 
14.379515 0.731346 42.723818 
FEnd
FBeg
 1940   CB THR A 243  2619  CD2 LEU B 341 ali
16.066 2.239 43.483 14.393 -1.751 41.847  0.62
14.554640 0.578584 42.539115 
14.572693 0.639438 42.372238 
15.099720 0.785184 41.477835 
15.666860 0.255328 42.190120 
FEnd
FBeg
 1942  CG2 THR A 243  2619  CD2 LEU B 341 ali
17.189 2.090 42.478 14.393 -1.751 41.847  2.42
15.099720 0.785184 41.477835 
15.666860 0.255328 42.190120 
17.114890 -0.843044 42.459780 
17.217363 -0.894499 42.318932 
15.765479 0.431056 40.683449 
15.484396 0.656421 40.557113 
15.087481 0.814506 41.353580 
FEnd
FBeg
 1942  CG2 THR A 243  2617   CG LEU B 341 ali
17.189 2.090 42.478 13.216 -1.124 41.136  0.48
15.484396 0.656421 40.557113 
15.087481 0.814506 41.353580 
14.998745 1.464360 40.059926 
FEnd
FBeg
 1941  OG1 THR A 243  2617   CG LEU B 341 unk
14.829 2.355 42.773 13.216 -1.124 41.136  2.74
15.087481 0.814506 41.353580 
14.998745 1.464360 40.059926 
14.733460 1.728177 39.760651 
13.369328 2.333119 39.819142 
14.576396 0.700620 42.099207 
FEnd
FBeg
 1942  CG2 THR A 243  2609  CG1 ILE B 340 ali
17.189 2.090 42.478 16.836 -0.684 38.315  2.82
15.765479 0.431056 40.683449 
15.484396 0.656421 40.557113 
14.998745 1.464360 40.059926 
15.007518 1.770123 39.855438 
17.279507 2.292293 39.314839 
17.532231 2.019744 39.475022 
FEnd
FBeg
 1871   CB ALA A 233  2609  CG1 ILE B 340 ali
20.038 1.973 37.784 16.836 -0.684 38.315  6.69
17.279507 2.292293 39.314839 
17.532231 2.019744 39.475022 
18.961039 -0.086240 37.553075 
17.133188 1.787352 35.905904 
16.642596 2.520649 36.616821 
FEnd
FBeg
 1871   CB ALA A 233  2610  CG2 ILE B 340 ali
20.038 1.973 37.784 17.860 -1.591 36.147  15.03
18.961039 -0.086240 37.553075 
17.133188 1.787352 35.905904 
17.241856 3.126809 32.845119 
17.909346 2.905361 32.439162 
18.709158 2.478972 32.303340 
20.471131 -0.462621 36.363364 
20.493623 -0.755728 36.971578 
20.062216 -0.823928 37.694039 
FEnd
FBeg
 1838    O THR A 229  2610  CG2 ILE B 340 unk
22.691 0.004 36.737 17.860 -1.591 36.147  0.14
20.471131 -0.462621 36.363364 
20.493623 -0.755728 36.971578 
20.610331 -1.033074 36.765730 
20.617075 -1.028214 36.697375 
FEnd
FBeg
 1837    C THR A 229  2610  CG2 ILE B 340 ali
23.358 -1.020 36.730 17.860 -1.591 36.147  0.01
20.610331 -1.033074 36.765730 
20.630282 -1.185476 36.726849 
20.617075 -1.028214 36.697375 
FEnd
FBeg
 1871   CB ALA A 233  2611  CD1 ILE B 340 ali
20.038 1.973 37.784 17.849 -0.986 39.399  7.47
17.532231 2.019744 39.475022 
18.961039 -0.086240 37.553075 
20.062216 -0.823928 37.694039 
20.399051 -0.033266 39.599241 
20.048960 0.639541 40.357436 
19.301613 1.235122 40.435691 
18.926664 1.457748 40.335375 
FEnd
FBeg
 1869    C ALA A 233  2611  CD1 ILE B 340 ali
20.480 3.565 39.665 17.849 -0.986 39.399  0.03
19.301613 1.235122 40.435691 
18.926664 1.457748 40.335375 
19.184050 1.296298 40.551840 
FEnd
FBeg
 1872    N ALA A 234  2611  CD1 ILE B 340 unk
21.172 3.019 40.653 17.849 -0.986 39.399  0.49
20.048960 0.639541 40.357436 
19.301613 1.235122 40.435691 
19.184050 1.296298 40.551840 
19.487141 0.900747 41.011974 
19.925518 0.583710 40.862857 
FEnd
FBeg
 1876   CB ALA A 234  2611  CD1 ILE B 340 ali
21.347 2.182 42.947 17.849 -0.986 39.399  0.75
19.487141 0.900747 41.011974 
19.394425 -0.147838 42.039664 
19.785576 -0.220216 41.718650 
19.904218 -0.141537 41.531428 
19.925518 0.583710 40.862857 
FEnd
FBeg
 1970   CB GLU A 247  2611  CD1 ILE B 340 ali
21.520 -1.478 43.983 17.849 -0.986 39.399  0.48
19.394425 -0.147838 42.039664 
19.362918 -0.176748 42.061792 
18.815237 -1.250502 42.385145 
18.906544 -1.422952 42.293515 
19.785576 -0.220216 41.718650 
FEnd
FBeg
 1966    N GLU A 247  2611  CD1 ILE B 340 unk
19.622 -2.857 44.687 17.849 -0.986 39.399  0.16
18.815237 -1.250502 42.385145 
18.522508 -1.367601 42.441862 
18.663496 -1.959443 42.185185 
18.906544 -1.422952 42.293515 
FEnd
FBeg
 1939    O THR A 243  2611  CD1 ILE B 340 unk
18.317 0.306 44.482 17.849 -0.986 39.399  0.91
19.362918 -0.176748 42.061792 
17.582256 -0.909307 42.411943 
18.522508 -1.367601 42.441862 
18.815237 -1.250502 42.385145 
FEnd
FBeg
 1845    O VAL A 230  2611  CD1 ILE B 340 unk
22.299 -0.016 40.593 17.849 -0.986 39.399  1.29
20.399051 -0.033266 39.599241 
20.048960 0.639541 40.357436 
19.925518 0.583710 40.862857 
19.904218 -0.141537 41.531428 
20.382273 -0.429728 39.983858 
FEnd
FBeg
 1843   CA VAL A 230  2611  CD1 ILE B 340 ali
22.447 -1.687 38.877 17.849 -0.986 39.399  2.37
20.062216 -0.823928 37.694039 
20.399051 -0.033266 39.599241 
20.382273 -0.429728 39.983858 
20.054924 -1.818280 38.965139 
19.962198 -1.585170 37.835322 
FEnd
FBeg
 1899  NE2 GLN A 237  2609  CG1 ILE B 340 unk
15.749 4.791 39.035 16.836 -0.684 38.315  5.08
15.007518 1.770123 39.855438 
17.279507 2.292293 39.314839 
16.642596 2.520649 36.616821 
14.311298 1.715855 39.216998 
14.733460 1.728177 39.760651 
FEnd
FBeg
 1899  NE2 GLN A 237  2604    N ILE B 340 hbd
15.749 4.791 39.035 14.784 -0.368 36.573  29.50
16.642596 2.520649 36.616821 
14.311298 1.715855 39.216998 
12.172053 2.411794 38.597185 
11.860844 3.259875 36.942055 
11.846557 5.142616 33.002464 
16.717172 4.333664 32.788508 
FEnd
FBeg
 1942  CG2 THR A 243  2611  CD1 ILE B 340 ali
17.189 2.090 42.478 17.849 -0.986 39.399  9.84
17.217363 -0.894499 42.318932 
15.765479 0.431056 40.683449 
17.532231 2.019744 39.475022 
18.926664 1.457748 40.335375 
19.184050 1.296298 40.551840 
19.487141 0.900747 41.011974 
19.394425 -0.147838 42.039664 
19.362918 -0.176748 42.061792 
17.582256 -0.909307 42.411943 
FEnd
FBeg
 1941  OG1 THR A 243  2619  CD2 LEU B 341 unk
14.829 2.355 42.773 14.393 -1.751 41.847  0.11
14.572693 0.639438 42.372238 
15.099720 0.785184 41.477835 
15.087481 0.814506 41.353580 
14.576396 0.700620 42.099207 
FEnd
FBeg
 1937   CA THR A 243  2619  CD2 LEU B 341 ali
16.012 1.020 44.440 14.393 -1.751 41.847  5.12
14.104437 -0.350025 43.812564 
14.554640 0.578584 42.539115 
15.666860 0.255328 42.190120 
17.114890 -0.843044 42.459780 
14.968086 -1.316746 44.306408 
14.828566 -1.245423 44.317301 
14.382736 -0.843892 44.166570 
FEnd
FBeg
 1931    C THR A 242  2619  CD2 LEU B 341 ali
14.638 0.178 46.261 14.393 -1.751 41.847  0.13
14.828566 -1.245423 44.317301 
14.382736 -0.843892 44.166570 
14.442789 -1.429308 44.419075 
FEnd
FBeg
 1932    O THR A 242  2619  CD2 LEU B 341 unk
15.149 -0.935 46.187 14.393 -1.751 41.847  0.15
14.968086 -1.316746 44.306408 
14.828566 -1.245423 44.317301 
14.442789 -1.429308 44.419075 
14.333593 -1.911324 44.528724 
FEnd
FBeg
 1936    N THR A 243  2618  CD1 LEU B 341 unk
14.975 1.179 45.456 12.353 -0.378 42.127  0.10
13.218326 1.522703 43.826492 
13.671070 0.764301 43.824611 
13.592686 1.219749 43.673331 
FEnd
FBeg
 1941  OG1 THR A 243  2618  CD1 LEU B 341 unk
14.829 2.355 42.773 12.353 -0.378 42.127  10.80
12.773120 1.927731 43.819352 
13.218326 1.522703 43.826492 
13.592686 1.219749 43.673331 
14.379515 0.731346 42.723818 
14.572693 0.639438 42.372238 
14.576396 0.700620 42.099207 
13.369328 2.333119 39.819142 
12.399019 3.143762 40.108613 
11.359509 3.805365 41.293854 
FEnd
FBeg
 1923   OG SER A 240  2618  CD1 LEU B 341 unk
13.088 3.963 44.943 12.353 -0.378 42.127  16.29
6.839202 3.067056 43.611831 
12.773120 1.927731 43.819352 
11.359509 3.805365 41.293854 
9.017725 4.500925 40.832840 
5.193799 3.429786 43.482130 
FEnd
FBeg
 1935  CG2 THR A 242  2619  CD2 LEU B 341 ali
12.224 -0.463 45.349 14.393 -1.751 41.847  2.13
14.127972 -2.223092 44.516036 
12.716122 -2.390467 43.703151 
14.104437 -0.350025 43.812564 
14.382736 -0.843892 44.166570 
14.442789 -1.429308 44.419075 
14.333593 -1.911324 44.528724 
FEnd
FBeg
 1932    O THR A 242  2689  CE2 PHE B 350 unk
15.149 -0.935 46.187 13.269 -4.664 44.399  0.00
14.197309 -2.293184 44.849334 
14.188623 -2.278531 44.827907 
14.180234 -2.286255 44.852837 
FEnd
FBeg
 1932    O THR A 242  2690   CZ PHE B 350 unk
15.149 -0.935 46.187 13.562 -4.629 45.758  2.70
15.070371 -2.797645 45.963394 
14.197309 -2.293184 44.849334 
14.180234 -2.286255 44.852837 
13.589158 -2.272799 46.923541 
13.910072 -2.497094 47.667727 
14.935577 -2.862331 47.019027 
FEnd
FBeg
 1961    N ALA A 246  2690   CZ PHE B 350 unk
17.261 -3.035 46.328 13.562 -4.629 45.758  0.80
15.299621 -3.325886 45.952901 
15.070371 -2.797645 45.963394 
14.935577 -2.862331 47.019027 
15.117884 -3.326565 47.134180 
15.396999 -3.627298 46.163868 
FEnd
FBeg
 1962   CA ALA A 246  2690   CZ PHE B 350 ali
17.422 -3.832 45.115 13.562 -4.629 45.758  0.14
15.375121 -4.008557 45.559958 
15.299621 -3.325886 45.952901 
15.396999 -3.627298 46.163868 
FEnd
FBeg
 1965   CB ALA A 246  2688  CE1 PHE B 350 ali
16.583 -3.283 44.000 14.462 -5.536 46.298  0.24
15.587815 -4.738738 45.040389 
15.375121 -4.008557 45.559958 
15.187403 -4.703800 44.705071 
FEnd
FBeg
 1962   CA ALA A 246  2686  CD1 PHE B 350 ali
17.422 -3.832 45.115 15.065 -6.476 45.480  4.57
15.984358 -5.162213 44.533494 
15.587815 -4.738738 45.040389 
17.023062 -5.716954 47.222512 
17.777393 -6.706946 44.922284 
17.734431 -6.686961 44.789626 
16.969197 -6.063830 44.361957 
FEnd
FBeg
 1962   CA ALA A 246  2685   CG PHE B 350 ali
17.422 -3.832 45.115 14.784 -6.524 44.119  0.49
16.770693 -5.628850 43.712042 
15.984358 -5.162213 44.533494 
16.969197 -6.063830 44.361957 
FEnd
FBeg
 1962   CA ALA A 246  2684   CB PHE B 350 ali
17.422 -3.832 45.115 15.453 -7.541 43.234  1.20
17.534869 -5.720121 43.092086 
16.770693 -5.628850 43.712042 
16.969197 -6.063830 44.361957 
17.734431 -6.686961 44.789626 
17.632549 -5.933655 43.410888 
FEnd
FBeg
 1999  CG2 VAL A 250  2684   CB PHE B 350 ali
19.683 -7.202 42.165 15.453 -7.541 43.234  6.46
17.507930 -5.695216 42.993386 
17.534869 -5.720121 43.092086 
17.632549 -5.933655 43.410888 
18.028963 -7.070739 44.618893 
18.085656 -8.197816 44.485808 
17.739792 -8.505521 43.019657 
17.284475 -8.199499 41.315026 
17.212598 -8.029754 41.084439 
17.206127 -7.660068 41.176070 
FEnd
FBeg
 1965   CB ALA A 246  2687  CD2 PHE B 350 ali
16.583 -3.283 44.000 13.885 -5.608 43.588  3.10
15.266477 -4.296577 41.882544 
15.942948 -5.181235 42.444952 
15.943431 -5.210279 42.605687 
15.211182 -4.727743 44.677806 
15.186822 -4.704090 44.703850 
15.180510 -4.695948 44.699238 
14.557493 -3.679459 43.042833 
FEnd
FBeg
 1965   CB ALA A 246  2619  CD2 LEU B 341 ali
16.583 -3.283 44.000 14.393 -1.751 41.847  10.37
16.933068 -2.624891 41.376827 
15.266477 -4.296577 41.882544 
14.557493 -3.679459 43.042833 
14.127972 -2.223092 44.516036 
14.333593 -1.911324 44.528724 
14.968086 -1.316746 44.306408 
17.114890 -0.843044 42.459780 
17.217363 -0.894499 42.318932 
FEnd
FBeg
 1965   CB ALA A 246  2611  CD1 ILE B 340 ali
16.583 -3.283 44.000 17.849 -0.986 39.399  2.81
18.426520 -2.754588 41.723011 
16.933068 -2.624891 41.376827 
17.217363 -0.894499 42.318932 
17.582256 -0.909307 42.411943 
18.522508 -1.367601 42.441862 
18.663496 -1.959443 42.185185 
FEnd
FBeg
 1847  CG1 VAL A 230  2611  CD1 ILE B 340 ali
21.253 -2.809 40.790 17.849 -0.986 39.399  8.67
18.993442 -3.285148 39.640328 
18.426520 -2.754588 41.723011 
18.663496 -1.959443 42.185185 
18.906544 -1.422952 42.293515 
19.785576 -0.220216 41.718650 
19.904218 -0.141537 41.531428 
20.382273 -0.429728 39.983858 
20.054924 -1.818280 38.965139 
FEnd
FBeg
 1999  CG2 VAL A 250  2643  CD1 LEU B 344 ali
19.683 -7.202 42.165 17.284 -5.103 40.294  8.78
19.884202 -5.733954 39.903067 
19.954424 -5.131324 40.489095 
19.344288 -4.417890 42.071786 
17.749871 -5.474515 42.930765 
17.507930 -5.695216 42.993386 
17.206127 -7.660068 41.176070 
17.432750 -7.715210 40.823632 
FEnd
FBeg
 1999  CG2 VAL A 250  2644  CD2 LEU B 344 ali
19.683 -7.202 42.165 17.815 -6.634 38.413  4.55
20.193530 -6.106932 39.692599 
19.884202 -5.733954 39.903067 
17.432750 -7.715210 40.823632 
17.414368 -7.977952 40.793008 
19.335538 -8.466458 39.762567 
19.781592 -8.295472 39.566376 
FEnd
FBeg
 1998  CG1 VAL A 250  2644  CD2 LEU B 344 ali
21.948 -7.574 41.223 17.815 -6.634 38.413  1.46
20.595532 -6.571941 38.945773 
20.193530 -6.106932 39.692599 
19.781592 -8.295472 39.566376 
20.179292 -8.126092 39.038092 
FEnd
FBeg
 1816  CD2 LEU A 226  2644  CD2 LEU B 344 ali
22.755 -7.994 37.791 17.815 -6.634 38.413  3.25
20.456041 -6.331778 37.312804 
20.595532 -6.571941 38.945773 
20.179292 -8.126092 39.038092 
19.960604 -8.121634 37.291493 
20.118869 -7.418645 37.011375 
20.371882 -6.579773 37.186648 
FEnd
FBeg
 1814   CG LEU A 226  2644  CD2 LEU B 344 ali
22.824 -7.706 36.313 17.815 -6.634 38.413  0.11
20.118869 -7.418645 37.011375 
20.075445 -7.239667 36.816434 
20.371882 -6.579773 37.186648 
FEnd
FBeg
 1848  CG2 VAL A 230  2608   CB ILE B 340 ali
21.252 -3.849 38.529 16.757 -1.739 37.208  0.37
18.847329 -2.988508 38.092627 
18.527134 -3.964239 37.623651 
18.509434 -3.946110 37.712838 
18.474950 -3.748882 38.145202 
18.516618 -3.483363 38.427525 
FEnd
FBeg
 1848  CG2 VAL A 230  2611  CD1 ILE B 340 ali
21.252 -3.849 38.529 17.849 -0.986 39.399  2.84
19.962198 -1.585170 37.835322 
18.847329 -2.988508 38.092627 
18.516618 -3.483363 38.427525 
18.993442 -3.285148 39.640328 
20.054924 -1.818280 38.965139 
FEnd
FBeg
 1843   CA VAL A 230  2610  CG2 ILE B 340 ali
22.447 -1.687 38.877 17.860 -1.591 36.147  1.04
20.626164 -1.771538 36.713160 
20.630282 -1.185476 36.726849 
20.610331 -1.033074 36.765730 
20.493623 -0.755728 36.971578 
20.062216 -0.823928 37.694039 
19.962198 -1.585170 37.835322 
FEnd
FBeg
 1841  CG2 THR A 229  2610  CG2 ILE B 340 ali
22.110 -1.578 34.312 17.860 -1.591 36.147  14.39
19.420719 -2.591783 33.915445 
18.726562 0.156596 32.327197 
18.709158 2.478972 32.303340 
20.471131 -0.462621 36.363364 
20.617075 -1.028214 36.697375 
20.630282 -1.185476 36.726849 
20.626164 -1.771538 36.713160 
20.327943 -2.957024 36.014058 
FEnd
FBeg
 1106    O VAL A 139  2610  CG2 ILE B 340 unk
19.098 -3.743 31.882 17.860 -1.591 36.147  6.66
17.465859 -3.414106 33.762930 
16.950596 -3.333213 33.572548 
16.719390 -1.741810 32.702459 
18.726562 0.156596 32.327197 
19.420719 -2.591783 33.915445 
FEnd
FBeg
 1106    O VAL A 139  2636  ND2 ASN B 343 hbd
19.098 -3.743 31.882 14.400 -4.232 32.236  2.36
16.950596 -3.333213 33.572548 
16.719390 -1.741810 32.702459 
16.789575 -3.283436 31.504368 
16.841333 -3.910650 31.324848 
16.849840 -3.951292 31.381611 
FEnd
FBeg
 1104   CA VAL A 139  2636  ND2 ASN B 343 unk
18.503 -5.982 32.541 14.400 -4.232 32.236  3.04
16.849840 -3.951292 31.381611 
16.950596 -3.333213 33.572548 
16.770123 -3.686893 33.971041 
16.071854 -5.624804 32.245313 
FEnd
FBeg
 1104   CA VAL A 139  2633   CB ASN B 343 ali
18.503 -5.982 32.541 14.390 -5.842 34.048  3.05
16.770123 -3.686893 33.971041 
16.071854 -5.624804 32.245313 
16.069550 -5.884405 32.263140 
16.223955 -6.907542 32.779603 
16.881332 -4.538082 34.353634 
16.841410 -3.848567 34.180622 
FEnd
FBeg
 1098    C VAL A 138  2633   CB ASN B 343 ali
17.308 -7.076 30.731 14.390 -5.842 34.048  0.54
16.069550 -5.884405 32.263140 
16.223955 -6.907542 32.779603 
16.190202 -6.993150 32.781757 
15.489025 -6.421415 31.952226 
15.548576 -6.324933 31.968720 
FEnd
FBeg
 1098    C VAL A 138  2634   CG ASN B 343 ali
17.308 -7.076 30.731 13.741 -5.232 32.823  0.00
15.489025 -6.421415 31.952226 
15.548576 -6.324933 31.968720 
15.457562 -6.406981 31.885857 
FEnd
FBeg
 1099    O VAL A 138  2634   CG ASN B 343 unk
16.572 -6.100 30.573 13.741 -5.232 32.823  1.43
15.548576 -6.324933 31.968720 
15.457562 -6.406981 31.885857 
13.663295 -6.169018 29.536469 
13.625328 -5.935021 29.398427 
15.811397 -5.793181 32.094269 
FEnd
FBeg
 1099    O VAL A 138  2633   CB ASN B 343 unk
16.572 -6.100 30.573 14.390 -5.842 34.048  0.14
16.071854 -5.624804 32.245313 
16.069550 -5.884405 32.263140 
15.548576 -6.324933 31.968720 
15.811397 -5.793181 32.094269 
FEnd
FBeg
 1099    O VAL A 138  2636  ND2 ASN B 343 hbd
16.572 -6.100 30.573 14.400 -4.232 32.236  6.41
16.841333 -3.910650 31.324848 
16.849840 -3.951292 31.381611 
16.071854 -5.624804 32.245313 
15.811397 -5.793181 32.094269 
13.625328 -5.935021 29.398427 
13.571212 -5.883882 29.270306 
13.529712 -5.505588 28.791176 
15.817302 -4.248389 30.366761 
FEnd
FBeg
 1123   CE LYS A 141  2636  ND2 ASN B 343 unk
15.124 -1.930 29.348 14.400 -4.232 32.236  16.22
13.529712 -5.505588 28.791176 
13.174391 -5.356699 28.820778 
13.013215 -5.245305 28.869164 
11.280172 -2.941756 30.270842 
16.347795 -1.379482 32.786532 
16.463964 -1.469063 32.744251 
16.514100 -3.355222 31.253379 
15.817302 -4.248389 30.366761 
FEnd
FBeg
 1124   NZ LYS A 141  2636  ND2 ASN B 343 hbd
14.422 -0.830 30.079 14.400 -4.232 32.236  10.30
11.280172 -2.941756 30.270842 
10.575590 -1.870702 31.952913 
10.631406 -1.830909 32.016243 
12.886107 -0.980723 33.380146 
13.873699 -1.020232 33.327904 
16.018362 -1.248602 32.989596 
16.347795 -1.379482 32.786532 
FEnd
FBeg
 1121   CG LYS A 141  2636  ND2 ASN B 343 unk
17.335 -2.964 28.652 14.400 -4.232 32.236  0.57
16.789575 -3.283436 31.504368 
16.841333 -3.910650 31.324848 
15.817302 -4.248389 30.366761 
16.514100 -3.355222 31.253379 
FEnd
FBeg
 1122   CD LYS A 141  2636  ND2 ASN B 343 unk
16.615 -1.673 29.073 14.400 -4.232 32.236  0.66
16.719390 -1.741810 32.702459 
16.789575 -3.283436 31.504368 
16.514100 -3.355222 31.253379 
16.463964 -1.469063 32.744251 
FEnd
FBeg
 1104   CA VAL A 139  2610  CG2 ILE B 340 ali
18.503 -5.982 32.541 17.860 -1.591 36.147  0.26
16.841410 -3.848567 34.180622 
16.770123 -3.686893 33.971041 
16.950596 -3.333213 33.572548 
17.465859 -3.414106 33.762930 
FEnd
FBeg
 1108  CG1 VAL A 139  2633   CB ASN B 343 ali
19.556 -5.365 34.757 14.390 -5.842 34.048  0.46
16.696535 -4.451987 35.642202 
16.841410 -3.848567 34.180622 
16.881332 -4.538082 34.353634 
FEnd
FBeg
 1108  CG1 VAL A 139  2608   CB ILE B 340 ali
19.556 -5.365 34.757 16.757 -1.739 37.208  0.22
16.873980 -4.654358 36.148708 
16.699266 -4.455439 35.654908 
17.644627 -4.395643 36.646032 
17.274918 -4.530406 36.423199 
FEnd
FBeg
 1108  CG1 VAL A 139  2642   CG LEU B 344 ali
19.556 -5.365 34.757 16.745 -5.766 39.044  0.03
16.968518 -4.747311 36.202003 
16.873980 -4.654358 36.148708 
17.274918 -4.530406 36.423199 
FEnd
FBeg
 1108  CG1 VAL A 139  2644  CD2 LEU B 344 ali
19.556 -5.365 34.757 17.815 -6.634 38.413  5.92
19.824110 -7.472925 36.615784 
16.968518 -4.747311 36.202003 
17.274918 -4.530406 36.423199 
17.644627 -4.395643 36.646032 
18.685173 -4.142851 37.229288 
20.456041 -6.331778 37.312804 
20.371882 -6.579773 37.186648 
20.075445 -7.239667 36.816434 
FEnd
FBeg
 1815  CD1 LEU A 226  2644  CD2 LEU B 344 ali
22.090 -8.750 35.518 17.815 -6.634 38.413  0.54
19.512342 -8.257049 36.728529 
19.824110 -7.472925 36.615784 
20.075445 -7.239667 36.816434 
20.118869 -7.418645 37.011375 
19.960604 -8.121634 37.291493 
FEnd
FBeg
 1109  CG2 VAL A 139  2678  CD1 LEU B 349 ali
17.836 -7.186 34.632 19.297 -10.725 38.217  2.88
18.816713 -9.967932 35.323089 
19.246208 -9.759932 35.353387 
19.512342 -8.257049 36.728529 
17.344784 -9.047216 36.831849 
17.679039 -9.383178 36.363978 
FEnd
FBeg
 1070   CB ARG A 135  2667   SG CYS B 347 unk
20.362 -12.348 34.262 16.028 -10.951 34.771  0.74
18.766208 -9.960326 34.872179 
18.816713 -9.967932 35.323089 
18.607733 -10.706134 35.569749 
18.341392 -11.171026 34.577865 
FEnd
FBeg
 1067   CA ARG A 135  2667   SG CYS B 347 unk
19.868 -11.846 32.910 16.028 -10.951 34.771  6.40
18.501168 -9.855109 34.274691 
18.766208 -9.960326 34.872179 
18.341392 -11.171026 34.577865 
16.928298 -13.370329 32.719775 
16.838607 -12.641776 32.184327 
16.844428 -12.508558 32.132271 
17.029788 -11.825994 32.186483 
17.943238 -9.730956 33.063747 
FEnd
FBeg
 1059    C GLU A 134  2667   SG CYS B 347 unk
19.539 -12.712 30.657 16.028 -10.951 34.771  0.00
16.838607 -12.641776 32.184327 
16.815946 -12.557071 32.128730 
16.844428 -12.508558 32.132271 
FEnd
FBeg
 1069    O ARG A 135  2667   SG CYS B 347 hbd
20.240 -9.472 32.982 16.028 -10.951 34.771  0.08
17.921620 -9.620002 33.104578 
18.501168 -9.855109 34.274691 
17.943238 -9.730956 33.063747 
FEnd
FBeg
 1100   CB VAL A 138  2667   SG CYS B 347 unk
16.355 -9.391 30.705 16.028 -10.951 34.771  3.90
16.945995 -9.147702 33.207323 
17.921620 -9.620002 33.104578 
17.943238 -9.730956 33.063747 
17.029788 -11.825994 32.186483 
15.319212 -11.249057 32.270266 
FEnd
FBeg
 1109  CG2 VAL A 139  2632    O ASN B 343 unk
17.836 -7.186 34.632 14.175 -8.563 35.856  0.01
16.223372 -8.668500 36.167810 
15.970565 -8.594847 35.494520 
16.237036 -8.697654 36.175878 
FEnd
FBeg
 1109  CG2 VAL A 139  2638   CA LEU B 344 ali
17.836 -7.186 34.632 15.017 -7.505 38.253  1.32
16.202747 -7.301958 36.272141 
16.223372 -8.668500 36.167810 
16.237036 -8.697654 36.175878 
16.689553 -8.902619 36.510113 
17.086424 -8.944393 36.815402 
16.439094 -6.806926 36.499752 
FEnd
FBeg
 1109  CG2 VAL A 139  2637    N LEU B 344 unk
17.836 -7.186 34.632 14.492 -6.738 37.130  1.09
15.973036 -6.248981 35.775789 
16.202747 -7.301958 36.272141 
16.439094 -6.806926 36.499752 
16.473600 -5.427608 36.298572 
16.428689 -5.083653 36.176765 
16.372521 -5.083181 36.101490 
FEnd
FBeg
 1109  CG2 VAL A 139  2633   CB ASN B 343 ali
17.836 -7.186 34.632 14.390 -5.842 34.048  7.88
15.434230 -8.369869 34.074166 
15.973036 -6.248981 35.775789 
16.372521 -5.083181 36.101490 
16.671993 -4.486143 35.708408 
16.694387 -4.454095 35.650023 
16.696535 -4.451987 35.642202 
16.881332 -4.538082 34.353634 
16.223955 -6.907542 32.779603 
16.190202 -6.993150 32.781757 
FEnd
FBeg
 1101  CG1 VAL A 138  2632    O ASN B 343 unk
15.159 -8.767 31.382 14.175 -8.563 35.856  0.76
13.434790 -9.050235 33.684387 
13.709581 -9.564968 33.768294 
15.324365 -8.450226 34.072617 
14.614113 -8.496835 33.918531 
FEnd
FBeg
 1101  CG1 VAL A 138  2633   CB ASN B 343 ali
15.159 -8.767 31.382 14.390 -5.842 34.048  5.05
13.070065 -7.662269 32.615886 
13.063057 -7.670076 32.622431 
14.716391 -8.416527 33.918298 
15.434230 -8.369869 34.074166 
16.190202 -6.993150 32.781757 
15.489025 -6.421415 31.952226 
FEnd
FBeg
 1101  CG1 VAL A 138  2634   CG ASN B 343 ali
15.159 -8.767 31.382 13.741 -5.232 32.823  4.09
13.663295 -6.169018 29.536469 
13.070065 -7.662269 32.615886 
15.489025 -6.421415 31.952226 
15.457562 -6.406981 31.885857 
FEnd
FBeg
 1175  NH2 ARG A 147  2635  OD1 ASN B 343 hbd
10.303 -9.797 29.782 12.649 -5.654 32.408  0.00
11.898119 -8.333647 31.785884 
11.906707 -8.313954 31.747143 
11.744631 -8.215331 31.736341 
FEnd
FBeg
 1101  CG1 VAL A 138  2661  OD2 ASP B 346 unk
15.159 -8.767 31.382 9.830 -8.770 33.700  0.42
11.996616 -9.148129 32.011270 
11.898119 -8.333647 31.785884 
12.268848 -8.315641 32.638199 
12.289381 -8.373738 32.685328 
FEnd
FBeg
 1175  NH2 ARG A 147  2659   CG ASP B 346 unk
10.303 -9.797 29.782 9.884 -9.508 34.706  4.27
9.673152 -11.475488 32.155234 
10.338920 -10.446571 32.151498 
5.816279 -11.238722 31.813143 
6.726376 -11.751587 31.920688 
8.619806 -12.459533 32.123357 
FEnd
FBeg
 1101  CG1 VAL A 138  2658   CB ASP B 346 ali
15.159 -8.767 31.382 11.154 -10.329 34.916  2.35
13.661145 -9.897461 33.566444 
12.092679 -9.516927 31.957131 
11.996616 -9.148129 32.011270 
12.289381 -8.373738 32.685328 
13.434790 -9.050235 33.684387 
13.709581 -9.564968 33.768294 
FEnd
FBeg
 1101  CG1 VAL A 138  2667   SG CYS B 347 unk
15.159 -8.767 31.382 16.028 -10.951 34.771  6.23
15.130270 -11.328784 32.267335 
13.661145 -9.897461 33.566444 
13.709581 -9.564968 33.768294 
15.324365 -8.450226 34.072617 
15.437889 -8.391215 34.081537 
16.945995 -9.147702 33.207323 
15.319212 -11.249057 32.270266 
FEnd
FBeg
 1102  CG2 VAL A 138  2667   SG CYS B 347 unk
15.927 -10.529 29.803 16.028 -10.951 34.771  1.05
15.315824 -11.671167 32.234479 
15.130270 -11.328784 32.267335 
15.319212 -11.249057 32.270266 
17.029788 -11.825994 32.186483 
16.844428 -12.508558 32.132271 
16.815946 -12.557071 32.128730 
FEnd
FBeg
  590  CD2 LEU A  72  2667   SG CYS B 347 unk
14.053 -13.862 31.141 16.028 -10.951 34.771  4.17
15.335139 -13.836767 33.960627 
15.315824 -11.671167 32.234479 
16.815946 -12.557071 32.128730 
16.838607 -12.641776 32.184327 
16.928298 -13.370329 32.719775 
16.080087 -14.495852 34.083856 
15.950493 -14.394058 34.072735 
FEnd
FBeg
  589  CD1 LEU A  72  2662    N CYS B 347 unk
12.766 -12.532 32.824 13.541 -11.555 36.693  0.07
13.754342 -11.756037 34.745240 
13.833072 -11.652147 34.703235 
13.559344 -10.930479 34.575830 
13.515970 -10.983081 34.597801 
FEnd
FBeg
  589  CD1 LEU A  72  2656    C ASP B 346 ali
12.766 -12.532 32.824 12.342 -11.994 36.330  3.39
13.418123 -13.410399 34.958443 
13.754342 -11.756037 34.745240 
13.515970 -10.983081 34.597801 
10.974143 -12.818568 34.572062 
FEnd
FBeg
  587   CB LEU A  72  2667   SG CYS B 347 unk
12.684 -15.023 32.884 16.028 -10.951 34.771  0.04
15.950493 -14.394058 34.072735 
15.335139 -13.836767 33.960627 
15.283815 -13.833078 34.043620 
FEnd
FBeg
 1071   CG ARG A 135  2663   CA CYS B 347 ali
19.379 -13.257 34.952 14.704 -12.423 36.726  0.98
16.102345 -14.886596 34.326211 
16.078310 -14.518865 34.089993 
16.080087 -14.495852 34.083856 
16.296149 -14.149950 34.490625 
16.693338 -14.385846 35.648231 
16.386161 -15.054294 35.152987 
16.133080 -14.953189 34.438514 
FEnd
FBeg
  586    O LEU A  72  2663   CA CYS B 347 unk
14.045 -17.444 33.929 14.704 -12.423 36.726  1.65
13.734336 -15.500950 35.986986 
16.102345 -14.886596 34.326211 
16.133080 -14.953189 34.438514 
15.990690 -15.425280 35.319530 
14.634453 -15.609984 35.970642 
13.723101 -15.552449 36.082082 
FEnd
FBeg
  589  CD1 LEU A  72  2657    O ASP B 346 unk
12.766 -12.532 32.824 12.108 -13.164 36.018  2.30
9.574884 -13.450052 34.158846 
10.974143 -12.818568 34.572062 
13.418123 -13.410399 34.958443 
13.528653 -13.754357 34.913154 
9.760217 -13.648500 34.157760 
FEnd
FBeg
  596   CG ASN A  73  2657    O ASP B 346 unk
10.887 -18.585 36.003 12.108 -13.164 36.018  0.19
10.501909 -15.453005 36.243260 
10.441838 -15.439376 36.207464 
10.287129 -15.403584 35.865681 
10.657042 -15.485647 35.412331 
10.782091 -15.513922 35.452086 
FEnd
FBeg
  597  OD1 ASN A  73  2657    O ASP B 346 hbd
11.862 -17.906 36.296 12.108 -13.164 36.018  3.68
12.571774 -15.479168 37.628587 
10.501909 -15.453005 36.243260 
10.782091 -15.513922 35.452086 
13.497733 -15.621790 36.015180 
13.660025 -15.621430 36.164926 
FEnd
FBeg
  597  OD1 ASN A  73  2664    C CYS B 347 unk
11.862 -17.906 36.296 14.814 -13.216 38.035  1.66
12.680599 -15.673368 37.967601 
12.571774 -15.479168 37.628587 
13.660025 -15.621430 36.164926 
14.095913 -16.016273 36.489864 
13.724544 -16.201280 37.619230 
FEnd
FBeg
 2478  ND2 ASN A 310  2664    C CYS B 347 unk
13.867 -16.815 40.651 14.814 -13.216 38.035  0.78
12.682767 -15.646418 38.005463 
12.680599 -15.673368 37.967601 
13.724544 -16.201280 37.619230 
14.235909 -15.635853 38.582240 
FEnd
FBeg
 2496  NE2 GLN A 312  2668    N GLY B 348 hbd
10.104 -14.183 38.993 13.981 -12.875 39.011  1.41
11.878323 -13.045101 39.200680 
12.585392 -15.125108 38.052929 
12.454702 -14.734321 37.804852 
12.188897 -13.947699 37.895237 
11.870403 -13.010580 38.397890 
FEnd
FBeg
 2496  NE2 GLN A 312  2648    O LYS B 345 hbd
10.104 -14.183 38.993 11.453 -11.362 39.101  9.00
11.130061 -12.768481 41.321586 
11.878323 -13.045101 39.200680 
11.870403 -13.010580 38.397890 
11.028311 -12.593911 38.032695 
9.331940 -11.792149 38.279305 
8.104678 -11.247840 39.391176 
8.250077 -11.340353 39.991489 
FEnd
FBeg
 2493   CG GLN A 312  2648    O LYS B 345 unk
8.839 -14.889 40.974 11.453 -11.362 39.101  3.96
8.250077 -11.340353 39.991489 
11.130061 -12.768481 41.321586 
11.128892 -12.275726 42.247848 
10.028392 -11.330265 42.492341 
FEnd
FBeg
 2493   CG GLN A 312  2669   CA GLY B 348 ali
8.839 -14.889 40.974 13.982 -13.576 40.282  2.68
11.673816 -14.510448 42.057608 
11.458283 -13.472154 42.425807 
11.128892 -12.275726 42.247848 
11.130061 -12.768481 41.321586 
11.652105 -15.069894 40.834755 
FEnd
FBeg
 2488    N GLN A 312  2669   CA GLY B 348 unk
9.763 -15.688 43.768 13.982 -13.576 40.282  0.32
11.727180 -13.767032 42.572592 
11.458283 -13.472154 42.425807 
11.673816 -14.510448 42.057608 
11.902845 -14.511392 42.334222 
FEnd
FBeg
 2483   CB LYS A 311  2669   CA GLY B 348 ali
11.008 -13.588 45.706 13.982 -13.576 40.282  2.55
12.907577 -13.108864 43.221264 
12.617295 -12.131582 43.064264 
11.427381 -11.846962 42.412459 
11.128892 -12.275726 42.247848 
11.458283 -13.472154 42.425807 
11.727180 -13.767032 42.572592 
FEnd
FBeg
 2483   CB LYS A 311  2682    C PHE B 350 ali
11.008 -13.588 45.706 13.369 -8.925 43.432  4.24
12.617295 -12.131582 43.064264 
11.427381 -11.846962 42.412459 
11.275484 -11.760898 42.431230 
10.445413 -11.032334 43.063375 
13.883726 -11.782597 45.094763 
13.856043 -12.137735 44.337788 
13.392107 -12.186067 43.756993 
FEnd
FBeg
 2483   CB LYS A 311  2671    O GLY B 348 unk
11.008 -13.588 45.706 15.402 -13.647 42.201  1.44
13.856043 -12.137735 44.337788 
14.810348 -12.340145 45.537548 
14.894784 -12.543338 45.646820 
13.093046 -13.035223 43.396373 
13.392107 -12.186067 43.756993 
FEnd
FBeg
 2483   CB LYS A 311  2683    O PHE B 350 unk
11.008 -13.588 45.706 12.718 -9.079 44.477  5.54
10.445413 -11.032334 43.063375 
9.984543 -10.850870 43.087894 
14.152087 -11.281727 47.305765 
14.441152 -11.685663 46.225987 
13.883726 -11.782597 45.094763 
FEnd
FBeg
 2485   CD LYS A 311  2683    O PHE B 350 unk
9.969 -11.636 46.932 12.718 -9.079 44.477  23.62
9.984543 -10.850870 43.087894 
14.152087 -11.281727 47.305765 
14.068599 -10.270941 48.265061 
14.011590 -9.974565 48.509915 
13.873042 -9.617330 48.726853 
13.487684 -9.250730 48.677177 
11.374477 -7.781075 47.841618 
9.253782 -7.495562 45.764333 
9.069878 -8.328009 44.691372 
9.755023 -10.561168 43.132625 
FEnd
FBeg
 2483   CB LYS A 311  2670    C GLY B 348 ali
11.008 -13.588 45.706 15.131 -13.098 41.133  0.59
12.907577 -13.108864 43.221264 
12.617295 -12.131582 43.064264 
13.392107 -12.186067 43.756993 
13.093046 -13.035223 43.396373 
FEnd
FBeg
 2479    N LYS A 311  2670    C GLY B 348 unk
12.450 -15.434 44.955 15.131 -13.098 41.133  0.06
13.142295 -13.519437 43.134969 
12.907577 -13.108864 43.221264 
13.093046 -13.035223 43.396373 
FEnd
FBeg
 2476   CG ASN A 310  2669   CA GLY B 348 ali
13.231 -17.161 41.765 13.982 -13.576 40.282  3.59
13.844394 -14.879261 42.565126 
13.361326 -14.708150 42.734140 
12.063524 -14.593414 42.354287 
11.789287 -15.292009 40.526631 
11.828518 -15.339751 40.431086 
14.563903 -15.255995 42.018774 
FEnd
FBeg
 2479    N LYS A 311  2671    O GLY B 348 hbd
12.450 -15.434 44.955 15.402 -13.647 42.201  4.22
14.925695 -14.024440 44.718904 
14.899849 -12.549193 45.648449 
14.894784 -12.543338 45.646820 
13.093046 -13.035223 43.396373 
13.142295 -13.519437 43.134969 
13.506040 -14.596544 42.825958 
FEnd
FBeg
 2466    O MET A 309  2671    O GLY B 348 unk
16.020 -16.011 45.970 15.402 -13.647 42.201  6.35
17.377406 -15.883521 43.150842 
17.630878 -13.859580 44.378741 
17.311132 -13.258815 44.807982 
14.899849 -12.549193 45.648449 
14.925695 -14.024440 44.718904 
FEnd
FBeg
 2025   CE MET A 253  2671    O GLY B 348 unk
20.790 -15.449 44.059 15.402 -13.647 42.201  3.55
17.378243 -15.887596 43.144462 
18.117220 -15.097035 41.768243 
18.260310 -14.769850 41.670621 
18.262214 -14.531390 41.896372 
17.942951 -13.528090 43.795261 
17.630878 -13.859580 44.378741 
17.377406 -15.883521 43.150842 
FEnd
FBeg
 2476   CG ASN A 310  2671    O GLY B 348 unk
13.231 -17.161 41.765 15.402 -13.647 42.201  0.21
14.563903 -15.255995 42.018774 
14.916531 -15.489821 42.147470 
14.830004 -15.447691 42.238761 
13.844394 -14.879261 42.565126 
FEnd
FBeg
 2478  ND2 ASN A 310  2669   CA GLY B 348 unk
13.867 -16.815 40.651 13.982 -13.576 40.282  9.80
15.880423 -15.471815 40.534649 
15.842758 -15.554687 39.795483 
14.235909 -15.635853 38.582240 
12.682767 -15.646418 38.005463 
11.828518 -15.339751 40.431086 
14.563903 -15.255995 42.018774 
14.883844 -15.294487 41.780604 
FEnd

+-+CCS_record::Boundary loops before union-find
Start boundary loop loop_id 0  init_edge IE_A_B
xyz 15.8804 -15.4718 40.5346
xyz 15.8428 -15.5547 39.7955
xyz 15.5002 -16.7773 38.2483
xyz 15.5801 -16.7899 38.2023
xyz 16.2507 -15.2909 40.0089
xyz 17.4714 -15.0618 41.2436
xyz 18.1172 -15.097 41.7682
xyz 17.3782 -15.8876 43.1445
xyz 16.3465 -15.8962 42.4606
xyz 15.8252 -15.8166 41.9155
xyz 15.8728 -15.5793 41.3833
End loop
Boundary info init_edge IE_A_B [total exposed]: 13.051888 13.051888
Start boundary loop loop_id 1  init_edge IE_A_B
xyz 13.5297 -5.50559 28.7912
xyz 13.1744 -5.3567 28.8208
xyz 13.0132 -5.24531 28.8692
xyz 11.2802 -2.94176 30.2708
xyz 10.5756 -1.8707 31.9529
xyz 10.6314 -1.83091 32.0162
xyz 12.8861 -0.980723 33.3801
xyz 13.8737 -1.02023 33.3279
xyz 16.0184 -1.2486 32.9896
xyz 16.3478 -1.37948 32.7865
xyz 16.464 -1.46906 32.7443
xyz 16.7194 -1.74181 32.7025
xyz 18.7266 0.156596 32.3272
xyz 18.7092 2.47897 32.3033
xyz 17.9093 2.90536 32.4392
xyz 17.2419 3.12681 32.8451
xyz 17.1332 1.78735 35.9059
xyz 16.6426 2.52065 36.6168
xyz 16.7172 4.33366 32.7885
xyz 11.8466 5.14262 33.0025
xyz 11.8608 3.25987 36.9421
xyz 12.1721 2.41179 38.5972
xyz 14.3113 1.71586 39.217
xyz 14.7335 1.72818 39.7607
xyz 15.0075 1.77012 39.8554
xyz 14.9987 1.46436 40.0599
xyz 14.7335 1.72818 39.7607
xyz 13.3693 2.33312 39.8191
xyz 12.399 3.14376 40.1086
xyz 11.3595 3.80536 41.2939
xyz 9.01772 4.50092 40.8328
xyz 5.1938 3.42979 43.4821
xyz 6.8392 3.06706 43.6118
xyz 5.16486 3.06341 43.5447
xyz 5.10684 2.91447 43.5384
xyz 5.111 2.7479 43.5342
xyz 10.061 -2.32246 43.5986
xyz 9.05258 -3.62294 46.3035
xyz 9.1751 -3.74404 46.3779
xyz 7.95578 -4.98095 47.909
xyz 7.84861 -5.09195 48.0494
xyz 8.92247 -5.22735 49.8423
xyz 10.7015 -4.15536 49.4876
xyz 10.3123 -6.00576 50.3995
xyz 10.3974 -6.0632 50.4051
xyz 13.3088 -8.4497 51.824
xyz 13.4798 -9.07706 50.2926
xyz 13.7618 -9.41235 49.065
xyz 13.873 -9.61733 48.7269
xyz 14.2693 -9.73545 48.1061
xyz 14.7004 -9.68564 46.9682
xyz 14.4412 -11.6857 46.226
xyz 14.8103 -12.3401 45.5375
xyz 15.0818 -12.2542 45.314
xyz 16.4691 -12.7288 44.882
xyz 17.3543 -13.1794 44.7213
xyz 17.6706 -13.1782 44.1899
xyz 17.943 -13.5281 43.7953
xyz 17.6309 -13.8596 44.3787
xyz 17.3111 -13.2588 44.808
xyz 14.8998 -12.5492 45.6484
xyz 14.8948 -12.5433 45.6468
xyz 14.8103 -12.3401 45.5375
xyz 13.856 -12.1377 44.3378
xyz 13.8837 -11.7826 45.0948
xyz 14.4412 -11.6857 46.226
xyz 14.1521 -11.2817 47.3058
xyz 14.0686 -10.2709 48.2651
xyz 14.0116 -9.97456 48.5099
xyz 13.873 -9.61733 48.7269
xyz 13.4877 -9.25073 48.6772
xyz 11.3745 -7.78107 47.8416
xyz 9.25378 -7.49556 45.7643
xyz 9.06988 -8.32801 44.6914
xyz 9.75502 -10.5612 43.1326
xyz 9.98454 -10.8509 43.0879
xyz 10.4454 -11.0323 43.0634
xyz 11.2755 -11.7609 42.4312
xyz 11.4274 -11.847 42.4125
xyz 11.1289 -12.2757 42.2478
xyz 10.0284 -11.3303 42.4923
xyz 8.25008 -11.3404 39.9915
xyz 8.10468 -11.2478 39.3912
xyz 7.59982 -11.1244 38.7111
xyz 8.04642 -11.3231 38.2988
xyz 7.78443 -13.1085 36.0303
xyz 8.01631 -13.3473 35.8404
xyz 8.1476 -13.4425 35.7813
xyz 8.84453 -13.7458 35.7116
xyz 9.30393 -13.4042 34.5114
xyz 9.57488 -13.4501 34.1588
xyz 9.1253 -13.1314 33.4768
xyz 8.79162 -12.6866 32.7514
xyz 9.67315 -11.4755 32.1552
xyz 8.61981 -12.4595 32.1234
xyz 6.72638 -11.7516 31.9207
xyz 5.81628 -11.2387 31.8131
xyz 2.99443 -9.86899 31.1134
xyz 2.12804 -8.37753 30.6179
xyz 8.2022 -6.77337 30.9307
xyz 8.81998 -5.87114 31.0087
xyz 9.92849 -5.59596 30.1864
xyz 11.8124 -5.96902 29.5823
xyz 13.11 -5.3641 28.8721
xyz 13.5712 -5.88388 29.2703
xyz 13.6522 -6.17025 29.513
xyz 13.6633 -6.16902 29.5365
xyz 13.6253 -5.93502 29.3984
xyz 13.5712 -5.88388 29.2703
End loop
Boundary info init_edge IE_A_B [total exposed]: 160.264799 160.264799
Start boundary loop loop_id 2  init_edge IE_A_B
xyz 13.7343 -15.5009 35.987
xyz 13.4977 -15.6218 36.0152
xyz 13.66 -15.6214 36.1649
xyz 13.7231 -15.5524 36.0821
End loop
Boundary info init_edge IE_A_B [total exposed]: 0.721618 0.721618
Start boundary loop loop_id 3  init_edge IE_A_B
xyz 10.0888 -15.2968 36.0185
xyz 10.4418 -15.4394 36.2075
xyz 10.2871 -15.4036 35.8657
End loop
Boundary info init_edge IE_A_B [total exposed]: 1.074095 1.074095
Start boundary loop loop_id 4  init_edge IE_A_B
xyz 14.0492 -16.487 37.5413
xyz 14.4872 -16.5346 36.7496
xyz 14.0959 -16.0163 36.4899
xyz 13.7245 -16.2013 37.6192
End loop
Boundary info init_edge IE_A_B [total exposed]: 3.248162 3.248162
Start boundary loop loop_id 5  init_edge IE_A_B
xyz 15.9907 -15.4253 35.3195
xyz 16.2888 -15.2202 35.3749
xyz 16.3862 -15.0543 35.153
xyz 16.1331 -14.9532 34.4385
End loop
Boundary info init_edge IE_A_B [total exposed]: 2.434029 2.434029
Start boundary loop loop_id 6  init_edge IE_A_B
xyz 15.9505 -14.3941 34.0727
xyz 16.0783 -14.5189 34.09
xyz 16.0801 -14.4959 34.0839
End loop
Boundary info init_edge IE_A_B [total exposed]: 0.368528 0.368528
Voronoi Facets of interface MI_AWi_BWi
FBeg
 2478  ND2 ASN A 310  2929    O HOH A2013 hbw
13.867 -16.815 40.651 16.501 -17.477 40.591  7.26
15.872752 -15.579254 41.383290 
15.825220 -15.816614 41.915497 
14.998577 -18.986419 40.599373 
14.991548 -19.007562 40.524098 
15.500244 -16.777266 38.248252 
15.842758 -15.554687 39.795483 
15.880423 -15.471815 40.534649 
FEnd
FBeg
 2670    C GLY B 348  2929    O HOH A2013 unk
15.131 -13.098 41.133 16.501 -17.477 40.591  1.31
15.880423 -15.471815 40.534649 
15.872752 -15.579254 41.383290 
17.471442 -15.061805 41.243622 
16.250724 -15.290896 40.008939 
16.202678 -15.305586 40.006179 
FEnd
FBeg
 1076  NH2 ARG A 135  2929    O HOH A2013 hbw
18.146 -15.900 38.672 16.501 -17.477 40.591  12.89
17.471442 -15.061805 41.243622 
18.117220 -15.097035 41.768243 
19.475570 -17.119222 41.270847 
19.422715 -17.232782 41.132217 
18.460386 -18.384030 39.361217 
16.498960 -17.647668 38.284978 
15.580116 -16.789861 38.202259 
16.250724 -15.290896 40.008939 
FEnd
FBeg
  626  CD2 LEU A  76  2929    O HOH A2013 unk
16.993 -20.405 37.691 16.501 -17.477 40.591  3.09
18.460386 -18.384030 39.361217 
18.410510 -18.575641 39.546215 
17.720689 -19.100280 39.958888 
16.235058 -19.182619 39.789978 
16.498960 -17.647668 38.284978 
FEnd
FBeg
 2439   CB TYR A 306  2929    O HOH A2013 unk
19.380 -21.054 40.856 16.501 -17.477 40.591  0.45
18.410510 -18.575641 39.546215 
18.682863 -18.309954 40.173586 
17.763419 -19.053802 40.122033 
17.720689 -19.100280 39.958888 
FEnd
FBeg
 2442  CD2 TYR A 306  2929    O HOH A2013 unk
21.038 -19.665 39.548 16.501 -17.477 40.591  0.55
19.422715 -17.232782 41.132217 
18.682863 -18.309954 40.173586 
18.410510 -18.575641 39.546215 
18.460386 -18.384030 39.361217 
FEnd
FBeg
 2436   CA TYR A 306  2929    O HOH A2013 unk
18.820 -20.451 42.143 16.501 -17.477 40.591  5.38
19.475570 -17.119222 41.270847 
18.483936 -17.221306 42.556932 
17.413369 -17.787924 43.070799 
17.488975 -18.822557 40.975226 
17.763419 -19.053802 40.122033 
18.682863 -18.309954 40.173586 
19.422715 -17.232782 41.132217 
FEnd
FBeg
 2437    C TYR A 306  2929    O HOH A2013 unk
17.311 -20.699 42.211 16.501 -17.477 40.591  1.45
17.413369 -17.787924 43.070799 
17.264276 -17.769144 43.182697 
16.363917 -18.530802 42.118024 
17.488975 -18.822557 40.975226 
FEnd
FBeg
 2430    O ILE A 305  2929    O HOH A2013 hbw
19.235 -19.093 44.505 16.501 -17.477 40.591  0.77
18.483936 -17.221306 42.556932 
17.657949 -16.775699 43.317880 
17.324449 -17.384061 43.299657 
17.264276 -17.769144 43.182697 
17.413369 -17.787924 43.070799 
FEnd
FBeg
 2025   CE MET A 253  2929    O HOH A2013 unk
20.790 -15.449 44.059 16.501 -17.477 40.591  3.93
18.117220 -15.097035 41.768243 
17.378243 -15.887596 43.144462 
17.470235 -16.285400 43.263319 
17.657949 -16.775699 43.317880 
18.483936 -17.221306 42.556932 
19.475570 -17.119222 41.270847 
FEnd
FBeg
 2472   CA ASN A 310  2929    O HOH A2013 unk
14.137 -16.960 44.151 16.501 -17.477 40.591  0.95
17.378243 -15.887596 43.144462 
16.346549 -15.896170 42.460616 
17.296792 -17.251081 43.288386 
17.470235 -16.285400 43.263319 
FEnd
FBeg
 2669   CA GLY B 348  2929    O HOH A2013 unk
13.982 -13.576 40.282 16.501 -17.477 40.591  0.15
15.842758 -15.554687 39.795483 
15.880423 -15.471815 40.534649 
16.202678 -15.305586 40.006179 
FEnd
FBeg
 2665    O CYS B 347  2929    O HOH A2013 hbw
15.621 -14.140 38.149 16.501 -17.477 40.591  0.47
15.500244 -16.777266 38.248252 
15.842758 -15.554687 39.795483 
16.202678 -15.305586 40.006179 
16.250724 -15.290896 40.008939 
15.580116 -16.789861 38.202259 
FEnd
FBeg
  625  CD1 LEU A  76  2929    O HOH A2013 unk
14.605 -19.765 37.925 16.501 -17.477 40.591  3.51
14.991548 -19.007562 40.524098 
15.500244 -16.777266 38.248252 
15.580116 -16.789861 38.202259 
16.498960 -17.647668 38.284978 
16.235058 -19.182619 39.789978 
FEnd
FBeg
 2438    O TYR A 306  2929    O HOH A2013 hbw
16.566 -20.215 41.354 16.501 -17.477 40.591  3.88
14.998577 -18.986419 40.599373 
14.991548 -19.007562 40.524098 
16.235058 -19.182619 39.789978 
17.720689 -19.100280 39.958888 
17.763419 -19.053802 40.122033 
17.488975 -18.822557 40.975226 
16.363917 -18.530802 42.118024 
FEnd
FBeg
 2475   CB ASN A 310  2929    O HOH A2013 unk
14.081 -17.788 42.860 16.501 -17.477 40.591  6.07
15.825220 -15.816614 41.915497 
14.998577 -18.986419 40.599373 
16.363917 -18.530802 42.118024 
17.264276 -17.769144 43.182697 
17.324449 -17.384061 43.299657 
17.296792 -17.251081 43.288386 
16.346549 -15.896170 42.460616 
FEnd
FBeg
 2671    O GLY B 348  2929    O HOH A2013 hbw
15.402 -13.647 42.201 16.501 -17.477 40.591  3.03
15.872752 -15.579254 41.383290 
15.825220 -15.816614 41.915497 
16.346549 -15.896170 42.460616 
17.378243 -15.887596 43.144462 
18.117220 -15.097035 41.768243 
17.471442 -15.061805 41.243622 
FEnd

+-+CCS_record::Boundary loops before union-find
Start boundary loop loop_id 7  init_edge IE_A_Wi
xyz 17.3244 -17.3841 43.2997
xyz 17.2968 -17.2511 43.2884
xyz 17.4702 -16.2854 43.2633
xyz 17.6579 -16.7757 43.3179
End loop
Boundary info init_edge IE_A_Wi [total exposed]: 2.339594 2.339594
+-+Surf_areas::Interface areas<Areas altogether before UFind>: IE_A_B: 879.38 IE_A_Wi: 25.09 IE_B_Wi: 2.48 
+-+Surf_areas::Chem Interface areas<Areas altogether before UFind>: ali: 461.32 aro: 0.00 hbd: 94.89 hbw: 14.15 hbdp: 0.00 elu: 0.00 elf: 29.42 hbwp: 0.00 ssb: 0.00 unk: 307.16 
+++UnionFindAlgo::processing merged ccs...

+-+MCC_record::Boundary nets of merged cc after union-find
Start boundary net with  1 loops
Start boundary loop loop_id 0
Start boundary loop auf loop_id 0  init_edge IE_A_B
xyz 15.8804 -15.4718 40.5346
xyz 15.8428 -15.5547 39.7955
xyz 15.5002 -16.7773 38.2483
xyz 15.5801 -16.7899 38.2023
xyz 16.2507 -15.2909 40.0089
xyz 17.4714 -15.0618 41.2436
xyz 18.1172 -15.097 41.7682
xyz 17.3782 -15.8876 43.1445
xyz 16.3465 -15.8962 42.4606
xyz 15.8252 -15.8166 41.9155
xyz 15.8728 -15.5793 41.3833
End loop. Loop info [total exposed]: 13.0519 0
End net. Net info [total exposed]: 13.0519 0
Start boundary net with  1 loops
Start boundary loop loop_id 7
Start boundary loop auf loop_id 7  init_edge IE_A_Wi
xyz 17.3244 -17.3841 43.2997
xyz 17.2968 -17.2511 43.2884
xyz 17.4702 -16.2854 43.2633
xyz 17.6579 -16.7757 43.3179
End loop. Loop info [total exposed]: 2.33959 2.33959
End net. Net info [total exposed]: 2.33959 2.33959
Start boundary net with  1 loops
Start boundary loop loop_id 1
Start boundary loop auf loop_id 1  init_edge IE_A_B
xyz 13.5297 -5.50559 28.7912
xyz 13.1744 -5.3567 28.8208
xyz 13.0132 -5.24531 28.8692
xyz 11.2802 -2.94176 30.2708
xyz 10.5756 -1.8707 31.9529
xyz 10.6314 -1.83091 32.0162
xyz 12.8861 -0.980723 33.3801
xyz 13.8737 -1.02023 33.3279
xyz 16.0184 -1.2486 32.9896
xyz 16.3478 -1.37948 32.7865
xyz 16.464 -1.46906 32.7443
xyz 16.7194 -1.74181 32.7025
xyz 18.7266 0.156596 32.3272
xyz 18.7092 2.47897 32.3033
xyz 17.9093 2.90536 32.4392
xyz 17.2419 3.12681 32.8451
xyz 17.1332 1.78735 35.9059
xyz 16.6426 2.52065 36.6168
xyz 16.7172 4.33366 32.7885
xyz 11.8466 5.14262 33.0025
xyz 11.8608 3.25987 36.9421
xyz 12.1721 2.41179 38.5972
xyz 14.3113 1.71586 39.217
xyz 14.7335 1.72818 39.7607
xyz 15.0075 1.77012 39.8554
xyz 14.9987 1.46436 40.0599
xyz 14.7335 1.72818 39.7607
xyz 13.3693 2.33312 39.8191
xyz 12.399 3.14376 40.1086
xyz 11.3595 3.80536 41.2939
xyz 9.01772 4.50092 40.8328
xyz 5.1938 3.42979 43.4821
xyz 6.8392 3.06706 43.6118
xyz 5.16486 3.06341 43.5447
xyz 5.10684 2.91447 43.5384
xyz 5.111 2.7479 43.5342
xyz 10.061 -2.32246 43.5986
xyz 9.05258 -3.62294 46.3035
xyz 9.1751 -3.74404 46.3779
xyz 7.95578 -4.98095 47.909
xyz 7.84861 -5.09195 48.0494
xyz 8.92247 -5.22735 49.8423
xyz 10.7015 -4.15536 49.4876
xyz 10.3123 -6.00576 50.3995
xyz 10.3974 -6.0632 50.4051
xyz 13.3088 -8.4497 51.824
xyz 13.4798 -9.07706 50.2926
xyz 13.7618 -9.41235 49.065
xyz 13.873 -9.61733 48.7269
xyz 14.2693 -9.73545 48.1061
xyz 14.7004 -9.68564 46.9682
xyz 14.4412 -11.6857 46.226
xyz 14.8103 -12.3401 45.5375
xyz 15.0818 -12.2542 45.314
xyz 16.4691 -12.7288 44.882
xyz 17.3543 -13.1794 44.7213
xyz 17.6706 -13.1782 44.1899
xyz 17.943 -13.5281 43.7953
xyz 17.6309 -13.8596 44.3787
xyz 17.3111 -13.2588 44.808
xyz 14.8998 -12.5492 45.6484
xyz 14.8948 -12.5433 45.6468
xyz 14.8103 -12.3401 45.5375
xyz 13.856 -12.1377 44.3378
xyz 13.8837 -11.7826 45.0948
xyz 14.4412 -11.6857 46.226
xyz 14.1521 -11.2817 47.3058
xyz 14.0686 -10.2709 48.2651
xyz 14.0116 -9.97456 48.5099
xyz 13.873 -9.61733 48.7269
xyz 13.4877 -9.25073 48.6772
xyz 11.3745 -7.78107 47.8416
xyz 9.25378 -7.49556 45.7643
xyz 9.06988 -8.32801 44.6914
xyz 9.75502 -10.5612 43.1326
xyz 9.98454 -10.8509 43.0879
xyz 10.4454 -11.0323 43.0634
xyz 11.2755 -11.7609 42.4312
xyz 11.4274 -11.847 42.4125
xyz 11.1289 -12.2757 42.2478
xyz 10.0284 -11.3303 42.4923
xyz 8.25008 -11.3404 39.9915
xyz 8.10468 -11.2478 39.3912
xyz 7.59982 -11.1244 38.7111
xyz 8.04642 -11.3231 38.2988
xyz 7.78443 -13.1085 36.0303
xyz 8.01631 -13.3473 35.8404
xyz 8.1476 -13.4425 35.7813
xyz 8.84453 -13.7458 35.7116
xyz 9.30393 -13.4042 34.5114
xyz 9.57488 -13.4501 34.1588
xyz 9.1253 -13.1314 33.4768
xyz 8.79162 -12.6866 32.7514
xyz 9.67315 -11.4755 32.1552
xyz 8.61981 -12.4595 32.1234
xyz 6.72638 -11.7516 31.9207
xyz 5.81628 -11.2387 31.8131
xyz 2.99443 -9.86899 31.1134
xyz 2.12804 -8.37753 30.6179
xyz 8.2022 -6.77337 30.9307
xyz 8.81998 -5.87114 31.0087
xyz 9.92849 -5.59596 30.1864
xyz 11.8124 -5.96902 29.5823
xyz 13.11 -5.3641 28.8721
xyz 13.5712 -5.88388 29.2703
xyz 13.6522 -6.17025 29.513
xyz 13.6633 -6.16902 29.5365
xyz 13.6253 -5.93502 29.3984
xyz 13.5712 -5.88388 29.2703
End loop. Loop info [total exposed]: 160.265 160.265
End net. Net info [total exposed]: 160.265 160.265
Start boundary net with  1 loops
Start boundary loop loop_id 2
Start boundary loop auf loop_id 2  init_edge IE_A_B
xyz 13.7343 -15.5009 35.987
xyz 13.4977 -15.6218 36.0152
xyz 13.66 -15.6214 36.1649
xyz 13.7231 -15.5524 36.0821
End loop. Loop info [total exposed]: 0.721618 0.721618
End net. Net info [total exposed]: 0.721618 0.721618
Start boundary net with  1 loops
Start boundary loop loop_id 3
Start boundary loop auf loop_id 3  init_edge IE_A_B
xyz 10.0888 -15.2968 36.0185
xyz 10.4418 -15.4394 36.2075
xyz 10.2871 -15.4036 35.8657
End loop. Loop info [total exposed]: 1.07409 1.07409
End net. Net info [total exposed]: 1.07409 1.07409
Start boundary net with  1 loops
Start boundary loop loop_id 4
Start boundary loop auf loop_id 4  init_edge IE_A_B
xyz 14.0492 -16.487 37.5413
xyz 14.4872 -16.5346 36.7496
xyz 14.0959 -16.0163 36.4899
xyz 13.7245 -16.2013 37.6192
End loop. Loop info [total exposed]: 3.24816 3.24816
End net. Net info [total exposed]: 3.24816 3.24816
Start boundary net with  1 loops
Start boundary loop loop_id 5
Start boundary loop auf loop_id 5  init_edge IE_A_B
xyz 15.9907 -15.4253 35.3195
xyz 16.2888 -15.2202 35.3749
xyz 16.3862 -15.0543 35.153
xyz 16.1331 -14.9532 34.4385
End loop. Loop info [total exposed]: 2.43403 2.43403
End net. Net info [total exposed]: 2.43403 2.43403
Start boundary net with  1 loops
Start boundary loop loop_id 6
Start boundary loop auf loop_id 6  init_edge IE_A_B
xyz 15.9505 -14.3941 34.0727
xyz 16.0783 -14.5189 34.09
xyz 16.0801 -14.4959 34.0839
End loop. Loop info [total exposed]: 0.368528 0.368528
End net. Net info [total exposed]: 0.368528 0.368528
+-+Surf_areas::Interface areas<for merged connected component>: IE_A_B: 879.38 IE_A_Wi: 25.09 IE_B_Wi: 2.48 
+-+Surf_areas::Chem Interface areas<for merged connected component>: ali: 461.32 aro: 0.00 hbd: 94.89 hbw: 14.15 hbdp: 0.00 elu: 0.00 elf: 29.42 hbwp: 0.00 ssb: 0.00 unk: 307.16 
+-+MCC_record::dump_stats::Nb loops_before - nets_after uf merge: 8 8
