Begin VSO per interface edge
2 2957  1
3 2957  2
3 2958  2
3 2960  1
4 2943  2
4 2946  2
4 2948  3
4 2953  1
4 2957  1
4 2958  2
6 2948  2
6 2950  1
6 5046  2
6 5048  1
6 5055  2
7 5046  1
7 5048  2
7 5055  2
8 5046  1
8 5048  1
9 2946  1
9 2948  2
9 5046  1
9 5053  1
9 5054  1
9 5055  2
9 5062  1
9 5064  1
10 2960  1
11 2944  3
11 2953  2
11 2958  3
11 2959  2
11 2960  2
12 2958  3
12 2960  2
13 2960  1
14 2936  3
14 2944  3
14 2959  2
16 2935  3
16 2936  3
16 2938  2
16 2941  1
16 2943  3
16 2944  3
16 2948  2
16 2950  1
16 2953  2
17 2958  2
17 2959  2
17 2960  2
18 2960  2
21 2958  1
21 2959  2
21 2960  1
23 2936  1
23 2958  1
23 2959  1
37 2936  1
37 2959  2
39 2934  3
39 2935  2
39 2936  2
39 2937  2
39 2959  3
40 2937  2
42 2936  3
42 2937  2
42 2938  3
42 2939  3
42 2941  2
44 2939  2
44 2941  1
114 2895  1
114 2940  1
143 2934  2
144 2924  2
144 2925  1
144 2934  2
144 2935  1
144 2936  1
145 2934  2
145 2937  1
148 2937  1
148 2939  2
148 2940  1
149 2939  3
149 2940  2
151 2939  2
151 2940  1
151 2941  1
152 2934  1
153 2820  3
153 2924  2
153 2925  2
153 2926  2
153 2933  1
153 2934  2
154 2797  3
154 2925  1
155 2795  2
155 2797  3
155 2818  1
155 2820  2
155 2823  3
155 2925  1
156 2820  2
156 2821  2
156 2823  2
156 2926  1
156 2928  1
157 2797  2
157 2823  3
158 2823  3
158 2825  2
158 2928  2
158 2931  2
159 2797  1
159 2823  2
159 2825  1
159 2931  1
160 2895  1
160 2896  1
160 2928  2
160 2931  1
162 2785  2
162 2795  3
162 2797  3
165 2785  1
167 2785  1
167 2786  1
167 2797  2
169 2797  1
172 2785  1
172 2792  2
172 2795  3
172 2797  2
176 2785  1
177 2785  2
177 2792  3
177 2793  3
177 2795  3
177 2798  2
177 2802  1
178 2792  2
178 2795  2
178 2798  2
178 2802  1
178 2804  1
178 2818  2
179 2784  1
179 2785  1
179 2792  2
179 2793  2
179 2794  1
179 2798  2
179 2802  1
2267 2787  1
2274 2789  1
2281 2788  1
2281 2789  1
2283 2788  2
2283 2789  1
2283 2790  1
End VSO per interface edge

Voronoi Facets of interface MI_AB
FBeg
   23  CD1 TRP A  11  2959  OD1 ASP B  27 unk
11.020 30.211 38.326 10.607 29.765 34.895  16.05
12.924185 31.564551 35.838814 
13.080961 31.351394 35.847651 
13.835798 29.450098 36.003941 
13.775967 29.043523 36.063994 
12.002393 26.059224 36.665417 
9.625733 29.281484 36.532638 
9.526490 29.856737 36.469806 
10.617083 31.767720 36.090117 
10.772295 31.907236 36.053298 
11.175846 32.093034 35.980569 
11.760427 32.067270 35.913550 
FEnd
FBeg
   23  CD1 TRP A  11  2936    O GLU B  25 unk
11.020 30.211 38.326 12.496 34.221 34.336  0.32
11.760427 32.067270 35.913550 
12.591894 32.050116 36.203890 
13.008191 31.560253 35.865570 
12.924185 31.564551 35.838814 
FEnd
FBeg
   37  CD1 TRP A  12  2936    O GLU B  25 unk
11.173 34.208 38.124 12.496 34.221 34.336  0.31
11.760427 32.067270 35.913550 
12.591894 32.050116 36.203890 
13.180357 32.261219 36.410142 
13.181164 32.497176 36.411233 
11.703057 32.089086 35.893588 
FEnd
FBeg
   39  NE1 TRP A  12  2936    O GLU B  25 hbd
11.396 34.892 36.948 12.496 34.221 34.336  6.69
13.181164 32.497176 36.411233 
13.400445 33.460370 36.256144 
12.805866 34.992321 35.612202 
12.596139 35.391400 35.421359 
12.157249 35.661868 35.167047 
11.349448 35.398966 34.894392 
11.138440 33.754063 35.228091 
11.383834 32.203849 35.729671 
11.703057 32.089086 35.893588 
FEnd
FBeg
   39  NE1 TRP A  12  2959  OD1 ASP B  27 hbd
11.396 34.892 36.948 10.607 29.765 34.895  0.03
11.383834 32.203849 35.729671 
11.703057 32.089086 35.893588 
11.311390 32.162096 35.861782 
FEnd
FBeg
   14   CB THR A  10  2936    O GLU B  25 unk
8.754 33.904 35.187 12.496 34.221 34.336  1.07
11.138440 33.754063 35.228091 
11.086506 32.215419 34.426576 
11.108188 32.166924 34.503851 
11.383834 32.203849 35.729671 
FEnd
FBeg
   14   CB THR A  10  2944    C PHE B  26 ali
8.754 33.904 35.187 12.958 31.392 32.431  0.00
11.086506 32.215419 34.426576 
11.108188 32.166924 34.503851 
11.062600 32.150355 34.449413 
11.036745 32.177077 34.385618 
FEnd
FBeg
   16  CG2 THR A  10  2944    C PHE B  26 ali
9.303 34.546 33.919 12.958 31.392 32.431  0.04
11.036745 32.177077 34.385618 
11.086506 32.215419 34.426576 
11.111604 32.302976 34.302637 
10.956317 32.227523 34.081136 
10.968870 32.157883 34.259580 
FEnd
FBeg
   16  CG2 THR A  10  2953    N ASP B  27 unk
9.303 34.546 33.919 11.868 30.660 32.222  0.30
10.956317 32.227523 34.081136 
10.968870 32.157883 34.259580 
10.296892 32.118273 33.334596 
10.391332 32.370458 32.899856 
FEnd
FBeg
    4    O GLU A   9  2953    N ASP B  27 hbd
8.579 31.821 32.181 11.868 30.660 32.222  4.91
10.296892 32.118273 33.334596 
10.391332 32.370458 32.899856 
10.361313 32.222772 31.125876 
10.030787 31.232914 29.610674 
9.835006 30.677044 29.575546 
9.744872 30.428274 29.761553 
9.960881 31.154092 32.986444 
10.095602 31.552040 33.447948 
FEnd
FBeg
    4    O GLU A   9  2958   CG ASP B  27 unk
8.579 31.821 32.181 9.852 29.175 34.091  1.04
9.960881 31.154092 32.986444 
10.095602 31.552040 33.447948 
8.897976 30.943381 33.402957 
8.371210 30.142567 32.644642 
FEnd
FBeg
    3    C GLU A   9  2958   CG ASP B  27 ali
7.470 32.238 32.511 9.852 29.175 34.091  1.06
8.897976 30.943381 33.402957 
8.371210 30.142567 32.644642 
7.832774 29.681763 32.563066 
7.921161 30.359734 33.744134 
FEnd
FBeg
    3    C GLU A   9  2960  OD2 ASP B  27 unk
7.470 32.238 32.511 8.671 28.883 34.347  3.58
7.832774 29.681763 32.563066 
7.921161 30.359734 33.744134 
7.055574 30.192371 34.004519 
5.973035 29.735382 33.877575 
6.256785 29.148275 32.619119 
7.037819 28.955257 31.755503 
FEnd
FBeg
   10    N THR A  10  2960  OD2 ASP B  27 hbd
7.168 32.607 33.758 8.671 28.883 34.347  0.37
7.055574 30.192371 34.004519 
5.973035 29.735382 33.877575 
5.768251 29.695444 34.147630 
5.962955 29.791072 34.255404 
6.755086 30.111157 34.257823 
FEnd
FBeg
   12    C THR A  10  2960  OD2 ASP B  27 unk
7.415 31.978 36.105 8.671 28.883 34.347  4.25
5.962955 29.791072 34.255404 
6.073688 28.787836 36.100739 
7.565860 29.356759 36.165215 
8.445932 29.967879 35.718091 
8.265447 30.210431 35.162124 
6.755086 30.111157 34.257823 
FEnd
FBeg
   12    C THR A  10  2958   CG ASP B  27 ali
7.415 31.978 36.105 9.852 29.175 34.091  0.19
8.445932 29.967879 35.718091 
8.265447 30.210431 35.162124 
8.846369 30.413795 35.582024 
FEnd
FBeg
   17    N TRP A  11  2958   CG ASP B  27 unk
8.201 31.577 37.104 9.852 29.175 34.091  1.01
8.846369 30.413795 35.582024 
8.445932 29.967879 35.718091 
8.680539 29.475706 36.239011 
9.391291 29.763008 36.399434 
9.430951 30.693493 35.679372 
FEnd
FBeg
   21   CB TRP A  11  2958   CG ASP B  27 ali
8.520 29.833 38.814 9.852 29.175 34.091  3.02
8.680539 29.475706 36.239011 
9.913976 25.301824 37.168368 
10.296715 25.727325 37.217030 
9.625733 29.281484 36.532638 
9.391291 29.763008 36.399434 
FEnd
FBeg
   21   CB TRP A  11  2960  OD2 ASP B  27 unk
8.520 29.833 38.814 8.671 28.883 34.347  14.84
8.680539 29.475706 36.239011 
9.913976 25.301824 37.168368 
9.813626 25.222396 37.181868 
3.461724 26.265800 36.745250 
4.174432 26.917609 36.630722 
7.794681 29.317335 36.242747 
FEnd
FBeg
   17    N TRP A  11  2960  OD2 ASP B  27 hbd
8.201 31.577 37.104 8.671 28.883 34.347  0.46
7.565860 29.356759 36.165215 
7.794681 29.317335 36.242747 
8.680539 29.475706 36.239011 
8.445932 29.967879 35.718091 
FEnd
FBeg
   18   CA TRP A  11  2960  OD2 ASP B  27 unk
7.681 31.025 38.358 8.671 28.883 34.347  1.39
6.073688 28.787836 36.100739 
4.174432 26.917609 36.630722 
7.794681 29.317335 36.242747 
7.565860 29.356759 36.165215 
FEnd
FBeg
   13    O THR A  10  2960  OD2 ASP B  27 unk
6.182 31.921 36.148 8.671 28.883 34.347  11.30
5.768251 29.695444 34.147630 
1.023127 25.096048 35.348269 
2.705867 25.774441 36.529494 
3.461724 26.265800 36.745250 
4.174432 26.917609 36.630722 
6.073688 28.787836 36.100739 
5.962955 29.791072 34.255404 
FEnd
FBeg
   11   CA THR A  10  2960  OD2 ASP B  27 unk
8.123 32.520 34.863 8.671 28.883 34.347  1.01
7.921161 30.359734 33.744134 
7.055574 30.192371 34.004519 
6.755086 30.111157 34.257823 
8.265447 30.210431 35.162124 
FEnd
FBeg
    3    C GLU A   9  2957   CB ASP B  27 ali
7.470 32.238 32.511 10.390 28.785 32.743  1.14
8.371210 30.142567 32.644642 
7.832774 29.681763 32.563066 
7.037819 28.955257 31.755503 
7.663159 29.443306 31.148774 
FEnd
FBeg
    2   CA GLU A   9  2957   CB ASP B  27 ali
6.355 32.375 31.472 10.390 28.785 32.743  5.84
7.037819 28.955257 31.755503 
7.663159 29.443306 31.148774 
8.103774 29.451469 29.773026 
6.585665 27.528241 29.160265 
5.829973 26.897362 29.777388 
5.680773 26.786812 29.938793 
5.857167 27.217874 30.596354 
FEnd
FBeg
   11   CA THR A  10  2958   CG ASP B  27 ali
8.123 32.520 34.863 9.852 29.175 34.091  4.62
10.095602 31.552040 33.447948 
8.897976 30.943381 33.402957 
7.921161 30.359734 33.744134 
8.265447 30.210431 35.162124 
8.846369 30.413795 35.582024 
9.430951 30.693493 35.679372 
10.509032 31.645651 33.968273 
FEnd
FBeg
    4    O GLU A   9  2957   CB ASP B  27 unk
8.579 31.821 32.181 10.390 28.785 32.743  6.90
9.744872 30.428274 29.761553 
9.960881 31.154092 32.986444 
8.371210 30.142567 32.644642 
7.663159 29.443306 31.148774 
8.103774 29.451469 29.773026 
9.532793 30.268763 29.583258 
FEnd
FBeg
    4    O GLU A   9  2946   CB PHE B  26 unk
8.579 31.821 32.181 12.890 32.947 30.505  0.77
10.361313 32.222772 31.125876 
10.030787 31.232914 29.610674 
9.914310 31.839958 29.718907 
10.262571 32.638135 31.150947 
FEnd
FBeg
    4    O GLU A   9  2948  CD1 PHE B  26 unk
8.579 31.821 32.181 11.222 34.710 29.928  1.35
9.914310 31.839958 29.718907 
9.841939 31.927508 29.746273 
9.486020 33.556433 31.417498 
10.152518 33.184698 31.722696 
10.262571 32.638135 31.150947 
FEnd
FBeg
   16  CG2 THR A  10  2948  CD1 PHE B  26 ali
9.303 34.546 33.919 11.222 34.710 29.928  4.58
9.486020 33.556433 31.417498 
10.152518 33.184698 31.722696 
11.476152 35.130794 32.439112 
11.491136 35.483542 32.460812 
11.052230 36.117702 32.275831 
9.157044 35.358821 31.333381 
FEnd
FBeg
   16  CG2 THR A  10  2950  CE1 PHE B  26 ali
9.303 34.546 33.919 10.900 35.996 29.540  4.77
11.052230 36.117702 32.275831 
9.157044 35.358821 31.333381 
7.465382 38.399128 31.723164 
7.452915 38.427941 31.728158 
7.510230 38.449019 31.756040 
10.709440 36.689512 32.340158 
FEnd
FBeg
   16  CG2 THR A  10  2941  OE2 GLU B  25 unk
9.303 34.546 33.919 11.900 38.854 32.672  4.82
7.510230 38.449019 31.756040 
7.369679 38.647920 32.150473 
7.948399 38.564320 33.066903 
8.981824 38.044317 33.422663 
10.793996 36.955108 33.433803 
10.709440 36.689512 32.340158 
FEnd
FBeg
   42  CZ2 TRP A  12  2941  OE2 GLU B  25 unk
10.900 37.226 36.167 11.900 38.854 32.672  2.22
8.981824 38.044317 33.422663 
10.793996 36.955108 33.433803 
11.038675 37.247368 33.639949 
11.090867 38.735915 34.348260 
FEnd
FBeg
   42  CZ2 TRP A  12  2939   CD GLU B  25 aro
10.900 37.226 36.167 13.069 38.636 33.044  2.50
11.038675 37.247368 33.639949 
11.090867 38.735915 34.348260 
12.214179 38.969902 35.234070 
12.490878 38.819706 35.358433 
12.751600 38.564074 35.424096 
12.032114 37.565263 34.473443 
FEnd
FBeg
   42  CZ2 TRP A  12  2937   CB GLU B  25 ali
10.900 37.226 36.167 14.093 36.741 34.260  5.18
12.751600 38.564074 35.424096 
13.131255 37.928516 36.221413 
12.999713 36.494230 36.365941 
12.515081 35.916706 35.701373 
12.157249 35.661868 35.167047 
11.552462 36.011915 34.065390 
12.032114 37.565263 34.473443 
FEnd
FBeg
   40  CE2 TRP A  12  2937   CB GLU B  25 ali
10.910 36.167 37.080 14.093 36.741 34.260  0.20
12.999713 36.494230 36.365941 
12.515081 35.916706 35.701373 
13.108842 36.070410 36.402851 
FEnd
FBeg
  145   CB ARG A  24  2937   CB GLU B  25 ali
14.251 37.133 38.294 14.093 36.741 34.260  8.63
13.131255 37.928516 36.221413 
12.999713 36.494230 36.365941 
13.108842 36.070410 36.402851 
13.391772 35.694689 36.428280 
16.952752 36.998817 36.162079 
17.155981 37.235159 36.131153 
16.621287 38.513624 36.027862 
15.751843 39.015861 36.013111 
FEnd
FBeg
  145   CB ARG A  24  2934   CA GLU B  25 ali
14.251 37.133 38.294 14.619 35.308 34.276  1.52
13.391772 35.694689 36.428280 
16.952752 36.998817 36.162079 
16.805646 36.835002 36.223012 
14.171375 35.343759 36.659076 
13.654799 35.213989 36.670706 
FEnd
FBeg
  144    O ARG A  24  2934   CA GLU B  25 unk
14.975 34.197 37.692 14.619 35.308 34.276  4.03
14.171375 35.343759 36.659076 
13.654799 35.213989 36.670706 
13.478474 33.851167 36.245846 
14.492447 32.925253 35.839035 
15.948341 34.099396 36.069180 
15.970694 34.135233 36.078506 
15.976157 34.579463 36.222415 
FEnd
FBeg
  153   CA GLU A  25  2934   CA GLU B  25 ali
17.658 34.072 37.976 14.619 35.308 34.276  0.84
15.970694 34.135233 36.078506 
16.826227 35.731781 35.909145 
16.996287 36.800445 36.126458 
16.811215 36.569602 36.201353 
15.976157 34.579463 36.222415 
FEnd
FBeg
  153   CA GLU A  25  2933    N GLU B  25 unk
17.658 34.072 37.976 15.911 35.236 33.619  0.34
16.826227 35.731781 35.909145 
16.996287 36.800445 36.126458 
17.197228 37.007246 36.101136 
17.290377 36.760577 35.997888 
17.146150 35.945064 35.837848 
FEnd
FBeg
  153   CA GLU A  25  2926   CB ARG B  24 ali
17.658 34.072 37.976 19.055 34.574 34.159  2.84
17.290377 36.760577 35.997888 
18.781524 33.055444 36.056352 
17.882859 32.719237 35.683228 
17.656769 33.166526 35.659307 
17.146150 35.945064 35.837848 
FEnd
FBeg
  153   CA GLU A  25  2925    O ARG B  24 unk
17.658 34.072 37.976 16.297 33.195 34.441  2.82
17.882859 32.719237 35.683228 
17.463792 32.173327 35.980007 
17.352286 32.145283 36.029895 
15.834718 32.329718 36.568413 
15.968980 34.097586 36.078130 
17.656769 33.166526 35.659307 
FEnd
FBeg
  154    C GLU A  25  2925    O ARG B  24 unk
17.701 32.671 38.577 16.297 33.195 34.441  1.54
17.352286 32.145283 36.029895 
15.834718 32.329718 36.568413 
15.284448 31.385702 36.635607 
15.600781 30.840125 36.459105 
FEnd
FBeg
  155    O GLU A  25  2925    O ARG B  24 unk
18.243 31.746 37.976 16.297 33.195 34.441  1.11
17.463792 32.173327 35.980007 
17.352286 32.145283 36.029895 
15.600781 30.840125 36.459105 
15.629114 30.488381 36.299327 
16.209508 30.540568 36.001214 
17.209131 31.709293 35.929989 
FEnd
FBeg
  155    O GLU A  25  2820  NE1 TRP B  12 hbd
18.243 31.746 37.976 19.726 31.189 35.593  7.36
17.209131 31.709293 35.929989 
17.463792 32.173327 35.980007 
19.024063 32.565743 36.859280 
19.884151 32.335045 37.448457 
20.244519 31.344586 37.904232 
19.660007 30.646452 37.703657 
17.620602 29.382070 36.730020 
FEnd
FBeg
  155    O GLU A  25  2795   CB THR B  10 unk
18.243 31.746 37.976 20.645 28.413 37.273  2.66
19.660007 30.646452 37.703657 
18.733263 29.773165 38.677524 
18.031017 29.354132 38.264776 
17.629089 29.185139 37.692695 
17.536457 29.322588 36.724528 
17.620602 29.382070 36.730020 
FEnd
FBeg
  178  OD1 ASP A  27  2795   CB THR B  10 unk
16.155 26.993 37.501 20.645 28.413 37.273  0.91
17.629089 29.185139 37.692695 
17.536457 29.322588 36.724528 
17.586106 29.138082 36.553143 
17.816604 28.390585 36.436885 
17.792197 28.653769 37.595370 
17.694833 28.999066 37.828507 
FEnd
FBeg
  177   CG ASP A  27  2795   CB THR B  10 ali
16.522 26.397 38.537 20.645 28.413 37.273  0.12
17.792197 28.653769 37.595370 
17.954642 28.744639 38.270175 
17.694833 28.999066 37.828507 
FEnd
FBeg
  177   CG ASP A  27  2792   CA THR B  10 ali
16.522 26.397 38.537 20.140 26.984 37.587  5.42
17.792197 28.653769 37.595370 
17.954642 28.744639 38.270175 
18.312617 28.144863 39.262896 
18.513732 26.508162 39.017518 
18.070799 25.911834 36.962175 
17.933069 26.317810 36.688493 
17.809467 26.966483 36.618574 
FEnd
FBeg
  177   CG ASP A  27  2798    N TRP B  11 unk
16.522 26.397 38.537 19.552 26.622 35.268  0.57
17.933069 26.317810 36.688493 
17.731891 25.481154 36.444437 
17.632237 25.355759 36.343438 
17.409737 25.955332 36.178473 
17.809467 26.966483 36.618574 
FEnd
FBeg
  178  OD1 ASP A  27  2798    N TRP B  11 hbd
16.155 26.993 37.501 19.552 26.622 35.268  0.80
17.409737 25.955332 36.178473 
17.809467 26.966483 36.618574 
17.816840 28.269571 36.413290 
17.330210 26.394339 35.984552 
FEnd
FBeg
  178  OD1 ASP A  27  2802   CB TRP B  11 unk
16.155 26.993 37.501 18.083 25.616 33.593  2.84
17.330210 26.394339 35.984552 
17.409737 25.955332 36.178473 
14.753248 23.528080 35.723154 
14.360655 24.207618 35.290032 
14.394726 24.439688 35.225070 
FEnd
FBeg
  177   CG ASP A  27  2802   CB TRP B  11 ali
16.522 26.397 38.537 18.083 25.616 33.593  3.14
17.632237 25.355759 36.343438 
15.450674 22.657956 36.080810 
14.753248 23.528080 35.723154 
17.409737 25.955332 36.178473 
FEnd
FBeg
  179  OD2 ASP A  27  2802   CB TRP B  11 unk
17.488 25.614 38.556 18.083 25.616 33.593  6.74
17.632237 25.355759 36.343438 
15.450674 22.657956 36.080810 
17.774042 20.507253 36.358485 
18.180260 23.063576 36.408215 
17.704879 25.235265 36.352098 
FEnd
FBeg
  179  OD2 ASP A  27  2793    C THR B  10 unk
17.488 25.614 38.556 20.224 26.155 36.315  4.19
18.180260 23.063576 36.408215 
17.704879 25.235265 36.352098 
17.731891 25.481154 36.444437 
18.070799 25.911834 36.962175 
19.327420 24.287000 38.104112 
19.411025 23.804542 38.089713 
FEnd
FBeg
  179  OD2 ASP A  27  2784    C GLU B   9 unk
17.488 25.614 38.556 20.449 26.089 39.833  6.30
19.327420 24.287000 38.104112 
18.610722 26.315962 39.011227 
18.246112 23.711306 40.825497 
19.235351 22.505544 38.980236 
19.457571 22.646579 38.412510 
19.411025 23.804542 38.089713 
FEnd
FBeg
  179  OD2 ASP A  27  2785    O GLU B   9 unk
17.488 25.614 38.556 19.340 26.495 40.193  2.56
18.610722 26.315962 39.011227 
18.513732 26.508162 39.017518 
17.912809 25.792635 40.082446 
17.661180 23.201876 41.761418 
18.246112 23.711306 40.825497 
FEnd
FBeg
  176   CB ASP A  27  2785    O GLU B   9 unk
15.752 26.605 39.825 19.340 26.495 40.193  8.78
17.912809 25.792635 40.082446 
17.661180 23.201876 41.761418 
17.614116 23.393604 42.277602 
17.673802 27.299900 42.863312 
17.999695 27.745445 39.819028 
FEnd
FBeg
  172    N ASP A  27  2785    O GLU B   9 hbd
16.201 28.996 40.223 19.340 26.495 40.193  4.59
17.673802 27.299900 42.863312 
18.227035 27.994780 42.820188 
18.829273 28.767971 41.375945 
18.880763 28.848443 40.054875 
18.679213 28.602597 39.461326 
18.312617 28.144863 39.262896 
17.999695 27.745445 39.819028 
FEnd
FBeg
  172    N ASP A  27  2797  CG2 THR B  10 unk
16.201 28.996 40.223 21.349 29.003 38.472  0.21
18.880763 28.848443 40.054875 
18.679213 28.602597 39.461326 
18.611302 28.730556 39.262177 
18.565469 29.056436 39.128730 
FEnd
FBeg
  162   CA PHE A  26  2797  CG2 THR B  10 ali
17.150 31.196 40.394 21.349 29.003 38.472  3.63
18.565469 29.056436 39.128730 
18.880763 28.848443 40.054875 
19.375797 29.042273 40.915216 
20.015913 31.389859 39.635086 
19.991683 31.366514 39.608787 
18.733263 29.773165 38.677524 
FEnd
FBeg
  154    C GLU A  25  2797  CG2 THR B  10 ali
17.701 32.671 38.577 21.349 29.003 38.472  0.01
20.015913 31.389859 39.635086 
20.098023 31.472074 39.615779 
20.108946 31.485346 39.531644 
19.991683 31.366514 39.608787 
FEnd
FBeg
  157   CG GLU A  25  2797  CG2 THR B  10 ali
19.888 34.421 39.137 21.349 29.003 38.472  1.77
20.098023 31.472074 39.615779 
21.361115 31.770640 39.958262 
21.896600 31.920068 39.917266 
22.029040 32.027151 39.335797 
20.473203 31.710626 38.496480 
20.108946 31.485346 39.531644 
FEnd
FBeg
  157   CG GLU A  25  2823  CZ2 TRP B  12 ali
19.888 34.421 39.137 21.886 32.274 36.243  3.96
22.029040 32.027151 39.335797 
20.473203 31.710626 38.496480 
20.036313 32.299966 37.757634 
21.243703 34.066990 37.280289 
22.060222 32.778926 38.799598 
FEnd
FBeg
  159  OE1 GLU A  25  2823  CZ2 TRP B  12 unk
22.157 34.737 39.712 21.886 32.274 36.243  2.83
22.060222 32.778926 38.799598 
22.029040 32.027151 39.335797 
24.188341 31.710778 39.391736 
22.956373 33.728448 38.055427 
FEnd
FBeg
  159  OE1 GLU A  25  2825  CH2 TRP B  12 unk
22.157 34.737 39.712 23.097 32.673 35.729  7.87
24.188341 31.710778 39.391736 
22.956373 33.728448 38.055427 
23.527129 34.556851 37.760847 
26.296957 34.222062 38.588023 
25.934818 32.466366 39.412363 
25.114720 31.510517 39.714140 
FEnd
FBeg
  159  OE1 GLU A  25  2931  NH1 ARG B  24 elf
22.157 34.737 39.712 23.407 36.567 36.267  7.54
23.527129 34.556851 37.760847 
23.831389 36.852119 39.090503 
24.558008 37.940140 39.932114 
24.930610 37.831397 40.009546 
25.247009 37.311850 39.848364 
26.296957 34.222062 38.588023 
FEnd
FBeg
  160  OE2 GLU A  25  2931  NH1 ARG B  24 elf
21.176 36.308 38.528 23.407 36.567 36.267  11.99
23.831389 36.852119 39.090503 
24.558008 37.940140 39.932114 
22.847175 40.235125 38.506874 
21.302706 38.440860 36.777363 
21.121677 38.122150 36.562227 
21.889295 35.770488 37.050276 
FEnd
FBeg
  160  OE2 GLU A  25  2928   CD ARG B  24 unk
21.176 36.308 38.528 21.260 35.547 34.729  3.09
21.121677 38.122150 36.562227 
21.889295 35.770488 37.050276 
20.926512 35.769607 37.029164 
19.477197 37.759800 36.598451 
FEnd
FBeg
  156   CB GLU A  25  2928   CD ARG B  24 ali
19.075 34.641 37.895 21.260 35.547 34.729  5.64
20.926512 35.769607 37.029164 
19.477197 37.759800 36.598451 
19.028310 37.601892 36.243466 
18.742066 37.368787 35.979209 
20.297134 33.812223 36.034666 
21.346834 34.429856 36.935856 
FEnd
FBeg
  158   CD GLU A  25  2928   CD ARG B  24 ali
21.164 35.211 39.121 21.260 35.547 34.729  1.32
21.889295 35.770488 37.050276 
20.926512 35.769607 37.029164 
21.346834 34.429856 36.935856 
22.204840 34.608974 36.968314 
22.420510 34.752280 36.983991 
FEnd
FBeg
  160  OE2 GLU A  25  2895   CB PRO B  21 unk
21.176 36.308 38.528 20.299 39.839 34.035  3.35
21.302706 38.440860 36.777363 
21.121677 38.122150 36.562227 
19.477197 37.759800 36.598451 
19.189546 38.022596 36.861127 
19.654016 38.790067 37.373613 
20.385568 39.569573 37.843425 
20.971898 40.049651 38.106266 
FEnd
FBeg
  114   CB PRO A  21  2895   CB PRO B  21 ali
17.120 41.542 38.016 20.299 39.839 34.035  21.77
20.385568 39.569573 37.843425 
20.971898 40.049651 38.106266 
20.158027 44.307725 35.634828 
16.716275 42.034064 33.859072 
16.738937 40.441925 34.558256 
17.091710 39.271052 35.340840 
17.485847 38.589243 35.947240 
18.954557 38.933315 36.972881 
FEnd
FBeg
  114   CB PRO A  21  2940  OE1 GLU B  25 unk
17.120 41.542 38.016 13.821 39.518 33.514  3.50
16.716275 42.034064 33.859072 
16.738937 40.441925 34.558256 
16.634284 39.560694 35.031127 
16.523579 39.260015 35.247428 
15.861036 39.318482 35.706645 
15.812735 39.373709 35.717210 
15.544477 40.003383 35.630698 
15.530338 41.298185 35.058944 
15.533242 41.308981 35.051963 
FEnd
FBeg
  151  NH2 ARG A  24  2940  OE1 GLU B  25 elf
12.545 40.998 35.272 13.821 39.518 33.514  12.72
15.530338 41.298185 35.058944 
15.533242 41.308981 35.051963 
15.711155 43.403188 33.418056 
12.399043 42.673231 31.628569 
12.320022 42.582245 31.647811 
12.305795 41.779010 32.313700 
13.367553 39.392433 35.093529 
FEnd
FBeg
  151  NH2 ARG A  24  2939   CD GLU B  25 unk
12.545 40.998 35.272 13.069 38.636 33.044  4.42
12.305795 41.779010 32.313700 
13.367553 39.392433 35.093529 
12.147578 39.034044 35.186548 
11.191760 39.493194 34.474986 
FEnd
FBeg
  151  NH2 ARG A  24  2941  OE2 GLU B  25 elf
12.545 40.998 35.272 11.900 38.854 32.672  7.02
12.320022 42.582245 31.647811 
12.305795 41.779010 32.313700 
11.191760 39.493194 34.474986 
8.748891 41.184180 33.686592 
11.848082 42.487609 31.842927 
FEnd
FBeg
  149   CZ ARG A  24  2940  OE1 GLU B  25 unk
12.685 40.863 36.588 13.821 39.518 33.514  2.00
15.544477 40.003383 35.630698 
15.530338 41.298185 35.058944 
13.367553 39.392433 35.093529 
13.546275 39.147826 35.266601 
FEnd
FBeg
  148   NE ARG A  24  2940  OE1 GLU B  25 elf
13.091 39.699 37.095 13.821 39.518 33.514  1.01
15.812735 39.373709 35.717210 
15.544477 40.003383 35.630698 
13.546275 39.147826 35.266601 
13.697302 38.998635 35.304929 
15.825644 39.319299 35.722592 
FEnd
FBeg
  160  OE2 GLU A  25  2896   CG PRO B  21 unk
21.176 36.308 38.528 21.755 40.126 34.050  2.51
22.847175 40.235125 38.506874 
21.302706 38.440860 36.777363 
20.971898 40.049651 38.106266 
21.052874 40.119229 38.176059 
21.956201 40.516826 38.631854 
FEnd
FBeg
  158   CD GLU A  25  2931  NH1 ARG B  24 unk
21.164 35.211 39.121 23.407 36.567 36.267  3.50
23.527129 34.556851 37.760847 
23.831389 36.852119 39.090503 
21.889295 35.770488 37.050276 
22.420510 34.752280 36.983991 
FEnd
FBeg
  158   CD GLU A  25  2825  CH2 TRP B  12 aro
21.164 35.211 39.121 23.097 32.673 35.729  0.91
22.956373 33.728448 38.055427 
23.527129 34.556851 37.760847 
22.420510 34.752280 36.983991 
22.204840 34.608974 36.968314 
FEnd
FBeg
  158   CD GLU A  25  2823  CZ2 TRP B  12 aro
21.164 35.211 39.121 21.886 32.274 36.243  2.52
21.243703 34.066990 37.280289 
22.060222 32.778926 38.799598 
22.956373 33.728448 38.055427 
22.204840 34.608974 36.968314 
21.346834 34.429856 36.935856 
FEnd
FBeg
  156   CB GLU A  25  2823  CZ2 TRP B  12 ali
19.075 34.641 37.895 21.886 32.274 36.243  2.66
20.036313 32.299966 37.757634 
21.243703 34.066990 37.280289 
21.346834 34.429856 36.935856 
20.297134 33.812223 36.034666 
20.133129 33.614364 36.039092 
19.868730 32.662783 36.952632 
19.884151 32.335045 37.448457 
FEnd
FBeg
  156   CB GLU A  25  2821  CE2 TRP B  12 ali
19.075 34.641 37.895 20.983 31.682 35.365  0.42
20.133129 33.614364 36.039092 
19.868730 32.662783 36.952632 
19.496475 33.194489 36.050031 
FEnd
FBeg
  159  OE1 GLU A  25  2797  CG2 THR B  10 unk
22.157 34.737 39.712 21.349 29.003 38.472  3.45
21.896600 31.920068 39.917266 
25.115937 31.257118 40.885113 
25.126998 31.257242 40.877334 
25.471887 31.330675 40.313031 
25.114720 31.510517 39.714140 
24.188341 31.710778 39.391736 
22.029040 32.027151 39.335797 
FEnd
FBeg
  169  CE1 PHE A  26  2797  CG2 THR B  10 ali
20.734 32.408 42.850 21.349 29.003 38.472  6.79
21.361115 31.770640 39.958262 
22.195279 29.703433 41.683216 
25.025707 30.356552 41.572856 
25.115937 31.257118 40.885113 
21.896600 31.920068 39.917266 
FEnd
FBeg
  167  CD1 PHE A  26  2797  CG2 THR B  10 ali
19.648 31.636 42.450 21.349 29.003 38.472  6.74
19.375797 29.042273 40.915216 
20.111510 28.785458 41.399791 
22.195279 29.703433 41.683216 
21.361115 31.770640 39.958262 
20.098023 31.472074 39.615779 
20.015913 31.389859 39.635086 
FEnd
FBeg
  167  CD1 PHE A  26  2786   CB GLU B   9 ali
19.648 31.636 42.450 22.096 26.311 41.699  4.89
20.111510 28.785458 41.399791 
22.195279 29.703433 41.683216 
21.842385 29.294867 43.429858 
21.206183 28.930067 43.942691 
19.459650 28.325472 42.536503 
FEnd
FBeg
  167  CD1 PHE A  26  2785    O GLU B   9 unk
19.648 31.636 42.450 19.340 26.495 40.193  1.40
19.375797 29.042273 40.915216 
20.111510 28.785458 41.399791 
19.459650 28.325472 42.536503 
18.808644 28.289327 42.707674 
19.042916 28.868313 41.356888 
FEnd
FBeg
  162   CA PHE A  26  2785    O GLU B   9 unk
17.150 31.196 40.394 19.340 26.495 40.193  0.43
18.829273 28.767971 41.375945 
19.042916 28.868313 41.356888 
19.375797 29.042273 40.915216 
18.880763 28.848443 40.054875 
FEnd
FBeg
  165   CB PHE A  26  2785    O GLU B   9 unk
17.205 31.367 41.911 19.340 26.495 40.193  0.61
18.227035 27.994780 42.820188 
18.808644 28.289327 42.707674 
19.042916 28.868313 41.356888 
18.829273 28.767971 41.375945 
FEnd
FBeg
  179  OD2 ASP A  27  2794    O THR B  10 unk
17.488 25.614 38.556 20.894 25.117 36.282  11.36
17.774042 20.507253 36.358485 
18.180260 23.063576 36.408215 
19.411025 23.804542 38.089713 
19.457571 22.646579 38.412510 
18.213330 16.906449 37.803435 
17.910358 17.948935 37.121799 
FEnd
FBeg
  179  OD2 ASP A  27  2798    N TRP B  11 hbd
17.488 25.614 38.556 19.552 26.622 35.268  0.01
17.731891 25.481154 36.444437 
17.632237 25.355759 36.343438 
17.704879 25.235265 36.352098 
FEnd
FBeg
  177   CG ASP A  27  2793    C THR B  10 ali
16.522 26.397 38.537 20.224 26.155 36.315  0.19
18.070799 25.911834 36.962175 
17.731891 25.481154 36.444437 
17.933069 26.317810 36.688493 
FEnd
FBeg
  179  OD2 ASP A  27  2792   CA THR B  10 unk
17.488 25.614 38.556 20.140 26.984 37.587  2.47
18.513732 26.508162 39.017518 
18.070799 25.911834 36.962175 
19.327420 24.287000 38.104112 
18.610722 26.315962 39.011227 
FEnd
FBeg
  177   CG ASP A  27  2785    O GLU B   9 unk
16.522 26.397 38.537 19.340 26.495 40.193  1.68
18.312617 28.144863 39.262896 
17.999695 27.745445 39.819028 
17.912809 25.792635 40.082446 
18.513732 26.508162 39.017518 
FEnd
FBeg
  172    N ASP A  27  2792   CA THR B  10 unk
16.201 28.996 40.223 20.140 26.984 37.587  0.46
17.954642 28.744639 38.270175 
18.312617 28.144863 39.262896 
18.679213 28.602597 39.461326 
18.611302 28.730556 39.262177 
FEnd
FBeg
  178  OD1 ASP A  27  2792   CA THR B  10 unk
16.155 26.993 37.501 20.140 26.984 37.587  0.88
17.816604 28.390585 36.436885 
17.792197 28.653769 37.595370 
17.809467 26.966483 36.618574 
17.816840 28.269571 36.413290 
FEnd
FBeg
  178  OD1 ASP A  27  2804  CD1 TRP B  11 unk
16.155 26.993 37.501 16.608 27.680 33.982  18.72
17.586106 29.138082 36.553143 
17.816604 28.390585 36.436885 
17.816840 28.269571 36.413290 
17.330210 26.394339 35.984552 
14.394726 24.439688 35.225070 
13.270800 25.455570 35.278713 
13.024467 26.653708 35.480911 
13.347670 27.907346 35.767259 
13.738310 28.922844 36.015798 
15.195993 29.933988 36.400846 
15.701789 30.047413 36.488101 
15.958644 30.036264 36.518989 
17.164581 29.501415 36.569813 
FEnd
FBeg
  178  OD1 ASP A  27  2818  CD1 TRP B  12 unk
16.155 26.993 37.501 19.221 30.692 34.407  0.06
17.536457 29.322588 36.724528 
17.586106 29.138082 36.553143 
17.164581 29.501415 36.569813 
FEnd
FBeg
  172    N ASP A  27  2795   CB THR B  10 unk
16.201 28.996 40.223 20.645 28.413 37.273  0.75
18.031017 29.354132 38.264776 
17.629089 29.185139 37.692695 
17.694833 28.999066 37.828507 
17.954642 28.744639 38.270175 
18.611302 28.730556 39.262177 
18.565469 29.056436 39.128730 
FEnd
FBeg
  162   CA PHE A  26  2795   CB THR B  10 ali
17.150 31.196 40.394 20.645 28.413 37.273  0.38
18.733263 29.773165 38.677524 
18.031017 29.354132 38.264776 
18.565469 29.056436 39.128730 
FEnd
FBeg
  155    O GLU A  25  2797  CG2 THR B  10 unk
18.243 31.746 37.976 21.349 29.003 38.472  2.87
20.244519 31.344586 37.904232 
20.473203 31.710626 38.496480 
20.108946 31.485346 39.531644 
19.991683 31.366514 39.608787 
18.733263 29.773165 38.677524 
19.660007 30.646452 37.703657 
FEnd
FBeg
  155    O GLU A  25  2823  CZ2 TRP B  12 unk
18.243 31.746 37.976 21.886 32.274 36.243  0.51
19.884151 32.335045 37.448457 
20.036313 32.299966 37.757634 
20.473203 31.710626 38.496480 
20.244519 31.344586 37.904232 
FEnd
FBeg
  156   CB GLU A  25  2820  NE1 TRP B  12 unk
19.075 34.641 37.895 19.726 31.189 35.593  1.05
19.024063 32.565743 36.859280 
19.884151 32.335045 37.448457 
19.868730 32.662783 36.952632 
19.496475 33.194489 36.050031 
18.781524 33.055444 36.056352 
FEnd
FBeg
  155    O GLU A  25  2818  CD1 TRP B  12 unk
18.243 31.746 37.976 19.221 30.692 34.407  1.79
16.209508 30.540568 36.001214 
17.209131 31.709293 35.929989 
17.620602 29.382070 36.730020 
17.536457 29.322588 36.724528 
17.164581 29.501415 36.569813 
16.325854 30.294514 36.105761 
FEnd
FBeg
  153   CA GLU A  25  2820  NE1 TRP B  12 unk
17.658 34.072 37.976 19.726 31.189 35.593  1.08
18.781524 33.055444 36.056352 
19.024063 32.565743 36.859280 
17.463792 32.173327 35.980007 
17.882859 32.719237 35.683228 
FEnd
FBeg
  156   CB GLU A  25  2926   CB ARG B  24 ali
19.075 34.641 37.895 19.055 34.574 34.159  6.97
17.290377 36.760577 35.997888 
18.781524 33.055444 36.056352 
19.496475 33.194489 36.050031 
20.133129 33.614364 36.039092 
20.297134 33.812223 36.034666 
18.742066 37.368787 35.979209 
18.394790 37.469056 35.979270 
17.367612 37.121765 35.990997 
FEnd
FBeg
  153   CA GLU A  25  2924    C ARG B  24 ali
17.658 34.072 37.976 16.666 34.159 33.785  2.36
15.970694 34.135233 36.078506 
16.826227 35.731781 35.909145 
17.146150 35.945064 35.837848 
17.656769 33.166526 35.659307 
15.968980 34.097586 36.078130 
FEnd
FBeg
  144    O ARG A  24  2924    C ARG B  24 unk
14.975 34.197 37.692 16.666 34.159 33.785  0.00
15.948341 34.099396 36.069180 
15.970694 34.135233 36.078506 
15.968980 34.097586 36.078130 
FEnd
FBeg
  144    O ARG A  24  2925    O ARG B  24 unk
14.975 34.197 37.692 16.297 33.195 34.441  3.61
14.492447 32.925253 35.839035 
15.948341 34.099396 36.069180 
15.968980 34.097586 36.078130 
15.834718 32.329718 36.568413 
15.284448 31.385702 36.635607 
14.415770 31.225170 36.331842 
14.185308 31.363091 36.195617 
13.949645 31.749140 35.980801 
FEnd
FBeg
  144    O ARG A  24  2935    C GLU B  25 unk
14.975 34.197 37.692 13.551 34.377 33.733  1.43
13.478474 33.851167 36.245846 
14.492447 32.925253 35.839035 
13.949645 31.749140 35.980801 
13.714100 31.698716 36.063231 
13.563915 31.843410 36.123829 
13.400445 33.460370 36.256144 
FEnd
FBeg
  143    C ARG A  24  2934   CA GLU B  25 ali
15.497 34.984 38.472 14.619 35.308 34.276  2.53
16.805646 36.835002 36.223012 
14.171375 35.343759 36.659076 
15.976157 34.579463 36.222415 
16.811215 36.569602 36.201353 
FEnd
FBeg
  152    N GLU A  25  2934   CA GLU B  25 unk
16.801 34.993 38.697 14.619 35.308 34.276  0.06
16.952752 36.998817 36.162079 
16.805646 36.835002 36.223012 
16.811215 36.569602 36.201353 
16.996287 36.800445 36.126458 
17.012458 37.020421 36.134150 
FEnd
FBeg
  148   NE ARG A  24  2937   CB GLU B  25 unk
13.091 39.699 37.095 14.093 36.741 34.260  2.66
12.751600 38.564074 35.424096 
13.131255 37.928516 36.221413 
15.751843 39.015861 36.013111 
15.825644 39.319299 35.722592 
13.697302 38.998635 35.304929 
FEnd
FBeg
  148   NE ARG A  24  2939   CD GLU B  25 unk
13.091 39.699 37.095 13.069 38.636 33.044  0.29
12.490878 38.819706 35.358433 
12.751600 38.564074 35.424096 
13.697302 38.998635 35.304929 
13.546275 39.147826 35.266601 
FEnd
FBeg
  149   CZ ARG A  24  2939   CD GLU B  25 aro
12.685 40.863 36.588 13.069 38.636 33.044  0.42
12.214179 38.969902 35.234070 
12.490878 38.819706 35.358433 
13.546275 39.147826 35.266601 
13.367553 39.392433 35.093529 
12.147578 39.034044 35.186548 
FEnd
FBeg
   44  CH2 TRP A  12  2939   CD GLU B  25 aro
10.334 38.410 36.572 13.069 38.636 33.044  0.54
11.090867 38.735915 34.348260 
12.214179 38.969902 35.234070 
12.147578 39.034044 35.186548 
11.191760 39.493194 34.474986 
FEnd
FBeg
   42  CZ2 TRP A  12  2938   CG GLU B  25 ali
10.900 37.226 36.167 13.610 37.239 32.932  1.22
10.793996 36.955108 33.433803 
11.038675 37.247368 33.639949 
12.032114 37.565263 34.473443 
11.552462 36.011915 34.065390 
11.523239 36.011313 34.040907 
FEnd
FBeg
   44  CH2 TRP A  12  2941  OE2 GLU B  25 unk
10.334 38.410 36.572 11.900 38.854 32.672  6.85
7.948399 38.564320 33.066903 
8.981824 38.044317 33.422663 
11.090867 38.735915 34.348260 
11.191760 39.493194 34.474986 
8.748891 41.184180 33.686592 
8.282016 40.540864 33.425885 
8.266680 40.497610 33.414802 
FEnd
FBeg
    6   CG GLU A   9  2950  CE1 PHE B  26 ali
7.376 34.002 29.799 10.900 35.996 29.540  9.56
9.157044 35.358821 31.333381 
7.465382 38.399128 31.723164 
7.449146 38.426575 31.713569 
7.417530 38.415701 31.199678 
7.608571 37.908613 29.895031 
9.149814 34.934779 27.970367 
9.329065 34.610055 27.909298 
9.436377 34.439091 28.053180 
FEnd
FBeg
    6   CG GLU A   9  5055   CD PRO B 294 ali
7.376 34.002 29.799 11.646 33.926 26.524  0.23
9.329065 34.610055 27.909298 
9.436377 34.439091 28.053180 
9.617661 33.406888 28.313495 
9.547149 33.492290 28.219578 
9.234688 34.443603 27.790110 
FEnd
FBeg
    7   CD GLU A   9  5055   CD PRO B 294 ali
6.972 33.291 28.518 11.646 33.926 26.524  0.66
9.547149 33.492290 28.219578 
9.234688 34.443603 27.790110 
8.953795 33.658282 26.881599 
FEnd
FBeg
    7   CD GLU A   9  5046   CB THR B 293 ali
6.972 33.291 28.518 9.420 35.945 25.467  4.08
9.234688 34.443603 27.790110 
8.953795 33.658282 26.881599 
7.213890 33.136800 25.031943 
7.069437 33.312481 25.068860 
6.954154 34.510889 26.018832 
8.786054 34.795522 27.736271 
FEnd
FBeg
    7   CD GLU A   9  5048  CG2 THR B 293 ali
6.972 33.291 28.518 8.556 36.926 26.226  2.70
6.954154 34.510889 26.018832 
6.424912 35.905496 27.864851 
8.786054 34.795522 27.736271 
FEnd
FBeg
    8  OE1 GLU A   9  5048  CG2 THR B 293 unk
5.913 33.637 27.953 8.556 36.926 26.226  26.86
6.954154 34.510889 26.018832 
6.424912 35.905496 27.864851 
4.492519 38.040801 28.974117 
4.443365 38.083063 28.979379 
2.228173 38.745856 26.851512 
1.045042 37.918657 23.465482 
1.321551 37.393230 22.887997 
6.322266 34.588381 25.199371 
FEnd
FBeg
    8  OE1 GLU A   9  5046   CB THR B 293 unk
5.913 33.637 27.953 9.420 35.945 25.467  0.73
7.069437 33.312481 25.068860 
6.954154 34.510889 26.018832 
6.322266 34.588381 25.199371 
FEnd
FBeg
    9  OE2 GLU A   9  5046   CB THR B 293 unk
7.711 32.386 28.078 9.420 35.945 25.467  1.65
8.953795 33.658282 26.881599 
7.213890 33.136800 25.031943 
7.337748 33.046783 24.990312 
8.741645 32.587728 25.283489 
FEnd
FBeg
    9  OE2 GLU A   9  5062  CD1 TYR B 295 unk
7.711 32.386 28.078 7.972 30.088 23.230  6.93
7.337748 33.046783 24.990312 
8.741645 32.587728 25.283489 
9.371053 31.522961 25.822085 
9.517348 30.816237 26.164955 
5.372985 30.739700 25.978116 
6.982437 32.956546 25.013956 
7.109336 33.086884 24.959007 
FEnd
FBeg
    9  OE2 GLU A   9  5064  CE1 TYR B 295 unk
7.711 32.386 28.078 7.966 28.853 23.869  17.19
9.517348 30.816237 26.164955 
9.675779 30.428570 26.499958 
7.623520 27.929080 28.473674 
7.416126 27.804760 28.565462 
5.658320 27.411121 28.789384 
4.827223 27.745425 28.458421 
3.696032 28.506638 27.750932 
5.372985 30.739700 25.978116 
FEnd
FBeg
    9  OE2 GLU A   9  5053   CB PRO B 294 unk
7.711 32.386 28.078 12.676 32.132 25.436  0.72
9.371053 31.522961 25.822085 
9.780908 31.276808 26.615972 
9.966186 30.437319 27.044866 
9.675779 30.428570 26.499958 
9.517348 30.816237 26.164955 
FEnd
FBeg
    9  OE2 GLU A   9  5054   CG PRO B 294 unk
7.711 32.386 28.078 12.635 32.805 26.771  2.77
9.780908 31.276808 26.615972 
10.255040 32.150398 28.682278 
10.315714 31.932401 28.840978 
10.402092 31.008508 28.870214 
10.240719 30.253037 28.020069 
9.966186 30.437319 27.044866 
FEnd
FBeg
    9  OE2 GLU A   9  5055   CD PRO B 294 unk
7.711 32.386 28.078 11.646 33.926 26.524  6.14
9.617661 33.406888 28.313495 
9.547149 33.492290 28.219578 
8.953795 33.658282 26.881599 
8.741645 32.587728 25.283489 
9.371053 31.522961 25.822085 
9.780908 31.276808 26.615972 
10.255040 32.150398 28.682278 
FEnd
FBeg
    6   CG GLU A   9  5046   CB THR B 293 ali
7.376 34.002 29.799 9.420 35.945 25.467  0.15
9.149814 34.934779 27.970367 
9.329065 34.610055 27.909298 
9.234688 34.443603 27.790110 
8.786054 34.795522 27.736271 
FEnd
FBeg
    6   CG GLU A   9  5048  CG2 THR B 293 ali
7.376 34.002 29.799 8.556 36.926 26.226  9.24
7.608571 37.908613 29.895031 
9.149814 34.934779 27.970367 
8.786054 34.795522 27.736271 
6.424912 35.905496 27.864851 
4.492519 38.040801 28.974117 
4.530099 38.074715 29.014282 
FEnd
FBeg
   16  CG2 THR A  10  2938   CG GLU B  25 ali
9.303 34.546 33.919 13.610 37.239 32.932  2.05
11.491136 35.483542 32.460812 
11.052230 36.117702 32.275831 
10.709440 36.689512 32.340158 
10.793996 36.955108 33.433803 
11.523239 36.011313 34.040907 
11.555665 35.811326 33.636751 
FEnd
FBeg
   16  CG2 THR A  10  2935    C GLU B  25 ali
9.303 34.546 33.919 13.551 34.377 33.733  0.89
11.476152 35.130794 32.439112 
11.491136 35.483542 32.460812 
11.555665 35.811326 33.636751 
11.475811 34.368643 33.123808 
FEnd
FBeg
    6   CG GLU A   9  2948  CD1 PHE B  26 ali
7.376 34.002 29.799 11.222 34.710 29.928  7.14
9.841939 31.927508 29.746273 
9.486020 33.556433 31.417498 
9.157044 35.358821 31.333381 
9.436377 34.439091 28.053180 
9.617661 33.406888 28.313495 
FEnd
FBeg
    9  OE2 GLU A   9  2948  CD1 PHE B  26 unk
7.711 32.386 28.078 11.222 34.710 29.928  1.00
9.914310 31.839958 29.718907 
9.841939 31.927508 29.746273 
9.617661 33.406888 28.313495 
10.255040 32.150398 28.682278 
10.315714 31.932401 28.840978 
FEnd
FBeg
    9  OE2 GLU A   9  2946   CB PHE B  26 unk
7.711 32.386 28.078 12.890 32.947 30.505  0.75
10.030787 31.232914 29.610674 
9.914310 31.839958 29.718907 
10.315714 31.932401 28.840978 
10.402092 31.008508 28.870214 
10.162253 31.003382 29.383194 
FEnd
FBeg
    4    O GLU A   9  2943   CA PHE B  26 unk
8.579 31.821 32.181 12.834 32.842 32.024  0.95
10.391332 32.370458 32.899856 
10.361313 32.222772 31.125876 
10.262571 32.638135 31.150947 
10.152518 33.184698 31.722696 
FEnd
FBeg
   11   CA THR A  10  2953    N ASP B  27 unk
8.123 32.520 34.863 11.868 30.660 32.222  0.55
10.968870 32.157883 34.259580 
10.296892 32.118273 33.334596 
10.095602 31.552040 33.447948 
10.509032 31.645651 33.968273 
10.997358 32.090348 34.347540 
FEnd
FBeg
   16  CG2 THR A  10  2943   CA PHE B  26 ali
9.303 34.546 33.919 12.834 32.842 32.024  4.53
11.111604 32.302976 34.302637 
10.956317 32.227523 34.081136 
10.391332 32.370458 32.899856 
10.152518 33.184698 31.722696 
11.476152 35.130794 32.439112 
11.475811 34.368643 33.123808 
FEnd
FBeg
   11   CA THR A  10  2944    C PHE B  26 ali
8.123 32.520 34.863 12.958 31.392 32.431  0.01
11.062600 32.150355 34.449413 
11.036745 32.177077 34.385618 
10.968870 32.157883 34.259580 
10.997358 32.090348 34.347540 
FEnd
FBeg
   16  CG2 THR A  10  2936    O GLU B  25 unk
9.303 34.546 33.919 12.496 34.221 34.336  4.86
11.349448 35.398966 34.894392 
11.523239 36.011313 34.040907 
11.555665 35.811326 33.636751 
11.475811 34.368643 33.123808 
11.111604 32.302976 34.302637 
11.086506 32.215419 34.426576 
11.138440 33.754063 35.228091 
FEnd
FBeg
   42  CZ2 TRP A  12  2936    O GLU B  25 unk
10.900 37.226 36.167 12.496 34.221 34.336  0.48
12.157249 35.661868 35.167047 
11.552462 36.011915 34.065390 
11.523239 36.011313 34.040907 
11.349448 35.398966 34.894392 
FEnd
FBeg
   39  NE1 TRP A  12  2937   CB GLU B  25 unk
11.396 34.892 36.948 14.093 36.741 34.260  0.72
12.596139 35.391400 35.421359 
12.157249 35.661868 35.167047 
12.515081 35.916706 35.701373 
13.108842 36.070410 36.402851 
13.391772 35.694689 36.428280 
FEnd
FBeg
   39  NE1 TRP A  12  2934   CA GLU B  25 unk
11.396 34.892 36.948 14.619 35.308 34.276  1.55
12.805866 34.992321 35.612202 
12.596139 35.391400 35.421359 
13.391772 35.694689 36.428280 
13.654799 35.213989 36.670706 
13.478474 33.851167 36.245846 
FEnd
FBeg
   39  NE1 TRP A  12  2935    C GLU B  25 unk
11.396 34.892 36.948 13.551 34.377 33.733  0.21
13.400445 33.460370 36.256144 
12.805866 34.992321 35.612202 
13.478474 33.851167 36.245846 
FEnd
FBeg
  144    O ARG A  24  2936    O GLU B  25 unk
14.975 34.197 37.692 12.496 34.221 34.336  0.37
13.180357 32.261219 36.410142 
13.563915 31.843410 36.123829 
13.400445 33.460370 36.256144 
13.181164 32.497176 36.411233 
FEnd
FBeg
   37  CD1 TRP A  12  2959  OD1 ASP B  27 unk
11.173 34.208 38.124 10.607 29.765 34.895  0.04
11.175846 32.093034 35.980569 
11.760427 32.067270 35.913550 
11.703057 32.089086 35.893588 
11.311390 32.162096 35.861782 
FEnd
FBeg
   14   CB THR A  10  2959  OD1 ASP B  27 unk
8.754 33.904 35.187 10.607 29.765 34.895  0.56
10.772295 31.907236 36.053298 
11.175846 32.093034 35.980569 
11.311390 32.162096 35.861782 
11.383834 32.203849 35.729671 
11.108188 32.166924 34.503851 
11.062600 32.150355 34.449413 
FEnd
FBeg
   11   CA THR A  10  2959  OD1 ASP B  27 unk
8.123 32.520 34.863 10.607 29.765 34.895  2.60
10.617083 31.767720 36.090117 
10.772295 31.907236 36.053298 
11.062600 32.150355 34.449413 
10.997358 32.090348 34.347540 
10.509032 31.645651 33.968273 
9.430951 30.693493 35.679372 
FEnd
FBeg
   17    N TRP A  11  2959  OD1 ASP B  27 hbd
8.201 31.577 37.104 10.607 29.765 34.895  1.03
9.526490 29.856737 36.469806 
10.617083 31.767720 36.090117 
9.430951 30.693493 35.679372 
9.391291 29.763008 36.399434 
FEnd
FBeg
   21   CB TRP A  11  2959  OD1 ASP B  27 unk
8.520 29.833 38.814 10.607 29.765 34.895  0.05
9.625733 29.281484 36.532638 
9.526490 29.856737 36.469806 
9.391291 29.763008 36.399434 
FEnd
FBeg
   23  CD1 TRP A  11  2958   CG ASP B  27 aro
11.020 30.211 38.326 9.852 29.175 34.091  3.87
12.002393 26.059224 36.665417 
11.791231 25.683794 36.815496 
11.132488 25.425588 37.060340 
10.296715 25.727325 37.217030 
9.625733 29.281484 36.532638 
FEnd
FBeg
 2281  CD1 TYR A 295  2789  OE1 GLU B   9 unk
18.690 26.329 49.238 20.376 25.907 44.009  3.85
18.477505 27.697415 45.950546 
18.500575 27.710745 45.956909 
20.002299 27.996667 46.418038 
21.607600 27.262297 46.994906 
20.337983 25.618996 46.718161 
FEnd
FBeg
 2283  CE1 TYR A 295  2789  OE1 GLU B   9 unk
17.897 25.385 48.604 20.376 25.907 44.009  10.19
20.337983 25.618996 46.718161 
18.477505 27.697415 45.950546 
17.625190 27.360463 45.452444 
16.803005 25.124711 44.754890 
17.652473 23.252779 45.000523 
19.221427 24.292437 45.965080 
FEnd
FBeg
 2283  CE1 TYR A 295  2788   CD GLU B   9 aro
17.897 25.385 48.604 21.370 25.168 43.837  0.95
19.221427 24.292437 45.965080 
20.337983 25.618996 46.718161 
20.874434 24.883379 47.142478 
FEnd
FBeg
 2283  CE1 TYR A 295  2790  OE2 GLU B   9 unk
17.897 25.385 48.604 21.446 24.013 44.310  73.96
17.652473 23.252779 45.000523 
19.221427 24.292437 45.965080 
20.874434 24.883379 47.142478 
24.916472 17.703477 52.777322 
23.760918 8.769631 54.676757 
22.749314 9.906654 53.477368 
21.811778 12.128725 51.992506 
FEnd
FBeg
 2281  CD1 TYR A 295  2788   CD GLU B   9 aro
18.690 26.329 49.238 21.370 25.168 43.837  5.54
21.607600 27.262297 46.994906 
22.246095 27.033258 47.360964 
24.320153 25.735310 48.669128 
20.874434 24.883379 47.142478 
20.337983 25.618996 46.718161 
FEnd
FBeg
 2274   CD PRO A 294  2789  OE1 GLU B   9 unk
18.773 31.362 45.847 20.376 25.907 44.009  4.87
18.500575 27.710745 45.956909 
20.002299 27.996667 46.418038 
20.827645 28.881870 44.510664 
20.852051 28.972346 44.263426 
18.740157 28.546606 43.685104 
18.435811 27.730075 45.843055 
FEnd
FBeg
 2267  CG2 THR A 293  2787   CG GLU B   9 ali
22.948 31.102 46.164 22.539 25.708 43.023  36.53
26.135036 29.315006 42.589135 
21.299465 28.860145 43.999919 
21.872321 27.981683 45.433896 
24.341225 26.357305 47.901936 
28.894016 24.994812 49.648894 
28.632484 27.598594 45.211507 
FEnd

+-+CCS_record::Boundary loops before union-find
Start boundary loop loop_id 0  init_edge IE_A_B
xyz 13.081 31.3514 35.8477
xyz 13.8358 29.4501 36.0039
xyz 13.776 29.0435 36.064
xyz 12.0024 26.0592 36.6654
xyz 11.7912 25.6838 36.8155
xyz 11.1325 25.4256 37.0603
xyz 10.2967 25.7273 37.217
xyz 9.91398 25.3018 37.1684
xyz 9.81363 25.2224 37.1819
xyz 3.46172 26.2658 36.7453
xyz 2.70587 25.7744 36.5295
xyz 1.02313 25.096 35.3483
xyz 5.76825 29.6954 34.1476
xyz 5.97303 29.7354 33.8776
xyz 6.25678 29.1483 32.6191
xyz 7.03782 28.9553 31.7555
xyz 5.85717 27.2179 30.5964
xyz 5.68077 26.7868 29.9388
xyz 5.82997 26.8974 29.7774
xyz 6.58567 27.5282 29.1603
xyz 8.10377 29.4515 29.773
xyz 9.53279 30.2688 29.5833
xyz 9.74487 30.4283 29.7616
xyz 9.83501 30.677 29.5755
xyz 10.0308 31.2329 29.6107
xyz 10.1623 31.0034 29.3832
xyz 10.4021 31.0085 28.8702
xyz 10.2407 30.253 28.0201
xyz 9.96619 30.4373 27.0449
xyz 9.67578 30.4286 26.5
xyz 7.62352 27.9291 28.4737
xyz 7.41613 27.8048 28.5655
xyz 5.65832 27.4111 28.7894
xyz 4.82722 27.7454 28.4584
xyz 3.69603 28.5066 27.7509
xyz 5.37298 30.7397 25.9781
xyz 6.98244 32.9565 25.014
xyz 7.10934 33.0869 24.959
xyz 7.33775 33.0468 24.9903
xyz 7.21389 33.1368 25.0319
xyz 7.06944 33.3125 25.0689
xyz 6.32227 34.5884 25.1994
xyz 1.32155 37.3932 22.888
xyz 1.04504 37.9187 23.4655
xyz 2.22817 38.7459 26.8515
xyz 4.44336 38.0831 28.9794
xyz 4.49252 38.0408 28.9741
xyz 4.5301 38.0747 29.0143
xyz 7.60857 37.9086 29.895
xyz 7.41753 38.4157 31.1997
xyz 7.44915 38.4266 31.7136
xyz 7.46538 38.3991 31.7232
xyz 7.45292 38.4279 31.7282
xyz 7.51023 38.449 31.756
xyz 7.36968 38.6479 32.1505
xyz 7.9484 38.5643 33.0669
xyz 8.26668 40.4976 33.4148
xyz 8.28202 40.5409 33.4259
xyz 8.74889 41.1842 33.6866
xyz 11.8481 42.4876 31.8429
xyz 12.32 42.5822 31.6478
xyz 12.399 42.6732 31.6286
xyz 15.7112 43.4032 33.4181
xyz 15.5332 41.309 35.052
xyz 16.7163 42.0341 33.8591
xyz 20.158 44.3077 35.6348
xyz 20.9719 40.0497 38.1063
xyz 21.0529 40.1192 38.1761
xyz 21.9562 40.5168 38.6319
xyz 22.8472 40.2351 38.5069
xyz 24.558 37.9401 39.9321
xyz 24.9306 37.8314 40.0095
xyz 25.247 37.3118 39.8484
xyz 26.297 34.2221 38.588
xyz 25.9348 32.4664 39.4124
xyz 25.1147 31.5105 39.7141
xyz 25.4719 31.3307 40.313
xyz 25.127 31.2572 40.8773
xyz 25.1159 31.2571 40.8851
xyz 25.0257 30.3566 41.5729
xyz 22.1953 29.7034 41.6832
xyz 21.8424 29.2949 43.4299
xyz 21.2062 28.9301 43.9427
xyz 19.4596 28.3255 42.5365
xyz 18.8086 28.2893 42.7077
xyz 18.227 27.9948 42.8202
xyz 17.6738 27.2999 42.8633
xyz 17.6141 23.3936 42.2776
xyz 17.6612 23.2019 41.7614
xyz 18.2461 23.7113 40.8255
xyz 19.2354 22.5055 38.9802
xyz 19.4576 22.6466 38.4125
xyz 18.2133 16.9064 37.8034
xyz 17.9104 17.9489 37.1218
xyz 17.774 20.5073 36.3585
xyz 15.4507 22.658 36.0808
xyz 14.7532 23.5281 35.7232
xyz 14.3607 24.2076 35.29
xyz 14.3947 24.4397 35.2251
xyz 13.2708 25.4556 35.2787
xyz 13.0245 26.6537 35.4809
xyz 13.3477 27.9073 35.7673
xyz 13.7383 28.9228 36.0158
xyz 15.196 29.934 36.4008
xyz 15.7018 30.0474 36.4881
xyz 15.9586 30.0363 36.519
xyz 17.1646 29.5014 36.5698
xyz 16.3259 30.2945 36.1058
xyz 16.2095 30.5406 36.0012
xyz 15.6291 30.4884 36.2993
xyz 15.6008 30.8401 36.4591
xyz 15.2844 31.3857 36.6356
xyz 14.4158 31.2252 36.3318
xyz 14.1853 31.3631 36.1956
xyz 13.9496 31.7491 35.9808
xyz 13.7141 31.6987 36.0632
xyz 13.5639 31.8434 36.1238
xyz 13.1804 32.2612 36.4101
xyz 12.5919 32.0501 36.2039
xyz 13.0082 31.5603 35.8656
xyz 12.9242 31.5646 35.8388
End loop
Boundary info init_edge IE_A_B [total exposed]: 171.441038 171.441038
Start boundary loop loop_id 1  init_edge IE_A_B
xyz 20.3856 39.5696 37.8434
xyz 18.9546 38.9333 36.9729
xyz 17.4858 38.5892 35.9472
xyz 17.0917 39.2711 35.3408
xyz 16.7389 40.4419 34.5583
xyz 16.6343 39.5607 35.0311
xyz 16.5236 39.26 35.2474
xyz 15.861 39.3185 35.7066
xyz 15.8127 39.3737 35.7172
xyz 15.8256 39.3193 35.7226
xyz 15.7518 39.0159 36.0131
xyz 16.6213 38.5136 36.0279
xyz 17.156 37.2352 36.1312
xyz 16.9528 36.9988 36.1621
xyz 17.0125 37.0204 36.1342
xyz 16.9963 36.8004 36.1265
xyz 17.1972 37.0072 36.1011
xyz 17.2904 36.7606 35.9979
xyz 17.3676 37.1218 35.991
xyz 18.3948 37.4691 35.9793
xyz 18.7421 37.3688 35.9792
xyz 19.0283 37.6019 36.2435
xyz 19.4772 37.7598 36.5985
xyz 19.1895 38.0226 36.8611
xyz 19.654 38.7901 37.3736
End loop
Boundary info init_edge IE_A_B [total exposed]: 17.922272 17.922272
Start boundary loop loop_id 2  init_edge IE_A_B
xyz 17.6252 27.3605 45.4524
xyz 16.803 25.1247 44.7549
xyz 17.6525 23.2528 45.0005
xyz 21.8118 12.1287 51.9925
xyz 22.7493 9.90665 53.4774
xyz 23.7609 8.76963 54.6768
xyz 24.9165 17.7035 52.7773
xyz 20.8744 24.8834 47.1425
xyz 24.3202 25.7353 48.6691
xyz 22.2461 27.0333 47.361
xyz 21.6076 27.2623 46.9949
xyz 20.0023 27.9967 46.418
xyz 20.8276 28.8819 44.5107
xyz 20.8521 28.9723 44.2634
xyz 18.7402 28.5466 43.6851
xyz 18.4358 27.7301 45.8431
xyz 18.5006 27.7107 45.9569
xyz 18.4775 27.6974 45.9505
End loop
Boundary info init_edge IE_A_B [total exposed]: 59.842767 59.842767
Start boundary loop loop_id 3  init_edge IE_A_B
xyz 21.2995 28.8601 43.9999
xyz 21.8723 27.9817 45.4339
xyz 24.3412 26.3573 47.9019
xyz 28.894 24.9948 49.6489
xyz 28.6325 27.5986 45.2115
xyz 26.135 29.315 42.5891
End loop
Boundary info init_edge IE_A_B [total exposed]: 24.906864 24.906864
