Begin VSO per interface edge
473 2274  1
480 2274  2
481 2274  2
481 2278  2
481 2279  1
481 2280  1
490 2274  3
490 2276  4
490 2277  3
491 2277  3
493 2276  4
493 2277  3
493 2290  4
493 2294  3
494 2290  4
494 2294  3
495 2274  3
495 2275  3
495 2276  3
495 2278  3
495 2279  2
495 2281  3
495 2282  4
495 2283  3
495 2290  3
495 2294  4
496 2294  3
496 2295  4
497 2279  1
497 2281  2
497 2283  2
497 2284  1
497 2290  2
497 2291  2
497 2294  3
497 2297  2
498 2294  3
498 2295  3
498 2297  2
498 2299  3
499 2294  3
499 2297  2
500 2297  1
500 2299  2
501 2274  2
501 2277  2
506 2274  2
506 2275  2
506 2276  2
506 2277  1
507 2274  2
507 2275  2
507 2280  1
508 2275  2
508 2276  1
508 2277  1
508 2280  1
509 2274  2
509 2275  1
509 2276  1
509 2278  1
509 2280  1
509 2281  1
510 2277  2
514 2308  1
515 2277  1
515 2282  1
515 2290  2
515 2308  2
515 2309  1
516 2282  2
516 2290  3
516 2294  3
516 2306  2
516 2307  2
516 2308  2
516 2309  2
516 2310  1
516 2311  1
517 2277  2
517 2282  2
517 2290  3
525 2290  3
525 2292  1
525 2294  2
525 2295  2
525 2296  1
525 2306  1
1529 2305  5
1529 2330  6
1532 2299  2
1532 2301  3
1532 2304  3
1532 2305  4
1533 2299  1
1535 2299  1
1536 2301  4
1536 2305  5
1536 2330  5
1537 2330  6
1541 2301  4
1542 2301  4
1543 2293  1
1543 2298  5
1543 2300  5
1543 2301  4
1543 2312  1
1544 2291  1
1544 2293  1
1544 2295  2
1544 2297  1
1544 2298  3
1544 2299  2
1544 2300  3
1544 2301  3
1545 2293  2
1545 2295  3
1545 2296  3
1545 2297  2
1545 2298  4
1545 2299  3
1545 2300  4
1545 2301  4
1774 2304  5
1776 2304  5
1776 2305  6
1777 2303  6
1777 2304  6
1777 2305  7
1778 2304  5
1779 2304  5
1782 2299  3
1782 2304  4
1783 2299  2
1783 2304  3
1784 2299  3
1784 2304  4
1785 2303  5
1785 2304  5
1786 2303  5
1788 2294  3
1788 2295  3
1788 2296  2
1788 2297  3
1788 2298  3
1788 2299  3
1788 2300  3
1788 2303  4
1788 2304  4
1789 2303  6
1789 2304  5
1790 2303  6
1793 2303  5
1794 2303  5
1798 2296  2
1798 2298  3
1798 2303  4
1800 2296  1
1800 2298  2
1801 2303  5
1801 2305  6
1802 2303  6
1802 2305  7
1802 2330  7
1803 2330  7
1805 2303  6
1805 2305  7
1805 2330  7
1809 2305  6
1810 2305  6
1810 2330  6
1811 2305  6
1812 2304  5
1812 2305  5
1813 2304  4
1813 2305  5
1815 2299  3
1815 2304  4
1816 2303  6
1816 2305  7
2097 2312  1
2097 2330  7
2098 2298  4
2098 2303  5
2098 2312  2
2099 2293  2
2099 2296  2
2099 2298  3
2099 2312  1
2100 2298  5
2100 2300  5
2100 2301  5
2100 2303  6
2100 2305  6
2100 2330  6
2130 2330  6
2301 2330  5
2305 2330  6
End VSO per interface edge

Voronoi Facets of interface MI_AB
FBeg
 2099  OE1 GLN A 314  2312  CG2 VAL B 186 unk
-10.284 17.912 -12.913 -5.330 18.140 -11.113  5.36
-7.981063 15.543926 -12.012015 
-8.253711 15.974842 -11.316211 
-8.506263 17.268510 -10.784996 
-8.496671 18.414530 -10.956557 
-8.417162 18.744745 -11.217211 
-8.148393 18.751091 -11.957727 
-7.731302 17.243628 -12.914711 
-7.648713 16.011014 -12.985881 
FEnd
FBeg
 2099  OE1 GLN A 314  2296  CD1 PTR B 185 unk
-10.284 17.912 -12.913 -8.688 18.191 -15.893  3.80
-7.731302 17.243628 -12.914711 
-7.648713 16.011014 -12.985881 
-9.572045 16.588665 -13.961879 
-8.869039 18.905365 -13.368471 
-8.424504 18.737622 -13.146095 
FEnd
FBeg
 1545  NE2 HIS A 237  2296  CD1 PTR B 185 unk
-8.703 21.028 -13.723 -8.688 18.191 -15.893  1.47
-8.869039 18.905365 -13.368471 
-8.424504 18.737622 -13.146095 
-7.982766 20.002602 -14.796843 
-8.737632 20.346372 -15.251496 
-8.750661 20.342939 -15.247098 
FEnd
FBeg
 1545  NE2 HIS A 237  2298  CE1 PTR B 185 unk
-8.703 21.028 -13.723 -10.024 18.548 -15.704  2.52
-8.750661 20.342939 -15.247098 
-8.869039 18.905365 -13.368471 
-9.339611 19.147045 -13.357235 
-9.870700 19.580329 -13.545511 
-10.321296 20.125535 -13.927579 
-10.442860 20.309139 -14.076368 
-8.810907 20.363388 -15.232524 
-8.804292 20.362007 -15.235207 
FEnd
FBeg
 1544  CE1 HIS A 237  2298  CE1 PTR B 185 unk
-8.811 22.071 -14.526 -10.024 18.548 -15.704  0.00
-8.810907 20.363388 -15.232524 
-8.804292 20.362007 -15.235207 
-8.808497 20.363243 -15.234574 
FEnd
FBeg
 1544  CE1 HIS A 237  2300   CZ PTR B 185 unk
-8.811 22.071 -14.526 -10.560 19.626 -16.410  1.64
-8.808497 20.363243 -15.234574 
-8.810907 20.363388 -15.232524 
-10.586787 20.906310 -14.288485 
-10.516407 21.866531 -15.599969 
FEnd
FBeg
 1544  CE1 HIS A 237  2301   OH PTR B 185 unk
-8.811 22.071 -14.526 -11.784 19.952 -16.237  0.87
-10.586787 20.906310 -14.288485 
-10.605292 20.918001 -14.270811 
-10.888907 21.269428 -14.213234 
-11.014656 21.565260 -14.361110 
-10.978819 21.939963 -14.887432 
-10.574973 21.999873 -15.663343 
-10.516407 21.866531 -15.599969 
FEnd
FBeg
 1532   CB ASP A 236  2301   OH PTR B 185 unk
-12.316 23.318 -16.254 -11.784 19.952 -16.237  7.08
-10.978819 21.939963 -14.887432 
-10.574973 21.999873 -15.663343 
-11.855939 21.784117 -18.296309 
-13.246833 21.569750 -17.214212 
-13.109711 21.604098 -14.704407 
-11.356585 21.882490 -14.445336 
FEnd
FBeg
 1536    N HIS A 237  2301   OH PTR B 185 unk
-12.728 23.023 -13.149 -11.784 19.952 -16.237  0.96
-13.109711 21.604098 -14.704407 
-13.101621 21.543220 -14.641391 
-12.404513 21.205812 -14.092735 
-11.451941 21.451771 -14.046140 
-11.337919 21.807403 -14.364957 
-11.356585 21.882490 -14.445336 
FEnd
FBeg
 2100  NE2 GLN A 314  2301   OH PTR B 185 unk
-11.833 19.531 -13.013 -11.784 19.952 -16.237  4.61
-12.404513 21.205812 -14.092735 
-12.945642 19.727754 -14.293969 
-12.882575 18.801021 -14.414026 
-12.063966 18.370159 -14.457848 
-10.810504 20.031017 -14.221917 
-10.640500 20.626664 -14.141552 
-11.070053 21.207855 -14.072187 
-11.451941 21.451771 -14.046140 
FEnd
FBeg
 2100  NE2 GLN A 314  2300   CZ PTR B 185 unk
-11.833 19.531 -13.013 -10.560 19.626 -16.410  0.09
-10.810504 20.031017 -14.221917 
-10.640500 20.626664 -14.141552 
-10.496743 20.413610 -14.093638 
-10.442860 20.309139 -14.076368 
FEnd
FBeg
 1543  CD2 HIS A 237  2300   CZ PTR B 185 unk
-9.372 21.295 -12.553 -10.560 19.626 -16.410  0.02
-10.640500 20.626664 -14.141552 
-10.496743 20.413610 -14.093638 
-10.597319 20.846282 -14.249885 
FEnd
FBeg
 2100  NE2 GLN A 314  2303  O1P PTR B 185 unk
-11.833 19.531 -13.013 -12.954 17.766 -16.600  0.65
-12.882575 18.801021 -14.414026 
-12.063966 18.370159 -14.457848 
-12.024075 18.060262 -14.317829 
-12.595152 17.866929 -14.044227 
-13.126225 18.586222 -14.232189 
FEnd
FBeg
 1802   CA GLY A 275  2303  O1P PTR B 185 unk
-14.862 17.090 -13.796 -12.954 17.766 -16.600  3.04
-12.595152 17.866929 -14.044227 
-13.126225 18.586222 -14.232189 
-15.230927 17.554269 -15.913134 
-12.191662 16.825419 -14.020761 
FEnd
FBeg
 1801    N GLY A 275  2303  O1P PTR B 185 unk
-14.377 16.259 -14.895 -12.954 17.766 -16.600  5.41
-15.230927 17.554269 -15.913134 
-15.239169 17.551028 -15.922878 
-15.721804 17.061571 -16.758304 
-15.663758 16.693731 -17.034981 
-14.419164 16.102266 -16.519017 
-13.200241 15.820101 -15.751097 
-12.188862 16.822137 -14.021325 
-12.191662 16.825419 -14.020761 
FEnd
FBeg
 1798  CG1 ILE A 274  2303  O1P PTR B 185 unk
-11.619 14.732 -15.623 -12.954 17.766 -16.600  5.71
-13.200241 15.820101 -15.751097 
-12.968179 15.628728 -16.662487 
-12.104282 15.647442 -17.784823 
-12.051095 15.671281 -17.783471 
-10.904718 16.540196 -16.651561 
-11.755406 16.947271 -14.225017 
-12.188862 16.822137 -14.021325 
FEnd
FBeg
 1798  CG1 ILE A 274  2298  CE1 PTR B 185 unk
-11.619 14.732 -15.623 -10.024 18.548 -15.704  2.55
-10.904718 16.540196 -16.651561 
-11.755406 16.947271 -14.225017 
-11.358026 16.784175 -14.083703 
-11.227508 16.729616 -14.083977 
-9.954594 16.159948 -15.856233 
-10.046653 16.183663 -16.551771 
FEnd
FBeg
 1788   CB ALA A 272  2298  CE1 PTR B 185 unk
-10.307 17.025 -18.712 -10.024 18.548 -15.704  2.25
-10.046653 16.183663 -16.551771 
-10.904718 16.540196 -16.651561 
-11.059418 17.880975 -17.315865 
-9.628700 18.349002 -17.687440 
FEnd
FBeg
 1788   CB ALA A 272  2296  CD1 PTR B 185 unk
-10.307 17.025 -18.712 -8.688 18.191 -15.893  3.15
-9.628700 18.349002 -17.687440 
-10.046653 16.183663 -16.551771 
-9.434341 15.654455 -16.684540 
-9.396757 15.633004 -16.697252 
-8.269675 16.801350 -17.827809 
-9.504258 18.323190 -17.748232 
-9.604679 18.371638 -17.710599 
-9.605038 18.371606 -17.710379 
FEnd
FBeg
 1788   CB ALA A 272  2299  CE2 PTR B 185 unk
-10.307 17.025 -18.712 -9.726 20.364 -17.272  2.01
-9.604679 18.371638 -17.710599 
-9.631339 19.217395 -19.660941 
-9.832326 19.323699 -19.826342 
-10.973117 19.157753 -18.981277 
-11.045271 18.993529 -18.571370 
-9.605038 18.371606 -17.710379 
FEnd
FBeg
 1788   CB ALA A 272  2304  O2P PTR B 185 unk
-10.307 17.025 -18.712 -13.288 19.428 -18.274  1.14
-10.973117 19.157753 -18.981277 
-11.669514 18.290784 -18.964461 
-12.190092 17.583788 -18.628685 
-11.422443 18.413796 -17.957790 
-11.045271 18.993529 -18.571370 
FEnd
FBeg
 1785   CA ALA A 272  2304  O2P PTR B 185 unk
-11.021 16.911 -20.059 -13.288 19.428 -18.274  0.62
-11.669514 18.290784 -18.964461 
-12.190092 17.583788 -18.628685 
-12.711836 17.264705 -18.841381 
-12.828986 17.510770 -19.337136 
FEnd
FBeg
 1789    N GLY A 273  2304  O2P PTR B 185 unk
-13.263 16.035 -19.964 -13.288 19.428 -18.274  2.11
-12.711836 17.264705 -18.841381 
-14.510970 17.136201 -18.609998 
-14.427859 17.722403 -19.785683 
-13.611694 17.908268 -20.146769 
-12.828986 17.510770 -19.337136 
FEnd
FBeg
 1774    C SER A 270  2304  O2P PTR B 185 unk
-14.661 18.912 -21.643 -13.288 19.428 -18.274  1.75
-14.427859 17.722403 -19.785683 
-14.510714 17.883577 -19.776601 
-14.436522 19.713276 -20.087077 
-13.245737 18.829924 -20.437073 
-13.611694 17.908268 -20.146769 
FEnd
FBeg
 1778    N SER A 271  2304  O2P PTR B 185 unk
-13.851 19.952 -21.512 -13.288 19.428 -18.274  2.57
-14.436522 19.713276 -20.087077 
-14.604179 20.912879 -19.863796 
-13.250919 21.175972 -20.056515 
-13.017398 20.730099 -20.169273 
-13.245089 18.830688 -20.437062 
-13.245737 18.829924 -20.437073 
FEnd
FBeg
 1779   CA SER A 271  2304  O2P PTR B 185 unk
-12.485 19.861 -22.028 -13.288 19.428 -18.274  1.35
-13.017398 20.730099 -20.169273 
-11.738931 19.906577 -19.990790 
-13.245089 18.830688 -20.437062 
FEnd
FBeg
 1782   CB SER A 271  2304  O2P PTR B 185 unk
-11.692 21.148 -21.770 -13.288 19.428 -18.274  0.76
-13.250919 21.175972 -20.056515 
-13.006088 21.261975 -19.902432 
-11.477757 19.971203 -19.839764 
-11.738931 19.906577 -19.990790 
-13.017398 20.730099 -20.169273 
FEnd
FBeg
 1783   OG SER A 271  2304  O2P PTR B 185 unk
-11.553 21.379 -20.402 -13.288 19.428 -18.274  2.53
-13.006088 21.261975 -19.902432 
-11.829649 21.824516 -18.427507 
-11.033866 19.945627 -19.501299 
-11.477757 19.971203 -19.839764 
FEnd
FBeg
 1783   OG SER A 271  2299  CE2 PTR B 185 unk
-11.553 21.379 -20.402 -9.726 20.364 -17.272  6.14
-11.829649 21.824516 -18.427507 
-11.033866 19.945627 -19.501299 
-10.287045 19.906676 -19.949854 
-9.563003 20.614505 -20.142946 
-9.379135 22.930567 -19.499215 
-10.975785 22.530191 -18.697075 
-11.256993 22.404814 -18.573590 
-11.811644 21.867036 -18.424228 
FEnd
FBeg
 1815  NH2 ARG A 276  2299  CE2 PTR B 185 unk
-13.921 22.262 -18.850 -9.726 20.364 -17.272  0.00
-11.811644 21.867036 -18.424228 
-11.829649 21.824516 -18.427507 
-11.841325 21.829415 -18.390574 
FEnd
FBeg
 1533   CG ASP A 236  2299  CE2 PTR B 185 unk
-11.185 24.185 -16.715 -9.726 20.364 -17.272  5.24
-10.975785 22.530191 -18.697075 
-11.256993 22.404814 -18.573590 
-10.238761 22.424156 -16.039121 
-8.176316 23.400310 -17.333161 
-8.270906 23.497551 -18.248002 
FEnd
FBeg
 1535  OD2 ASP A 236  2299  CE2 PTR B 185 unk
-11.103 24.523 -17.937 -9.726 20.364 -17.272  1.78
-9.379135 22.930567 -19.499215 
-10.975785 22.530191 -18.697075 
-8.270906 23.497551 -18.248002 
-8.374124 23.378287 -18.780165 
FEnd
FBeg
  500   OH TYR A 104  2299  CE2 PTR B 185 unk
-7.583 21.165 -20.766 -9.726 20.364 -17.272  1.84
-9.563003 20.614505 -20.142946 
-9.379135 22.930567 -19.499215 
-8.374124 23.378287 -18.780165 
-9.341686 20.458829 -20.042893 
-9.555284 20.466957 -20.172037 
FEnd
FBeg
  500   OH TYR A 104  2297  CD2 PTR B 185 unk
-7.583 21.165 -20.766 -8.398 20.000 -17.448  7.24
-8.374124 23.378287 -18.780165 
-9.341686 20.458829 -20.042893 
-9.206084 20.454661 -20.011049 
-6.527553 21.991641 -18.813464 
-5.981111 23.023371 -18.316986 
-6.249296 24.446390 -17.883217 
-7.166725 24.162199 -18.208348 
FEnd
FBeg
  497  CE1 TYR A 104  2297  CD2 PTR B 185 unk
-5.573 19.945 -20.443 -8.398 20.000 -17.448  1.90
-6.527553 21.991641 -18.813464 
-5.981111 23.023371 -18.316986 
-5.809176 22.155126 -18.138866 
-6.059113 20.641811 -18.346825 
-6.562373 19.817040 -18.806373 
FEnd
FBeg
  497  CE1 TYR A 104  2294   CB PTR B 185 unk
-5.573 19.945 -20.443 -6.385 18.492 -16.946  1.56
-6.059113 20.641811 -18.346825 
-6.562373 19.817040 -18.806373 
-6.504962 18.773877 -19.226476 
-5.200987 19.499906 -18.622029 
-5.244346 19.715818 -18.542386 
FEnd
FBeg
  497  CE1 TYR A 104  2290    N PTR B 185 unk
-5.573 19.945 -20.443 -3.935 18.932 -16.805  0.77
-5.200987 19.499906 -18.622029 
-4.214081 19.989355 -18.930095 
-4.690160 20.731308 -18.509144 
-4.866333 20.825148 -18.403693 
-5.244346 19.715818 -18.542386 
FEnd
FBeg
  497  CE1 TYR A 104  2283    C GLU B 184 ali
-5.573 19.945 -20.443 -3.026 19.791 -17.291  0.95
-4.214081 19.989355 -18.930095 
-3.222140 20.444463 -19.709405 
-3.197300 20.591318 -19.722302 
-3.221151 20.791223 -19.693262 
-4.690160 20.731308 -18.509144 
FEnd
FBeg
  497  CE1 TYR A 104  2279  OG1 THR B 183 unk
-5.573 19.945 -20.443 -2.245 20.510 -21.599  16.70
-3.197300 20.591318 -19.722302 
-3.195641 20.452287 -19.785479 
-4.145478 19.715246 -22.880188 
-4.412240 20.215194 -23.403815 
-5.067397 22.994613 -23.931491 
-5.070894 23.039698 -23.919521 
-4.261483 25.280070 -20.494324 
-3.221151 20.791223 -19.693262 
FEnd
FBeg
  481    O ARG A 103  2279  OG1 THR B 183 hbd
-4.072 17.409 -23.629 -2.245 20.510 -21.599  1.04
-4.145478 19.715246 -22.880188 
-4.412240 20.215194 -23.403815 
-4.170098 20.432407 -23.953554 
-3.362826 19.308608 -22.963399 
-3.385830 19.029246 -22.515947 
-3.447262 18.995101 -22.408497 
FEnd
FBeg
  481    O ARG A 103  2274    N THR B 183 hbd
-4.072 17.409 -23.629 -1.559 17.501 -22.163  6.73
-3.385830 19.029246 -22.515947 
-3.447262 18.995101 -22.408497 
-3.612267 18.026893 -22.064888 
-2.803982 16.448340 -23.351376 
-2.114295 15.818012 -24.494074 
-1.449662 17.027339 -25.709272 
-3.139438 19.016243 -22.937492 
FEnd
FBeg
  473    O ASP A 102  2274    N THR B 183 hbd
-4.032 14.900 -26.104 -1.559 17.501 -22.163  2.48
-2.114295 15.818012 -24.494074 
-1.449662 17.027339 -25.709272 
-0.281500 16.461219 -26.068670 
-1.378781 15.212086 -24.555711 
-2.130448 15.432920 -24.229782 
FEnd
FBeg
  501    N LYS A 105  2274    N THR B 183 hbd
-2.223 14.255 -21.495 -1.559 17.501 -22.163  4.24
-1.378781 15.212086 -24.555711 
-0.845760 15.785932 -21.237404 
-0.903440 15.904098 -20.720538 
-2.027410 16.146307 -20.660814 
-2.296272 15.530036 -23.922702 
-2.130448 15.432920 -24.229782 
FEnd
FBeg
  501    N LYS A 105  2277    O THR B 183 hbd
-2.223 14.255 -21.495 -1.497 17.101 -19.374  1.93
-0.903440 15.904098 -20.720538 
-2.027410 16.146307 -20.660814 
-2.307005 15.813676 -20.118780 
-2.270934 15.368696 -19.534044 
-1.769290 15.128704 -19.383727 
-1.136087 15.007763 -19.438185 
FEnd
FBeg
  506   CG LYS A 105  2277    O THR B 183 unk
0.766 14.030 -21.110 -1.497 17.101 -19.374  6.16
-1.136087 15.007763 -19.438185 
-0.903440 15.904098 -20.720538 
-0.732473 16.022621 -20.707340 
-0.259699 16.204918 -20.413529 
0.386837 16.303096 -19.744401 
1.935911 15.879376 -16.975508 
1.846037 15.678408 -16.737152 
-0.088446 15.026950 -18.106453 
-0.247183 14.978323 -18.227356 
FEnd
FBeg
  515   CG ASP A 106  2277    O THR B 183 unk
-2.854 14.651 -16.607 -1.497 17.101 -19.374  3.41
-0.088446 15.026950 -18.106453 
1.386631 15.802325 -16.696496 
0.663900 16.126058 -16.764296 
-1.924102 16.665224 -17.556114 
-0.356827 14.993876 -18.267357 
-0.247183 14.978323 -18.227356 
FEnd
FBeg
  515   CG ASP A 106  2282   CA GLU B 184 ali
-2.854 14.651 -16.607 -1.609 19.201 -17.578  3.37
0.663900 16.126058 -16.764296 
-1.924102 16.665224 -17.556114 
-2.415678 16.819815 -17.462009 
-1.967175 16.998360 -16.050305 
-1.502532 16.919850 -15.822434 
-0.118790 16.488144 -16.071150 
FEnd
FBeg
  515   CG ASP A 106  2309    O VAL B 186 unk
-2.854 14.651 -16.607 -1.251 18.237 -13.913  2.49
-1.502532 16.919850 -15.822434 
-1.316049 16.630038 -15.547625 
0.067453 15.483341 -14.844469 
1.309543 15.846407 -16.066825 
-0.118790 16.488144 -16.071150 
FEnd
FBeg
  515   CG ASP A 106  2308    C VAL B 186 ali
-2.854 14.651 -16.607 -2.102 17.672 -13.160  1.06
-1.316049 16.630038 -15.547625 
-0.896672 15.148044 -14.340276 
0.067453 15.483341 -14.844469 
FEnd
FBeg
  514   CB ASP A 106  2308    C VAL B 186 ali
-2.277 13.246 -16.438 -2.102 17.672 -13.160  14.98
-0.896672 15.148044 -14.340276 
0.067453 15.483341 -14.844469 
5.850576 12.224895 -10.753611 
5.557417 11.941173 -10.354875 
-1.931745 14.118403 -12.894782 
FEnd
FBeg
  516  OD1 ASP A 106  2308    C VAL B 186 unk
-3.223 15.358 -15.611 -2.102 17.672 -13.160  7.47
-1.316049 16.630038 -15.547625 
-0.896672 15.148044 -14.340276 
-1.931745 14.118403 -12.894782 
-2.936414 14.825379 -13.102741 
-3.455334 15.731107 -13.720508 
-3.275054 16.474880 -14.505161 
-2.710778 17.087104 -15.341245 
-1.880565 17.116402 -15.748614 
-1.794807 17.078584 -15.752133 
FEnd
FBeg
  516  OD1 ASP A 106  2290    N PTR B 185 unk
-3.223 15.358 -15.611 -3.935 18.932 -16.805  2.23
-2.710778 17.087104 -15.341245 
-1.880565 17.116402 -15.748614 
-1.967175 16.998360 -16.050305 
-4.639317 16.300730 -16.545081 
-4.777756 16.377561 -16.232549 
-4.821998 16.498983 -15.842717 
FEnd
FBeg
  516  OD1 ASP A 106  2294   CB PTR B 185 unk
-3.223 15.358 -15.611 -6.385 18.492 -16.946  0.05
-4.777756 16.377561 -16.232549 
-4.998342 16.373010 -15.720767 
-4.821998 16.498983 -15.842717 
FEnd
FBeg
  525  CD1 ILE A 107  2294   CB PTR B 185 unk
-6.869 15.187 -17.184 -6.385 18.492 -16.946  8.75
-4.777756 16.377561 -16.232549 
-4.998342 16.373010 -15.720767 
-5.460358 16.414237 -15.353695 
-6.558280 16.534895 -14.796468 
-7.702005 16.875509 -17.200528 
-7.852229 16.993659 -18.535738 
-7.815176 16.994191 -18.618468 
-6.673032 16.837390 -18.763728 
-6.261792 16.769577 -18.658347 
-4.705759 16.480163 -17.803750 
FEnd
FBeg
  493   CB TYR A 104  2294   CB PTR B 185 unk
-4.931 16.190 -20.373 -6.385 18.492 -16.946  1.01
-6.261792 16.769577 -18.658347 
-4.849448 17.524611 -18.566295 
-4.705759 16.480163 -17.803750 
FEnd
FBeg
  493   CB TYR A 104  2290    N PTR B 185 unk
-4.931 16.190 -20.373 -3.935 18.932 -16.805  1.94
-4.849448 17.524611 -18.566295 
-4.705759 16.480163 -17.803750 
-4.546543 16.349784 -17.747999 
-3.255359 16.870254 -18.508410 
-3.281482 17.445537 -18.943222 
-3.345902 17.584724 -19.032203 
-4.735740 17.577939 -18.639019 
FEnd
FBeg
  494   CG TYR A 104  2290    N PTR B 185 unk
-5.635 17.522 -20.497 -3.935 18.932 -16.805  0.01
-4.735740 17.577939 -18.639019 
-4.849448 17.524611 -18.566295 
-4.870082 17.652062 -18.605468 
FEnd
FBeg
  493   CB TYR A 104  2276    C THR B 183 ali
-4.931 16.190 -20.373 -1.228 18.267 -19.805  0.88
-3.281482 17.445537 -18.943222 
-2.746743 16.845115 -20.233819 
-3.093997 17.602770 -20.740452 
-3.345902 17.584724 -19.032203 
FEnd
FBeg
  495  CD1 TYR A 104  2276    C THR B 183 ali
-4.936 18.721 -20.347 -1.228 18.267 -19.805  3.06
-3.093997 17.602770 -20.740452 
-3.345902 17.584724 -19.032203 
-3.192384 18.706963 -19.142442 
-3.144757 18.972650 -19.245722 
-2.910512 19.714498 -20.226870 
-2.887552 19.365372 -20.676391 
-3.028829 17.928242 -20.913663 
-3.079473 17.636311 -20.811720 
FEnd
FBeg
  495  CD1 TYR A 104  2275   CA THR B 183 ali
-4.936 18.721 -20.347 -0.828 18.475 -21.303  0.85
-2.887552 19.365372 -20.676391 
-3.028829 17.928242 -20.913663 
-3.195643 18.909239 -21.882907 
-3.004198 19.216803 -21.139397 
FEnd
FBeg
  495  CD1 TYR A 104  2278   CB THR B 183 ali
-4.936 18.721 -20.347 -0.949 19.950 -21.882  0.08
-3.195643 18.909239 -21.882907 
-3.336508 18.979823 -22.192276 
-3.004198 19.216803 -21.139397 
FEnd
FBeg
  495  CD1 TYR A 104  2281    N GLU B 184 unk
-4.936 18.721 -20.347 -1.246 19.340 -18.998  0.63
-3.144757 18.972650 -19.245722 
-2.910512 19.714498 -20.226870 
-3.195641 20.452287 -19.785479 
-3.222140 20.444463 -19.709405 
-3.146906 18.984196 -19.245141 
FEnd
FBeg
  495  CD1 TYR A 104  2282   CA GLU B 184 ali
-4.936 18.721 -20.347 -1.609 19.201 -17.578  0.01
-3.192384 18.706963 -19.142442 
-3.144757 18.972650 -19.245722 
-3.146906 18.984196 -19.245141 
-3.203755 18.798803 -19.144699 
FEnd
FBeg
  490   CA TYR A 104  2276    C THR B 183 ali
-4.175 15.710 -21.609 -1.228 18.267 -19.805  0.33
-2.746743 16.845115 -20.233819 
-3.093997 17.602770 -20.740452 
-3.079473 17.636311 -20.811720 
-2.335991 16.620176 -20.585992 
FEnd
FBeg
  493   CB TYR A 104  2277    O THR B 183 unk
-4.931 16.190 -20.373 -1.497 17.101 -19.374  1.76
-3.255359 16.870254 -18.508410 
-2.630415 15.630770 -19.526315 
-2.605556 15.753209 -19.723421 
-2.746743 16.845115 -20.233819 
-3.281482 17.445537 -18.943222 
FEnd
FBeg
  517  OD2 ASP A 106  2290    N PTR B 185 unk
-2.950 15.061 -17.782 -3.935 18.932 -16.805  1.46
-4.546543 16.349784 -17.747999 
-3.255359 16.870254 -18.508410 
-2.551927 16.883065 -17.849980 
-2.415678 16.819815 -17.462009 
-4.506867 16.291137 -17.475629 
FEnd
FBeg
  494   CG TYR A 104  2294   CB PTR B 185 unk
-5.635 17.522 -20.497 -6.385 18.492 -16.946  2.03
-6.673032 16.837390 -18.763728 
-6.501249 18.681281 -19.231128 
-4.870082 17.652062 -18.605468 
-4.849448 17.524611 -18.566295 
-6.261792 16.769577 -18.658347 
FEnd
FBeg
  496  CD2 TYR A 104  2294   CB PTR B 185 unk
-6.991 17.588 -20.735 -6.385 18.492 -16.946  1.75
-7.815176 16.994191 -18.618468 
-7.840216 17.081346 -18.635257 
-7.560660 18.175407 -18.940995 
-6.522295 18.721595 -19.237380 
-6.501249 18.681281 -19.231128 
-6.673032 16.837390 -18.763728 
FEnd
FBeg
  498  CE2 TYR A 104  2294   CB PTR B 185 unk
-7.645 18.789 -20.813 -6.385 18.492 -16.946  0.40
-7.560660 18.175407 -18.940995 
-7.435672 18.603873 -18.948813 
-7.076177 19.056331 -19.031198 
-6.522012 18.744042 -19.235748 
-6.522295 18.721595 -19.237380 
FEnd
FBeg
  498  CE2 TYR A 104  2295   CG PTR B 185 unk
-7.645 18.789 -20.813 -7.843 18.921 -16.744  0.28
-7.560660 18.175407 -18.940995 
-7.435672 18.603873 -18.948813 
-8.358499 18.110350 -18.977708 
-8.167621 17.843669 -18.959768 
FEnd
FBeg
  496  CD2 TYR A 104  2295   CG PTR B 185 unk
-6.991 17.588 -20.735 -7.843 18.921 -16.744  0.31
-7.840216 17.081346 -18.635257 
-7.560660 18.175407 -18.940995 
-8.167621 17.843669 -18.959768 
FEnd
FBeg
 1788   CB ALA A 272  2294   CB PTR B 185 unk
-10.307 17.025 -18.712 -6.385 18.492 -16.946  0.00
-7.852229 16.993659 -18.535738 
-7.840216 17.081346 -18.635257 
-7.815176 16.994191 -18.618468 
FEnd
FBeg
  525  CD1 ILE A 107  2295   CG PTR B 185 unk
-6.869 15.187 -17.184 -7.843 18.921 -16.744  0.35
-7.702005 16.875509 -17.200528 
-7.852229 16.993659 -18.535738 
-8.269675 16.801350 -17.827809 
FEnd
FBeg
  525  CD1 ILE A 107  2292    C PTR B 185 unk
-6.869 15.187 -17.184 -5.189 19.104 -14.722  0.67
-5.460358 16.414237 -15.353695 
-6.558280 16.534895 -14.796468 
-6.747955 15.995852 -13.809432 
-6.654352 15.981472 -13.850425 
FEnd
FBeg
  525  CD1 ILE A 107  2306    N VAL B 186 unk
-6.869 15.187 -17.184 -4.313 18.153 -14.300  1.41
-4.998342 16.373010 -15.720767 
-5.460358 16.414237 -15.353695 
-6.654352 15.981472 -13.850425 
-5.650106 15.358508 -14.099781 
FEnd
FBeg
  525  CD1 ILE A 107  2290    N PTR B 185 unk
-6.869 15.187 -17.184 -3.935 18.932 -16.805  0.30
-4.639317 16.300730 -16.545081 
-4.777756 16.377561 -16.232549 
-4.705759 16.480163 -17.803750 
-4.546543 16.349784 -17.747999 
-4.506867 16.291137 -17.475629 
FEnd
FBeg
  516  OD1 ASP A 106  2306    N VAL B 186 hbd
-3.223 15.358 -15.611 -4.313 18.153 -14.300  4.06
-3.275054 16.474880 -14.505161 
-2.710778 17.087104 -15.341245 
-4.821998 16.498983 -15.842717 
-4.998342 16.373010 -15.720767 
-5.650106 15.358508 -14.099781 
-4.142982 15.893726 -13.987783 
FEnd
FBeg
  516  OD1 ASP A 106  2307   CA VAL B 186 unk
-3.223 15.358 -15.611 -3.567 18.198 -12.998  0.40
-3.455334 15.731107 -13.720508 
-3.275054 16.474880 -14.505161 
-4.142982 15.893726 -13.987783 
FEnd
FBeg
  516  OD1 ASP A 106  2310   CB VAL B 186 unk
-3.223 15.358 -15.611 -4.208 17.348 -11.866  5.10
-2.936414 14.825379 -13.102741 
-3.455334 15.731107 -13.720508 
-4.142982 15.893726 -13.987783 
-5.650106 15.358508 -14.099781 
-5.775200 14.594659 -13.726792 
-5.155874 14.106144 -13.304314 
-3.855097 13.489329 -12.634428 
FEnd
FBeg
  516  OD1 ASP A 106  2311  CG1 VAL B 186 unk
-3.223 15.358 -15.611 -3.096 16.936 -10.860  1.38
-1.931745 14.118403 -12.894782 
-2.936414 14.825379 -13.102741 
-3.855097 13.489329 -12.634428 
-3.556875 13.262101 -12.566928 
FEnd
FBeg
  516  OD1 ASP A 106  2309    O VAL B 186 unk
-3.223 15.358 -15.611 -1.251 18.237 -13.913  0.06
-1.502532 16.919850 -15.822434 
-1.316049 16.630038 -15.547625 
-1.794807 17.078584 -15.752133 
FEnd
FBeg
  516  OD1 ASP A 106  2282   CA GLU B 184 unk
-3.223 15.358 -15.611 -1.609 19.201 -17.578  0.08
-1.967175 16.998360 -16.050305 
-1.502532 16.919850 -15.822434 
-1.794807 17.078584 -15.752133 
-1.880565 17.116402 -15.748614 
FEnd
FBeg
  515   CG ASP A 106  2290    N PTR B 185 unk
-2.854 14.651 -16.607 -3.935 18.932 -16.805  2.84
-2.415678 16.819815 -17.462009 
-4.506867 16.291137 -17.475629 
-4.639317 16.300730 -16.545081 
-1.967175 16.998360 -16.050305 
FEnd
FBeg
  517  OD2 ASP A 106  2282   CA GLU B 184 unk
-2.950 15.061 -17.782 -1.609 19.201 -17.578  0.11
-1.924102 16.665224 -17.556114 
-2.415678 16.819815 -17.462009 
-2.551927 16.883065 -17.849980 
FEnd
FBeg
  508   CE LYS A 105  2277    O THR B 183 unk
2.263 16.046 -21.639 -1.497 17.101 -19.374  1.22
0.386837 16.303096 -19.744401 
1.701096 16.732427 -17.762649 
1.935911 15.879376 -16.975508 
FEnd
FBeg
  508   CE LYS A 105  2276    C THR B 183 ali
2.263 16.046 -21.639 -1.228 18.267 -19.805  1.36
0.386837 16.303096 -19.744401 
1.701096 16.732427 -17.762649 
1.813600 17.073519 -17.961566 
0.463874 16.754196 -20.144051 
0.130744 16.350336 -20.289080 
FEnd
FBeg
  508   CE LYS A 105  2275   CA THR B 183 ali
2.263 16.046 -21.639 -0.828 18.475 -21.303  0.49
0.463874 16.754196 -20.144051 
0.419445 16.950475 -21.971709 
0.128670 16.349139 -20.299511 
0.130744 16.350336 -20.289080 
FEnd
FBeg
  507   CD LYS A 105  2275   CA THR B 183 ali
1.215 15.040 -22.183 -0.828 18.475 -21.303  1.51
0.419445 16.950475 -21.971709 
0.128670 16.349139 -20.299511 
-0.596013 16.064463 -20.870719 
0.480425 17.296583 -23.181139 
FEnd
FBeg
  509   NZ LYS A 105  2275   CA THR B 183 unk
1.672 17.430 -21.476 -0.828 18.475 -21.303  9.07
0.463874 16.754196 -20.144051 
0.419445 16.950475 -21.971709 
0.480425 17.296583 -23.181139 
0.553421 17.524155 -23.500924 
1.275468 19.070397 -22.406735 
1.876348 20.096112 -19.919303 
1.815257 19.915286 -19.709846 
1.550478 19.248359 -19.507584 
FEnd
FBeg
  509   NZ LYS A 105  2281    N GLU B 184 hbd
1.672 17.430 -21.476 -1.246 19.340 -18.998  0.51
1.815257 19.915286 -19.709846 
1.550478 19.248359 -19.507584 
1.807645 18.716726 -18.794980 
2.042862 19.355790 -19.010576 
FEnd
FBeg
  509   NZ LYS A 105  2278   CB THR B 183 unk
1.672 17.430 -21.476 -0.949 19.950 -21.882  5.02
1.275468 19.070397 -22.406735 
1.876348 20.096112 -19.919303 
4.139252 22.105980 -22.052811 
FEnd
FBeg
  509   NZ LYS A 105  2280  CG2 THR B 183 unk
1.672 17.430 -21.476 -0.762 19.955 -23.438  237.59
0.553421 17.524155 -23.500924 
1.275468 19.070397 -22.406735 
4.139252 22.105980 -22.052811 
74.620358 54.094810 -68.321525 
1.054714 17.481553 -24.177641 
0.588282 17.422174 -23.675415 
FEnd
FBeg
  507   CD LYS A 105  2280  CG2 THR B 183 ali
1.215 15.040 -22.183 -0.762 19.955 -23.438  8.39
1.054714 17.481553 -24.177641 
0.588282 17.422174 -23.675415 
-0.281500 16.461219 -26.068670 
0.406699 16.502511 -26.991077 
2.275474 16.924424 -28.282603 
3.677550 17.321801 -28.935032 
FEnd
FBeg
  508   CE LYS A 105  2280  CG2 THR B 183 ali
2.263 16.046 -21.639 -0.762 19.955 -23.438  163.55
74.620358 54.094810 -68.321525 
1.054714 17.481553 -24.177641 
3.677550 17.321801 -28.935032 
4.796946 17.844398 -29.681746 
FEnd
FBeg
  509   NZ LYS A 105  2274    N THR B 183 hbd
1.672 17.430 -21.476 -1.559 17.501 -22.163  0.04
0.480425 17.296583 -23.181139 
0.553421 17.524155 -23.500924 
0.588282 17.422174 -23.675415 
FEnd
FBeg
  509   NZ LYS A 105  2276    C THR B 183 unk
1.672 17.430 -21.476 -1.228 18.267 -19.805  3.55
1.813600 17.073519 -17.961566 
0.463874 16.754196 -20.144051 
1.550478 19.248359 -19.507584 
1.807645 18.716726 -18.794980 
FEnd
FBeg
  506   CG LYS A 105  2276    C THR B 183 ali
0.766 14.030 -21.110 -1.228 18.267 -19.805  0.10
-0.259699 16.204918 -20.413529 
0.386837 16.303096 -19.744401 
0.130744 16.350336 -20.289080 
FEnd
FBeg
  506   CG LYS A 105  2275   CA THR B 183 ali
0.766 14.030 -21.110 -0.828 18.475 -21.303  0.14
-0.732473 16.022621 -20.707340 
-0.259699 16.204918 -20.413529 
0.130744 16.350336 -20.289080 
0.128670 16.349139 -20.299511 
-0.596013 16.064463 -20.870719 
FEnd
FBeg
  510    N ASP A 106  2277    O THR B 183 hbd
-2.260 12.900 -18.916 -1.497 17.101 -19.374  0.45
-1.769290 15.128704 -19.383727 
-1.136087 15.007763 -19.438185 
-0.247183 14.978323 -18.227356 
-0.356827 14.993876 -18.267357 
FEnd
FBeg
  517  OD2 ASP A 106  2277    O THR B 183 unk
-2.950 15.061 -17.782 -1.497 17.101 -19.374  4.78
-2.270934 15.368696 -19.534044 
-1.769290 15.128704 -19.383727 
-0.356827 14.993876 -18.267357 
-1.924102 16.665224 -17.556114 
-2.551927 16.883065 -17.849980 
-3.255359 16.870254 -18.508410 
-2.630415 15.630770 -19.526315 
FEnd
FBeg
  491    C TYR A 104  2277    O THR B 183 unk
-3.527 14.374 -21.324 -1.497 17.101 -19.374  0.19
-2.307005 15.813676 -20.118780 
-2.270934 15.368696 -19.534044 
-2.630415 15.630770 -19.526315 
-2.605556 15.753209 -19.723421 
FEnd
FBeg
  490   CA TYR A 104  2277    O THR B 183 unk
-4.175 15.710 -21.609 -1.497 17.101 -19.374  0.75
-2.027410 16.146307 -20.660814 
-2.307005 15.813676 -20.118780 
-2.605556 15.753209 -19.723421 
-2.746743 16.845115 -20.233819 
-2.335991 16.620176 -20.585992 
FEnd
FBeg
  506   CG LYS A 105  2274    N THR B 183 unk
0.766 14.030 -21.110 -1.559 17.501 -22.163  0.11
-0.845760 15.785932 -21.237404 
-0.596013 16.064463 -20.870719 
-0.732473 16.022621 -20.707340 
-0.903440 15.904098 -20.720538 
FEnd
FBeg
  507   CD LYS A 105  2274    N THR B 183 unk
1.215 15.040 -22.183 -1.559 17.501 -22.163  8.60
-0.281500 16.461219 -26.068670 
0.588282 17.422174 -23.675415 
0.480425 17.296583 -23.181139 
-0.596013 16.064463 -20.870719 
-0.845760 15.785932 -21.237404 
-1.378781 15.212086 -24.555711 
FEnd
FBeg
  480    C ARG A 103  2274    N THR B 183 unk
-4.951 16.585 -23.705 -1.559 17.501 -22.163  0.47
-2.803982 16.448340 -23.351376 
-2.114295 15.818012 -24.494074 
-2.130448 15.432920 -24.229782 
-2.296272 15.530036 -23.922702 
FEnd
FBeg
  490   CA TYR A 104  2274    N THR B 183 unk
-4.175 15.710 -21.609 -1.559 17.501 -22.163  5.70
-3.612267 18.026893 -22.064888 
-2.803982 16.448340 -23.351376 
-2.296272 15.530036 -23.922702 
-2.027410 16.146307 -20.660814 
-2.335991 16.620176 -20.585992 
-3.079473 17.636311 -20.811720 
FEnd
FBeg
  495  CD1 TYR A 104  2274    N THR B 183 unk
-4.936 18.721 -20.347 -1.559 17.501 -22.163  1.10
-3.447262 18.995101 -22.408497 
-3.612267 18.026893 -22.064888 
-3.079473 17.636311 -20.811720 
-3.028829 17.928242 -20.913663 
-3.195643 18.909239 -21.882907 
-3.336508 18.979823 -22.192276 
FEnd
FBeg
  481    O ARG A 103  2278   CB THR B 183 unk
-4.072 17.409 -23.629 -0.949 19.950 -21.882  0.09
-3.362826 19.308608 -22.963399 
-3.385830 19.029246 -22.515947 
-3.139438 19.016243 -22.937492 
FEnd
FBeg
  481    O ARG A 103  2280  CG2 THR B 183 unk
-4.072 17.409 -23.629 -0.762 19.955 -23.438  10.49
-4.170098 20.432407 -23.953554 
-3.362826 19.308608 -22.963399 
-3.139438 19.016243 -22.937492 
-1.449662 17.027339 -25.709272 
-2.300159 18.225179 -26.937312 
-3.711850 20.018471 -26.377235 
FEnd
FBeg
  495  CD1 TYR A 104  2279  OG1 THR B 183 unk
-4.936 18.721 -20.347 -2.245 20.510 -21.599  2.87
-3.195641 20.452287 -19.785479 
-4.145478 19.715246 -22.880188 
-3.447262 18.995101 -22.408497 
-3.336508 18.979823 -22.192276 
-3.004198 19.216803 -21.139397 
-2.887552 19.365372 -20.676391 
-2.910512 19.714498 -20.226870 
FEnd
FBeg
  497  CE1 TYR A 104  2281    N GLU B 184 unk
-5.573 19.945 -20.443 -1.246 19.340 -18.998  0.01
-3.222140 20.444463 -19.709405 
-3.195641 20.452287 -19.785479 
-3.197300 20.591318 -19.722302 
FEnd
FBeg
  495  CD1 TYR A 104  2283    C GLU B 184 ali
-4.936 18.721 -20.347 -3.026 19.791 -17.291  1.07
-4.214081 19.989355 -18.930095 
-3.222140 20.444463 -19.709405 
-3.146906 18.984196 -19.245141 
-3.203755 18.798803 -19.144699 
FEnd
FBeg
  495  CD1 TYR A 104  2290    N PTR B 185 unk
-4.936 18.721 -20.347 -3.935 18.932 -16.805  3.70
-5.200987 19.499906 -18.622029 
-4.214081 19.989355 -18.930095 
-3.203755 18.798803 -19.144699 
-3.192384 18.706963 -19.142442 
-3.345902 17.584724 -19.032203 
-4.735740 17.577939 -18.639019 
-4.870082 17.652062 -18.605468 
FEnd
FBeg
  495  CD1 TYR A 104  2294   CB PTR B 185 unk
-4.936 18.721 -20.347 -6.385 18.492 -16.946  1.52
-6.504962 18.773877 -19.226476 
-5.200987 19.499906 -18.622029 
-4.870082 17.652062 -18.605468 
-6.501249 18.681281 -19.231128 
-6.522295 18.721595 -19.237380 
-6.522012 18.744042 -19.235748 
FEnd
FBeg
  499   CZ TYR A 104  2294   CB PTR B 185 unk
-6.933 19.966 -20.681 -6.385 18.492 -16.946  0.33
-6.562373 19.817040 -18.806373 
-6.504962 18.773877 -19.226476 
-6.522012 18.744042 -19.235748 
-7.076177 19.056331 -19.031198 
FEnd
FBeg
  497  CE1 TYR A 104  2291   CA PTR B 185 unk
-5.573 19.945 -20.443 -5.278 19.322 -16.264  1.53
-5.809176 22.155126 -18.138866 
-6.059113 20.641811 -18.346825 
-5.244346 19.715818 -18.542386 
-4.866333 20.825148 -18.403693 
FEnd
FBeg
  497  CE1 TYR A 104  2284    O GLU B 184 unk
-5.573 19.945 -20.443 -3.279 20.994 -17.544  9.53
-5.981111 23.023371 -18.316986 
-5.809176 22.155126 -18.138866 
-4.866333 20.825148 -18.403693 
-4.690160 20.731308 -18.509144 
-3.221151 20.791223 -19.693262 
-4.261483 25.280070 -20.494324 
FEnd
FBeg
  499   CZ TYR A 104  2297  CD2 PTR B 185 unk
-6.933 19.966 -20.681 -8.398 20.000 -17.448  4.45
-9.206084 20.454661 -20.011049 
-6.527553 21.991641 -18.813464 
-6.562373 19.817040 -18.806373 
-7.076177 19.056331 -19.031198 
FEnd
FBeg
  498  CE2 TYR A 104  2297  CD2 PTR B 185 unk
-7.645 18.789 -20.813 -8.398 20.000 -17.448  3.40
-9.341686 20.458829 -20.042893 
-9.206084 20.454661 -20.011049 
-7.076177 19.056331 -19.031198 
-7.435672 18.603873 -18.948813 
-8.358499 18.110350 -18.977708 
-9.631339 19.217395 -19.660941 
FEnd
FBeg
 1782   CB SER A 271  2299  CE2 PTR B 185 unk
-11.692 21.148 -21.770 -9.726 20.364 -17.272  0.20
-10.287045 19.906676 -19.949854 
-9.563003 20.614505 -20.142946 
-9.555284 20.466957 -20.172037 
-9.941187 19.828178 -20.114705 
FEnd
FBeg
 1815  NH2 ARG A 276  2304  O2P PTR B 185 unk
-13.921 22.262 -18.850 -13.288 19.428 -18.274  4.79
-14.604179 20.912879 -19.863796 
-14.882814 20.961511 -19.318309 
-13.375778 21.690946 -17.385559 
-11.841325 21.829415 -18.390574 
-11.829649 21.824516 -18.427507 
-13.006088 21.261975 -19.902432 
-13.250919 21.175972 -20.056515 
FEnd
FBeg
 1813   CZ ARG A 276  2304  O2P PTR B 185 unk
-14.989 22.733 -18.195 -13.288 19.428 -18.274  1.71
-14.882814 20.961511 -19.318309 
-15.402597 20.668847 -18.266347 
-15.119775 20.807996 -17.998089 
-13.422650 21.665093 -17.313218 
-13.375778 21.690946 -17.385559 
FEnd
FBeg
 1813   CZ ARG A 276  2305  O3P PTR B 185 unk
-14.989 22.733 -18.195 -14.335 19.760 -16.095  1.23
-15.119775 20.807996 -17.998089 
-13.422650 21.665093 -17.313218 
-14.151978 22.117740 -16.445265 
FEnd
FBeg
 1812   NE ARG A 276  2305  O3P PTR B 185 unk
-15.545 21.995 -17.226 -14.335 19.760 -16.095  2.60
-14.151978 22.117740 -16.445265 
-15.119775 20.807996 -17.998089 
-15.468105 20.554280 -18.126803 
-16.096859 20.394406 -17.770063 
-16.083722 20.600809 -17.376239 
-14.512846 22.212630 -15.871678 
-14.279663 22.203909 -16.138381 
FEnd
FBeg
 1529   CA ASP A 236  2305  O3P PTR B 185 unk
-13.238 24.015 -15.275 -14.335 19.760 -16.095  1.70
-14.512846 22.212630 -15.871678 
-14.820643 22.081500 -14.779472 
-14.775351 21.982787 -14.327835 
-13.707853 21.747973 -14.537486 
-13.184779 21.646430 -14.710346 
-14.279663 22.203909 -16.138381 
FEnd
FBeg
 1810   CG ARG A 276  2305  O3P PTR B 185 unk
-17.158 21.338 -15.467 -14.335 19.760 -16.095  4.85
-14.820643 22.081500 -14.779472 
-16.087235 20.660677 -16.902929 
-16.212649 19.770559 -15.230061 
-15.653765 20.173520 -13.730286 
-14.775351 21.982787 -14.327835 
FEnd
FBeg
 1805    N ARG A 276  2305  O3P PTR B 185 unk
-16.539 18.425 -14.915 -14.335 19.760 -16.095  5.68
-16.212649 19.770559 -15.230061 
-16.328055 18.263403 -17.150745 
-15.773154 17.459906 -17.023344 
-15.239169 17.551028 -15.922878 
-15.236625 17.553639 -15.915172 
-15.201642 19.463211 -13.689424 
-15.653765 20.173520 -13.730286 
FEnd
FBeg
 1816    N THR A 277  2305  O3P PTR B 185 unk
-18.155 17.025 -16.706 -14.335 19.760 -16.095  0.06
-16.328055 18.263403 -17.150745 
-16.325174 18.276368 -17.226794 
-15.773938 17.473265 -17.078236 
-15.773154 17.459906 -17.023344 
FEnd
FBeg
 1777   OG SER A 270  2305  O3P PTR B 185 unk
-15.888 18.138 -19.101 -14.335 19.760 -16.095  1.04
-16.325174 18.276368 -17.226794 
-16.282360 18.649375 -17.450183 
-15.515893 18.683881 -17.864784 
-15.242572 17.980059 -17.626218 
-15.773938 17.473265 -17.078236 
FEnd
FBeg
 1777   OG SER A 270  2303  O1P PTR B 185 unk
-15.888 18.138 -19.101 -12.954 17.766 -16.600  1.53
-15.242572 17.980059 -17.626218 
-15.773938 17.473265 -17.078236 
-15.669700 16.773997 -17.304531 
-14.917004 16.763261 -18.189139 
-14.580276 17.023224 -18.545498 
-14.510970 17.136201 -18.609998 
FEnd
FBeg
 1790   CA GLY A 273  2303  O1P PTR B 185 unk
-14.283 14.972 -19.894 -12.954 17.766 -16.600  0.23
-14.917004 16.763261 -18.189139 
-14.580276 17.023224 -18.545498 
-13.987880 16.469955 -18.315219 
FEnd
FBeg
 1811   CD ARG A 276  2305  O3P PTR B 185 unk
-16.717 22.411 -16.448 -14.335 19.760 -16.095  1.88
-16.083722 20.600809 -17.376239 
-16.087235 20.660677 -16.902929 
-14.820643 22.081500 -14.779472 
-14.512846 22.212630 -15.871678 
FEnd
FBeg
 1809   CB ARG A 276  2305  O3P PTR B 185 unk
-17.767 20.112 -16.165 -14.335 19.760 -16.095  3.39
-16.096859 20.394406 -17.770063 
-16.282360 18.649375 -17.450183 
-16.325174 18.276368 -17.226794 
-16.328055 18.263403 -17.150745 
-16.212649 19.770559 -15.230061 
-16.087235 20.660677 -16.902929 
-16.083722 20.600809 -17.376239 
FEnd
FBeg
 1776   CB SER A 270  2305  O3P PTR B 185 unk
-16.325 19.290 -19.813 -14.335 19.760 -16.095  1.43
-15.468105 20.554280 -18.126803 
-15.515893 18.683881 -17.864784 
-16.282360 18.649375 -17.450183 
-16.096859 20.394406 -17.770063 
FEnd
FBeg
 1812   NE ARG A 276  2304  O2P PTR B 185 unk
-15.545 21.995 -17.226 -13.288 19.428 -18.274  0.04
-15.402597 20.668847 -18.266347 
-15.468105 20.554280 -18.126803 
-15.119775 20.807996 -17.998089 
FEnd
FBeg
 1776   CB SER A 270  2304  O2P PTR B 185 unk
-16.325 19.290 -19.813 -13.288 19.428 -18.274  5.70
-14.510714 17.883577 -19.776601 
-15.515893 18.683881 -17.864784 
-15.468105 20.554280 -18.126803 
-15.402597 20.668847 -18.266347 
-14.882814 20.961511 -19.318309 
-14.604179 20.912879 -19.863796 
-14.436522 19.713276 -20.087077 
FEnd
FBeg
 1777   OG SER A 270  2304  O2P PTR B 185 unk
-15.888 18.138 -19.101 -13.288 19.428 -18.274  2.00
-14.510970 17.136201 -18.609998 
-15.242572 17.980059 -17.626218 
-15.515893 18.683881 -17.864784 
-14.510714 17.883577 -19.776601 
-14.427859 17.722403 -19.785683 
FEnd
FBeg
 1789    N GLY A 273  2303  O1P PTR B 185 unk
-13.263 16.035 -19.964 -12.954 17.766 -16.600  1.76
-12.711836 17.264705 -18.841381 
-14.510970 17.136201 -18.609998 
-14.580276 17.023224 -18.545498 
-13.987880 16.469955 -18.315219 
-12.769934 15.999853 -18.185195 
-12.583430 16.952227 -18.692385 
FEnd
FBeg
 1785   CA ALA A 272  2303  O1P PTR B 185 unk
-11.021 16.911 -20.059 -12.954 17.766 -16.600  0.27
-12.190092 17.583788 -18.628685 
-12.711836 17.264705 -18.841381 
-12.583430 16.952227 -18.692385 
-12.315822 16.741531 -18.490757 
FEnd
FBeg
 1784    N ALA A 272  2304  O2P PTR B 185 unk
-11.730 18.135 -20.415 -13.288 19.428 -18.274  4.82
-10.973117 19.157753 -18.981277 
-11.669514 18.290784 -18.964461 
-12.828986 17.510770 -19.337136 
-13.611694 17.908268 -20.146769 
-13.245737 18.829924 -20.437073 
-13.245089 18.830688 -20.437062 
-11.738931 19.906577 -19.990790 
-11.477757 19.971203 -19.839764 
-11.033866 19.945627 -19.501299 
FEnd
FBeg
 1784    N ALA A 272  2299  CE2 PTR B 185 unk
-11.730 18.135 -20.415 -9.726 20.364 -17.272  1.03
-9.832326 19.323699 -19.826342 
-10.973117 19.157753 -18.981277 
-11.033866 19.945627 -19.501299 
-10.287045 19.906676 -19.949854 
-9.941187 19.828178 -20.114705 
FEnd
FBeg
  498  CE2 TYR A 104  2299  CE2 PTR B 185 unk
-7.645 18.789 -20.813 -9.726 20.364 -17.272  0.49
-9.631339 19.217395 -19.660941 
-9.832326 19.323699 -19.826342 
-9.941187 19.828178 -20.114705 
-9.555284 20.466957 -20.172037 
-9.341686 20.458829 -20.042893 
FEnd
FBeg
 1788   CB ALA A 272  2297  CD2 PTR B 185 unk
-10.307 17.025 -18.712 -8.398 20.000 -17.448  1.61
-9.504258 18.323190 -17.748232 
-8.358499 18.110350 -18.977708 
-9.631339 19.217395 -19.660941 
-9.604679 18.371638 -17.710599 
FEnd
FBeg
 1788   CB ALA A 272  2295   CG PTR B 185 unk
-10.307 17.025 -18.712 -7.843 18.921 -16.744  2.02
-8.269675 16.801350 -17.827809 
-7.852229 16.993659 -18.535738 
-7.840216 17.081346 -18.635257 
-8.167621 17.843669 -18.959768 
-8.358499 18.110350 -18.977708 
-9.504258 18.323190 -17.748232 
FEnd
FBeg
  525  CD1 ILE A 107  2296  CD1 PTR B 185 unk
-6.869 15.187 -17.184 -8.688 18.191 -15.893  6.96
-9.396757 15.633004 -16.697252 
-8.269675 16.801350 -17.827809 
-7.702005 16.875509 -17.200528 
-6.558280 16.534895 -14.796468 
-6.747955 15.995852 -13.809432 
-7.128743 15.617277 -13.465059 
FEnd
FBeg
 1788   CB ALA A 272  2300   CZ PTR B 185 unk
-10.307 17.025 -18.712 -10.560 19.626 -16.410  1.55
-11.059418 17.880975 -17.315865 
-9.628700 18.349002 -17.687440 
-9.605038 18.371606 -17.710379 
-11.045271 18.993529 -18.571370 
-11.422443 18.413796 -17.957790 
FEnd
FBeg
 1798  CG1 ILE A 274  2296  CD1 PTR B 185 unk
-11.619 14.732 -15.623 -8.688 18.191 -15.893  0.29
-9.954594 16.159948 -15.856233 
-9.434341 15.654455 -16.684540 
-10.046653 16.183663 -16.551771 
FEnd
FBeg
 1800  CD1 ILE A 274  2298  CE1 PTR B 185 unk
-10.456 14.369 -14.671 -10.024 18.548 -15.704  1.60
-11.227508 16.729616 -14.083977 
-9.954594 16.159948 -15.856233 
-9.572045 16.588665 -13.961879 
FEnd
FBeg
 1788   CB ALA A 272  2303  O1P PTR B 185 unk
-10.307 17.025 -18.712 -12.954 17.766 -16.600  4.06
-12.051095 15.671281 -17.783471 
-12.315822 16.741531 -18.490757 
-12.190092 17.583788 -18.628685 
-11.422443 18.413796 -17.957790 
-11.059418 17.880975 -17.315865 
-10.904718 16.540196 -16.651561 
FEnd
FBeg
 1786    C ALA A 272  2303  O1P PTR B 185 unk
-11.963 15.749 -20.023 -12.954 17.766 -16.600  0.60
-12.104282 15.647442 -17.784823 
-12.769934 15.999853 -18.185195 
-12.583430 16.952227 -18.692385 
-12.315822 16.741531 -18.490757 
-12.051095 15.671281 -17.783471 
FEnd
FBeg
 1794   CA ILE A 274  2303  O1P PTR B 185 unk
-14.086 14.155 -16.130 -12.954 17.766 -16.600  0.68
-14.419164 16.102266 -16.519017 
-12.968179 15.628728 -16.662487 
-13.200241 15.820101 -15.751097 
FEnd
FBeg
 1793    N ILE A 274  2303  O1P PTR B 185 unk
-13.996 14.831 -17.451 -12.954 17.766 -16.600  5.04
-15.663758 16.693731 -17.034981 
-15.669700 16.773997 -17.304531 
-14.917004 16.763261 -18.189139 
-13.987880 16.469955 -18.315219 
-12.769934 15.999853 -18.185195 
-12.104282 15.647442 -17.784823 
-12.968179 15.628728 -16.662487 
-14.419164 16.102266 -16.519017 
FEnd
FBeg
 1816    N THR A 277  2303  O1P PTR B 185 unk
-18.155 17.025 -16.706 -12.954 17.766 -16.600  0.23
-15.721804 17.061571 -16.758304 
-15.773154 17.459906 -17.023344 
-15.773938 17.473265 -17.078236 
-15.669700 16.773997 -17.304531 
-15.663758 16.693731 -17.034981 
FEnd
FBeg
 1805    N ARG A 276  2303  O1P PTR B 185 unk
-16.539 18.425 -14.915 -12.954 17.766 -16.600  0.26
-15.239169 17.551028 -15.922878 
-15.773154 17.459906 -17.023344 
-15.721804 17.061571 -16.758304 
FEnd
FBeg
 1801    N GLY A 275  2305  O3P PTR B 185 unk
-14.377 16.259 -14.895 -14.335 19.760 -16.095  0.00
-15.230927 17.554269 -15.913134 
-15.239169 17.551028 -15.922878 
-15.236625 17.553639 -15.915172 
FEnd
FBeg
 1802   CA GLY A 275  2305  O3P PTR B 185 unk
-14.862 17.090 -13.796 -14.335 19.760 -16.095  3.33
-13.126225 18.586222 -14.232189 
-15.230927 17.554269 -15.913134 
-15.236625 17.553639 -15.915172 
-15.201642 19.463211 -13.689424 
-13.392382 18.841109 -13.997181 
FEnd
FBeg
 2098   CD GLN A 314  2303  O1P PTR B 185 unk
-11.203 18.539 -12.399 -12.954 17.766 -16.600  0.66
-12.024075 18.060262 -14.317829 
-12.595152 17.866929 -14.044227 
-12.191662 16.825419 -14.020761 
-12.188862 16.822137 -14.021325 
-11.755406 16.947271 -14.225017 
FEnd
FBeg
 2100  NE2 GLN A 314  2305  O3P PTR B 185 unk
-11.833 19.531 -13.013 -14.335 19.760 -16.095  0.38
-12.945642 19.727754 -14.293969 
-12.882575 18.801021 -14.414026 
-13.126225 18.586222 -14.232189 
-13.392382 18.841109 -13.997181 
FEnd
FBeg
 1536    N HIS A 237  2305  O3P PTR B 185 unk
-12.728 23.023 -13.149 -14.335 19.760 -16.095  0.04
-13.109711 21.604098 -14.704407 
-13.101621 21.543220 -14.641391 
-13.707853 21.747973 -14.537486 
-13.184779 21.646430 -14.710346 
FEnd
FBeg
 1532   CB ASP A 236  2305  O3P PTR B 185 unk
-12.316 23.318 -16.254 -14.335 19.760 -16.095  1.87
-13.246833 21.569750 -17.214212 
-13.109711 21.604098 -14.704407 
-13.184779 21.646430 -14.710346 
-14.279663 22.203909 -16.138381 
-14.151978 22.117740 -16.445265 
-13.422650 21.665093 -17.313218 
FEnd
FBeg
 1532   CB ASP A 236  2304  O2P PTR B 185 unk
-12.316 23.318 -16.254 -13.288 19.428 -18.274  0.30
-11.855939 21.784117 -18.296309 
-13.246833 21.569750 -17.214212 
-13.422650 21.665093 -17.313218 
-13.375778 21.690946 -17.385559 
-11.841325 21.829415 -18.390574 
FEnd
FBeg
 1532   CB ASP A 236  2299  CE2 PTR B 185 unk
-12.316 23.318 -16.254 -9.726 20.364 -17.272  2.22
-10.574973 21.999873 -15.663343 
-11.855939 21.784117 -18.296309 
-11.841325 21.829415 -18.390574 
-11.811644 21.867036 -18.424228 
-11.256993 22.404814 -18.573590 
-10.238761 22.424156 -16.039121 
FEnd
FBeg
 1542  ND1 HIS A 237  2301   OH PTR B 185 unk
-9.530 22.998 -13.915 -11.784 19.952 -16.237  0.15
-11.014656 21.565260 -14.361110 
-10.978819 21.939963 -14.887432 
-11.356585 21.882490 -14.445336 
-11.337919 21.807403 -14.364957 
FEnd
FBeg
 1541   CG HIS A 237  2301   OH PTR B 185 unk
-9.882 22.548 -12.661 -11.784 19.952 -16.237  0.24
-10.888907 21.269428 -14.213234 
-11.014656 21.565260 -14.361110 
-11.337919 21.807403 -14.364957 
-11.451941 21.451771 -14.046140 
-11.070053 21.207855 -14.072187 
FEnd
FBeg
 1543  CD2 HIS A 237  2301   OH PTR B 185 unk
-9.372 21.295 -12.553 -11.784 19.952 -16.237  0.14
-10.605292 20.918001 -14.270811 
-10.888907 21.269428 -14.213234 
-11.070053 21.207855 -14.072187 
-10.640500 20.626664 -14.141552 
-10.597319 20.846282 -14.249885 
FEnd
FBeg
 1545  NE2 HIS A 237  2301   OH PTR B 185 unk
-8.703 21.028 -13.723 -11.784 19.952 -16.237  0.00
-10.586787 20.906310 -14.288485 
-10.605292 20.918001 -14.270811 
-10.597319 20.846282 -14.249885 
FEnd
FBeg
 1544  CE1 HIS A 237  2299  CE2 PTR B 185 unk
-8.811 22.071 -14.526 -9.726 20.364 -17.272  4.47
-8.804292 20.362007 -15.235207 
-8.808497 20.363243 -15.234574 
-10.516407 21.866531 -15.599969 
-10.574973 21.999873 -15.663343 
-10.238761 22.424156 -16.039121 
-8.176316 23.400310 -17.333161 
-8.735466 20.354886 -15.253713 
FEnd
FBeg
 1544  CE1 HIS A 237  2297  CD2 PTR B 185 unk
-8.811 22.071 -14.526 -8.398 20.000 -17.448  7.41
-8.176316 23.400310 -17.333161 
-8.101746 23.454901 -17.361313 
-6.240716 24.412463 -17.776955 
-6.009315 23.300078 -16.955833 
-6.813035 21.558612 -15.835148 
-7.422212 20.893650 -15.449951 
-8.714039 20.357830 -15.252771 
-8.735466 20.354886 -15.253713 
FEnd
FBeg
 1545  NE2 HIS A 237  2297  CD2 PTR B 185 unk
-8.703 21.028 -13.723 -8.398 20.000 -17.448  0.00
-8.714039 20.357830 -15.252771 
-8.735466 20.354886 -15.253713 
-8.737466 20.346558 -15.251579 
FEnd
FBeg
 1544  CE1 HIS A 237  2295   CG PTR B 185 unk
-8.811 22.071 -14.526 -7.843 18.921 -16.744  0.23
-7.422212 20.893650 -15.449951 
-7.756234 20.558940 -15.120374 
-8.714039 20.357830 -15.252771 
FEnd
FBeg
 1544  CE1 HIS A 237  2293    O PTR B 185 unk
-8.811 22.071 -14.526 -5.933 19.771 -13.945  15.79
-6.813035 21.558612 -15.835148 
-5.346215 23.408241 -15.778967 
-4.407469 24.884490 -14.585057 
-4.103308 25.637431 -13.111067 
-4.802427 24.983456 -12.236846 
-5.505100 24.196808 -11.870233 
-6.109266 23.404368 -12.014505 
-6.513519 22.810484 -12.363030 
-7.756234 20.558940 -15.120374 
-7.422212 20.893650 -15.449951 
FEnd
FBeg
 1543  CD2 HIS A 237  2293    O PTR B 185 unk
-9.372 21.295 -12.553 -5.933 19.771 -13.945  8.87
-6.109266 23.404368 -12.014505 
-6.513519 22.810484 -12.363030 
-8.319286 18.854088 -12.492689 
-8.148393 18.751091 -11.957727 
-4.870479 24.015916 -9.623565 
-4.944720 24.064092 -9.859726 
FEnd
FBeg
 1544  CE1 HIS A 237  2291   CA PTR B 185 unk
-8.811 22.071 -14.526 -5.278 19.322 -16.264  1.48
-6.009315 23.300078 -16.955833 
-5.346215 23.408241 -15.778967 
-6.813035 21.558612 -15.835148 
FEnd
FBeg
 1545  NE2 HIS A 237  2300   CZ PTR B 185 unk
-8.703 21.028 -13.723 -10.560 19.626 -16.410  0.67
-10.442860 20.309139 -14.076368 
-10.496743 20.413610 -14.093638 
-10.597319 20.846282 -14.249885 
-10.586787 20.906310 -14.288485 
-8.810907 20.363388 -15.232524 
FEnd
FBeg
 2100  NE2 GLN A 314  2298  CE1 PTR B 185 unk
-11.833 19.531 -13.013 -10.024 18.548 -15.704  1.62
-10.321296 20.125535 -13.927579 
-10.442860 20.309139 -14.076368 
-10.810504 20.031017 -14.221917 
-12.063966 18.370159 -14.457848 
-12.024075 18.060262 -14.317829 
-10.087815 19.720267 -13.622582 
FEnd
FBeg
 1543  CD2 HIS A 237  2298  CE1 PTR B 185 unk
-9.372 21.295 -12.553 -10.024 18.548 -15.704  0.04
-9.870700 19.580329 -13.545511 
-10.321296 20.125535 -13.927579 
-10.087815 19.720267 -13.622582 
FEnd
FBeg
 2098   CD GLN A 314  2298  CE1 PTR B 185 unk
-11.203 18.539 -12.399 -10.024 18.548 -15.704  3.67
-9.339611 19.147045 -13.357235 
-9.870700 19.580329 -13.545511 
-10.087815 19.720267 -13.622582 
-12.024075 18.060262 -14.317829 
-11.755406 16.947271 -14.225017 
-11.358026 16.784175 -14.083703 
FEnd
FBeg
 1545  NE2 HIS A 237  2299  CE2 PTR B 185 unk
-8.703 21.028 -13.723 -9.726 20.364 -17.272  0.00
-8.737632 20.346372 -15.251496 
-8.750661 20.342939 -15.247098 
-8.804292 20.362007 -15.235207 
-8.735466 20.354886 -15.253713 
-8.737466 20.346558 -15.251579 
FEnd
FBeg
 1545  NE2 HIS A 237  2295   CG PTR B 185 unk
-8.703 21.028 -13.723 -7.843 18.921 -16.744  0.32
-7.982766 20.002602 -14.796843 
-8.737632 20.346372 -15.251496 
-8.737466 20.346558 -15.251579 
-8.714039 20.357830 -15.252771 
-7.756234 20.558940 -15.120374 
FEnd
FBeg
 1545  NE2 HIS A 237  2293    O PTR B 185 unk
-8.703 21.028 -13.723 -5.933 19.771 -13.945  6.91
-8.424504 18.737622 -13.146095 
-7.982766 20.002602 -14.796843 
-7.756234 20.558940 -15.120374 
-6.513519 22.810484 -12.363030 
-8.319286 18.854088 -12.492689 
FEnd
FBeg
 2099  OE1 GLN A 314  2298  CE1 PTR B 185 unk
-10.284 17.912 -12.913 -10.024 18.548 -15.704  3.06
-9.572045 16.588665 -13.961879 
-11.227508 16.729616 -14.083977 
-11.358026 16.784175 -14.083703 
-9.339611 19.147045 -13.357235 
-8.869039 18.905365 -13.368471 
FEnd
FBeg
 1800  CD1 ILE A 274  2296  CD1 PTR B 185 unk
-10.456 14.369 -14.671 -8.688 18.191 -15.893  5.53
-7.648713 16.011014 -12.985881 
-9.572045 16.588665 -13.961879 
-9.954594 16.159948 -15.856233 
-9.434341 15.654455 -16.684540 
-9.396757 15.633004 -16.697252 
-7.128743 15.617277 -13.465059 
-7.316506 15.781941 -13.221705 
FEnd
FBeg
 2099  OE1 GLN A 314  2293    O PTR B 185 unk
-10.284 17.912 -12.913 -5.933 19.771 -13.945  1.06
-8.148393 18.751091 -11.957727 
-7.731302 17.243628 -12.914711 
-8.424504 18.737622 -13.146095 
-8.319286 18.854088 -12.492689 
FEnd
FBeg
 1543  CD2 HIS A 237  2312  CG2 VAL B 186 ali
-9.372 21.295 -12.553 -5.330 18.140 -11.113  15.14
-8.417162 18.744745 -11.217211 
-8.491481 18.814291 -10.856227 
-8.460904 19.708093 -8.983762 
-6.661882 22.618428 -7.657053 
-5.461381 23.765560 -8.513459 
-4.870479 24.015916 -9.623565 
-8.148393 18.751091 -11.957727 
FEnd
FBeg
 2098   CD GLN A 314  2312  CG2 VAL B 186 ali
-11.203 18.539 -12.399 -5.330 18.140 -11.113  0.07
-8.496671 18.414530 -10.956557 
-8.491481 18.814291 -10.856227 
-8.417162 18.744745 -11.217211 
FEnd
FBeg
 2097   CG GLN A 314  2312  CG2 VAL B 186 ali
-11.671 18.204 -11.040 -5.330 18.140 -11.113  3.58
-8.506263 17.268510 -10.784996 
-8.489383 17.397788 -9.432116 
-8.461887 19.243913 -8.662254 
-8.460904 19.708093 -8.983762 
-8.491481 18.814291 -10.856227 
-8.496671 18.414530 -10.956557 
FEnd

+-+CCS_record::Boundary loops before union-find
Start boundary loop loop_id 0  init_edge IE_A_B
xyz -8.25371 15.9748 -11.3162
xyz -8.50626 17.2685 -10.785
xyz -8.48938 17.3978 -9.43212
xyz -8.46189 19.2439 -8.66225
xyz -8.4609 19.7081 -8.98376
xyz -6.66188 22.6184 -7.65705
xyz -5.46138 23.7656 -8.51346
xyz -4.87048 24.0159 -9.62356
xyz -4.94472 24.0641 -9.85973
xyz -6.10927 23.4044 -12.0145
xyz -5.5051 24.1968 -11.8702
xyz -4.80243 24.9835 -12.2368
xyz -4.10331 25.6374 -13.1111
xyz -4.40747 24.8845 -14.5851
xyz -5.34621 23.4082 -15.779
xyz -6.00932 23.3001 -16.9558
xyz -6.24072 24.4125 -17.777
xyz -8.10175 23.4549 -17.3613
xyz -8.17632 23.4003 -17.3332
xyz -8.27091 23.4976 -18.248
xyz -8.37412 23.3783 -18.7802
xyz -7.16673 24.1622 -18.2083
xyz -6.2493 24.4464 -17.8832
xyz -5.98111 23.0234 -18.317
xyz -4.26148 25.2801 -20.4943
xyz -5.07089 23.0397 -23.9195
xyz -5.0674 22.9946 -23.9315
xyz -4.41224 20.2152 -23.4038
xyz -4.1701 20.4324 -23.9536
xyz -3.71185 20.0185 -26.3772
xyz -2.30016 18.2252 -26.9373
xyz -1.44966 17.0273 -25.7093
xyz -0.2815 16.4612 -26.0687
xyz 0.406699 16.5025 -26.9911
xyz 2.27547 16.9244 -28.2826
xyz 3.67755 17.3218 -28.935
xyz 4.79695 17.8444 -29.6817
xyz 74.6204 54.0948 -68.3215
xyz 4.13925 22.106 -22.0528
xyz 1.87635 20.0961 -19.9193
xyz 1.81526 19.9153 -19.7098
xyz 2.04286 19.3558 -19.0106
xyz 1.80764 18.7167 -18.795
xyz 1.8136 17.0735 -17.9616
xyz 1.7011 16.7324 -17.7626
xyz 1.93591 15.8794 -16.9755
xyz 1.84604 15.6784 -16.7372
xyz -0.0884463 15.0269 -18.1065
xyz 1.38663 15.8023 -16.6965
xyz 0.6639 16.1261 -16.7643
xyz -0.11879 16.4881 -16.0712
xyz 1.30954 15.8464 -16.0668
xyz 0.0674531 15.4833 -14.8445
xyz 5.85058 12.2249 -10.7536
xyz 5.55742 11.9412 -10.3549
xyz -1.93175 14.1184 -12.8948
xyz -3.55688 13.2621 -12.5669
xyz -3.8551 13.4893 -12.6344
xyz -5.15587 14.1061 -13.3043
xyz -5.7752 14.5947 -13.7268
xyz -5.65011 15.3585 -14.0998
xyz -6.65435 15.9815 -13.8504
xyz -6.74796 15.9959 -13.8094
xyz -7.12874 15.6173 -13.4651
xyz -7.31651 15.7819 -13.2217
xyz -7.64871 16.011 -12.9859
xyz -7.98106 15.5439 -12.012
End loop
Boundary info init_edge IE_A_B [total exposed]: 282.686507 282.686507
Start boundary loop loop_id 1  init_edge IE_A_B
xyz -14.7754 21.9828 -14.3278
xyz -13.7079 21.748 -14.5375
xyz -13.1016 21.5432 -14.6414
xyz -12.4045 21.2058 -14.0927
xyz -12.9456 19.7278 -14.294
xyz -13.3924 18.8411 -13.9972
xyz -15.2016 19.4632 -13.6894
xyz -15.6538 20.1735 -13.7303
End loop
Boundary info init_edge IE_A_B [total exposed]: 10.212303 10.212303
Voronoi Facets of interface MI_AWi_BWi
FBeg
 1529   CA ASP A 236  2330    O HOH A 340 unk
-13.238 24.015 -15.275 -13.720 20.297 -13.565  0.13
-13.707853 21.747973 -14.537486 
-14.868685 22.102653 -14.093523 
-14.775351 21.982787 -14.327835 
FEnd
FBeg
 2305  O3P PTR B 185  2330    O HOH A 340 unk
-14.335 19.760 -16.095 -13.720 20.297 -13.565  6.27
-14.775351 21.982787 -14.327835 
-13.707853 21.747973 -14.537486 
-13.101621 21.543220 -14.641391 
-12.945642 19.727754 -14.293969 
-13.392382 18.841109 -13.997181 
-15.201642 19.463211 -13.689424 
-15.653765 20.173520 -13.730286 
FEnd
FBeg
 1805    N ARG A 276  2330    O HOH A 340 hbw
-16.539 18.425 -14.915 -13.720 20.297 -13.565  0.23
-15.201642 19.463211 -13.689424 
-15.259758 19.476492 -13.586483 
-15.524405 19.679186 -13.314931 
-15.720960 20.183269 -13.603490 
-15.653765 20.173520 -13.730286 
FEnd
FBeg
 2130  NE2 GLN A 318  2330    O HOH A 340 hbw
-15.588 20.832 -11.358 -13.720 20.297 -13.565  6.33
-15.524405 19.679186 -13.314931 
-15.329296 19.466078 -13.098132 
-14.123840 18.954394 -11.953799 
-13.771260 19.500016 -11.787641 
-13.348845 20.605197 -11.698017 
-14.034699 21.557410 -12.509349 
-15.143180 22.124961 -13.585145 
-15.720960 20.183269 -13.603490 
FEnd
FBeg
 1537   CA HIS A 237  2330    O HOH A 340 unk
-12.219 22.905 -11.773 -13.720 20.297 -13.565  0.95
-13.348845 20.605197 -11.698017 
-12.734555 21.162841 -13.024125 
-14.034699 21.557410 -12.509349 
FEnd
FBeg
 2097   CG GLN A 314  2330    O HOH A 340 unk
-11.671 18.204 -11.040 -13.720 20.297 -13.565  0.11
-14.123840 18.954394 -11.953799 
-13.901586 18.891968 -12.185901 
-13.771260 19.500016 -11.787641 
FEnd
FBeg
 1803    C GLY A 275  2330    O HOH A 340 unk
-16.306 17.494 -13.993 -13.720 20.297 -13.565  0.08
-15.259758 19.476492 -13.586483 
-15.329296 19.466078 -13.098132 
-15.524405 19.679186 -13.314931 
FEnd
FBeg
 1802   CA GLY A 275  2330    O HOH A 340 unk
-14.862 17.090 -13.796 -13.720 20.297 -13.565  2.47
-13.392382 18.841109 -13.997181 
-13.901586 18.891968 -12.185901 
-14.123840 18.954394 -11.953799 
-15.329296 19.466078 -13.098132 
-15.259758 19.476492 -13.586483 
-15.201642 19.463211 -13.689424 
FEnd
FBeg
 2100  NE2 GLN A 314  2330    O HOH A 340 hbw
-11.833 19.531 -13.013 -13.720 20.297 -13.565  5.72
-12.945642 19.727754 -14.293969 
-12.404513 21.205812 -14.092735 
-12.734555 21.162841 -13.024125 
-13.348845 20.605197 -11.698017 
-13.771260 19.500016 -11.787641 
-13.901586 18.891968 -12.185901 
-13.392382 18.841109 -13.997181 
FEnd
FBeg
 2301   OH PTR B 185  2330    O HOH A 340 unk
-11.784 19.952 -16.237 -13.720 20.297 -13.565  0.75
-13.101621 21.543220 -14.641391 
-12.404513 21.205812 -14.092735 
-12.945642 19.727754 -14.293969 
FEnd
FBeg
 1810   CG ARG A 276  2330    O HOH A 340 unk
-17.158 21.338 -15.467 -13.720 20.297 -13.565  1.02
-14.868685 22.102653 -14.093523 
-14.775351 21.982787 -14.327835 
-15.653765 20.173520 -13.730286 
-15.720960 20.183269 -13.603490 
-15.143180 22.124961 -13.585145 
FEnd
FBeg
 1536    N HIS A 237  2330    O HOH A 340 hbw
-12.728 23.023 -13.149 -13.720 20.297 -13.565  4.02
-13.707853 21.747973 -14.537486 
-14.868685 22.102653 -14.093523 
-15.143180 22.124961 -13.585145 
-14.034699 21.557410 -12.509349 
-12.734555 21.162841 -13.024125 
-12.404513 21.205812 -14.092735 
-13.101621 21.543220 -14.641391 
FEnd

+-+CCS_record::Boundary loops before union-find
+-+Surf_areas::Interface areas<Areas altogether before UFind>: IE_A_B: 866.30 IE_A_Wi: 10.52 IE_B_Wi: 3.51 
+-+Surf_areas::Chem Interface areas<Areas altogether before UFind>: ali: 220.96 aro: 0.00 hbd: 21.48 hbw: 8.15 hbdp: 0.00 elu: 0.00 elf: 0.00 hbwp: 0.00 ssb: 0.00 unk: 629.75 
+++UnionFindAlgo::processing merged ccs...

+-+MCC_record::Boundary nets of merged cc after union-find
Start boundary net with  1 loops
Start boundary loop loop_id 0
Start boundary loop auf loop_id 0  init_edge IE_A_B
xyz -8.25371 15.9748 -11.3162
xyz -8.50626 17.2685 -10.785
xyz -8.48938 17.3978 -9.43212
xyz -8.46189 19.2439 -8.66225
xyz -8.4609 19.7081 -8.98376
xyz -6.66188 22.6184 -7.65705
xyz -5.46138 23.7656 -8.51346
xyz -4.87048 24.0159 -9.62356
xyz -4.94472 24.0641 -9.85973
xyz -6.10927 23.4044 -12.0145
xyz -5.5051 24.1968 -11.8702
xyz -4.80243 24.9835 -12.2368
xyz -4.10331 25.6374 -13.1111
xyz -4.40747 24.8845 -14.5851
xyz -5.34621 23.4082 -15.779
xyz -6.00932 23.3001 -16.9558
xyz -6.24072 24.4125 -17.777
xyz -8.10175 23.4549 -17.3613
xyz -8.17632 23.4003 -17.3332
xyz -8.27091 23.4976 -18.248
xyz -8.37412 23.3783 -18.7802
xyz -7.16673 24.1622 -18.2083
xyz -6.2493 24.4464 -17.8832
xyz -5.98111 23.0234 -18.317
xyz -4.26148 25.2801 -20.4943
xyz -5.07089 23.0397 -23.9195
xyz -5.0674 22.9946 -23.9315
xyz -4.41224 20.2152 -23.4038
xyz -4.1701 20.4324 -23.9536
xyz -3.71185 20.0185 -26.3772
xyz -2.30016 18.2252 -26.9373
xyz -1.44966 17.0273 -25.7093
xyz -0.2815 16.4612 -26.0687
xyz 0.406699 16.5025 -26.9911
xyz 2.27547 16.9244 -28.2826
xyz 3.67755 17.3218 -28.935
xyz 4.79695 17.8444 -29.6817
xyz 74.6204 54.0948 -68.3215
xyz 4.13925 22.106 -22.0528
xyz 1.87635 20.0961 -19.9193
xyz 1.81526 19.9153 -19.7098
xyz 2.04286 19.3558 -19.0106
xyz 1.80764 18.7167 -18.795
xyz 1.8136 17.0735 -17.9616
xyz 1.7011 16.7324 -17.7626
xyz 1.93591 15.8794 -16.9755
xyz 1.84604 15.6784 -16.7372
xyz -0.0884463 15.0269 -18.1065
xyz 1.38663 15.8023 -16.6965
xyz 0.6639 16.1261 -16.7643
xyz -0.11879 16.4881 -16.0712
xyz 1.30954 15.8464 -16.0668
xyz 0.0674531 15.4833 -14.8445
xyz 5.85058 12.2249 -10.7536
xyz 5.55742 11.9412 -10.3549
xyz -1.93175 14.1184 -12.8948
xyz -3.55688 13.2621 -12.5669
xyz -3.8551 13.4893 -12.6344
xyz -5.15587 14.1061 -13.3043
xyz -5.7752 14.5947 -13.7268
xyz -5.65011 15.3585 -14.0998
xyz -6.65435 15.9815 -13.8504
xyz -6.74796 15.9959 -13.8094
xyz -7.12874 15.6173 -13.4651
xyz -7.31651 15.7819 -13.2217
xyz -7.64871 16.011 -12.9859
xyz -7.98106 15.5439 -12.012
End loop. Loop info [total exposed]: 282.687 282.687
End net. Net info [total exposed]: 282.687 282.687
Start boundary net with  1 loops
Start boundary loop loop_id 1
Start boundary loop auf loop_id 1  init_edge IE_A_B
xyz -14.7754 21.9828 -14.3278
xyz -13.7079 21.748 -14.5375
xyz -13.1016 21.5432 -14.6414
xyz -12.4045 21.2058 -14.0927
xyz -12.9456 19.7278 -14.294
xyz -13.3924 18.8411 -13.9972
xyz -15.2016 19.4632 -13.6894
xyz -15.6538 20.1735 -13.7303
End loop. Loop info [total exposed]: 10.2123 0
End net. Net info [total exposed]: 10.2123 0
+-+Surf_areas::Interface areas<for merged connected component>: IE_A_B: 866.30 IE_A_Wi: 10.52 IE_B_Wi: 3.51 
+-+Surf_areas::Chem Interface areas<for merged connected component>: ali: 220.96 aro: 0.00 hbd: 21.48 hbw: 8.15 hbdp: 0.00 elu: 0.00 elf: 0.00 hbwp: 0.00 ssb: 0.00 unk: 629.75 
+-+MCC_record::dump_stats::Nb loops_before - nets_after uf merge: 2 2
