Begin VSO per interface edge
573 2658  1
585 2658  2
585 2664  1
585 2665  1
586 2658  1
587 2658  2
587 2664  2
587 2667  2
587 2668  1
588 2668  2
589 2657  2
589 2658  2
589 2659  1
589 2664  3
589 2668  2
596 2658  1
596 2664  2
596 2665  2
596 2669  2
596 2670  3
624 2665  2
624 2666  1
1041 2664  2
1041 2666  1
1041 2667  1
1058 2668  3
1065 2668  2
1066 2668  2
1069 2667  3
1069 2668  2
1069 2679  4
1070 2667  2
1070 2668  1
1070 2679  3
1071 2667  3
1071 2678  4
1071 2679  4
1071 2680  3
1072 2664  3
1072 2666  2
1072 2667  2
1072 2678  3
1073 2666  3
1073 2678  3
1073 2679  3
1073 2680  2
1074 2679  3
1074 2680  2
1075 2666  2
1075 2670  2
1075 2671  1
1075 2673  2
1075 2674  2
1075 2678  2
1075 2680  1
1097 2634  3
1097 2635  3
1098 2634  2
1098 2635  2
1098 2637  1
1099 2668  3
1100 2631  2
1100 2633  2
1100 2634  3
1100 2635  2
1100 2636  1
1100 2637  1
1100 2659  1
1100 2668  2
1101 2668  3
1103 2611  3
1103 2634  3
1103 2637  2
1105 2611  2
1105 2637  2
1107 2609  4
1107 2611  3
1107 2612  3
1107 2634  4
1107 2645  4
1108 2632  4
1108 2633  3
1108 2634  4
1108 2638  5
1108 2639  4
1108 2645  5
1108 2667  4
1108 2668  3
1108 2679  5
1120 2637  2
1121 2611  1
1122 2611  2
1122 2637  1
1123 2611  1
1123 2637  1
1792 2679  4
1792 2680  3
1813 2645  4
1814 2645  5
1814 2679  5
1815 2645  4
1815 2679  5
1836 2612  3
1837 2612  3
1840 2611  2
1840 2612  3
1842 2612  2
1845 2612  2
1846 2612  1
1846 2644  1
1847 2612  2
1847 2644  2
1847 2645  3
1870 2605  2
1870 2610  2
1870 2611  1
1870 2612  2
1898 2605  1
1898 2610  2
1898 2618  1
1922 2619  1
1929 2691  2
1930 2619  2
1930 2620  2
1931 2690  3
1931 2691  2
1932 2619  1
1934 2617  2
1934 2619  1
1934 2620  2
1934 2653  1
1934 2654  1
1934 2690  2
1934 2691  1
1935 2619  2
1935 2620  3
1936 2619  2
1936 2620  2
1939 2620  2
1940 2618  2
1940 2619  1
1940 2620  2
1941 2605  2
1941 2610  1
1941 2612  2
1941 2618  2
1941 2620  1
1953 2689  2
1955 2689  1
1955 2691  1
1957 2691  1
1960 2689  2
1960 2691  2
1961 2685  4
1961 2686  4
1961 2687  3
1961 2689  2
1961 2691  3
1962 2644  2
1964 2620  1
1964 2644  2
1964 2685  3
1964 2686  3
1964 2687  3
1964 2688  2
1964 2689  3
1964 2690  2
1964 2691  3
1985 2676  2
1987 2687  2
1987 2689  1
1988 2676  1
1988 2682  1
1988 2687  1
1988 2689  1
1991 2676  1
1992 2676  2
1993 2676  2
1993 2677  3
1993 2680  3
1995 2680  3
1997 2645  4
1997 2677  4
1997 2679  4
1997 2680  3
1998 2642  3
1998 2644  2
1998 2645  3
1998 2675  3
1998 2676  2
1998 2677  3
1998 2685  3
1998 2687  2
2021 2676  2
2021 2680  2
2022 2672  1
2022 2674  2
2022 2676  1
2022 2680  2
2024 2680  1
2025 2680  3
2031 2679  4
2031 2680  3
2054 2680  2
2466 2672  1
2467 2672  1
2473 2670  2
2473 2671  2
2473 2672  1
2476 2670  3
2476 2671  2
2476 2672  1
2477 2670  3
2478 2665  3
2478 2666  2
2478 2670  3
2479 2670  3
2480 2670  3
2480 2672  2
2484 2670  3
2484 2672  2
2484 2683  1
2484 2692  2
2486 2683  2
2486 2684  1
2486 2692  1
2487 2683  1
2487 2684  1
2488 2684  1
2495 2670  3
2495 2692  1
2496 2670  3
2496 2692  2
2497 2647  2
2497 2649  1
2497 2650  1
2497 2656  1
2497 2657  2
2497 2658  1
2497 2669  2
2497 2670  2
2497 2692  1
End VSO per interface edge

Voronoi Facets of interface MI_AB
FBeg
 2022   CG MET A 253  2672    O GLY B 348 unk
-21.225 -11.243 45.345 -18.968 -6.407 42.675  2.94
-19.768033 -8.459030 44.416266 
-19.501398 -7.873274 45.702600 
-20.780492 -7.674855 44.980742 
-21.395404 -7.681469 44.448967 
-21.596734 -7.899461 43.883944 
-21.334630 -8.366097 43.260316 
-21.058412 -8.460826 43.322232 
FEnd
FBeg
 2022   CG MET A 253  2674   CA LEU B 349 ali
-21.225 -11.243 45.345 -18.082 -8.849 41.634  1.77
-21.058412 -8.460826 43.322232 
-19.768033 -8.459030 44.416266 
-19.308797 -10.338069 43.593027 
FEnd
FBeg
 2022   CG MET A 253  2680  CD2 LEU B 349 ali
-21.225 -11.243 45.345 -20.112 -10.831 41.010  3.73
-21.334630 -8.366097 43.260316 
-21.058412 -8.460826 43.322232 
-19.308797 -10.338069 43.593027 
-18.952121 -11.178716 43.604707 
-21.483618 -10.643118 43.005655 
FEnd
FBeg
 2024   CE MET A 253  2680  CD2 LEU B 349 ali
-23.621 -10.949 44.118 -20.112 -10.831 41.010  6.12
-21.483618 -10.643118 43.005655 
-21.334630 -8.366097 43.260316 
-22.050360 -7.883785 42.470554 
-22.920612 -9.230435 41.436893 
-22.936797 -9.354228 41.413920 
-22.265326 -12.047120 42.069785 
FEnd
FBeg
 2054   SD MET A 257  2680  CD2 LEU B 349 unk
-24.612 -12.003 40.805 -20.112 -10.831 41.010  5.93
-22.936797 -9.354228 41.413920 
-22.162422 -11.994990 39.512885 
-21.873647 -13.264703 40.432964 
-21.923276 -13.268782 41.545706 
-21.939475 -13.219403 41.618991 
-22.265326 -12.047120 42.069785 
FEnd
FBeg
 2025    N VAL A 254  2680  CD2 LEU B 349 unk
-22.409 -15.283 43.502 -20.112 -10.831 41.010  0.01
-21.923276 -13.268782 41.545706 
-21.736911 -13.309823 41.644169 
-21.939475 -13.219403 41.618991 
FEnd
FBeg
 2031  CG2 VAL A 254  2680  CD2 LEU B 349 ali
-21.261 -16.219 40.939 -20.112 -10.831 41.010  3.09
-21.873647 -13.264703 40.432964 
-20.973280 -13.448812 39.833822 
-20.020939 -13.660558 40.490785 
-20.171075 -13.648292 41.989648 
-20.196974 -13.642973 42.005067 
-21.736911 -13.309823 41.644169 
-21.923276 -13.268782 41.545706 
FEnd
FBeg
 1995    O VAL A 250  2680  CD2 LEU B 349 unk
-19.595 -15.508 43.492 -20.112 -10.831 41.010  0.00
-20.171075 -13.648292 41.989648 
-20.137828 -13.619995 42.036045 
-20.196974 -13.642973 42.005067 
FEnd
FBeg
 1997  CG1 VAL A 250  2680  CD2 LEU B 349 ali
-17.398 -14.515 41.312 -20.112 -10.831 41.010  3.86
-20.020939 -13.660558 40.490785 
-18.223425 -12.283813 41.131427 
-18.082776 -12.071093 42.462358 
-19.548079 -13.150790 42.459797 
-20.137828 -13.619995 42.036045 
-20.171075 -13.648292 41.989648 
FEnd
FBeg
 1993   CA VAL A 250  2680  CD2 LEU B 349 ali
-17.465 -14.430 43.811 -20.112 -10.831 41.010  1.27
-18.082776 -12.071093 42.462358 
-18.136974 -11.692390 43.000172 
-18.617505 -11.670430 43.482499 
-19.548079 -13.150790 42.459797 
FEnd
FBeg
 1993   CA VAL A 250  2676    O LEU B 349 unk
-17.465 -14.430 43.811 -17.280 -9.591 43.775  2.45
-18.136974 -11.692390 43.000172 
-18.617505 -11.670430 43.482499 
-18.456288 -11.670263 44.333385 
-18.302833 -11.673285 44.715799 
-17.922163 -11.688044 44.688126 
-16.944047 -11.726474 44.548970 
-16.633287 -11.739847 44.348335 
-17.502422 -11.717503 42.885414 
FEnd
FBeg
 1998  CG2 VAL A 250  2676    O LEU B 349 unk
-15.424 -13.672 42.610 -17.280 -9.591 43.775  2.07
-16.633287 -11.739847 44.348335 
-17.502422 -11.717503 42.885414 
-17.273002 -11.596751 42.827917 
-15.661599 -11.066306 43.536944 
-15.496015 -11.286375 44.571646 
-15.498190 -11.288622 44.576050 
-16.363763 -11.662619 44.507192 
FEnd
FBeg
 1998  CG2 VAL A 250  2687  CD1 PHE B 350 ali
-15.424 -13.672 42.610 -13.252 -9.702 45.708  0.51
-15.496015 -11.286375 44.571646 
-15.498190 -11.288622 44.576050 
-15.407383 -11.405150 44.661713 
-14.631338 -11.993173 44.871165 
-14.169493 -11.748002 44.233187 
FEnd
FBeg
 1961   CA ALA A 246  2687  CD1 PHE B 350 ali
-11.998 -13.204 45.270 -13.252 -9.702 45.708  3.67
-14.631338 -11.993173 44.871165 
-14.169493 -11.748002 44.233187 
-13.743583 -11.590729 44.195102 
-12.227812 -11.140825 44.937598 
-11.844440 -11.042894 45.252197 
-13.633876 -11.841042 46.510557 
FEnd
FBeg
 1961   CA ALA A 246  2689  CE1 PHE B 350 ali
-11.998 -13.204 45.270 -12.412 -9.892 46.782  2.92
-11.844440 -11.042894 45.252197 
-13.633876 -11.841042 46.510557 
-13.224713 -12.156441 47.313464 
-12.200607 -11.987242 47.223249 
-11.504906 -11.701919 46.788743 
-11.752200 -11.058782 45.312257 
FEnd
FBeg
 1964   CB ALA A 246  2689  CE1 PHE B 350 ali
-11.152 -12.738 44.094 -12.412 -9.892 46.782  0.01
-11.752200 -11.058782 45.312257 
-11.844440 -11.042894 45.252197 
-11.774210 -10.971801 45.209845 
FEnd
FBeg
 1964   CB ALA A 246  2691   CZ PHE B 350 ali
-11.152 -12.738 44.094 -11.051 -9.736 46.622  0.65
-11.774210 -10.971801 45.209845 
-11.752200 -11.058782 45.312257 
-10.428476 -11.693448 46.013036 
-9.835191 -11.710035 46.009030 
-9.704113 -11.605818 45.880036 
-11.766836 -10.960434 45.196053 
-11.768389 -10.960545 45.196247 
FEnd
FBeg
 1964   CB ALA A 246  2688  CD2 PHE B 350 ali
-11.152 -12.738 44.094 -11.377 -9.195 44.315  3.60
-11.766836 -10.960434 45.196053 
-9.877068 -10.749559 43.739345 
-10.988196 -10.730261 42.298721 
-11.888294 -10.808466 42.636095 
-12.041817 -10.839642 42.979589 
-11.790820 -10.960096 45.166217 
-11.768389 -10.960545 45.196247 
FEnd
FBeg
 1964   CB ALA A 246  2686   CG PHE B 350 ali
-11.152 -12.738 44.094 -12.748 -9.347 44.464  1.87
-12.041817 -10.839642 42.979589 
-13.396689 -11.580218 43.922608 
-12.227812 -11.140825 44.937598 
-11.790820 -10.960096 45.166217 
FEnd
FBeg
 1964   CB ALA A 246  2685   CB PHE B 350 ali
-11.152 -12.738 44.094 -13.674 -9.144 43.293  1.17
-11.888294 -10.808466 42.636095 
-13.500627 -11.835946 43.102435 
-13.676978 -11.845248 43.615952 
-13.396689 -11.580218 43.922608 
-12.041817 -10.839642 42.979589 
FEnd
FBeg
 1964   CB ALA A 246  2644  CD1 LEU B 344 ali
-11.152 -12.738 44.094 -12.503 -12.197 40.615  9.33
-10.988196 -10.730261 42.298721 
-10.166553 -14.559047 41.384260 
-12.519642 -14.275161 42.342180 
-12.873512 -13.825731 42.549487 
-13.500627 -11.835946 43.102435 
-11.888294 -10.808466 42.636095 
FEnd
FBeg
 1998  CG2 VAL A 250  2644  CD1 LEU B 344 ali
-15.424 -13.672 42.610 -12.503 -12.197 40.615  7.58
-12.873512 -13.825731 42.549487 
-13.500627 -11.835946 43.102435 
-14.715391 -11.172198 41.814565 
-14.958948 -11.433535 41.264741 
-14.295577 -13.937948 40.384389 
-13.565859 -14.429171 41.089628 
-12.804923 -14.262693 42.326846 
FEnd
FBeg
 1847  CG2 VAL A 230  2644  CD1 LEU B 344 ali
-13.866 -16.147 39.274 -12.503 -12.197 40.615  2.91
-14.295577 -13.937948 40.384389 
-12.636517 -13.989809 38.850872 
-11.829948 -14.687935 40.087446 
-13.565859 -14.429171 41.089628 
FEnd
FBeg
 1847  CG2 VAL A 230  2612  CD1 ILE B 340 ali
-13.866 -16.147 39.274 -10.658 -15.110 37.767  6.82
-12.636517 -13.989809 38.850872 
-11.829948 -14.687935 40.087446 
-11.630664 -16.073643 39.558132 
-11.643933 -16.127093 39.493107 
-12.451447 -16.760789 37.338065 
-13.031302 -15.742635 36.804324 
-13.092687 -14.149907 37.769642 
FEnd
FBeg
 1107  CG1 VAL A 139  2612  CD1 ILE B 340 ali
-14.062 -13.786 35.366 -10.658 -15.110 37.767  4.31
-13.031302 -15.742635 36.804324 
-13.092687 -14.149907 37.769642 
-12.324087 -13.108812 37.254062 
-11.788660 -13.922509 36.046262 
-11.737831 -15.021506 35.368172 
FEnd
FBeg
 1107  CG1 VAL A 139  2611  CG2 ILE B 340 ali
-14.062 -13.786 35.366 -9.551 -13.557 35.333  3.73
-11.788660 -13.922509 36.046262 
-11.737831 -15.021506 35.368172 
-11.745584 -14.961185 34.726894 
-11.843159 -13.121964 34.151835 
-11.896333 -11.999668 34.671045 
-11.896952 -11.911904 35.195552 
FEnd
FBeg
 1107  CG1 VAL A 139  2634   CB ASN B 343 ali
-14.062 -13.786 35.366 -11.867 -9.109 34.586  0.72
-11.896333 -11.999668 34.671045 
-12.501967 -11.684682 34.855434 
-12.413610 -11.469078 36.396875 
-12.360715 -11.491637 36.410462 
-11.896952 -11.911904 35.195552 
FEnd
FBeg
 1108  CG2 VAL A 139  2634   CB ASN B 343 ali
-15.153 -11.573 35.119 -11.867 -9.109 34.586  5.40
-12.501967 -11.684682 34.855434 
-12.413610 -11.469078 36.396875 
-12.637497 -11.149640 36.493320 
-12.971778 -10.731568 36.365140 
-14.467660 -9.077532 34.789299 
-14.480149 -9.066104 34.765134 
-13.673739 -10.402375 33.559302 
FEnd
FBeg
 1100  CG1 VAL A 138  2634   CB ASN B 343 ali
-14.805 -8.719 32.189 -11.867 -9.109 34.586  4.80
-14.480149 -9.066104 34.765134 
-14.157574 -8.104859 34.526153 
-13.303486 -7.239648 33.620070 
-12.913197 -10.275480 32.647753 
-13.254396 -10.459427 33.036032 
-13.673739 -10.402375 33.559302 
FEnd
FBeg
 1097    C VAL A 138  2634   CB ASN B 343 ali
-14.529 -11.232 31.241 -11.867 -9.109 34.586  0.12
-12.913197 -10.275480 32.647753 
-12.835333 -10.366670 32.643664 
-12.793795 -10.658210 32.795642 
-13.254396 -10.459427 33.036032 
FEnd
FBeg
 1098    O VAL A 138  2634   CB ASN B 343 unk
-13.320 -11.164 31.041 -11.867 -9.109 34.586  0.04
-12.835333 -10.366670 32.643664 
-12.758295 -10.430785 32.649255 
-12.620194 -10.766636 32.787341 
-12.793795 -10.658210 32.795642 
FEnd
FBeg
 1098    O VAL A 138  2637  ND2 ASN B 343 hbd
-13.320 -11.164 31.041 -10.751 -9.509 32.497  7.32
-12.758295 -10.430785 32.649255 
-12.620194 -10.766636 32.787341 
-11.269995 -12.323938 32.175165 
-11.272733 -11.975885 31.784373 
-11.879870 -8.319678 28.699698 
-12.138606 -8.067189 28.869219 
-12.757354 -9.972424 32.126586 
FEnd
FBeg
 1100  CG1 VAL A 138  2637  ND2 ASN B 343 unk
-14.805 -8.719 32.189 -10.751 -9.509 32.497  1.77
-12.138606 -8.067189 28.869219 
-12.757354 -9.972424 32.126586 
-12.233181 -7.998616 30.289934 
-12.082232 -7.682888 29.112926 
FEnd
FBeg
 1100  CG1 VAL A 138  2636  OD1 ASN B 343 unk
-14.805 -8.719 32.189 -11.526 -7.446 32.951  9.45
-12.233181 -7.998616 30.289934 
-12.082232 -7.682888 29.112926 
-12.600569 -6.535098 29.425905 
-13.601301 -4.879725 30.966733 
-13.610978 -4.918946 31.073894 
-13.667053 -5.246507 31.862420 
-13.525839 -6.707563 33.695601 
-13.303239 -7.235014 33.618880 
FEnd
FBeg
 1100  CG1 VAL A 138  2659   CB ASP B 346 ali
-14.805 -8.719 32.189 -13.947 -4.542 35.452  2.43
-13.667053 -5.246507 31.862420 
-13.701102 -5.205138 31.818416 
-15.007464 -6.684639 34.055846 
-14.696722 -7.008651 34.388908 
-14.177263 -7.063302 34.322277 
-13.525839 -6.707563 33.695601 
FEnd
FBeg
 1100  CG1 VAL A 138  2668   SG CYS B 347 unk
-14.805 -8.719 32.189 -17.169 -8.072 35.024  6.32
-15.007464 -6.684639 34.055846 
-16.696211 -7.299266 32.787933 
-16.759759 -7.493897 32.779361 
-16.373996 -9.964695 33.664917 
-14.756887 -9.002872 34.793857 
-14.696722 -7.008651 34.388908 
FEnd
FBeg
 1108  CG2 VAL A 139  2668   SG CYS B 347 unk
-15.153 -11.573 35.119 -17.169 -8.072 35.024  7.10
-16.373996 -9.964695 33.664917 
-14.756887 -9.002872 34.793857 
-15.593163 -9.432095 36.722554 
-17.715687 -10.668563 36.197627 
-17.580241 -10.624358 34.952404 
-16.938194 -10.291860 33.580915 
FEnd
FBeg
 1066   CA ARG A 135  2668   SG CYS B 347 unk
-19.476 -11.079 33.215 -17.169 -8.072 35.024  5.64
-17.580241 -10.624358 34.952404 
-18.731698 -9.553117 34.640182 
-19.673151 -7.901434 33.095307 
-19.400521 -7.918612 32.776180 
-19.141700 -8.011779 32.600973 
-18.885267 -8.132456 32.474542 
-18.447005 -8.507446 32.538956 
-16.938194 -10.291860 33.580915 
FEnd
FBeg
 1058    C GLU A 134  2668   SG CYS B 347 unk
-20.218 -10.377 31.040 -17.169 -8.072 35.024  0.01
-19.141700 -8.011779 32.600973 
-18.924036 -8.071176 32.468757 
-18.885267 -8.132456 32.474542 
FEnd
FBeg
  588  CD1 LEU A  72  2668   SG CYS B 347 unk
-18.588 -5.165 31.382 -17.169 -8.072 35.024  1.33
-19.400521 -7.918612 32.776180 
-19.761452 -7.744035 33.056151 
-19.888969 -7.509844 33.292763 
-18.301766 -7.147351 32.963693 
-17.835086 -7.345513 32.623694 
-18.924036 -8.071176 32.468757 
-19.141700 -8.011779 32.600973 
FEnd
FBeg
  587   CG LEU A  72  2668   SG CYS B 347 unk
-18.424 -4.604 32.791 -17.169 -8.072 35.024  3.04
-19.888969 -7.509844 33.292763 
-20.280167 -6.776520 34.651529 
-20.279513 -6.770085 34.661155 
-19.822825 -6.529365 34.778338 
-18.803427 -6.168524 34.765824 
-18.301766 -7.147351 32.963693 
FEnd
FBeg
  587   CG LEU A  72  2664   CA CYS B 347 ali
-18.424 -4.604 32.791 -17.767 -6.311 37.089  3.25
-19.822825 -6.529365 34.778338 
-18.803427 -6.168524 34.765824 
-18.637561 -4.466913 35.416284 
-19.363624 -4.121981 35.664264 
-20.558978 -5.887000 35.145991 
-20.319969 -6.552268 34.845237 
FEnd
FBeg
 1041  CD1 LEU A 131  2664   CA CYS B 347 ali
-23.588 -7.490 35.071 -17.767 -6.311 37.089  1.05
-20.558978 -5.887000 35.145991 
-20.319969 -6.552268 34.845237 
-20.635960 -6.832093 35.920209 
-20.686651 -6.760680 36.024707 
-20.901687 -5.538941 35.931196 
FEnd
FBeg
 1041  CD1 LEU A 131  2666    O CYS B 347 unk
-23.588 -7.490 35.071 -19.711 -6.547 38.476  2.16
-20.686651 -6.760680 36.024707 
-20.901687 -5.538941 35.931196 
-21.578375 -5.038592 36.563117 
-22.050771 -5.533876 37.238162 
-21.529493 -6.615854 36.944274 
FEnd
FBeg
 1072   NE ARG A 135  2666    O CYS B 347 hbd
-21.622 -9.103 37.127 -19.711 -6.547 38.476  2.05
-21.529493 -6.615854 36.944274 
-20.686651 -6.760680 36.024707 
-20.594776 -6.886072 36.132141 
-19.809604 -8.551212 38.174865 
-19.862706 -8.539184 38.227301 
-21.347370 -6.872696 37.172927 
FEnd
FBeg
 1073   CZ ARG A 135  2666    O CYS B 347 unk
-22.309 -9.002 38.254 -19.711 -6.547 38.476  1.30
-19.862706 -8.539184 38.227301 
-20.227534 -8.237841 39.164350 
-21.347370 -6.872696 37.172927 
FEnd
FBeg
 1073   CZ ARG A 135  2678   CG LEU B 349 ali
-22.309 -9.002 38.254 -19.141 -10.400 39.937  3.64
-19.862706 -8.539184 38.227301 
-20.227534 -8.237841 39.164350 
-20.924711 -8.757523 40.045005 
-21.271151 -11.008499 38.827332 
-21.181798 -10.910118 38.740859 
-20.186066 -9.414781 38.108656 
FEnd
FBeg
 1071   CD ARG A 135  2678   CG LEU B 349 ali
-21.456 -10.353 36.402 -19.141 -10.400 39.937  0.86
-21.181798 -10.910118 38.740859 
-20.186066 -9.414781 38.108656 
-19.653134 -9.143674 37.763254 
-19.417670 -9.465164 37.604779 
FEnd
FBeg
 1071   CD ARG A 135  2679  CD1 LEU B 349 ali
-21.456 -10.353 36.402 -18.851 -11.523 38.959  6.95
-19.417670 -9.465164 37.604779 
-21.181798 -10.910118 38.740859 
-21.350128 -11.119898 38.816360 
-21.394634 -11.211356 38.819854 
-21.597958 -11.789392 38.762504 
-20.365010 -12.995039 36.954746 
-19.000135 -10.538245 36.688399 
-18.916895 -10.093707 36.807002 
FEnd
FBeg
 1070   CG ARG A 135  2679  CD1 LEU B 349 ali
-20.832 -10.115 35.072 -18.851 -11.523 38.959  0.08
-19.000135 -10.538245 36.688399 
-18.916895 -10.093707 36.807002 
-18.660977 -10.290839 36.605167 
FEnd
FBeg
 1070   CG ARG A 135  2667   CB CYS B 347 ali
-20.832 -10.115 35.072 -17.750 -7.790 36.709  4.75
-18.916895 -10.093707 36.807002 
-18.660977 -10.290839 36.605167 
-18.532706 -9.883015 35.784444 
-20.280082 -6.776426 34.662020 
-20.576998 -7.087778 35.663235 
-19.996734 -8.505655 36.584549 
FEnd
FBeg
 1069   CB ARG A 135  2667   CB CYS B 347 ali
-20.072 -11.318 34.593 -17.750 -7.790 36.709  0.56
-18.660977 -10.290839 36.605167 
-18.532706 -9.883015 35.784444 
-17.715687 -10.668563 36.197627 
-17.732656 -10.733646 36.324760 
FEnd
FBeg
 1069   CB ARG A 135  2679  CD1 LEU B 349 ali
-20.072 -11.318 34.593 -18.851 -11.523 38.959  3.53
-20.365010 -12.995039 36.954746 
-19.000135 -10.538245 36.688399 
-18.660977 -10.290839 36.605167 
-17.732656 -10.733646 36.324760 
-17.775221 -11.615604 36.295253 
-19.521580 -12.847829 36.725784 
-20.353930 -13.012380 36.950833 
FEnd
FBeg
 1815  CD2 LEU A 226  2679  CD1 LEU B 349 ali
-18.412 -14.809 38.180 -18.851 -11.523 38.959  10.65
-19.521580 -12.847829 36.725784 
-16.651680 -12.730224 37.847009 
-16.636394 -13.045018 39.183497 
-19.961136 -13.760289 40.327041 
-20.754315 -13.681617 39.548193 
-20.353930 -13.012380 36.950833 
FEnd
FBeg
 1815  CD2 LEU A 226  2645  CD2 LEU B 344 ali
-18.412 -14.809 38.180 -14.181 -12.001 38.793  1.75
-16.651680 -12.730224 37.847009 
-16.636394 -13.045018 39.183497 
-15.840546 -14.211837 39.035366 
-15.730846 -14.263754 38.516025 
-16.088550 -13.596405 37.927983 
FEnd
FBeg
 1814  CD1 LEU A 226  2645  CD2 LEU B 344 ali
-17.537 -14.453 35.903 -14.181 -12.001 38.793  1.26
-16.088550 -13.596405 37.927983 
-16.651680 -12.730224 37.847009 
-16.619559 -12.266963 37.416660 
-15.778066 -13.048935 37.102937 
-15.509781 -14.028424 37.622434 
FEnd
FBeg
 1813   CG LEU A 226  2645  CD2 LEU B 344 ali
-17.705 -15.461 37.010 -14.181 -12.001 38.793  0.51
-15.730846 -14.263754 38.516025 
-16.088550 -13.596405 37.927983 
-15.509781 -14.028424 37.622434 
-15.306143 -14.316904 37.779764 
FEnd
FBeg
 1997  CG1 VAL A 250  2645  CD2 LEU B 344 ali
-17.398 -14.515 41.312 -14.181 -12.001 38.793  2.59
-16.636394 -13.045018 39.183497 
-15.840546 -14.211837 39.035366 
-15.176595 -14.043532 40.051264 
-16.275830 -12.176711 40.510554 
-16.523312 -12.261824 40.109552 
FEnd
FBeg
 1814  CD1 LEU A 226  2679  CD1 LEU B 349 ali
-17.537 -14.453 35.903 -18.851 -11.523 38.959  2.82
-17.775221 -11.615604 36.295253 
-16.619559 -12.266963 37.416660 
-16.651680 -12.730224 37.847009 
-19.521580 -12.847829 36.725784 
FEnd
FBeg
 1108  CG2 VAL A 139  2679  CD1 LEU B 349 ali
-15.153 -11.573 35.119 -18.851 -11.523 38.959  2.41
-17.732656 -10.733646 36.324760 
-16.418512 -10.361371 37.585461 
-16.619559 -12.266963 37.416660 
-17.775221 -11.615604 36.295253 
FEnd
FBeg
 1792  CE2 TYR A 223  2679  CD1 LEU B 349 ali
-22.904 -13.837 37.738 -18.851 -11.523 38.959  3.16
-21.597958 -11.789392 38.762504 
-20.365010 -12.995039 36.954746 
-20.353930 -13.012380 36.950833 
-20.754315 -13.681617 39.548193 
-20.973280 -13.448812 39.833822 
-21.618039 -11.820440 38.888003 
FEnd
FBeg
 1074  NH1 ARG A 135  2679  CD1 LEU B 349 unk
-23.076 -10.007 38.658 -18.851 -11.523 38.959  0.04
-21.394634 -11.211356 38.819854 
-21.597958 -11.789392 38.762504 
-21.618039 -11.820440 38.888003 
FEnd
FBeg
 1071   CD ARG A 135  2680  CD2 LEU B 349 ali
-21.456 -10.353 36.402 -20.112 -10.831 41.010  0.00
-21.350128 -11.119898 38.816360 
-21.377682 -11.144774 38.821816 
-21.394634 -11.211356 38.819854 
FEnd
FBeg
 1071   CD ARG A 135  2667   CB CYS B 347 ali
-21.456 -10.353 36.402 -17.750 -7.790 36.709  1.15
-19.653134 -9.143674 37.763254 
-19.417670 -9.465164 37.604779 
-18.916895 -10.093707 36.807002 
-19.996734 -8.505655 36.584549 
FEnd
FBeg
 1073   CZ ARG A 135  2679  CD1 LEU B 349 ali
-22.309 -9.002 38.254 -18.851 -11.523 38.959  0.01
-21.271151 -11.008499 38.827332 
-21.350128 -11.119898 38.816360 
-21.181798 -10.910118 38.740859 
FEnd
FBeg
 1073   CZ ARG A 135  2680  CD2 LEU B 349 ali
-22.309 -9.002 38.254 -20.112 -10.831 41.010  2.90
-20.924711 -8.757523 40.045005 
-22.633326 -9.289041 41.054323 
-21.377682 -11.144774 38.821816 
-21.350128 -11.119898 38.816360 
-21.271151 -11.008499 38.827332 
FEnd
FBeg
 1075  NH2 ARG A 135  2678   CG LEU B 349 unk
-22.231 -7.895 38.969 -19.141 -10.400 39.937  0.78
-20.227534 -8.237841 39.164350 
-20.924711 -8.757523 40.045005 
-20.576334 -8.104620 40.622522 
-20.575076 -8.103697 40.620893 
-20.232316 -7.966773 39.881085 
FEnd
FBeg
 1075  NH2 ARG A 135  2673    N LEU B 349 hbd
-22.231 -7.895 38.969 -18.122 -7.564 40.934  0.22
-20.575076 -8.103697 40.620893 
-20.232316 -7.966773 39.881085 
-20.376540 -7.608903 40.122389 
-20.639118 -8.038703 40.743863 
FEnd
FBeg
 1075  NH2 ARG A 135  2671    C GLY B 348 unk
-22.231 -7.895 38.969 -18.588 -6.458 41.502  3.48
-20.376540 -7.608903 40.122389 
-20.811220 -6.746574 40.258344 
-21.698814 -6.116690 41.177554 
-21.986549 -6.801144 41.979678 
-21.674301 -7.851544 42.126502 
-20.697953 -8.046246 40.832760 
-20.639118 -8.038703 40.743863 
FEnd
FBeg
 2476   CB ASN A 310  2671    C GLY B 348 ali
-22.040 -3.372 42.897 -18.588 -6.458 41.502  1.10
-21.698814 -6.116690 41.177554 
-21.986549 -6.801144 41.979678 
-20.667601 -5.493211 42.350092 
-20.469643 -5.267073 42.339693 
FEnd
FBeg
 2476   CB ASN A 310  2670   CA GLY B 348 ali
-22.040 -3.372 42.897 -18.616 -5.222 40.628  1.52
-20.469643 -5.267073 42.339693 
-21.698814 -6.116690 41.177554 
-21.827807 -5.518939 40.495531 
-21.636889 -5.314700 40.617110 
-20.228454 -4.863433 42.374553 
FEnd
FBeg
 2473   CA ASN A 310  2670   CA GLY B 348 ali
-21.416 -3.858 44.207 -18.616 -5.222 40.628  0.46
-20.228454 -4.863433 42.374553 
-20.469643 -5.267073 42.339693 
-20.257680 -5.170923 42.468876 
-19.030994 -4.390984 43.131319 
-19.032794 -4.381453 43.126279 
-19.521137 -4.354449 42.733936 
FEnd
FBeg
 2479  ND2 ASN A 310  2670   CA GLY B 348 unk
-19.929 -2.262 42.466 -18.616 -5.222 40.628  4.74
-19.032794 -4.381453 43.126279 
-17.829445 -3.777151 43.012712 
-18.111180 -2.731653 41.127732 
-18.543499 -2.298285 40.120985 
-18.776279 -2.147785 39.712321 
-19.133918 -2.554957 40.112567 
-19.521137 -4.354449 42.733936 
FEnd
FBeg
 2497  NE2 GLN A 312  2670   CA GLY B 348 unk
-16.068 -1.281 40.628 -18.616 -5.222 40.628  4.39
-18.543499 -2.298285 40.120985 
-16.948157 -3.329732 41.509612 
-16.134360 -3.855881 41.991093 
-16.050472 -3.910118 41.862371 
-16.807420 -3.420724 39.864965 
-18.679251 -2.210516 38.696394 
-18.795803 -2.135161 38.843759 
-18.776279 -2.147785 39.712321 
FEnd
FBeg
  596  OD1 ASN A  73  2670   CA GLY B 348 unk
-20.947 -1.222 36.739 -18.616 -5.222 40.628  0.18
-18.679251 -2.210516 38.696394 
-19.712049 -3.162263 38.336524 
-19.778246 -3.191174 38.346465 
-18.795803 -2.135161 38.843759 
FEnd
FBeg
  596  OD1 ASN A  73  2665    C CYS B 347 unk
-20.947 -1.222 36.739 -18.568 -6.108 38.371  2.51
-19.712049 -3.162263 38.336524 
-19.778246 -3.191174 38.346465 
-20.641962 -3.700687 38.080103 
-20.910735 -4.204309 36.964119 
-19.854515 -3.820502 36.573514 
-19.628382 -3.671107 36.691146 
-19.060264 -3.013228 37.832595 
FEnd
FBeg
  596  OD1 ASN A  73  2658    O ASP B 346 hbd
-20.947 -1.222 36.739 -16.890 -3.851 36.235  5.91
-19.628382 -3.671107 36.691146 
-19.687275 -3.722186 36.483530 
-19.219236 -2.868530 35.798158 
-18.391033 -1.566135 35.671211 
-18.151308 -1.299054 36.207740 
-17.888225 -1.086427 37.216331 
-17.909825 -1.221321 37.746106 
-18.474025 -2.224756 38.438708 
-19.060264 -3.013228 37.832595 
FEnd
FBeg
 2497  NE2 GLN A 312  2658    O ASP B 346 hbd
-16.068 -1.281 40.628 -16.890 -3.851 36.235  3.82
-17.909825 -1.221321 37.746106 
-18.474025 -2.224756 38.438708 
-17.541806 -2.676355 38.528470 
-16.307619 -1.821628 37.797500 
-15.875860 -0.504256 36.946020 
-16.230901 -0.460801 36.987032 
-17.295243 -0.650884 37.297390 
FEnd
FBeg
 2497  NE2 GLN A 312  2656   CA ASP B 346 unk
-16.068 -1.281 40.628 -14.598 -4.237 36.800  3.41
-16.307619 -1.821628 37.797500 
-15.875860 -0.504256 36.946020 
-15.191258 -0.289998 37.043464 
-13.873511 -1.095800 38.171740 
-16.188117 -2.377344 38.272517 
FEnd
FBeg
 2497  NE2 GLN A 312  2657    C ASP B 346 unk
-16.068 -1.281 40.628 -16.069 -4.620 36.722  0.96
-17.541806 -2.676355 38.528470 
-16.307619 -1.821628 37.797500 
-16.188117 -2.377344 38.272517 
-16.953163 -3.039326 38.838601 
FEnd
FBeg
  573  OG1 THR A  70  2658    O ASP B 346 hbd
-18.264 0.946 34.461 -16.890 -3.851 36.235  4.51
-18.391033 -1.566135 35.671211 
-18.151308 -1.299054 36.207740 
-17.754755 -0.919598 36.926673 
-17.295243 -0.650884 37.297390 
-16.230901 -0.460801 36.987032 
-15.924482 -0.976196 35.356043 
-16.319089 -1.338016 34.683294 
FEnd
FBeg
  586   CB LEU A  72  2658    O ASP B 346 unk
-18.614 -3.090 32.795 -16.890 -3.851 36.235  6.01
-19.219236 -2.868530 35.798158 
-18.391033 -1.566135 35.671211 
-16.319089 -1.338016 34.683294 
-15.658811 -1.440369 34.329745 
-15.790760 -1.949624 34.283215 
-18.366371 -3.834092 35.157131 
-19.305743 -3.953153 35.601571 
FEnd
FBeg
  589  CD2 LEU A  72  2658    O ASP B 346 unk
-17.056 -4.956 33.363 -16.890 -3.851 36.235  3.49
-15.790760 -1.949624 34.283215 
-15.972519 -3.343217 34.829904 
-17.702615 -4.777500 35.481743 
-18.637561 -4.466913 35.416284 
-18.366371 -3.834092 35.157131 
FEnd
FBeg
  589  CD2 LEU A  72  2657    C ASP B 346 ali
-17.056 -4.956 33.363 -16.069 -4.620 36.722  3.12
-15.972519 -3.343217 34.829904 
-17.702615 -4.777500 35.481743 
-16.547049 -5.985321 35.263012 
-15.743312 -6.132510 35.041567 
FEnd
FBeg
  585    O LEU A  72  2658    O ASP B 346 unk
-21.196 -3.136 34.185 -16.890 -3.851 36.235  0.60
-19.687275 -3.722186 36.483530 
-19.219236 -2.868530 35.798158 
-19.305743 -3.953153 35.601571 
-19.363624 -4.121981 35.664264 
FEnd
FBeg
  596  OD1 ASN A  73  2664   CA CYS B 347 unk
-20.947 -1.222 36.739 -17.767 -6.311 37.089  0.02
-19.854515 -3.820502 36.573514 
-19.687275 -3.722186 36.483530 
-19.628382 -3.671107 36.691146 
FEnd
FBeg
  585    O LEU A  72  2665    C CYS B 347 unk
-21.196 -3.136 34.185 -18.568 -6.108 38.371  0.76
-20.910735 -4.204309 36.964119 
-19.854515 -3.820502 36.573514 
-20.748269 -5.109787 36.219245 
-20.983787 -4.328553 36.921770 
FEnd
FBeg
  624  CD1 LEU A  76  2665    C CYS B 347 ali
-23.852 -2.949 38.218 -18.568 -6.108 38.371  0.48
-20.641962 -3.700687 38.080103 
-20.910735 -4.204309 36.964119 
-20.983787 -4.328553 36.921770 
-20.918321 -4.147965 38.389442 
FEnd
FBeg
 2478  OD1 ASN A 310  2665    C CYS B 347 unk
-21.217 -2.846 40.721 -18.568 -6.108 38.371  0.58
-19.778246 -3.191174 38.346465 
-20.641962 -3.700687 38.080103 
-20.918321 -4.147965 38.389442 
-20.810136 -4.337535 38.774531 
FEnd
FBeg
 2478  OD1 ASN A 310  2666    O CYS B 347 hbd
-21.217 -2.846 40.721 -19.711 -6.547 38.476  0.62
-20.918321 -4.147965 38.389442 
-20.810136 -4.337535 38.774531 
-21.665088 -5.314009 39.810777 
-21.840258 -5.136526 39.400679 
FEnd
FBeg
  596  OD1 ASN A  73  2669    N GLY B 348 hbd
-20.947 -1.222 36.739 -17.963 -5.447 39.349  0.71
-18.679251 -2.210516 38.696394 
-19.712049 -3.162263 38.336524 
-19.060264 -3.013228 37.832595 
-18.474025 -2.224756 38.438708 
FEnd
FBeg
 2497  NE2 GLN A 312  2669    N GLY B 348 hbd
-16.068 -1.281 40.628 -17.963 -5.447 39.349  1.40
-16.807420 -3.420724 39.864965 
-18.679251 -2.210516 38.696394 
-18.474025 -2.224756 38.438708 
-17.541806 -2.676355 38.528470 
-16.953163 -3.039326 38.838601 
FEnd
FBeg
 2497  NE2 GLN A 312  2649    O LYS B 345 hbd
-16.068 -1.281 40.628 -14.787 -3.679 39.555  15.76
-16.050472 -3.910118 41.862371 
-16.807420 -3.420724 39.864965 
-16.953163 -3.039326 38.838601 
-16.188117 -2.377344 38.272517 
-13.873511 -1.095800 38.171740 
-12.313379 -0.702558 39.155465 
-14.324012 -3.159554 42.246102 
-14.561718 -3.319615 42.320029 
FEnd
FBeg
 2497  NE2 GLN A 312  2647   CA LYS B 345 unk
-16.068 -1.281 40.628 -13.371 -5.490 40.187  0.03
-14.324012 -3.159554 42.246102 
-14.349146 -3.197284 42.452497 
-14.561718 -3.319615 42.320029 
FEnd
FBeg
 2497  NE2 GLN A 312  2650   CB LYS B 345 unk
-16.068 -1.281 40.628 -12.082 -4.724 40.484  11.18
-12.313379 -0.702558 39.155465 
-11.003106 0.792537 39.677234 
-10.735923 1.042836 41.088448 
-11.477482 0.139539 42.159239 
-14.228035 -3.064861 42.638721 
-14.349146 -3.197284 42.452497 
-14.324012 -3.159554 42.246102 
FEnd
FBeg
 2497  NE2 GLN A 312  2692  OXT PHE B 350 hbd
-16.068 -1.281 40.628 -15.037 -5.914 43.252  0.86
-16.134360 -3.855881 41.991093 
-16.050472 -3.910118 41.862371 
-14.561718 -3.319615 42.320029 
-14.349146 -3.197284 42.452497 
-14.228035 -3.064861 42.638721 
-14.152226 -2.868144 42.956264 
-15.654892 -3.538795 42.362560 
FEnd
FBeg
 2496  OE1 GLN A 312  2692  OXT PHE B 350 hbd
-17.330 -1.540 42.478 -15.037 -5.914 43.252  1.77
-15.654892 -3.538795 42.362560 
-16.134360 -3.855881 41.991093 
-17.094557 -4.140795 43.225614 
-14.964905 -2.986162 43.441469 
FEnd
FBeg
 2484   CB LYS A 311  2692  OXT PHE B 350 unk
-17.082 -2.668 46.065 -15.037 -5.914 43.252  6.54
-17.094557 -4.140795 43.225614 
-17.286246 -4.423523 43.412508 
-17.342041 -5.828083 44.992707 
-14.894239 -4.305929 45.015759 
-14.348262 -2.736330 43.601470 
-14.964905 -2.986162 43.441469 
FEnd
FBeg
 2486   CD LYS A 311  2692  OXT PHE B 350 unk
-14.866 -2.390 47.229 -15.037 -5.914 43.252  1.58
-14.894239 -4.305929 45.015759 
-14.125518 -4.022576 44.731628 
-13.468377 -3.537679 44.273708 
-13.990370 -2.647948 43.507766 
-14.348262 -2.736330 43.601470 
FEnd
FBeg
 2486   CD LYS A 311  2684    O PHE B 350 unk
-14.866 -2.390 47.229 -13.590 -6.534 44.672  6.37
-14.125518 -4.022576 44.731628 
-13.468377 -3.537679 44.273708 
-11.539201 -3.760413 45.597383 
-11.260698 -4.022104 46.160472 
-12.970958 -4.879039 46.695804 
-15.070790 -5.217656 46.196721 
FEnd
FBeg
 2487   CE LYS A 311  2684    O PHE B 350 unk
-15.025 -3.239 48.474 -13.590 -6.534 44.672  4.83
-12.970958 -4.879039 46.695804 
-15.070790 -5.217656 46.196721 
-15.757679 -7.217463 47.670597 
-14.401315 -6.974262 47.971764 
-14.036105 -6.835239 47.989122 
FEnd
FBeg
 2487   CE LYS A 311  2683    C PHE B 350 ali
-15.025 -3.239 48.474 -14.475 -6.827 43.862  2.27
-15.070790 -5.217656 46.196721 
-15.757679 -7.217463 47.670597 
-15.843247 -7.246106 47.682677 
-17.133360 -6.896627 47.256941 
-15.380291 -5.215863 46.158417 
FEnd
FBeg
 2488   NZ LYS A 311  2684    O PHE B 350 hbd
-13.700 -3.577 49.054 -13.590 -6.534 44.672  5.66
-11.260698 -4.022104 46.160472 
-12.970958 -4.879039 46.695804 
-14.036105 -6.835239 47.989122 
-12.016491 -6.315339 47.688988 
-10.661246 -5.539020 47.199144 
-10.572168 -5.456765 47.145874 
FEnd
FBeg
 2486   CD LYS A 311  2683    C PHE B 350 ali
-14.866 -2.390 47.229 -14.475 -6.827 43.862  0.77
-14.894239 -4.305929 45.015759 
-14.125518 -4.022576 44.731628 
-15.070790 -5.217656 46.196721 
-15.380291 -5.215863 46.158417 
FEnd
FBeg
 2484   CB LYS A 311  2683    C PHE B 350 ali
-17.082 -2.668 46.065 -14.475 -6.827 43.862  5.40
-17.342041 -5.828083 44.992707 
-14.894239 -4.305929 45.015759 
-15.380291 -5.215863 46.158417 
-17.133360 -6.896627 47.256941 
-17.476088 -6.951815 46.955548 
-17.740129 -6.710411 46.187345 
FEnd
FBeg
 2484   CB LYS A 311  2672    O GLY B 348 unk
-17.082 -2.668 46.065 -18.968 -6.407 42.675  1.30
-17.286246 -4.423523 43.412508 
-17.342041 -5.828083 44.992707 
-17.740129 -6.710411 46.187345 
-18.110746 -6.182636 45.811425 
-17.303744 -4.415946 43.413885 
FEnd
FBeg
 2480    N LYS A 311  2672    O GLY B 348 hbd
-19.310 -3.006 45.066 -18.968 -6.407 42.675  4.16
-18.110746 -6.182636 45.811425 
-17.303744 -4.415946 43.413885 
-19.030994 -4.390984 43.131319 
-19.262724 -5.787458 45.084542 
FEnd
FBeg
 2484   CB LYS A 311  2670   CA GLY B 348 ali
-17.082 -2.668 46.065 -18.616 -5.222 40.628  0.04
-17.094557 -4.140795 43.225614 
-17.286246 -4.423523 43.412508 
-17.303744 -4.415946 43.413885 
-17.281754 -4.089950 43.254546 
FEnd
FBeg
 2495   CD GLN A 312  2692  OXT PHE B 350 unk
-16.702 -0.813 41.704 -15.037 -5.914 43.252  1.01
-14.152226 -2.868144 42.956264 
-15.654892 -3.538795 42.362560 
-14.964905 -2.986162 43.441469 
-14.348262 -2.736330 43.601470 
-13.990370 -2.647948 43.507766 
FEnd
FBeg
 2495   CD GLN A 312  2670   CA GLY B 348 ali
-16.702 -0.813 41.704 -18.616 -5.222 40.628  0.56
-18.111180 -2.731653 41.127732 
-16.948157 -3.329732 41.509612 
-18.543499 -2.298285 40.120985 
FEnd
FBeg
 2496  OE1 GLN A 312  2670   CA GLY B 348 unk
-17.330 -1.540 42.478 -18.616 -5.222 40.628  2.88
-17.829445 -3.777151 43.012712 
-17.281754 -4.089950 43.254546 
-17.094557 -4.140795 43.225614 
-16.134360 -3.855881 41.991093 
-16.948157 -3.329732 41.509612 
-18.111180 -2.731653 41.127732 
FEnd
FBeg
 2480    N LYS A 311  2670   CA GLY B 348 unk
-19.310 -3.006 45.066 -18.616 -5.222 40.628  0.73
-19.030994 -4.390984 43.131319 
-17.303744 -4.415946 43.413885 
-17.281754 -4.089950 43.254546 
-17.829445 -3.777151 43.012712 
-19.032794 -4.381453 43.126279 
FEnd
FBeg
 2473   CA ASN A 310  2672    O GLY B 348 unk
-21.416 -3.858 44.207 -18.968 -6.407 42.675  9.45
-20.257680 -5.170923 42.468876 
-19.030994 -4.390984 43.131319 
-19.262724 -5.787458 45.084542 
-20.549464 -6.857317 44.808518 
-21.528126 -7.447562 44.226775 
-22.018603 -7.552100 43.616969 
-22.468686 -7.399939 42.644605 
-22.393732 -7.252778 42.519524 
-20.667601 -5.493211 42.350092 
FEnd
FBeg
 2477   CG ASN A 310  2670   CA GLY B 348 ali
-21.021 -2.802 41.934 -18.616 -5.222 40.628  5.36
-21.636889 -5.314700 40.617110 
-20.228454 -4.863433 42.374553 
-19.521137 -4.354449 42.733936 
-19.133918 -2.554957 40.112567 
FEnd
FBeg
 2478  OD1 ASN A 310  2670   CA GLY B 348 unk
-21.217 -2.846 40.721 -18.616 -5.222 40.628  6.60
-21.827807 -5.518939 40.495531 
-21.636889 -5.314700 40.617110 
-19.133918 -2.554957 40.112567 
-18.776279 -2.147785 39.712321 
-18.795803 -2.135161 38.843759 
-19.778246 -3.191174 38.346465 
-20.810136 -4.337535 38.774531 
-21.665088 -5.314009 39.810777 
FEnd
FBeg
 2473   CA ASN A 310  2671    C GLY B 348 ali
-21.416 -3.858 44.207 -18.588 -6.458 41.502  0.03
-20.667601 -5.493211 42.350092 
-20.257680 -5.170923 42.468876 
-20.469643 -5.267073 42.339693 
FEnd
FBeg
 2476   CB ASN A 310  2672    O GLY B 348 unk
-22.040 -3.372 42.897 -18.968 -6.407 42.675  0.61
-21.986549 -6.801144 41.979678 
-20.667601 -5.493211 42.350092 
-22.393732 -7.252778 42.519524 
FEnd
FBeg
 1075  NH2 ARG A 135  2670   CA GLY B 348 unk
-22.231 -7.895 38.969 -18.616 -5.222 40.628  1.24
-20.811220 -6.746574 40.258344 
-21.665088 -5.314009 39.810777 
-21.827807 -5.518939 40.495531 
-21.698814 -6.116690 41.177554 
FEnd
FBeg
 1075  NH2 ARG A 135  2674   CA LEU B 349 unk
-22.231 -7.895 38.969 -18.082 -8.849 41.634  0.00
-20.576334 -8.104620 40.622522 
-20.575076 -8.103697 40.620893 
-20.639118 -8.038703 40.743863 
-20.697953 -8.046246 40.832760 
FEnd
FBeg
 1072   NE ARG A 135  2678   CG LEU B 349 unk
-21.622 -9.103 37.127 -19.141 -10.400 39.937  0.29
-19.809604 -8.551212 38.174865 
-19.862706 -8.539184 38.227301 
-20.186066 -9.414781 38.108656 
-19.653134 -9.143674 37.763254 
FEnd
FBeg
 1072   NE ARG A 135  2667   CB CYS B 347 unk
-21.622 -9.103 37.127 -17.750 -7.790 36.709  2.35
-20.594776 -6.886072 36.132141 
-19.809604 -8.551212 38.174865 
-19.653134 -9.143674 37.763254 
-19.996734 -8.505655 36.584549 
-20.576998 -7.087778 35.663235 
-20.635960 -6.832093 35.920209 
FEnd
FBeg
 1075  NH2 ARG A 135  2666    O CYS B 347 hbd
-22.231 -7.895 38.969 -19.711 -6.547 38.476  8.15
-22.050771 -5.533876 37.238162 
-21.529493 -6.615854 36.944274 
-21.347370 -6.872696 37.172927 
-20.227534 -8.237841 39.164350 
-20.232316 -7.966773 39.881085 
-20.376540 -7.608903 40.122389 
-20.811220 -6.746574 40.258344 
-21.665088 -5.314009 39.810777 
-21.840258 -5.136526 39.400679 
FEnd
FBeg
  624  CD1 LEU A  76  2666    O CYS B 347 unk
-23.852 -2.949 38.218 -19.711 -6.547 38.476  3.33
-21.578375 -5.038592 36.563117 
-22.050771 -5.533876 37.238162 
-21.840258 -5.136526 39.400679 
-20.918321 -4.147965 38.389442 
-20.983787 -4.328553 36.921770 
FEnd
FBeg
 1072   NE ARG A 135  2664   CA CYS B 347 unk
-21.622 -9.103 37.127 -17.767 -6.311 37.089  0.01
-20.635960 -6.832093 35.920209 
-20.594776 -6.886072 36.132141 
-20.686651 -6.760680 36.024707 
FEnd
FBeg
 1041  CD1 LEU A 131  2667   CB CYS B 347 ali
-23.588 -7.490 35.071 -17.750 -7.790 36.709  0.33
-20.319969 -6.552268 34.845237 
-20.635960 -6.832093 35.920209 
-20.576998 -7.087778 35.663235 
-20.280082 -6.776426 34.662020 
-20.279513 -6.770085 34.661155 
FEnd
FBeg
  585    O LEU A  72  2664   CA CYS B 347 unk
-21.196 -3.136 34.185 -17.767 -6.311 37.089  2.33
-19.363624 -4.121981 35.664264 
-20.558978 -5.887000 35.145991 
-20.901687 -5.538941 35.931196 
-20.748269 -5.109787 36.219245 
-19.854515 -3.820502 36.573514 
-19.687275 -3.722186 36.483530 
FEnd
FBeg
  587   CG LEU A  72  2658    O ASP B 346 unk
-18.424 -4.604 32.791 -16.890 -3.851 36.235  0.39
-18.637561 -4.466913 35.416284 
-18.366371 -3.834092 35.157131 
-19.305743 -3.953153 35.601571 
-19.363624 -4.121981 35.664264 
FEnd
FBeg
  589  CD2 LEU A  72  2664   CA CYS B 347 ali
-17.056 -4.956 33.363 -17.767 -6.311 37.089  2.48
-18.803427 -6.168524 34.765824 
-18.637561 -4.466913 35.416284 
-17.702615 -4.777500 35.481743 
-16.547049 -5.985321 35.263012 
FEnd
FBeg
  587   CG LEU A  72  2667   CB CYS B 347 ali
-18.424 -4.604 32.791 -17.750 -7.790 36.709  0.07
-20.279513 -6.770085 34.661155 
-19.822825 -6.529365 34.778338 
-20.319969 -6.552268 34.845237 
FEnd
FBeg
 1065    N ARG A 135  2668   SG CYS B 347 hbd
-20.515 -10.626 32.303 -17.169 -8.072 35.024  0.04
-19.673151 -7.901434 33.095307 
-19.761452 -7.744035 33.056151 
-19.400521 -7.918612 32.776180 
FEnd
FBeg
 1070   CG ARG A 135  2668   SG CYS B 347 unk
-20.832 -10.115 35.072 -17.169 -8.072 35.024  4.55
-18.731698 -9.553117 34.640182 
-18.532706 -9.883015 35.784444 
-20.280082 -6.776426 34.662020 
-20.280167 -6.776520 34.651529 
-19.888969 -7.509844 33.292763 
-19.761452 -7.744035 33.056151 
-19.673151 -7.901434 33.095307 
FEnd
FBeg
 1069   CB ARG A 135  2668   SG CYS B 347 unk
-20.072 -11.318 34.593 -17.169 -8.072 35.024  1.57
-17.715687 -10.668563 36.197627 
-18.532706 -9.883015 35.784444 
-18.731698 -9.553117 34.640182 
-17.580241 -10.624358 34.952404 
FEnd
FBeg
 1108  CG2 VAL A 139  2667   CB CYS B 347 ali
-15.153 -11.573 35.119 -17.750 -7.790 36.709  1.72
-15.593163 -9.432095 36.722554 
-17.715687 -10.668563 36.197627 
-17.732656 -10.733646 36.324760 
-16.418512 -10.361371 37.585461 
-16.180684 -10.180514 37.543609 
-15.585514 -9.463407 36.809547 
FEnd
FBeg
 1108  CG2 VAL A 139  2639   CA LEU B 344 ali
-15.153 -11.573 35.119 -13.745 -8.993 38.781  1.61
-16.180684 -10.180514 37.543609 
-13.716845 -10.540407 36.849846 
-13.817381 -10.380765 36.776028 
-15.036816 -9.559774 36.666472 
-15.585514 -9.463407 36.809547 
FEnd
FBeg
 1099   CB VAL A 138  2668   SG CYS B 347 unk
-15.961 -9.207 31.331 -17.169 -8.072 35.024  3.32
-16.759759 -7.493897 32.779361 
-16.373996 -9.964695 33.664917 
-16.938194 -10.291860 33.580915 
-18.447005 -8.507446 32.538956 
FEnd
FBeg
 1101  CG2 VAL A 138  2668   SG CYS B 347 unk
-16.514 -8.086 30.486 -17.169 -8.072 35.024  1.21
-16.696211 -7.299266 32.787933 
-16.759759 -7.493897 32.779361 
-18.447005 -8.507446 32.538956 
-18.885267 -8.132456 32.474542 
-18.924036 -8.071176 32.468757 
-17.835086 -7.345513 32.623694 
FEnd
FBeg
  589  CD2 LEU A  72  2668   SG CYS B 347 unk
-17.056 -4.956 33.363 -17.169 -8.072 35.024  7.60
-15.007464 -6.684639 34.055846 
-16.696211 -7.299266 32.787933 
-17.835086 -7.345513 32.623694 
-18.301766 -7.147351 32.963693 
-18.803427 -6.168524 34.765824 
-16.547049 -5.985321 35.263012 
-15.743312 -6.132510 35.041567 
FEnd
FBeg
  589  CD2 LEU A  72  2659   CB ASP B 346 ali
-17.056 -4.956 33.363 -13.947 -4.542 35.452  13.00
-13.701102 -5.205138 31.818416 
-15.007464 -6.684639 34.055846 
-15.743312 -6.132510 35.041567 
-15.972519 -3.343217 34.829904 
-15.790760 -1.949624 34.283215 
-15.254969 -1.756637 33.447565 
-13.922645 -4.045770 31.918368 
FEnd
FBeg
 1122   CE LYS A 141  2637  ND2 ASN B 343 unk
-9.269 -11.567 29.766 -10.751 -9.509 32.497  20.02
-11.272733 -11.975885 31.784373 
-11.879870 -8.319678 28.699698 
-8.357556 -6.866480 29.516023 
-8.321046 -11.461090 32.998197 
-10.696202 -12.512888 32.501902 
-11.014891 -12.415253 32.255388 
FEnd
FBeg
 1105    O VAL A 139  2637  ND2 ASN B 343 hbd
-12.577 -14.482 32.888 -10.751 -9.509 32.497  0.24
-10.696202 -12.512888 32.501902 
-11.139800 -12.312793 32.975211 
-11.263414 -12.329832 32.181210 
-11.014891 -12.415253 32.255388 
FEnd
FBeg
 1122   CE LYS A 141  2611  CG2 ILE B 340 ali
-9.269 -11.567 29.766 -9.551 -13.557 35.333  3.35
-8.321046 -11.461090 32.998197 
-10.696202 -12.512888 32.501902 
-10.423366 -12.990595 32.344960 
-7.899919 -13.475184 32.299564 
FEnd
FBeg
 1123   NZ LYS A 141  2611  CG2 ILE B 340 unk
-7.830 -11.357 30.028 -9.551 -13.557 35.333  16.31
-7.899919 -13.475184 32.299564 
-8.321046 -11.461090 32.998197 
-7.598631 -10.927806 33.453711 
-5.689253 -12.198072 33.546350 
-3.383472 -15.337994 32.992236 
-3.331157 -17.211748 32.232156 
-3.770415 -17.657378 31.904852 
FEnd
FBeg
 1121   CD LYS A 141  2611  CG2 ILE B 340 ali
-9.550 -12.987 29.304 -9.551 -13.557 35.333  17.03
-10.423366 -12.990595 32.344960 
-7.899919 -13.475184 32.299564 
-3.770415 -17.657378 31.904852 
-3.992817 -17.821535 31.889295 
-6.333444 -18.552322 31.819816 
-9.021316 -16.660659 31.998214 
FEnd
FBeg
 1870   CB ALA A 233  2611  CG2 ILE B 340 ali
-8.267 -17.963 38.420 -9.551 -13.557 35.333  17.97
-3.992817 -17.821535 31.889295 
-3.560010 -17.260172 32.510493 
-5.160509 -15.930961 35.073352 
-6.643179 -15.501838 36.302528 
-8.448952 -16.130442 36.156426 
-9.124626 -16.875901 35.373489 
-6.333444 -18.552322 31.819816 
FEnd
FBeg
 1870   CB ALA A 233  2612  CD1 ILE B 340 ali
-8.267 -17.963 38.420 -10.658 -15.110 37.767  9.50
-8.448952 -16.130442 36.156426 
-9.124626 -16.875901 35.373489 
-10.025426 -17.397928 36.391052 
-10.626589 -17.564406 37.864897 
-10.174430 -16.668841 40.122069 
-9.646624 -16.095769 40.693264 
-9.114415 -15.730077 40.342279 
FEnd
FBeg
 1941  CG2 THR A 243  2612  CD1 ILE B 340 ali
-6.957 -15.944 42.510 -10.658 -15.110 37.767  0.42
-9.646624 -16.095769 40.693264 
-9.114415 -15.730077 40.342279 
-9.876003 -15.018849 41.061614 
FEnd
FBeg
 1941  CG2 THR A 243  2610  CG1 ILE B 340 ali
-6.957 -15.944 42.510 -9.588 -14.032 37.834  4.14
-9.114415 -15.730077 40.342279 
-9.876003 -15.018849 41.061614 
-9.952491 -14.717554 41.227849 
-7.270699 -13.894095 40.055620 
-6.868454 -14.520765 39.573050 
-6.918607 -15.140417 39.347895 
FEnd
FBeg
 1898  NE2 GLN A 237  2610  CG1 ILE B 340 unk
-3.897 -15.171 39.701 -9.588 -14.032 37.834  0.36
-6.868454 -14.520765 39.573050 
-6.918607 -15.140417 39.347895 
-6.570549 -15.185732 38.259299 
FEnd
FBeg
 1898  NE2 GLN A 237  2605    N ILE B 340 hbd
-3.897 -15.171 39.701 -7.424 -12.375 37.486  29.27
-6.570549 -15.185732 38.259299 
-6.868454 -14.520765 39.573050 
-6.541869 -13.633538 40.172970 
-4.379291 -11.569442 39.334956 
-2.068409 -13.010530 33.836191 
-1.915856 -13.333181 33.185994 
-3.383472 -15.337994 32.992236 
-5.160509 -15.930961 35.073352 
FEnd
FBeg
 1898  NE2 GLN A 237  2618   CG LEU B 341 unk
-3.897 -15.171 39.701 -7.342 -10.774 41.641  3.01
-6.541869 -13.633538 40.172970 
-6.463913 -13.612485 40.263685 
-4.426852 -12.259285 40.814022 
-3.607657 -11.234299 39.945603 
-4.379291 -11.569442 39.334956 
FEnd
FBeg
 1940  OG1 THR A 243  2618   CG LEU B 341 unk
-5.473 -14.078 42.847 -7.342 -10.774 41.641  2.76
-6.463913 -13.612485 40.263685 
-4.426852 -12.259285 40.814022 
-6.438648 -12.800940 42.447867 
-6.528540 -13.590201 40.424889 
FEnd
FBeg
 1940  OG1 THR A 243  2620  CD2 LEU B 341 unk
-5.473 -14.078 42.847 -8.473 -11.673 42.042  0.70
-6.438648 -12.800940 42.447867 
-6.528540 -13.590201 40.424889 
-6.788941 -13.569526 41.457098 
-6.566768 -12.871368 42.714926 
-6.541966 -12.828148 42.751617 
FEnd
FBeg
 1936   CA THR A 243  2620  CD2 LEU B 341 ali
-7.298 -14.344 44.394 -8.473 -11.673 42.042  5.85
-6.566768 -12.871368 42.714926 
-6.541966 -12.828148 42.751617 
-7.550143 -12.049986 44.138981 
-7.818740 -12.027584 44.298605 
-8.716234 -12.279594 44.460780 
-9.443116 -14.407500 42.407401 
-7.618286 -13.781807 42.206317 
FEnd
FBeg
 1930    C THR A 242  2620  CD2 LEU B 341 ali
-7.368 -12.863 46.308 -8.473 -11.673 42.042  0.56
-7.818740 -12.027584 44.298605 
-7.706469 -11.897382 44.305844 
-7.908409 -11.639759 44.430015 
-8.820399 -11.600696 44.677140 
-8.716234 -12.279594 44.460780 
FEnd
FBeg
 1934  CG2 THR A 242  2620  CD2 LEU B 341 ali
-7.309 -9.904 46.058 -8.473 -11.673 42.042  1.08
-7.908409 -11.639759 44.430015 
-8.705224 -9.962821 43.922293 
-9.045591 -11.226258 44.577475 
-8.820399 -11.600696 44.677140 
FEnd
FBeg
 1934  CG2 THR A 242  2690  CE2 PHE B 350 ali
-7.309 -9.904 46.058 -10.531 -9.385 45.385  12.77
-8.705224 -9.962821 43.922293 
-9.045591 -11.226258 44.577475 
-9.266104 -11.508185 45.415770 
-9.383520 -11.375644 46.080116 
-8.832899 -5.492506 47.980928 
-8.417405 -8.361986 43.778875 
-8.462883 -8.670291 43.758844 
FEnd
FBeg
 1934  CG2 THR A 242  2617   CB LEU B 341 ali
-7.309 -9.904 46.058 -7.923 -9.490 41.080  0.03
-8.417405 -8.361986 43.778875 
-8.199417 -8.274945 43.759227 
-8.462883 -8.670291 43.758844 
FEnd
FBeg
 1934  CG2 THR A 242  2653   CE LYS B 345 ali
-7.309 -9.904 46.058 -9.288 -5.648 42.956  11.08
-8.832899 -5.492506 47.980928 
-8.761429 -5.181238 48.362398 
-7.024689 -3.799779 49.149786 
-6.138145 -4.425360 47.725885 
-8.083402 -8.207206 43.778150 
-8.199417 -8.274945 43.759227 
-8.417405 -8.361986 43.778875 
FEnd
FBeg
 1934  CG2 THR A 242  2654   NZ LYS B 345 unk
-7.309 -9.904 46.058 -7.886 -5.985 42.588  9.24
-6.138145 -4.425360 47.725885 
-4.204674 -6.922903 44.583671 
-8.083402 -8.207206 43.778150 
FEnd
FBeg
 1934  CG2 THR A 242  2691   CZ PHE B 350 ali
-7.309 -9.904 46.058 -11.051 -9.736 46.622  13.88
-9.383520 -11.375644 46.080116 
-9.188143 -11.290462 47.351023 
-9.160062 -11.190086 47.507431 
-8.927646 -10.119145 48.730454 
-8.457281 -5.936026 50.605172 
-8.761429 -5.181238 48.362398 
-8.832899 -5.492506 47.980928 
FEnd
FBeg
 1957   CD LYS A 245  2691   CZ PHE B 350 ali
-8.931 -12.031 51.211 -11.051 -9.736 46.622  10.21
-8.927646 -10.119145 48.730454 
-8.457281 -5.936026 50.605172 
-11.467678 -7.475874 51.225807 
-11.358600 -9.535796 50.145230 
-11.315041 -9.574219 50.105891 
FEnd
FBeg
 1955   CB LYS A 245  2691   CZ PHE B 350 ali
-10.262 -12.905 49.247 -11.051 -9.736 46.622  6.84
-9.160062 -11.190086 47.507431 
-8.927646 -10.119145 48.730454 
-11.315041 -9.574219 50.105891 
-11.357508 -9.581090 50.110361 
-11.414469 -11.741165 47.519757 
-9.838112 -11.760802 47.022242 
-9.197679 -11.299313 47.386874 
FEnd
FBeg
 1955   CB LYS A 245  2689  CE1 PHE B 350 ali
-10.262 -12.905 49.247 -12.412 -9.892 46.782  5.67
-11.357508 -9.581090 50.110361 
-11.414469 -11.741165 47.519757 
-11.597396 -11.812167 47.592522 
-13.112710 -11.861053 48.854441 
-13.495947 -10.919140 50.340017 
FEnd
FBeg
 1929   CA THR A 242  2691   CZ PHE B 350 ali
-6.607 -11.964 47.254 -11.051 -9.736 46.622  0.00
-9.188143 -11.290462 47.351023 
-9.160062 -11.190086 47.507431 
-9.197679 -11.299313 47.386874 
FEnd
FBeg
 1931    O THR A 242  2690  CE2 PHE B 350 unk
-8.571 -13.052 46.463 -10.531 -9.385 45.385  0.14
-9.266104 -11.508185 45.415770 
-9.383520 -11.375644 46.080116 
-9.704113 -11.605818 45.880036 
FEnd
FBeg
 1934  CG2 THR A 242  2619  CD1 LEU B 341 ali
-7.309 -9.904 46.058 -6.452 -10.472 42.837  11.59
-7.908409 -11.639759 44.430015 
-8.705224 -9.962821 43.922293 
-8.462883 -8.670291 43.758844 
-8.199417 -8.274945 43.759227 
-8.083402 -8.207206 43.778150 
-4.204674 -6.922903 44.583671 
-4.291712 -7.693654 44.696430 
-7.082137 -11.637691 44.649494 
FEnd
FBeg
 1932   CB THR A 242  2619  CD1 LEU B 341 ali
-6.133 -10.741 46.476 -6.452 -10.472 42.837  10.03
-4.291712 -7.693654 44.696430 
-7.082137 -11.637691 44.649494 
-7.039992 -11.661786 44.644018 
-4.887512 -12.003738 44.430051 
-2.176682 -9.536724 44.374781 
FEnd
FBeg
 1922   OG SER A 240  2619  CD1 LEU B 341 unk
-3.565 -13.599 44.860 -6.452 -10.472 42.837  16.74
-4.887512 -12.003738 44.430051 
-4.982312 -12.401389 43.950680 
-2.731621 -11.796660 41.673490 
-1.336623 -10.524420 41.649236 
1.830323 -6.711882 43.022855 
-2.176682 -9.536724 44.374781 
FEnd
FBeg
 1935    N THR A 243  2619  CD1 LEU B 341 unk
-6.672 -13.408 45.316 -6.452 -10.472 42.837  2.43
-7.039992 -11.661786 44.644018 
-7.706469 -11.897382 44.305844 
-7.550143 -12.049986 44.138981 
-5.858747 -12.640335 43.589906 
-4.982312 -12.401389 43.950680 
-4.887512 -12.003738 44.430051 
FEnd
FBeg
 1930    C THR A 242  2619  CD1 LEU B 341 ali
-7.368 -12.863 46.308 -6.452 -10.472 42.837  0.15
-7.706469 -11.897382 44.305844 
-7.908409 -11.639759 44.430015 
-7.082137 -11.637691 44.649494 
-7.039992 -11.661786 44.644018 
FEnd
FBeg
 1935    N THR A 243  2620  CD2 LEU B 341 unk
-6.672 -13.408 45.316 -8.473 -11.673 42.042  0.02
-7.550143 -12.049986 44.138981 
-7.706469 -11.897382 44.305844 
-7.818740 -12.027584 44.298605 
FEnd
FBeg
 1936   CA THR A 243  2619  CD1 LEU B 341 ali
-7.298 -14.344 44.394 -6.452 -10.472 42.837  0.99
-6.541966 -12.828148 42.751617 
-7.550143 -12.049986 44.138981 
-5.858747 -12.640335 43.589906 
FEnd
FBeg
 1939   CB THR A 243  2620  CD2 LEU B 341 ali
-6.264 -15.055 43.529 -8.473 -11.673 42.042  0.77
-6.788941 -13.569526 41.457098 
-6.566768 -12.871368 42.714926 
-7.618286 -13.781807 42.206317 
FEnd
FBeg
 1940  OG1 THR A 243  2619  CD1 LEU B 341 unk
-5.473 -14.078 42.847 -6.452 -10.472 42.837  6.50
-4.426852 -12.259285 40.814022 
-6.438648 -12.800940 42.447867 
-6.541966 -12.828148 42.751617 
-5.858747 -12.640335 43.589906 
-4.982312 -12.401389 43.950680 
-2.731621 -11.796660 41.673490 
-2.875387 -11.836326 41.444288 
FEnd
FBeg
 1941  CG2 THR A 243  2618   CG LEU B 341 ali
-6.957 -15.944 42.510 -7.342 -10.774 41.641  0.01
-6.541869 -13.633538 40.172970 
-6.463913 -13.612485 40.263685 
-6.528540 -13.590201 40.424889 
-6.580722 -13.636134 40.174737 
FEnd
FBeg
 1941  CG2 THR A 243  2605    N ILE B 340 unk
-6.957 -15.944 42.510 -7.424 -12.375 37.486  0.35
-7.270699 -13.894095 40.055620 
-6.580722 -13.636134 40.174737 
-6.541869 -13.633538 40.172970 
-6.868454 -14.520765 39.573050 
FEnd
FBeg
 1941  CG2 THR A 243  2620  CD2 LEU B 341 ali
-6.957 -15.944 42.510 -8.473 -11.673 42.042  5.54
-9.952491 -14.717554 41.227849 
-10.009585 -14.706618 41.512599 
-9.443116 -14.407500 42.407401 
-7.618286 -13.781807 42.206317 
-6.788941 -13.569526 41.457098 
-6.528540 -13.590201 40.424889 
-6.580722 -13.636134 40.174737 
-7.270699 -13.894095 40.055620 
FEnd
FBeg
 1837    O THR A 229  2612  CD1 ILE B 340 unk
-11.133 -19.105 37.122 -10.658 -15.110 37.767  0.66
-10.025426 -17.397928 36.391052 
-10.626589 -17.564406 37.864897 
-10.968609 -17.485353 37.627132 
-10.984231 -17.377090 36.968082 
FEnd
FBeg
 1836    C THR A 229  2612  CD1 ILE B 340 ali
-12.363 -19.179 37.139 -10.658 -15.110 37.767  0.44
-10.968609 -17.485353 37.627132 
-12.182388 -16.929168 37.318816 
-10.984231 -17.377090 36.968082 
FEnd
FBeg
 1870   CB ALA A 233  2610  CG1 ILE B 340 ali
-8.267 -17.963 38.420 -9.588 -14.032 37.834  7.90
-6.643179 -15.501838 36.302528 
-8.448952 -16.130442 36.156426 
-9.114415 -15.730077 40.342279 
-6.918607 -15.140417 39.347895 
-6.570549 -15.185732 38.259299 
FEnd
FBeg
 1870   CB ALA A 233  2605    N ILE B 340 unk
-8.267 -17.963 38.420 -7.424 -12.375 37.486  1.53
-5.160509 -15.930961 35.073352 
-6.643179 -15.501838 36.302528 
-6.570549 -15.185732 38.259299 
FEnd
FBeg
 1123   NZ LYS A 141  2637  ND2 ASN B 343 hbd
-7.830 -11.357 30.028 -10.751 -9.509 32.497  10.92
-8.357556 -6.866480 29.516023 
-7.555614 -6.164213 29.939143 
-6.547618 -6.025059 31.027520 
-6.559183 -6.816692 31.606360 
-7.598631 -10.927806 33.453711 
-8.321046 -11.461090 32.998197 
FEnd
FBeg
 1120   CG LYS A 141  2637  ND2 ASN B 343 unk
-11.040 -13.212 29.201 -10.751 -9.509 32.497  0.07
-11.269995 -12.323938 32.175165 
-11.272733 -11.975885 31.784373 
-11.014891 -12.415253 32.255388 
-11.263414 -12.329832 32.181210 
FEnd
FBeg
 1103   CA VAL A 139  2637  ND2 ASN B 343 unk
-14.210 -12.747 33.105 -10.751 -9.509 32.497  1.64
-12.620194 -10.766636 32.787341 
-11.269995 -12.323938 32.175165 
-11.263414 -12.329832 32.181210 
-11.139800 -12.312793 32.975211 
-11.396996 -11.909527 33.659646 
FEnd
FBeg
 1098    O VAL A 138  2635   CG ASN B 343 unk
-13.320 -11.164 31.041 -11.368 -8.624 33.272  0.05
-12.835333 -10.366670 32.643664 
-12.758295 -10.430785 32.649255 
-12.757354 -9.972424 32.126586 
-12.867899 -10.214249 32.498626 
FEnd
FBeg
 1097    C VAL A 138  2635   CG ASN B 343 ali
-14.529 -11.232 31.241 -11.368 -8.624 33.272  0.01
-12.913197 -10.275480 32.647753 
-12.835333 -10.366670 32.643664 
-12.867899 -10.214249 32.498626 
FEnd
FBeg
 1100  CG1 VAL A 138  2635   CG ASN B 343 ali
-14.805 -8.719 32.189 -11.368 -8.624 33.272  5.18
-13.303486 -7.239648 33.620070 
-12.913197 -10.275480 32.647753 
-12.867899 -10.214249 32.498626 
-12.757354 -9.972424 32.126586 
-12.233181 -7.998616 30.289934 
-13.303239 -7.235014 33.618880 
FEnd
FBeg
 1100  CG1 VAL A 138  2631   CA ASN B 343 ali
-14.805 -8.719 32.189 -11.907 -7.994 35.613  0.88
-14.157574 -8.104859 34.526153 
-13.303486 -7.239648 33.620070 
-13.303239 -7.235014 33.618880 
-13.525839 -6.707563 33.695601 
-14.177263 -7.063302 34.322277 
FEnd
FBeg
 1100  CG1 VAL A 138  2633    O ASN B 343 unk
-14.805 -8.719 32.189 -14.183 -7.891 36.359  1.01
-14.480149 -9.066104 34.765134 
-14.157574 -8.104859 34.526153 
-14.177263 -7.063302 34.322277 
-14.696722 -7.008651 34.388908 
-14.756887 -9.002872 34.793857 
FEnd
FBeg
 1108  CG2 VAL A 139  2633    O ASN B 343 unk
-15.153 -11.573 35.119 -14.183 -7.891 36.359  0.88
-14.467660 -9.077532 34.789299 
-14.480149 -9.066104 34.765134 
-14.756887 -9.002872 34.793857 
-15.593163 -9.432095 36.722554 
-15.585514 -9.463407 36.809547 
-15.036816 -9.559774 36.666472 
FEnd
FBeg
 1108  CG2 VAL A 139  2632    C ASN B 343 ali
-15.153 -11.573 35.119 -13.039 -8.233 36.618  2.72
-12.971778 -10.731568 36.365140 
-14.467660 -9.077532 34.789299 
-15.036816 -9.559774 36.666472 
-13.817381 -10.380765 36.776028 
FEnd
FBeg
 1108  CG2 VAL A 139  2638    N LEU B 344 unk
-15.153 -11.573 35.119 -12.731 -8.827 37.759  0.30
-12.637497 -11.149640 36.493320 
-12.971778 -10.731568 36.365140 
-13.817381 -10.380765 36.776028 
-13.716845 -10.540407 36.849846 
FEnd
FBeg
 1108  CG2 VAL A 139  2645  CD2 LEU B 344 ali
-15.153 -11.573 35.119 -14.181 -12.001 38.793  7.72
-12.413610 -11.469078 36.396875 
-12.637497 -11.149640 36.493320 
-13.716845 -10.540407 36.849846 
-16.180684 -10.180514 37.543609 
-16.418512 -10.361371 37.585461 
-16.619559 -12.266963 37.416660 
-15.778066 -13.048935 37.102937 
FEnd
FBeg
 1103   CA VAL A 139  2634   CB ASN B 343 ali
-14.210 -12.747 33.105 -11.867 -9.109 34.586  3.45
-11.896333 -11.999668 34.671045 
-12.501967 -11.684682 34.855434 
-13.673739 -10.402375 33.559302 
-13.254396 -10.459427 33.036032 
-12.793795 -10.658210 32.795642 
-12.620194 -10.766636 32.787341 
-11.396996 -11.909527 33.659646 
FEnd
FBeg
 1103   CA VAL A 139  2611  CG2 ILE B 340 ali
-14.210 -12.747 33.105 -9.551 -13.557 35.333  1.24
-11.843159 -13.121964 34.151835 
-11.896333 -11.999668 34.671045 
-11.396996 -11.909527 33.659646 
-11.139800 -12.312793 32.975211 
FEnd
FBeg
 1105    O VAL A 139  2611  CG2 ILE B 340 unk
-12.577 -14.482 32.888 -9.551 -13.557 35.333  9.37
-11.745584 -14.961185 34.726894 
-11.843159 -13.121964 34.151835 
-11.139800 -12.312793 32.975211 
-10.696202 -12.512888 32.501902 
-10.423366 -12.990595 32.344960 
-9.021316 -16.660659 31.998214 
FEnd
FBeg
 1840  CG2 THR A 229  2611  CG2 ILE B 340 ali
-12.381 -17.546 34.992 -9.551 -13.557 35.333  12.07
-11.737831 -15.021506 35.368172 
-11.745584 -14.961185 34.726894 
-9.021316 -16.660659 31.998214 
-6.333444 -18.552322 31.819816 
-9.124626 -16.875901 35.373489 
FEnd
FBeg
 1107  CG1 VAL A 139  2609   CB ILE B 340 ali
-14.062 -13.786 35.366 -9.724 -12.971 36.740  2.90
-12.324087 -13.108812 37.254062 
-11.788660 -13.922509 36.046262 
-11.896952 -11.911904 35.195552 
-12.360715 -11.491637 36.410462 
FEnd
FBeg
 1107  CG1 VAL A 139  2645  CD2 LEU B 344 ali
-14.062 -13.786 35.366 -14.181 -12.001 38.793  6.99
-13.092687 -14.149907 37.769642 
-12.324087 -13.108812 37.254062 
-12.360715 -11.491637 36.410462 
-12.413610 -11.469078 36.396875 
-15.778066 -13.048935 37.102937 
-15.509781 -14.028424 37.622434 
-15.306143 -14.316904 37.779764 
FEnd
FBeg
 1840  CG2 THR A 229  2612  CD1 ILE B 340 ali
-12.381 -17.546 34.992 -10.658 -15.110 37.767  7.40
-12.451447 -16.760789 37.338065 
-13.031302 -15.742635 36.804324 
-11.737831 -15.021506 35.368172 
-9.124626 -16.875901 35.373489 
-10.025426 -17.397928 36.391052 
-10.984231 -17.377090 36.968082 
-12.182388 -16.929168 37.318816 
FEnd
FBeg
 1842   CA VAL A 230  2612  CD1 ILE B 340 ali
-12.475 -18.195 39.355 -10.658 -15.110 37.767  4.42
-11.643933 -16.127093 39.493107 
-12.451447 -16.760789 37.338065 
-12.182388 -16.929168 37.318816 
-10.968609 -17.485353 37.627132 
-10.626589 -17.564406 37.864897 
-10.174430 -16.668841 40.122069 
-11.590390 -16.125632 39.557208 
FEnd
FBeg
 1845   CB VAL A 230  2612  CD1 ILE B 340 ali
-13.432 -17.301 40.134 -10.658 -15.110 37.767  0.00
-11.630664 -16.073643 39.558132 
-11.643933 -16.127093 39.493107 
-11.590390 -16.125632 39.557208 
FEnd
FBeg
 1846  CG1 VAL A 230  2612  CD1 ILE B 340 ali
-12.745 -16.791 41.382 -10.658 -15.110 37.767  4.13
-11.829948 -14.687935 40.087446 
-11.630664 -16.073643 39.558132 
-11.590390 -16.125632 39.557208 
-10.174430 -16.668841 40.122069 
-9.646624 -16.095769 40.693264 
-9.876003 -15.018849 41.061614 
-10.280516 -14.614510 41.016103 
FEnd
FBeg
 1847  CG2 VAL A 230  2645  CD2 LEU B 344 ali
-13.866 -16.147 39.274 -14.181 -12.001 38.793  5.93
-14.295577 -13.937948 40.384389 
-12.636517 -13.989809 38.850872 
-13.092687 -14.149907 37.769642 
-15.306143 -14.316904 37.779764 
-15.730846 -14.263754 38.516025 
-15.840546 -14.211837 39.035366 
-15.176595 -14.043532 40.051264 
FEnd
FBeg
 1998  CG2 VAL A 250  2645  CD2 LEU B 344 ali
-15.424 -13.672 42.610 -14.181 -12.001 38.793  3.51
-14.958948 -11.433535 41.264741 
-14.295577 -13.937948 40.384389 
-15.176595 -14.043532 40.051264 
-16.275830 -12.176711 40.510554 
-15.393209 -11.215491 41.218779 
FEnd
FBeg
 1998  CG2 VAL A 250  2642   CB LEU B 344 ali
-15.424 -13.672 42.610 -13.261 -9.940 39.878  0.34
-14.715391 -11.172198 41.814565 
-14.958948 -11.433535 41.264741 
-15.393209 -11.215491 41.218779 
-15.319281 -10.918882 41.682488 
FEnd
FBeg
 1962    C ALA A 246  2644  CD1 LEU B 344 ali
-12.830 -14.425 44.887 -12.503 -12.197 40.615  0.07
-12.519642 -14.275161 42.342180 
-12.873512 -13.825731 42.549487 
-12.804923 -14.262693 42.326846 
FEnd
FBeg
 1846  CG1 VAL A 230  2644  CD1 LEU B 344 ali
-12.745 -16.791 41.382 -12.503 -12.197 40.615  4.43
-10.166553 -14.559047 41.384260 
-12.519642 -14.275161 42.342180 
-12.804923 -14.262693 42.326846 
-13.565859 -14.429171 41.089628 
-11.829948 -14.687935 40.087446 
-10.280516 -14.614510 41.016103 
-10.095527 -14.594127 41.196556 
FEnd
FBeg
 1964   CB ALA A 246  2620  CD2 LEU B 341 ali
-11.152 -12.738 44.094 -8.473 -11.673 42.042  9.91
-9.877068 -10.749559 43.739345 
-9.045591 -11.226258 44.577475 
-8.820399 -11.600696 44.677140 
-8.716234 -12.279594 44.460780 
-9.443116 -14.407500 42.407401 
-10.009585 -14.706618 41.512599 
-10.166553 -14.559047 41.384260 
-10.988196 -10.730261 42.298721 
FEnd
FBeg
 1964   CB ALA A 246  2690  CE2 PHE B 350 ali
-11.152 -12.738 44.094 -10.531 -9.385 45.385  3.37
-9.704113 -11.605818 45.880036 
-9.266104 -11.508185 45.415770 
-9.045591 -11.226258 44.577475 
-9.877068 -10.749559 43.739345 
-11.766836 -10.960434 45.196053 
FEnd
FBeg
 1931    O THR A 242  2691   CZ PHE B 350 unk
-8.571 -13.052 46.463 -11.051 -9.736 46.622  0.82
-9.835191 -11.710035 46.009030 
-9.704113 -11.605818 45.880036 
-9.383520 -11.375644 46.080116 
-9.188143 -11.290462 47.351023 
-9.197679 -11.299313 47.386874 
-9.838112 -11.760802 47.022242 
FEnd
FBeg
 1960    N ALA A 246  2691   CZ PHE B 350 unk
-11.157 -13.482 46.434 -11.051 -9.736 46.622  1.67
-10.428476 -11.693448 46.013036 
-9.835191 -11.710035 46.009030 
-9.838112 -11.760802 47.022242 
-11.414469 -11.741165 47.519757 
-11.504906 -11.701919 46.788743 
FEnd
FBeg
 1961   CA ALA A 246  2691   CZ PHE B 350 ali
-11.998 -13.204 45.270 -11.051 -9.736 46.622  0.99
-11.504906 -11.701919 46.788743 
-10.428476 -11.693448 46.013036 
-11.752200 -11.058782 45.312257 
FEnd
FBeg
 1960    N ALA A 246  2689  CE1 PHE B 350 unk
-11.157 -13.482 46.434 -12.412 -9.892 46.782  0.35
-12.200607 -11.987242 47.223249 
-11.504906 -11.701919 46.788743 
-11.414469 -11.741165 47.519757 
-11.597396 -11.812167 47.592522 
FEnd
FBeg
 1953    C LYS A 245  2689  CE1 PHE B 350 ali
-11.660 -14.048 47.524 -12.412 -9.892 46.782  1.50
-13.224713 -12.156441 47.313464 
-12.200607 -11.987242 47.223249 
-11.597396 -11.812167 47.592522 
-13.112710 -11.861053 48.854441 
FEnd
FBeg
 1987   CB GLU A 249  2689  CE1 PHE B 350 ali
-15.806 -12.429 47.515 -12.412 -9.892 46.782  8.12
-13.633876 -11.841042 46.510557 
-13.224713 -12.156441 47.313464 
-13.112710 -11.861053 48.854441 
-13.495947 -10.919140 50.340017 
-14.003253 -9.942018 51.372979 
-14.339940 -9.611342 50.958532 
-14.579518 -10.282614 47.525864 
FEnd
FBeg
 1988   CG GLU A 249  2689  CE1 PHE B 350 ali
-16.836 -11.279 47.362 -12.412 -9.892 46.782  6.76
-14.339940 -9.611342 50.958532 
-14.569866 -8.820001 51.097147 
-14.861982 -8.013840 50.796841 
-15.078021 -7.718845 49.854432 
-15.314531 -7.491317 48.594540 
-14.579518 -10.282614 47.525864 
FEnd
FBeg
 1964   CB ALA A 246  2687  CD1 PHE B 350 ali
-11.152 -12.738 44.094 -13.252 -9.702 45.708  0.04
-12.227812 -11.140825 44.937598 
-11.790820 -10.960096 45.166217 
-11.768389 -10.960545 45.196247 
-11.774210 -10.971801 45.209845 
-11.844440 -11.042894 45.252197 
FEnd
FBeg
 1961   CA ALA A 246  2686   CG PHE B 350 ali
-11.998 -13.204 45.270 -12.748 -9.347 44.464  0.35
-13.743583 -11.590729 44.195102 
-12.227812 -11.140825 44.937598 
-13.396689 -11.580218 43.922608 
FEnd
FBeg
 1961   CA ALA A 246  2685   CB PHE B 350 ali
-11.998 -13.204 45.270 -13.674 -9.144 43.293  0.25
-14.169493 -11.748002 44.233187 
-13.743583 -11.590729 44.195102 
-13.396689 -11.580218 43.922608 
-13.676978 -11.845248 43.615952 
FEnd
FBeg
 1987   CB GLU A 249  2687  CD1 PHE B 350 ali
-15.806 -12.429 47.515 -13.252 -9.702 45.708  3.51
-15.407383 -11.405150 44.661713 
-14.631338 -11.993173 44.871165 
-13.633876 -11.841042 46.510557 
-14.579518 -10.282614 47.525864 
FEnd
FBeg
 1988   CG GLU A 249  2687  CD1 PHE B 350 ali
-16.836 -11.279 47.362 -13.252 -9.702 45.708  7.89
-15.498190 -11.288622 44.576050 
-15.407383 -11.405150 44.661713 
-14.579518 -10.282614 47.525864 
-15.314531 -7.491317 48.594540 
-15.843247 -7.246106 47.682677 
-15.909053 -7.554382 47.246160 
-15.618283 -10.718909 44.859015 
FEnd
FBeg
 1988   CG GLU A 249  2682   CA PHE B 350 ali
-16.836 -11.279 47.362 -14.891 -8.273 43.614  3.43
-15.909053 -7.554382 47.246160 
-15.618283 -10.718909 44.859015 
-17.526338 -7.018829 46.836409 
FEnd
FBeg
 1998  CG2 VAL A 250  2685   CB PHE B 350 ali
-15.424 -13.672 42.610 -13.674 -9.144 43.293  4.47
-15.661599 -11.066306 43.536944 
-15.496015 -11.286375 44.571646 
-14.169493 -11.748002 44.233187 
-13.676978 -11.845248 43.615952 
-13.500627 -11.835946 43.102435 
-14.715391 -11.172198 41.814565 
-15.319281 -10.918882 41.682488 
-15.364736 -10.911788 41.751926 
FEnd
FBeg
 1998  CG2 VAL A 250  2675    C LEU B 349 ali
-15.424 -13.672 42.610 -17.040 -8.950 42.750  1.63
-17.273002 -11.596751 42.827917 
-15.661599 -11.066306 43.536944 
-15.364736 -10.911788 41.751926 
FEnd
FBeg
 1998  CG2 VAL A 250  2677   CB LEU B 349 ali
-15.424 -13.672 42.610 -17.863 -9.978 40.636  3.35
-17.502422 -11.717503 42.885414 
-17.273002 -11.596751 42.827917 
-15.364736 -10.911788 41.751926 
-15.319281 -10.918882 41.682488 
-15.393209 -11.215491 41.218779 
-16.275830 -12.176711 40.510554 
-17.631636 -12.023295 42.472828 
FEnd
FBeg
 1992    N VAL A 250  2676    O LEU B 349 hbd
-16.676 -14.264 45.022 -17.280 -9.591 43.775  0.05
-16.944047 -11.726474 44.548970 
-16.633287 -11.739847 44.348335 
-16.363763 -11.662619 44.507192 
FEnd
FBeg
 1988   CG GLU A 249  2676    O LEU B 349 unk
-16.836 -11.279 47.362 -17.280 -9.591 43.775  10.52
-17.922163 -11.688044 44.688126 
-16.944047 -11.726474 44.548970 
-16.363763 -11.662619 44.507192 
-15.498190 -11.288622 44.576050 
-15.618283 -10.718909 44.859015 
-17.526338 -7.018829 46.836409 
-17.539447 -7.005770 46.844177 
-17.843304 -7.213798 46.783893 
-18.818472 -9.290570 45.927295 
-18.296984 -11.654420 44.750345 
FEnd
FBeg
 1991  OE2 GLU A 249  2676    O LEU B 349 unk
-18.992 -10.623 48.226 -17.280 -9.591 43.775  1.30
-17.843304 -7.213798 46.783893 
-19.334799 -7.951178 46.039247 
-18.818472 -9.290570 45.927295 
FEnd
FBeg
 1985    C GLU A 249  2676    O LEU B 349 unk
-17.276 -13.967 46.164 -17.280 -9.591 43.775  0.01
-18.302833 -11.673285 44.715799 
-17.922163 -11.688044 44.688126 
-18.296984 -11.654420 44.750345 
FEnd
FBeg
 2021   CB MET A 253  2676    O LEU B 349 unk
-21.304 -12.519 44.538 -17.280 -9.591 43.775  0.26
-18.617505 -11.670430 43.482499 
-18.456288 -11.670263 44.333385 
-18.952121 -11.178716 43.604707 
FEnd
FBeg
 1993   CA VAL A 250  2677   CB LEU B 349 ali
-17.465 -14.430 43.811 -17.863 -9.978 40.636  0.32
-18.082776 -12.071093 42.462358 
-18.136974 -11.692390 43.000172 
-17.502422 -11.717503 42.885414 
-17.631636 -12.023295 42.472828 
FEnd
FBeg
 1997  CG1 VAL A 250  2677   CB LEU B 349 ali
-17.398 -14.515 41.312 -17.863 -9.978 40.636  2.29
-18.223425 -12.283813 41.131427 
-18.082776 -12.071093 42.462358 
-17.631636 -12.023295 42.472828 
-16.275830 -12.176711 40.510554 
-16.523312 -12.261824 40.109552 
FEnd
FBeg
 1997  CG1 VAL A 250  2679  CD1 LEU B 349 ali
-17.398 -14.515 41.312 -18.851 -11.523 38.959  4.55
-20.020939 -13.660558 40.490785 
-18.223425 -12.283813 41.131427 
-16.523312 -12.261824 40.109552 
-16.636394 -13.045018 39.183497 
-19.961136 -13.760289 40.327041 
FEnd
FBeg
 2031  CG2 VAL A 254  2679  CD1 LEU B 349 ali
-21.261 -16.219 40.939 -18.851 -11.523 38.959  0.36
-20.973280 -13.448812 39.833822 
-20.020939 -13.660558 40.490785 
-19.961136 -13.760289 40.327041 
-20.754315 -13.681617 39.548193 
FEnd
FBeg
 1792  CE2 TYR A 223  2680  CD2 LEU B 349 ali
-22.904 -13.837 37.738 -20.112 -10.831 41.010  1.68
-22.162422 -11.994990 39.512885 
-21.618039 -11.820440 38.888003 
-20.973280 -13.448812 39.833822 
-21.873647 -13.264703 40.432964 
FEnd
FBeg
 1074  NH1 ARG A 135  2680  CD2 LEU B 349 unk
-23.076 -10.007 38.658 -20.112 -10.831 41.010  3.08
-22.920612 -9.230435 41.436893 
-22.633326 -9.289041 41.054323 
-21.377682 -11.144774 38.821816 
-21.394634 -11.211356 38.819854 
-21.618039 -11.820440 38.888003 
-22.162422 -11.994990 39.512885 
-22.936797 -9.354228 41.413920 
FEnd
FBeg
 1075  NH2 ARG A 135  2680  CD2 LEU B 349 unk
-22.231 -7.895 38.969 -20.112 -10.831 41.010  3.80
-22.050360 -7.883785 42.470554 
-21.674301 -7.851544 42.126502 
-20.697953 -8.046246 40.832760 
-20.576334 -8.104620 40.622522 
-20.924711 -8.757523 40.045005 
-22.633326 -9.289041 41.054323 
-22.920612 -9.230435 41.436893 
FEnd
FBeg
 2021   CB MET A 253  2680  CD2 LEU B 349 ali
-21.304 -12.519 44.538 -20.112 -10.831 41.010  8.68
-18.952121 -11.178716 43.604707 
-21.483618 -10.643118 43.005655 
-22.265326 -12.047120 42.069785 
-21.939475 -13.219403 41.618991 
-21.736911 -13.309823 41.644169 
-20.196974 -13.642973 42.005067 
-20.137828 -13.619995 42.036045 
-19.548079 -13.150790 42.459797 
-18.617505 -11.670430 43.482499 
FEnd
FBeg
 2466    C MET A 309  2672    O GLY B 348 unk
-22.152 -4.736 46.336 -18.968 -6.407 42.675  0.60
-20.780492 -7.674855 44.980742 
-20.549464 -6.857317 44.808518 
-21.528126 -7.447562 44.226775 
-21.655718 -7.624338 44.196493 
-21.395404 -7.681469 44.448967 
FEnd
FBeg
 2467    O MET A 309  2672    O GLY B 348 unk
-21.012 -4.984 46.688 -18.968 -6.407 42.675  4.40
-19.501398 -7.873274 45.702600 
-17.750239 -6.771698 46.203927 
-17.740129 -6.710411 46.187345 
-18.110746 -6.182636 45.811425 
-19.262724 -5.787458 45.084542 
-20.549464 -6.857317 44.808518 
-20.780492 -7.674855 44.980742 
FEnd
FBeg
 2022   CG MET A 253  2676    O LEU B 349 unk
-21.225 -11.243 45.345 -17.280 -9.591 43.775  6.59
-19.768033 -8.459030 44.416266 
-19.501398 -7.873274 45.702600 
-19.334799 -7.951178 46.039247 
-18.818472 -9.290570 45.927295 
-18.296984 -11.654420 44.750345 
-18.302833 -11.673285 44.715799 
-18.456288 -11.670263 44.333385 
-18.952121 -11.178716 43.604707 
-19.308797 -10.338069 43.593027 
FEnd

+-+CCS_record::Boundary loops before union-find
Start boundary loop loop_id 0  init_edge IE_A_B
xyz -13.6671 -5.24651 31.8624
xyz -13.7011 -5.20514 31.8184
xyz -13.9226 -4.04577 31.9184
xyz -15.255 -1.75664 33.4476
xyz -15.7908 -1.94962 34.2832
xyz -15.6588 -1.44037 34.3297
xyz -16.3191 -1.33802 34.6833
xyz -15.9245 -0.976196 35.356
xyz -16.2309 -0.460801 36.987
xyz -15.8759 -0.504256 36.946
xyz -15.1913 -0.289998 37.0435
xyz -13.8735 -1.0958 38.1717
xyz -12.3134 -0.702558 39.1555
xyz -11.0031 0.792537 39.6772
xyz -10.7359 1.04284 41.0884
xyz -11.4775 0.139539 42.1592
xyz -14.228 -3.06486 42.6387
xyz -14.1522 -2.86814 42.9563
xyz -13.9904 -2.64795 43.5078
xyz -13.4684 -3.53768 44.2737
xyz -11.5392 -3.76041 45.5974
xyz -11.2607 -4.0221 46.1605
xyz -10.5722 -5.45677 47.1459
xyz -10.6612 -5.53902 47.1991
xyz -12.0165 -6.31534 47.689
xyz -14.0361 -6.83524 47.9891
xyz -14.4013 -6.97426 47.9718
xyz -15.7577 -7.21746 47.6706
xyz -15.8432 -7.24611 47.6827
xyz -17.1334 -6.89663 47.2569
xyz -17.4761 -6.95181 46.9555
xyz -17.7401 -6.71041 46.1873
xyz -17.7502 -6.7717 46.2039
xyz -19.5014 -7.87327 45.7026
xyz -19.3348 -7.95118 46.0392
xyz -17.8433 -7.2138 46.7839
xyz -17.5394 -7.00577 46.8442
xyz -17.5263 -7.01883 46.8364
xyz -15.9091 -7.55438 47.2462
xyz -15.8432 -7.24611 47.6827
xyz -15.3145 -7.49132 48.5945
xyz -15.078 -7.71884 49.8544
xyz -14.862 -8.01384 50.7968
xyz -14.5699 -8.82 51.0971
xyz -14.3399 -9.61134 50.9585
xyz -14.0033 -9.94202 51.373
xyz -13.4959 -10.9191 50.34
xyz -11.3575 -9.58109 50.1104
xyz -11.315 -9.57422 50.1059
xyz -11.3586 -9.5358 50.1452
xyz -11.4677 -7.47587 51.2258
xyz -8.45728 -5.93603 50.6052
xyz -8.76143 -5.18124 48.3624
xyz -7.02469 -3.79978 49.1498
xyz -6.13815 -4.42536 47.7259
xyz -4.20467 -6.9229 44.5837
xyz -4.29171 -7.69365 44.6964
xyz -2.17668 -9.53672 44.3748
xyz 1.83032 -6.71188 43.0229
xyz -1.33662 -10.5244 41.6492
xyz -2.73162 -11.7967 41.6735
xyz -2.87539 -11.8363 41.4443
xyz -4.42685 -12.2593 40.814
xyz -3.60766 -11.2343 39.9456
xyz -4.37929 -11.5694 39.335
xyz -2.06841 -13.0105 33.8362
xyz -1.91586 -13.3332 33.186
xyz -3.38347 -15.338 32.9922
xyz -5.16051 -15.931 35.0734
xyz -3.56001 -17.2602 32.5105
xyz -3.99282 -17.8215 31.8893
xyz -3.77041 -17.6574 31.9049
xyz -3.33116 -17.2117 32.2322
xyz -3.38347 -15.338 32.9922
xyz -5.68925 -12.1981 33.5464
xyz -7.59863 -10.9278 33.4537
xyz -6.55918 -6.81669 31.6064
xyz -6.54762 -6.02506 31.0275
xyz -7.55561 -6.16421 29.9391
xyz -8.35756 -6.86648 29.516
xyz -11.8799 -8.31968 28.6997
xyz -12.1386 -8.06719 28.8692
xyz -12.0822 -7.68289 29.1129
xyz -12.6006 -6.5351 29.4259
xyz -13.6013 -4.87973 30.9667
xyz -13.611 -4.91895 31.0739
End loop
Boundary info init_edge IE_A_B [total exposed]: 136.584307 136.584307
Start boundary loop loop_id 1  init_edge IE_A_B
xyz -10.0955 -14.5941 41.1966
xyz -10.1666 -14.559 41.3843
xyz -10.0096 -14.7066 41.5126
xyz -9.95249 -14.7176 41.2278
xyz -9.876 -15.0188 41.0616
xyz -10.2805 -14.6145 41.0161
End loop
Boundary info init_edge IE_A_B [total exposed]: 1.930623 1.930623
Start boundary loop loop_id 2  init_edge IE_A_B
xyz -20.2795 -6.77008 34.6612
xyz -20.2802 -6.77652 34.6515
xyz -20.2801 -6.77643 34.662
End loop
Boundary info init_edge IE_A_B [total exposed]: 0.028515 0.028515
Start boundary loop loop_id 3  init_edge IE_A_B
xyz -17.2952 -0.650884 37.2974
xyz -17.9098 -1.22132 37.7461
xyz -17.8882 -1.08643 37.2163
xyz -18.1513 -1.29905 36.2077
xyz -17.7548 -0.919598 36.9267
End loop
Boundary info init_edge IE_A_B [total exposed]: 4.115112 4.115112
Start boundary loop loop_id 4  init_edge IE_A_B
xyz -21.6743 -7.85154 42.1265
xyz -21.9865 -6.80114 41.9797
xyz -22.3937 -7.25278 42.5195
xyz -22.4687 -7.39994 42.6446
xyz -22.0186 -7.5521 43.617
xyz -21.5281 -7.44756 44.2268
xyz -21.6557 -7.62434 44.1965
xyz -21.3954 -7.68147 44.449
xyz -21.5967 -7.89946 43.8839
xyz -21.3346 -8.3661 43.2603
xyz -22.0504 -7.88378 42.4706
End loop
Boundary info init_edge IE_A_B [total exposed]: 7.725516 7.725516
Start boundary loop loop_id 5  init_edge IE_A_B
xyz -21.5784 -5.03859 36.5631
xyz -20.9838 -4.32855 36.9218
xyz -20.7483 -5.10979 36.2192
xyz -20.9017 -5.53894 35.9312
End loop
Boundary info init_edge IE_A_B [total exposed]: 3.661429 3.661429
