Begin VSO per interface edge
1 1059  1
1 1060  2
1 1061  1
1 1062  1
2 1059  1
3 1059  2
3 1060  3
4 1060  2
4 1061  2
4 1063  1
5 1059  1
6 1053  4
6 1058  3
6 1059  2
6 1060  3
6 1065  2
9 1058  2
9 1059  1
9 1065  1
10 1049  2
11 1046  3
11 1049  2
11 1050  3
11 1052  3
11 1053  4
11 1058  3
11 1064  3
11 1065  2
11 1068  2
11 1071  2
11 1962  1
12 1049  1
12 1960  1
12 1962  1
13 1052  4
13 1053  4
13 1060  3
14 1052  4
14 1053  4
15 1049  2
16 1041  2
16 1046  3
16 1049  3
16 1050  2
16 1052  3
16 1053  3
16 1054  1
16 1055  1
17 1050  3
17 1051  3
17 1052  3
17 1055  2
17 1060  3
17 1063  2
18 1055  1
19 1055  2
19 1060  2
19 1063  1
21 1041  3
21 1046  3
21 1049  2
24 1035  2
24 1036  1
24 1037  1
24 1040  2
24 1041  2
24 1046  2
24 1049  1
25 1035  3
25 1041  2
25 1042  3
26 1042  3
27 1042  3
28 1031  4
28 1035  3
28 1038  4
28 1039  4
28 1041  3
28 1042  4
28 1044  3
30 1041  1
30 1042  2
30 1043  1
30 1044  2
33 1030  2
33 1031  2
34 1028  1
34 1030  1
34 1031  1
35 1026  1
35 1028  2
35 1029  3
35 1030  2
35 1031  3
35 1032  3
35 1038  3
35 1042  3
35 1044  2
36 1026  2
36 1028  3
36 1029  3
37 1026  1
38 1026  1
38 1029  2
38 1042  2
38 1044  1
39 1031  3
39 1035  3
40 1031  2
40 1034  1
40 1035  2
40 1036  1
43 1035  3
43 1036  2
46 1035  3
46 1036  2
53 1914  1
90 1914  1
90 1915  1
966 1075  1
966 1114  2
966 1115  1
966 1116  1
967 1114  1
967 1115  2
967 1116  1
970 1958  2
970 1960  2
971 1956  1
971 1957  1
971 1958  1
971 1960  1
972 1960  1
974 1958  3
974 1960  2
977 1952  3
977 1953  3
977 1955  2
977 1956  2
977 1958  2
978 1956  3
978 1958  3
979 1948  3
979 1951  2
979 1952  2
979 1955  2
979 1956  3
979 1958  3
979 1970  1
980 1955  2
980 1970  1
983 1955  1
983 1956  2
984 1115  1
984 1954  1
984 1955  1
984 1956  1
985 1958  4
985 1960  3
986 1943  3
986 1948  3
986 1951  2
986 1958  4
986 1960  4
987 1951  1
988 1936  1
988 1942  2
988 1943  2
988 1951  1
989 1943  3
989 1960  3
992 1936  2
992 1943  3
993 1943  3
994 1936  2
995 1934  3
995 1936  2
995 1937  4
995 1940  3
995 1943  3
995 1944  2
995 1946  2
996 1943  2
996 1944  1
996 1945  2
996 1960  3
997 1944  1
997 1946  1
998 1943  3
998 1945  1
998 1960  2
1000 1927  2
1000 1934  3
1000 1935  2
1000 1936  2
1003 1927  1
1003 1934  2
1003 1935  1
1003 1936  1
1004 1927  2
1005 1925  3
1005 1927  2
1006 1925  2
1006 1927  1
1007 1925  2
1007 1927  1
1007 1928  1
1007 1931  1
1007 1932  1
1008 1919  1
1008 1925  2
1008 1926  3
1008 1927  3
1008 1931  2
1008 1932  1
1009 1919  1
1010 1918  2
1010 1919  1
1010 1922  2
1010 1925  2
1010 1926  3
1010 1927  3
1010 1933  3
1010 1934  4
1012 1036  1
1012 1919  2
1012 1920  2
1012 1922  2
1012 1933  3
1012 1934  4
1012 1937  3
1012 1940  3
1012 1946  2
1013 1036  1
1014 1036  1
1016 1931  1
End VSO per interface edge

Voronoi Facets of interface MI_AB
FBeg
   30   OG SER A   7  1043  CG1 VAL B   5 unk
1.463 0.663 10.245 0.632 4.820 8.479  19.98
3.616656 2.453589 8.283085 
5.556651 4.370531 11.882513 
4.935243 4.925137 13.480411 
2.778130 5.080570 14.861325 
1.429528 3.939229 12.809308 
1.210898 3.584792 12.077872 
2.232197 2.288085 8.544969 
FEnd
FBeg
   30   OG SER A   7  1041    O VAL B   5 hbd
1.463 0.663 10.245 0.681 1.641 6.729  2.50
2.232197 2.288085 8.544969 
3.616656 2.453589 8.283085 
3.764036 2.136136 8.162004 
3.472767 1.383464 8.017424 
0.359482 1.201876 8.659346 
FEnd
FBeg
   25    N SER A   7  1041    O VAL B   5 hbd
1.095 -0.925 8.011 0.681 1.641 6.729  6.03
3.472767 1.383464 8.017424 
0.359482 1.201876 8.659346 
-0.023785 1.090211 8.559612 
-0.913282 -0.119952 6.424645 
-0.853833 -0.172845 6.299579 
-0.388897 -0.102034 6.291168 
3.292628 1.223126 7.754670 
FEnd
FBeg
   21   CA ALA A   6  1041    O VAL B   5 unk
2.047 -1.128 5.800 0.681 1.641 6.729  4.42
-0.388897 -0.102034 6.291168 
0.566996 0.758354 5.132218 
2.658704 1.352875 6.435816 
3.292628 1.223126 7.754670 
FEnd
FBeg
   21   CA ALA A   6  1046   CA ALA B   6 ali
2.047 -1.128 5.800 1.723 2.869 4.497  2.84
0.566996 0.758354 5.132218 
2.658704 1.352875 6.435816 
2.461490 0.475090 3.792216 
2.301023 0.479491 3.845620 
FEnd
FBeg
   24   CB ALA A   6  1046   CA ALA B   6 ali
1.141 -1.622 4.686 1.723 2.869 4.497  0.90
2.301023 0.479491 3.845620 
0.566996 0.758354 5.132218 
0.537266 0.761700 5.120180 
-0.110244 0.824018 4.607064 
FEnd
FBeg
   24   CB ALA A   6  1049   CB ALA B   6 ali
1.141 -1.622 4.686 1.243 2.659 3.072  7.81
-0.110244 0.824018 4.607064 
2.301023 0.479491 3.845620 
2.463336 0.433538 3.733991 
2.659354 0.165244 3.034749 
2.435720 0.076912 2.786325 
2.046803 -0.058357 2.402957 
-0.597917 -0.507744 1.043856 
-0.834135 -0.457597 1.161939 
-0.903552 -0.426664 1.239598 
-0.159706 0.819404 4.591698 
FEnd
FBeg
   24   CB ALA A   6  1037  CD2 LEU B   4 ali
1.141 -1.622 4.686 -2.773 1.691 4.323  3.78
-0.903552 -0.426664 1.239598 
-0.959315 -0.491178 1.252053 
-1.040047 -0.576971 1.339528 
-1.196979 -0.435178 4.325738 
-0.701564 0.289267 5.595797 
-0.629484 0.363253 5.493859 
-0.159706 0.819404 4.591698 
FEnd
FBeg
   24   CB ALA A   6  1035   CG LEU B   4 ali
1.141 -1.622 4.686 -3.454 0.649 5.183  2.19
-1.196979 -0.435178 4.325738 
-1.476766 -1.321245 5.787785 
-1.377872 -1.248802 6.371088 
-1.022103 -0.529148 6.371941 
-0.853833 -0.172845 6.299579 
-0.701564 0.289267 5.595797 
FEnd
FBeg
   28    O SER A   7  1035   CG LEU B   4 unk
-1.464 -0.339 8.745 -3.454 0.649 5.183  3.14
-1.377872 -1.248802 6.371088 
-1.022103 -0.529148 6.371941 
-0.913282 -0.119952 6.424645 
-1.033949 0.157872 6.569120 
-2.454085 0.303787 7.402987 
-3.216164 -0.613007 7.574448 
-2.370303 -1.259639 6.922529 
-1.650120 -1.373635 6.488561 
FEnd
FBeg
   43   CB LEU A   9  1035   CG LEU B   4 ali
-3.302 -3.884 6.626 -3.454 0.649 5.183  0.68
-2.370303 -1.259639 6.922529 
-3.051015 -1.273975 6.949198 
-3.412733 -1.348677 6.752630 
-1.835490 -1.475039 6.189541 
-1.650120 -1.373635 6.488561 
FEnd
FBeg
   43   CB LEU A   9  1036  CD1 LEU B   4 ali
-3.302 -3.884 6.626 -3.840 -0.564 4.374  7.42
-3.412733 -1.348677 6.752630 
-1.835490 -1.475039 6.189541 
-3.059167 -2.907931 4.369442 
-5.481073 -2.968595 4.858598 
-6.642883 -2.891155 5.250319 
FEnd
FBeg
   40   CA LEU A   9  1036  CD1 LEU B   4 ali
-4.074 -3.514 7.906 -3.840 -0.564 4.374  4.25
-6.642883 -2.891155 5.250319 
-3.412733 -1.348677 6.752630 
-4.336761 -1.133608 6.871042 
-7.648126 -1.964438 5.957733 
-7.288927 -2.763159 5.314423 
-7.078292 -2.829492 5.272975 
FEnd
FBeg
   40   CA LEU A   9  1034   CB LEU B   4 ali
-4.074 -3.514 7.906 -4.700 1.240 5.851  5.35
-4.336761 -1.133608 6.871042 
-7.648126 -1.964438 5.957733 
-8.035639 -1.838253 6.367692 
-7.472955 -1.167650 7.747646 
-7.197863 -1.094878 7.832198 
-6.529106 -0.933657 8.001443 
-3.928440 -0.856566 7.387562 
FEnd
FBeg
   40   CA LEU A   9  1031   CA LEU B   4 ali
-4.074 -3.514 7.906 -4.390 1.811 7.236  0.72
-6.529106 -0.933657 8.001443 
-5.976594 -0.878709 8.177572 
-4.521228 -0.825189 7.916527 
-3.922919 -0.855965 7.389739 
-3.928440 -0.856566 7.387562 
FEnd
FBeg
   39    N LEU A   9  1031   CA LEU B   4 unk
-3.241 -2.725 8.806 -4.390 1.811 7.236  0.70
-4.521228 -0.825189 7.916527 
-3.922919 -0.855965 7.389739 
-3.216164 -0.613007 7.574448 
-3.409690 -0.453472 8.177005 
-3.557451 -0.478417 8.213072 
FEnd
FBeg
   35   CB ASN A   8  1031   CA LEU B   4 ali
-3.221 -0.001 10.772 -4.390 1.811 7.236  5.17
-3.409690 -0.453472 8.177005 
-2.636019 0.910489 8.620183 
-2.925532 1.980310 9.264118 
-2.972246 2.036652 9.308434 
-3.909980 1.650453 9.420543 
-5.489089 0.209177 9.204024 
-5.768767 -0.265614 9.053182 
-3.557451 -0.478417 8.213072 
FEnd
FBeg
   35   CB ASN A   8  1030    N LEU B   4 unk
-3.221 -0.001 10.772 -5.610 2.326 7.877  0.13
-5.489089 0.209177 9.204024 
-5.768767 -0.265614 9.053182 
-5.819301 -0.268285 9.092736 
-6.053489 -0.163267 9.370405 
FEnd
FBeg
   34    O ASN A   8  1030    N LEU B   4 hbd
-4.929 -2.427 10.249 -5.610 2.326 7.877  2.56
-5.819301 -0.268285 9.092736 
-6.053489 -0.163267 9.370405 
-7.221339 -0.292362 9.447015 
-7.844091 -0.537475 9.134649 
-7.463950 -1.165182 7.767716 
-7.197863 -1.094878 7.832198 
-6.592949 -0.919522 8.009905 
-5.843531 -0.334778 8.966454 
FEnd
FBeg
   34    O ASN A   8  1028    C GLY B   3 unk
-4.929 -2.427 10.249 -5.586 2.840 9.109  0.58
-6.053489 -0.163267 9.370405 
-7.221339 -0.292362 9.447015 
-6.976599 -0.162796 9.904586 
-6.516648 -0.028730 10.258915 
FEnd
FBeg
   33    C ASN A   8  1030    N LEU B   4 unk
-3.756 -2.260 9.936 -5.610 2.326 7.877  0.00
-5.768767 -0.265614 9.053182 
-5.819301 -0.268285 9.092736 
-5.843531 -0.334778 8.966454 
FEnd
FBeg
   35   CB ASN A   8  1028    C GLY B   3 ali
-3.221 -0.001 10.772 -5.586 2.840 9.109  4.40
-3.909980 1.650453 9.420543 
-5.489089 0.209177 9.204024 
-6.053489 -0.163267 9.370405 
-6.516648 -0.028730 10.258915 
-5.130453 1.725092 11.283723 
-5.118633 1.731740 11.278271 
FEnd
FBeg
   36   CG ASN A   8  1028    C GLY B   3 ali
-3.011 0.704 12.087 -5.586 2.840 9.109  0.00
-5.130453 1.725092 11.283723 
-5.118633 1.731740 11.278271 
-5.125077 1.736891 11.287538 
FEnd
FBeg
   36   CG ASN A   8  1026    N GLY B   3 unk
-3.011 0.704 12.087 -7.150 2.904 11.115  4.09
-5.125077 1.736891 11.287538 
-5.130453 1.725092 11.283723 
-6.090410 0.319689 12.190491 
-4.975595 3.195477 13.952337 
-4.684720 2.955900 12.171468 
FEnd
FBeg
   38  ND2 ASN A   8  1026    N GLY B   3 hbd
-2.265 1.803 12.061 -7.150 2.904 11.115  11.17
-4.975595 3.195477 13.952337 
-4.684720 2.955900 12.171468 
-4.185254 6.063398 13.208958 
-4.163330 6.511387 13.617136 
-4.294047 6.496287 14.274566 
-5.104771 6.107835 18.008921 
FEnd
FBeg
   38  ND2 ASN A   8  1044  CG2 VAL B   5 unk
-2.265 1.803 12.061 -1.570 4.127 9.473  32.30
-4.185254 6.063398 13.208958 
-4.163330 6.511387 13.617136 
-3.999505 6.675147 13.808186 
-2.514302 7.733887 15.157771 
1.612938 5.717319 14.455270 
1.429528 3.939229 12.809308 
0.329421 2.652684 11.358572 
-1.165188 1.510974 9.931953 
-2.994629 2.315367 10.163000 
FEnd
FBeg
   35   CB ASN A   8  1044  CG2 VAL B   5 ali
-3.221 -0.001 10.772 -1.570 4.127 9.473  1.29
-1.165188 1.510974 9.931953 
-2.994629 2.315367 10.163000 
-2.971263 2.037246 9.308878 
-2.919044 2.009297 9.286429 
-1.631465 1.526363 9.388233 
-1.473418 1.507264 9.528412 
FEnd
FBeg
   35   CB ASN A   8  1042   CB VAL B   5 ali
-3.221 -0.001 10.772 -0.405 3.709 8.587  0.04
-1.473418 1.507264 9.528412 
-1.165188 1.510974 9.931953 
-1.073615 1.450946 9.948048 
-1.148468 1.433726 9.822341 
FEnd
FBeg
   28    O SER A   7  1042   CB VAL B   5 unk
-1.464 -0.339 8.745 -0.405 3.709 8.587  0.95
-1.148468 1.433726 9.822341 
-1.473418 1.507264 9.528412 
-1.582001 1.529685 9.375058 
-0.654364 1.252327 8.486607 
-0.252542 1.142563 8.367634 
-0.023785 1.090211 8.559612 
-0.017278 1.089419 8.582931 
FEnd
FBeg
   28    O SER A   7  1039   CA VAL B   5 unk
-1.464 -0.339 8.745 -0.922 3.336 7.185  0.10
-0.654364 1.252327 8.486607 
-0.252542 1.142563 8.367634 
-0.502720 1.012058 7.973273 
FEnd
FBeg
   27    C SER A   7  1042   CB VAL B   5 ali
-0.853 -1.089 9.511 -0.405 3.709 8.587  0.75
-1.073615 1.450946 9.948048 
-1.148468 1.433726 9.822341 
-0.017278 1.089419 8.582931 
0.033304 1.097517 8.649507 
0.070206 1.135109 8.862599 
-0.598208 1.456121 10.205423 
FEnd
FBeg
   26   CA SER A   7  1042   CB VAL B   5 ali
0.633 -1.397 9.308 -0.405 3.709 8.587  0.02
0.033304 1.097517 8.649507 
0.203737 1.143078 8.726796 
0.070206 1.135109 8.862599 
FEnd
FBeg
   28    O SER A   7  1044  CG2 VAL B   5 unk
-1.464 -0.339 8.745 -1.570 4.127 9.473  0.00
-1.631465 1.526363 9.388233 
-1.582001 1.529685 9.375058 
-1.473418 1.507264 9.528412 
FEnd
FBeg
   38  ND2 ASN A   8  1042   CB VAL B   5 unk
-2.265 1.803 12.061 -0.405 3.709 8.587  0.48
0.329421 2.652684 11.358572 
-0.598208 1.456121 10.205423 
-1.073615 1.450946 9.948048 
-1.165188 1.510974 9.931953 
FEnd
FBeg
   38  ND2 ASN A   8  1029    O GLY B   3 hbd
-2.265 1.803 12.061 -4.547 2.931 9.781  4.61
-4.684720 2.955900 12.171468 
-4.185254 6.063398 13.208958 
-2.994629 2.315367 10.163000 
-3.656207 2.224836 10.780368 
FEnd
FBeg
   37  OD1 ASN A   8  1026    N GLY B   3 hbd
-3.518 0.264 13.126 -7.150 2.904 11.115  99.60
-6.090410 0.319689 12.190491 
-4.975595 3.195477 13.952337 
-5.104771 6.107835 18.008921 
-5.647736 5.992563 18.838225 
-14.638101 1.911423 29.717787 
-11.310424 -0.971674 19.922907 
-10.717941 -1.089779 18.697799 
-8.331189 -1.179221 14.269749 
-7.912634 -1.146127 13.557253 
-6.608882 -0.383161 12.204199 
FEnd
FBeg
   36   CG ASN A   8  1029    O GLY B   3 unk
-3.011 0.704 12.087 -4.547 2.931 9.781  1.22
-5.118633 1.731740 11.278271 
-5.125077 1.736891 11.287538 
-4.684720 2.955900 12.171468 
-3.656207 2.224836 10.780368 
FEnd
FBeg
   35   CB ASN A   8  1026    N GLY B   3 unk
-3.221 -0.001 10.772 -7.150 2.904 11.115  2.74
-6.516648 -0.028730 10.258915 
-6.608882 -0.383161 12.204199 
-6.090410 0.319689 12.190491 
-5.130453 1.725092 11.283723 
FEnd
FBeg
   35   CB ASN A   8  1029    O GLY B   3 unk
-3.221 -0.001 10.772 -4.547 2.931 9.781  2.28
-2.972246 2.036652 9.308434 
-3.909980 1.650453 9.420543 
-5.118633 1.731740 11.278271 
-3.656207 2.224836 10.780368 
-2.994629 2.315367 10.163000 
-2.971263 2.037246 9.308878 
FEnd
FBeg
   35   CB ASN A   8  1032    C LEU B   4 ali
-3.221 -0.001 10.772 -3.280 2.843 7.094  0.00
-2.925532 1.980310 9.264118 
-2.972246 2.036652 9.308434 
-2.971263 2.037246 9.308878 
-2.919044 2.009297 9.286429 
FEnd
FBeg
   35   CB ASN A   8  1038    N VAL B   5 unk
-3.221 -0.001 10.772 -2.038 2.418 7.285  0.82
-2.636019 0.910489 8.620183 
-2.925532 1.980310 9.264118 
-2.919044 2.009297 9.286429 
-1.631465 1.526363 9.388233 
FEnd
FBeg
   33    C ASN A   8  1031   CA LEU B   4 ali
-3.756 -2.260 9.936 -4.390 1.811 7.236  1.72
-5.976594 -0.878709 8.177572 
-4.521228 -0.825189 7.916527 
-3.557451 -0.478417 8.213072 
-5.768767 -0.265614 9.053182 
-5.843531 -0.334778 8.966454 
FEnd
FBeg
   34    O ASN A   8  1031   CA LEU B   4 unk
-4.929 -2.427 10.249 -4.390 1.811 7.236  0.30
-6.529106 -0.933657 8.001443 
-5.976594 -0.878709 8.177572 
-5.843531 -0.334778 8.966454 
-6.592949 -0.919522 8.009905 
FEnd
FBeg
 1013  CE2 PHE A 133  1036  CD1 LEU B   4 ali
-4.537 -5.052 3.194 -3.840 -0.564 4.374  0.69
-5.481073 -2.968595 4.858598 
-6.642883 -2.891155 5.250319 
-7.078292 -2.829492 5.272975 
-6.939183 -2.650179 4.508811 
-6.920841 -2.651533 4.503123 
FEnd
FBeg
 1012  CE1 PHE A 133  1036  CD1 LEU B   4 ali
-4.918 -3.344 1.559 -3.840 -0.564 4.374  7.27
-6.939183 -2.650179 4.508811 
-6.943473 -2.648597 4.508891 
-6.977071 -2.511218 4.386086 
-6.750126 -1.644432 3.443170 
-6.397067 -1.367447 3.034425 
-4.040999 -0.507910 1.283322 
-2.421680 -0.962217 1.111865 
-2.252460 -1.394795 1.474262 
-6.920841 -2.651533 4.503123 
FEnd
FBeg
 1012  CE1 PHE A 133  1946  CG2 VAL B 131 ali
-4.918 -3.344 1.559 -3.814 1.561 -1.011  3.33
-4.040999 -0.507910 1.283322 
-2.421680 -0.962217 1.111865 
-3.970066 -1.571865 -0.716828 
-4.549638 -1.485225 -0.800438 
-4.553657 -1.483862 -0.799563 
-5.119104 -1.149538 -0.404386 
FEnd
FBeg
 1012  CE1 PHE A 133  1937    C CSO B 130 unk
-4.918 -3.344 1.559 -6.181 0.099 -3.161  0.22
-4.553657 -1.483862 -0.799563 
-4.554231 -1.486336 -0.801215 
-4.821647 -1.655429 -0.853003 
-5.281802 -1.335809 -0.496726 
-5.300650 -1.230259 -0.414688 
-5.119104 -1.149538 -0.404386 
FEnd
FBeg
 1012  CE1 PHE A 133  1933    N CSO B 130 unk
-4.918 -3.344 1.559 -8.018 -1.091 -2.052  0.61
-5.281802 -1.335809 -0.496726 
-5.623705 -2.210768 -0.749117 
-6.211139 -1.573306 0.152919 
-5.300650 -1.230259 -0.414688 
FEnd
FBeg
 1010  CD1 PHE A 133  1933    N CSO B 130 unk
-6.122 -3.954 1.206 -8.018 -1.091 -2.052  1.29
-5.623705 -2.210768 -0.749117 
-6.211139 -1.573306 0.152919 
-6.966065 -1.671324 0.506114 
-6.087524 -2.945168 -1.124557 
FEnd
FBeg
 1010  CD1 PHE A 133  1934   CA CSO B 130 unk
-6.122 -3.954 1.206 -7.030 -1.169 -3.120  0.35
-6.087524 -2.945168 -1.124557 
-5.623705 -2.210768 -0.749117 
-5.395084 -2.519300 -0.995730 
-5.699004 -2.996275 -1.239007 
-6.072692 -3.116564 -1.238012 
-6.092736 -3.094792 -1.219788 
FEnd
FBeg
 1010  CD1 PHE A 133  1927    O LYS B 129 unk
-6.122 -3.954 1.206 -8.126 -3.313 -1.764  0.70
-6.072692 -3.116564 -1.238012 
-6.646891 -3.896712 -1.018948 
-7.844170 -4.055485 -0.245354 
-7.929812 -3.963878 -0.167796 
-6.092736 -3.094792 -1.219788 
FEnd
FBeg
 1008   CB PHE A 133  1927    O LYS B 129 unk
-7.838 -5.764 1.449 -8.126 -3.313 -1.764  0.19
-7.844170 -4.055485 -0.245354 
-7.929812 -3.963878 -0.167796 
-8.361331 -4.085930 -0.222223 
-9.127362 -4.558005 -0.513676 
-9.048194 -4.548829 -0.513772 
FEnd
FBeg
 1005   CA PHE A 133  1927    O LYS B 129 unk
-7.734 -6.674 0.228 -8.126 -3.313 -1.764  0.03
-9.127362 -4.558005 -0.513676 
-9.365875 -4.663295 -0.644389 
-9.324585 -4.713903 -0.737903 
-9.048194 -4.548829 -0.513772 
FEnd
FBeg
 1006    C PHE A 133  1927    O LYS B 129 unk
-9.113 -7.193 -0.100 -8.126 -3.313 -1.764  1.41
-9.365875 -4.663295 -0.644389 
-9.489272 -4.677471 -0.750638 
-10.614766 -5.382528 -3.062226 
-9.949492 -5.625529 -3.234233 
-9.761580 -5.613346 -3.094365 
-9.324585 -4.713903 -0.737903 
FEnd
FBeg
 1003   CB ALA A 132  1927    O LYS B 129 unk
-6.332 -5.933 -3.946 -8.126 -3.313 -1.764  4.30
-9.949492 -5.625529 -3.234233 
-10.349285 -5.377420 -3.860848 
-10.512677 -4.851378 -4.626822 
-7.446704 -3.778178 -3.394662 
-7.444551 -3.778168 -3.392905 
-8.062493 -4.875130 -2.583806 
-9.761580 -5.613346 -3.094365 
FEnd
FBeg
 1003   CB ALA A 132  1934   CA CSO B 130 unk
-6.332 -5.933 -3.946 -7.030 -1.169 -3.120  0.00
-7.446704 -3.778178 -3.394662 
-7.444551 -3.778168 -3.392905 
-7.416013 -3.770830 -3.411113 
FEnd
FBeg
 1003   CB ALA A 132  1935   CB CSO B 130 unk
-6.332 -5.933 -3.946 -7.713 -1.370 -4.484  8.28
-10.512677 -4.851378 -4.626822 
-7.446704 -3.778178 -3.394662 
-7.416013 -3.770830 -3.411113 
-5.971623 -3.440210 -4.314621 
-9.471101 -4.816040 -7.000738 
FEnd
FBeg
 1003   CB ALA A 132  1936   SG CSO B 130 unk
-6.332 -5.933 -3.946 -6.597 -1.364 -5.941  7.86
-5.971623 -3.440210 -4.314621 
-5.464454 -3.512871 -4.548399 
-5.243351 -3.653675 -4.900242 
-7.414678 -5.088405 -7.897675 
-8.118720 -5.448845 -8.629644 
-9.471101 -4.816040 -7.000738 
FEnd
FBeg
  988   SG CSO A 130  1936   SG CSO B 130 unk
-3.386 -3.892 -7.057 -6.597 -1.364 -5.941  25.22
-5.243351 -3.653675 -4.900242 
-7.414678 -5.088405 -7.897675 
-8.436133 -4.976946 -11.089127 
-7.715825 -3.734771 -11.830443 
-5.038118 -1.570534 -9.028538 
-3.773195 -1.146782 -6.348946 
-3.795804 -1.317619 -6.027016 
-3.985832 -2.069435 -4.870731 
-4.013587 -2.115418 -4.846427 
-4.579427 -2.847870 -4.815308 
FEnd
FBeg
  995    O VAL A 131  1936   SG CSO B 130 unk
-4.232 -3.062 -2.904 -6.597 -1.364 -5.941  1.36
-4.013587 -2.115418 -4.846427 
-3.998112 -2.068035 -4.831985 
-4.062857 -1.943564 -4.711974 
-4.818945 -2.030099 -4.171569 
-5.667647 -3.289478 -4.214784 
-5.510934 -3.404172 -4.400947 
-4.579427 -2.847870 -4.815308 
FEnd
FBeg
  995    O VAL A 131  1940    N VAL B 131 hbd
-4.232 -3.062 -2.904 -4.879 -0.088 -3.333  4.59
-4.062857 -1.943564 -4.711974 
-4.818945 -2.030099 -4.171569 
-4.771241 -1.731985 -2.176863 
-4.554231 -1.486336 -0.801215 
-4.549638 -1.485225 -0.800438 
-4.070184 -1.419385 -1.067100 
-2.950868 -1.442946 -2.918542 
FEnd
FBeg
  995    O VAL A 131  1944   CB VAL B 131 unk
-4.232 -3.062 -2.904 -3.014 1.131 -2.221  0.57
-4.070184 -1.419385 -1.067100 
-3.808542 -1.529966 -0.854817 
-3.565586 -1.560047 -1.103413 
-2.914969 -1.455881 -2.903153 
-2.950868 -1.442946 -2.918542 
FEnd
FBeg
  996   CB VAL A 131  1944   CB VAL B 131 ali
-1.455 -3.475 -1.924 -3.014 1.131 -2.221  9.05
-3.565586 -1.560047 -1.103413 
-2.914969 -1.455881 -2.903153 
-0.500632 -0.642063 -2.955368 
-0.164570 -0.388386 -0.785271 
-0.156939 -0.365187 -0.465549 
-0.603229 -0.437516 0.755385 
FEnd
FBeg
  996   CB VAL A 131  1945  CG1 VAL B 131 ali
-1.455 -3.475 -1.924 -1.917 2.150 -2.510  0.28
-0.500632 -0.642063 -2.955368 
-0.164570 -0.388386 -0.785271 
-0.219430 -0.587008 -2.648590 
-0.384883 -0.636639 -2.994553 
FEnd
FBeg
  996   CB VAL A 131  1960  CE1 PHE B 133 ali
-1.455 -3.475 -1.924 1.606 1.475 -4.098  0.05
-0.219430 -0.587008 -2.648590 
-0.264556 -0.819196 -3.240799 
-0.384883 -0.636639 -2.994553 
FEnd
FBeg
  998  CG2 VAL A 131  1960  CE1 PHE B 133 ali
0.047 -3.721 -1.942 1.606 1.475 -4.098  2.07
-0.219430 -0.587008 -2.648590 
-0.264556 -0.819196 -3.240799 
-0.202429 -0.903798 -3.399766 
0.421395 -1.170514 -3.591470 
1.275475 -0.867061 -2.242560 
0.362969 -0.279811 -1.487108 
FEnd
FBeg
   12  CD2 LEU A   4  1960  CE1 PHE B 133 ali
3.433 -0.972 0.011 1.606 1.475 -4.098  5.48
1.275475 -0.867061 -2.242560 
4.118507 0.058247 -2.955626 
4.765437 0.487487 -2.987651 
4.654837 1.029532 -2.615675 
4.523570 1.051500 -2.544227 
0.588535 0.308789 -1.236878 
0.362969 -0.279811 -1.487108 
FEnd
FBeg
   12  CD2 LEU A   4  1962   CZ PHE B 133 ali
3.433 -0.972 0.011 1.665 2.597 -3.283  3.58
4.523570 1.051500 -2.544227 
0.588535 0.308789 -1.236878 
0.686865 1.315147 -0.199282 
0.971024 1.471916 -0.181942 
FEnd
FBeg
   11  CD1 LEU A   4  1962   CZ PHE B 133 ali
4.265 1.170 0.881 1.665 2.597 -3.283  3.99
0.971024 1.471916 -0.181942 
4.523570 1.051500 -2.544227 
4.742892 1.121913 -2.657041 
5.013602 1.388441 -2.734733 
4.929592 1.474561 -2.652764 
2.041377 2.561910 -0.476730 
1.370949 2.255759 -0.163032 
FEnd
FBeg
   11  CD1 LEU A   4  1071  CD2 LEU B   9 ali
4.265 1.170 0.881 2.692 4.920 1.179  3.35
2.041377 2.561910 -0.476730 
1.370949 2.255759 -0.163032 
3.613690 2.990367 2.431095 
4.272349 3.278184 2.285996 
4.552930 3.424161 1.930080 
FEnd
FBeg
   11  CD1 LEU A   4  1052    C SER B   7 ali
4.265 1.170 0.881 6.285 3.690 3.507  0.52
4.272349 3.278184 2.285996 
4.469339 2.825829 2.568561 
5.266146 3.138472 1.655610 
5.072731 3.282270 1.666397 
4.552930 3.424161 1.930080 
FEnd
FBeg
   11  CD1 LEU A   4  1064    N LEU B   9 unk
4.265 1.170 0.881 6.617 4.343 0.755  0.49
5.266146 3.138472 1.655610 
6.102800 2.506596 1.360905 
6.158033 2.447233 0.897044 
5.310194 3.089371 1.241359 
5.072731 3.282270 1.666397 
FEnd
FBeg
   11  CD1 LEU A   4  1058    C ASN B   8 ali
4.265 1.170 0.881 7.802 3.789 0.967  0.60
6.102800 2.506596 1.360905 
6.528209 1.931226 1.386745 
6.636098 1.826074 0.151713 
6.158033 2.447233 0.897044 
FEnd
FBeg
    6   CA LEU A   4  1058    C ASN B   8 ali
6.990 -0.462 1.258 7.802 3.789 0.967  1.80
6.528209 1.931226 1.386745 
6.636098 1.826074 0.151713 
6.841765 1.768817 -0.110825 
6.936675 1.743749 -0.212190 
8.169598 1.575417 0.769092 
6.955481 1.872645 1.723237 
FEnd
FBeg
    6   CA LEU A   4  1053    O SER B   7 unk
6.990 -0.462 1.258 6.076 2.602 2.952  1.05
6.955481 1.872645 1.723237 
6.528209 1.931226 1.386745 
5.939751 1.186487 2.416278 
7.015238 1.292099 2.805534 
FEnd
FBeg
   13    N VAL A   5  1053    O SER B   7 hbd
6.152 -0.376 3.550 6.076 2.602 2.952  3.40
5.939751 1.186487 2.416278 
7.015238 1.292099 2.805534 
7.084176 1.550555 4.083870 
5.603802 1.603771 4.537022 
5.593377 1.602684 4.532934 
4.687333 1.351528 3.397345 
FEnd
FBeg
   16    O VAL A   5  1053    O SER B   7 unk
3.973 0.689 5.053 6.076 2.602 2.952  0.13
5.593377 1.602684 4.532934 
5.596098 1.604912 4.537686 
5.544156 1.629836 4.508388 
4.597618 1.456556 3.403175 
4.687333 1.351528 3.397345 
FEnd
FBeg
   16    O VAL A   5  1050    N SER B   7 hbd
3.973 0.689 5.053 4.104 3.373 4.520  6.40
5.544156 1.629836 4.508388 
4.597618 1.456556 3.403175 
3.561300 1.493581 3.334911 
3.355517 2.285962 7.274485 
3.569037 2.351440 7.656688 
5.023966 1.962164 6.054024 
5.628842 1.761392 5.191671 
5.706059 1.695219 4.877428 
FEnd
FBeg
   17   CB VAL A   5  1050    N SER B   7 unk
6.630 -0.513 5.959 4.104 3.373 4.520  0.00
5.628842 1.761392 5.191671 
5.706059 1.695219 4.877428 
5.706982 1.696731 4.879889 
5.660111 1.765842 5.148800 
FEnd
FBeg
   17   CB VAL A   5  1055   OG SER B   7 unk
6.630 -0.513 5.959 6.514 3.173 6.257  8.62
5.660111 1.765842 5.148800 
5.628842 1.761392 5.191671 
4.823001 1.565934 7.295623 
8.588724 1.581982 8.562986 
8.111542 1.745301 6.357120 
7.637686 1.836505 5.044552 
7.417371 1.842183 4.888557 
5.877507 1.784237 5.005891 
FEnd
FBeg
   17   CB VAL A   5  1060   CB ASN B   8 ali
6.630 -0.513 5.959 8.950 2.607 2.796  0.32
7.637686 1.836505 5.044552 
7.760559 1.661072 4.961630 
7.500138 1.225333 4.340801 
7.175124 1.551176 4.423822 
7.417371 1.842183 4.888557 
FEnd
FBeg
   19  CG2 VAL A   5  1060   CB ASN B   8 ali
8.047 -0.884 5.625 8.950 2.607 2.796  1.65
7.760559 1.661072 4.961630 
7.500138 1.225333 4.340801 
8.187089 0.369447 3.503904 
9.306473 0.519226 4.046032 
FEnd
FBeg
   19  CG2 VAL A   5  1063  ND2 ASN B   8 unk
8.047 -0.884 5.625 10.026 2.351 4.932  32.41
9.306473 0.519226 4.046032 
7.760559 1.661072 4.961630 
8.111542 1.745301 6.357120 
9.209517 1.702712 9.293797 
10.760689 1.111428 10.963301 
10.820550 1.066715 10.925521 
14.371345 -1.712215 8.093176 
13.664873 -1.691295 6.173361 
12.578139 -1.214966 5.293528 
FEnd
FBeg
    4    O GLY A   3  1063  ND2 ASN B   8 hbd
9.484 -0.403 2.525 10.026 2.351 4.932  2.48
12.578139 -1.214966 5.293528 
9.306473 0.519226 4.046032 
9.584205 0.580434 3.913462 
11.867337 0.063245 3.991102 
FEnd
FBeg
    4    O GLY A   3  1061   CG ASN B   8 unk
9.484 -0.403 2.525 10.157 2.740 3.671  2.20
9.584205 0.580434 3.913462 
11.867337 0.063245 3.991102 
10.800238 0.952282 2.179510 
FEnd
FBeg
    1    N GLY A   3  1061   CG ASN B   8 unk
11.921 -0.618 0.984 10.157 2.740 3.671  3.38
11.867337 0.063245 3.991102 
10.800238 0.952282 2.179510 
11.289123 1.859007 1.367306 
13.119223 0.507219 4.258114 
FEnd
FBeg
    1    N GLY A   3  1062  OD1 ASN B   8 hbd
11.921 -0.618 0.984 11.204 3.193 3.220  90.17
11.289123 1.859007 1.367306 
13.119223 0.507219 4.258114 
16.851284 -0.117150 6.519007 
19.430976 0.770873 5.832685 
28.661529 5.455202 0.808682 
24.315476 5.155199 -0.073611 
16.645557 4.132900 -0.790673 
15.222277 3.887294 -0.828458 
12.192105 3.120867 -0.493834 
11.325332 2.492248 0.299632 
FEnd
FBeg
    1    N GLY A   3  1059    O ASN B   8 hbd
11.921 -0.618 0.984 8.396 3.138 0.109  3.53
12.192105 3.120867 -0.493834 
11.031300 1.596048 -2.362844 
10.411371 1.601755 0.159083 
10.430937 1.657384 0.319052 
11.325332 2.492248 0.299632 
FEnd
FBeg
    3    C GLY A   3  1059    O ASN B   8 unk
9.413 -0.866 1.377 8.396 3.138 0.109  1.42
10.411371 1.601755 0.159083 
10.430937 1.657384 0.319052 
8.711799 1.311320 0.605112 
8.711331 1.272795 0.483836 
9.562274 1.038435 -0.938708 
FEnd
FBeg
    5    N LEU A   4  1059    O ASN B   8 hbd
8.262 -0.948 0.702 8.396 3.138 0.109  4.57
8.711331 1.272795 0.483836 
7.905286 1.058756 -1.173118 
8.276480 0.732481 -3.337400 
9.476065 0.701429 -3.280293 
9.562274 1.038435 -0.938708 
FEnd
FBeg
    9   CB LEU A   4  1059    O ASN B   8 unk
5.860 -0.636 0.243 8.396 3.138 0.109  2.55
7.905286 1.058756 -1.173118 
6.936675 1.743749 -0.212190 
6.929045 1.748558 -0.221121 
7.592689 1.183310 -3.581176 
8.276480 0.732481 -3.337400 
FEnd
FBeg
    9   CB LEU A   4  1065   CA LEU B   9 ali
5.860 -0.636 0.243 5.986 4.208 -0.547  5.67
6.929045 1.748558 -0.221121 
7.592689 1.183310 -3.581176 
7.184928 1.170232 -3.726403 
5.605839 1.258634 -3.436207 
5.194124 1.341734 -2.992331 
5.013602 1.388441 -2.734733 
6.632199 1.811135 0.115231 
6.841765 1.768817 -0.110825 
FEnd
FBeg
    3    C GLY A   3  1060   CB ASN B   8 ali
9.413 -0.866 1.377 8.950 2.607 2.796  4.09
10.430937 1.657384 0.319052 
8.711799 1.311320 0.605112 
8.486815 0.514671 2.481500 
10.789600 0.951904 2.162739 
FEnd
FBeg
    2   CA GLY A   3  1059    O ASN B   8 unk
10.665 -1.389 0.677 8.396 3.138 0.109  3.98
11.031300 1.596048 -2.362844 
10.411371 1.601755 0.159083 
9.562274 1.038435 -0.938708 
9.476065 0.701429 -3.280293 
10.035771 0.968101 -3.390763 
FEnd
FBeg
    1    N GLY A   3  1060   CB ASN B   8 unk
11.921 -0.618 0.984 8.950 2.607 2.796  1.60
10.800238 0.952282 2.179510 
11.289123 1.859007 1.367306 
11.325332 2.492248 0.299632 
10.430937 1.657384 0.319052 
10.789600 0.951904 2.162739 
FEnd
FBeg
    4    O GLY A   3  1060   CB ASN B   8 unk
9.484 -0.403 2.525 8.950 2.607 2.796  2.91
8.187089 0.369447 3.503904 
8.105497 0.378874 3.238420 
8.486815 0.514671 2.481500 
10.789600 0.951904 2.162739 
10.800238 0.952282 2.179510 
9.584205 0.580434 3.913462 
9.306473 0.519226 4.046032 
FEnd
FBeg
   17   CB VAL A   5  1063  ND2 ASN B   8 unk
6.630 -0.513 5.959 10.026 2.351 4.932  0.16
8.111542 1.745301 6.357120 
7.760559 1.661072 4.961630 
7.637686 1.836505 5.044552 
FEnd
FBeg
   19  CG2 VAL A   5  1055   OG SER B   7 unk
8.047 -0.884 5.625 6.514 3.173 6.257  0.55
8.588724 1.581982 8.562986 
8.111542 1.745301 6.357120 
9.209517 1.702712 9.293797 
FEnd
FBeg
   18  CG1 VAL A   5  1055   OG SER B   7 unk
6.202 -1.167 7.239 6.514 3.173 6.257  20.81
4.823001 1.565934 7.295623 
8.588724 1.581982 8.562986 
9.209517 1.702712 9.293797 
10.299280 2.207134 11.869354 
7.909120 2.810982 13.778692 
4.066939 1.849129 8.307001 
FEnd
FBeg
   17   CB VAL A   5  1051   CA SER B   7 ali
6.630 -0.513 5.959 5.264 4.257 4.495  0.03
5.706982 1.696731 4.879889 
5.660111 1.765842 5.148800 
5.877507 1.784237 5.005891 
FEnd
FBeg
   17   CB VAL A   5  1052    C SER B   7 ali
6.630 -0.513 5.959 6.285 3.690 3.507  0.70
5.706059 1.695219 4.877428 
5.706982 1.696731 4.879889 
5.877507 1.784237 5.005891 
7.417371 1.842183 4.888557 
7.175124 1.551176 4.423822 
5.982209 1.592724 4.662886 
5.708158 1.680090 4.851199 
FEnd
FBeg
   14   CA VAL A   5  1052    C SER B   7 ali
5.712 -0.944 4.823 6.285 3.690 3.507  0.06
5.982209 1.592724 4.662886 
5.708158 1.680090 4.851199 
5.596098 1.604912 4.537686 
5.603802 1.603771 4.537022 
FEnd
FBeg
   16    O VAL A   5  1055   OG SER B   7 hbd
3.973 0.689 5.053 6.514 3.173 6.257  1.31
5.023966 1.962164 6.054024 
3.911890 2.043595 8.233018 
4.066939 1.849129 8.307001 
4.823001 1.565934 7.295623 
5.628842 1.761392 5.191671 
FEnd
FBeg
   16    O VAL A   5  1054   CB SER B   7 unk
3.973 0.689 5.053 5.879 4.375 5.888  0.83
3.569037 2.351440 7.656688 
3.764036 2.136136 8.162004 
3.911890 2.043595 8.233018 
5.023966 1.962164 6.054024 
FEnd
FBeg
   16    O VAL A   5  1052    C SER B   7 unk
3.973 0.689 5.053 6.285 3.690 3.507  0.01
5.596098 1.604912 4.537686 
5.544156 1.629836 4.508388 
5.706059 1.695219 4.877428 
5.708158 1.680090 4.851199 
FEnd
FBeg
   14   CA VAL A   5  1053    O SER B   7 unk
5.712 -0.944 4.823 6.076 2.602 2.952  0.00
5.603802 1.603771 4.537022 
5.596098 1.604912 4.537686 
5.593377 1.602684 4.532934 
FEnd
FBeg
   13    N VAL A   5  1052    C SER B   7 unk
6.152 -0.376 3.550 6.285 3.690 3.507  0.39
7.084176 1.550555 4.083870 
5.603802 1.603771 4.537022 
5.982209 1.592724 4.662886 
7.175124 1.551176 4.423822 
FEnd
FBeg
   13    N VAL A   5  1060   CB ASN B   8 unk
6.152 -0.376 3.550 8.950 2.607 2.796  1.64
7.015238 1.292099 2.805534 
7.084176 1.550555 4.083870 
7.175124 1.551176 4.423822 
7.500138 1.225333 4.340801 
8.187089 0.369447 3.503904 
8.105497 0.378874 3.238420 
FEnd
FBeg
    6   CA LEU A   4  1060   CB ASN B   8 ali
6.990 -0.462 1.258 8.950 2.607 2.796  3.84
8.169598 1.575417 0.769092 
6.955481 1.872645 1.723237 
7.015238 1.292099 2.805534 
8.105497 0.378874 3.238420 
8.486815 0.514671 2.481500 
8.711799 1.311320 0.605112 
FEnd
FBeg
    6   CA LEU A   4  1059    O ASN B   8 unk
6.990 -0.462 1.258 8.396 3.138 0.109  1.86
6.936675 1.743749 -0.212190 
8.169598 1.575417 0.769092 
8.711799 1.311320 0.605112 
8.711331 1.272795 0.483836 
7.905286 1.058756 -1.173118 
FEnd
FBeg
    9   CB LEU A   4  1058    C ASN B   8 ali
5.860 -0.636 0.243 7.802 3.789 0.967  0.00
6.841765 1.768817 -0.110825 
6.929045 1.748558 -0.221121 
6.936675 1.743749 -0.212190 
FEnd
FBeg
    6   CA LEU A   4  1065   CA LEU B   9 ali
6.990 -0.462 1.258 5.986 4.208 -0.547  0.00
6.636098 1.826074 0.151713 
6.841765 1.768817 -0.110825 
6.632199 1.811135 0.115231 
FEnd
FBeg
   11  CD1 LEU A   4  1053    O SER B   7 unk
4.265 1.170 0.881 6.076 2.602 2.952  4.15
4.469339 2.825829 2.568561 
4.597618 1.456556 3.403175 
4.687333 1.351528 3.397345 
5.939751 1.186487 2.416278 
6.528209 1.931226 1.386745 
6.102800 2.506596 1.360905 
5.266146 3.138472 1.655610 
FEnd
FBeg
   11  CD1 LEU A   4  1050    N SER B   7 unk
4.265 1.170 0.881 4.104 3.373 4.520  1.81
3.613690 2.990367 2.431095 
3.537041 1.611492 3.262456 
3.561300 1.493581 3.334911 
4.597618 1.456556 3.403175 
4.469339 2.825829 2.568561 
4.272349 3.278184 2.285996 
FEnd
FBeg
   11  CD1 LEU A   4  1046   CA ALA B   6 ali
4.265 1.170 0.881 1.723 2.869 4.497  0.01
3.537041 1.611492 3.262456 
3.469762 1.394557 3.317088 
3.561300 1.493581 3.334911 
FEnd
FBeg
   11  CD1 LEU A   4  1068   CB LEU B   9 ali
4.265 1.170 0.881 4.450 4.271 -0.423  8.58
4.929592 1.474561 -2.652764 
2.041377 2.561910 -0.476730 
4.552930 3.424161 1.930080 
5.072731 3.282270 1.666397 
5.310194 3.089371 1.241359 
FEnd
FBeg
   11  CD1 LEU A   4  1065   CA LEU B   9 ali
4.265 1.170 0.881 5.986 4.208 -0.547  4.02
5.013602 1.388441 -2.734733 
4.929592 1.474561 -2.652764 
5.310194 3.089371 1.241359 
6.158033 2.447233 0.897044 
6.636098 1.826074 0.151713 
6.632199 1.811135 0.115231 
FEnd
FBeg
  972   CB ILE A 128  1960  CE1 PHE B 133 ali
4.519 -2.916 -4.107 1.606 1.475 -4.098  1.10
4.118507 0.058247 -2.955626 
4.049056 0.014762 -4.219179 
5.364483 0.885702 -3.381042 
4.765437 0.487487 -2.987651 
FEnd
FBeg
  971    O ILE A 128  1960  CE1 PHE B 133 unk
4.621 -0.823 -6.442 1.606 1.475 -4.098  2.38
4.049056 0.014762 -4.219179 
3.523028 -0.166721 -4.717867 
3.514697 -0.164289 -4.730968 
5.683792 2.190711 -4.249724 
5.605839 1.258634 -3.436207 
5.364483 0.885702 -3.381042 
FEnd
FBeg
  971    O ILE A 128  1958  CD1 PHE B 133 unk
4.621 -0.823 -6.442 1.775 1.604 -5.491  5.73
3.514697 -0.164289 -4.730968 
5.683792 2.190711 -4.249724 
5.693029 2.208243 -4.266826 
5.678497 2.216873 -4.332337 
4.230754 1.410314 -6.606532 
3.510976 0.774043 -7.136771 
3.116123 -0.061437 -6.186237 
FEnd
FBeg
  970    C ILE A 128  1958  CD1 PHE B 133 ali
4.251 -1.988 -6.423 1.775 1.604 -5.491  0.85
3.116123 -0.061437 -6.186237 
3.514697 -0.164289 -4.730968 
3.497300 -0.175465 -4.734113 
2.367677 -0.752897 -5.509657 
FEnd
FBeg
  974  CG2 ILE A 128  1958  CD1 PHE B 133 ali
3.001 -2.758 -4.029 1.775 1.604 -5.491  0.71
3.497300 -0.175465 -4.734113 
1.521547 -0.831478 -5.034564 
1.801384 -0.833073 -5.273987 
2.208633 -0.794101 -5.499222 
2.367677 -0.752897 -5.509657 
FEnd
FBeg
  978    C LYS A 129  1958  CD1 PHE B 133 ali
0.970 -1.485 -7.481 1.775 1.604 -5.491  3.20
1.801384 -0.833073 -5.273987 
0.044916 -0.226954 -5.504310 
-0.043620 -0.156686 -5.577571 
1.493815 0.681975 -7.501319 
1.571522 0.662509 -7.502536 
2.208633 -0.794101 -5.499222 
FEnd
FBeg
  978    C LYS A 129  1956   CB PHE B 133 ali
0.970 -1.485 -7.481 2.089 2.988 -7.578  0.01
1.493815 0.681975 -7.501319 
1.571522 0.662509 -7.502536 
1.511279 0.673648 -7.683854 
FEnd
FBeg
  979    O LYS A 129  1956   CB PHE B 133 unk
0.280 -0.477 -7.593 2.089 2.988 -7.578  0.18
1.511279 0.673648 -7.683854 
1.493815 0.681975 -7.501319 
1.243322 0.812540 -7.452422 
1.389190 0.741247 -8.575328 
FEnd
FBeg
  979    O LYS A 129  1952    N PHE B 133 hbd
0.280 -0.477 -7.593 -0.206 2.167 -7.824  5.18
1.243322 0.812540 -7.452422 
1.389190 0.741247 -8.575328 
1.301154 0.692655 -8.946290 
-0.173352 0.334036 -9.948792 
-0.783323 0.242526 -9.712887 
-0.869051 0.326998 -8.565673 
0.063924 0.680462 -6.482843 
FEnd
FBeg
  979    O LYS A 129  1948   CA ALA B 132 unk
0.280 -0.477 -7.593 -2.183 1.257 -6.784  2.94
-0.869051 0.326998 -8.565673 
-1.352793 -0.669535 -7.902467 
-0.170684 -0.083489 -5.559665 
0.063924 0.680462 -6.482843 
FEnd
FBeg
  986   CA CSO A 130  1948   CA ALA B 132 unk
-0.851 -2.717 -6.462 -2.183 1.257 -6.784  3.78
-1.352793 -0.669535 -7.902467 
-0.170684 -0.083489 -5.559665 
-0.291768 -0.093816 -5.186245 
-0.331803 -0.102601 -5.129056 
-3.063152 -1.122374 -6.416078 
FEnd
FBeg
  986   CA CSO A 130  1951   CB ALA B 132 unk
-0.851 -2.717 -6.462 -3.110 0.931 -7.950  0.54
-3.063152 -1.122374 -6.416078 
-1.352793 -0.669535 -7.902467 
-1.376277 -0.795074 -8.174586 
-3.131470 -1.221917 -6.556402 
-3.173859 -1.195655 -6.427666 
FEnd
FBeg
  987   CB CSO A 130  1951   CB ALA B 132 unk
-1.723 -3.328 -7.569 -3.110 0.931 -7.950  8.98
-1.376277 -0.795074 -8.174586 
-3.131470 -1.221917 -6.556402 
-4.245252 -1.983286 -11.012717 
-3.051043 -1.601364 -11.090833 
-1.220039 -0.921528 -10.156917 
FEnd
FBeg
  986   CA CSO A 130  1943    O VAL B 131 unk
-0.851 -2.717 -6.462 -2.531 -0.460 -4.685  4.43
-0.331803 -0.102601 -5.129056 
-3.063152 -1.122374 -6.416078 
-3.173859 -1.195655 -6.427666 
-3.074302 -1.931150 -5.399379 
-2.180602 -1.686900 -4.864689 
-0.164968 -0.760715 -4.135445 
FEnd
FBeg
  989    C CSO A 130  1943    O VAL B 131 unk
-0.902 -3.591 -5.211 -2.531 -0.460 -4.685  1.42
-2.180602 -1.686900 -4.864689 
-0.164968 -0.760715 -4.135445 
-0.202429 -0.903798 -3.399766 
-0.287961 -0.952147 -3.376858 
-0.963031 -1.286274 -3.478640 
FEnd
FBeg
  992    N VAL A 131  1943    O VAL B 131 hbd
-1.916 -3.367 -4.385 -2.531 -0.460 -4.685  3.69
-3.074302 -1.931150 -5.399379 
-2.180602 -1.686900 -4.864689 
-0.963031 -1.286274 -3.478640 
-2.794514 -1.639936 -3.151083 
-2.889846 -1.663317 -3.182217 
-3.998112 -2.068035 -4.831985 
-3.985832 -2.069435 -4.870731 
FEnd
FBeg
  993   CA VAL A 131  1943    O VAL B 131 unk
-2.126 -4.134 -3.166 -2.531 -0.460 -4.685  0.00
-2.794514 -1.639936 -3.151083 
-2.866296 -1.633276 -3.115836 
-2.889846 -1.663317 -3.182217 
FEnd
FBeg
  986   CA CSO A 130  1960  CE1 PHE B 133 unk
-0.851 -2.717 -6.462 1.606 1.475 -4.098  0.76
-0.291768 -0.093816 -5.186245 
-0.331803 -0.102601 -5.129056 
-0.164968 -0.760715 -4.135445 
0.528536 -1.063743 -4.318881 
0.179785 -0.387145 -5.156200 
FEnd
FBeg
  985    N CSO A 130  1960  CE1 PHE B 133 unk
0.513 -2.603 -6.938 1.606 1.475 -4.098  0.74
0.528536 -1.063743 -4.318881 
0.179785 -0.387145 -5.156200 
1.521547 -0.831478 -5.034564 
0.617456 -1.117068 -4.276533 
FEnd
FBeg
  979    O LYS A 129  1951   CB ALA B 132 unk
0.280 -0.477 -7.593 -3.110 0.931 -7.950  2.14
-0.783323 0.242526 -9.712887 
-1.220039 -0.921528 -10.156917 
-1.376277 -0.795074 -8.174586 
-1.352793 -0.669535 -7.902467 
-0.869051 0.326998 -8.565673 
FEnd
FBeg
  979    O LYS A 129  1970  OE1 GLU B 134 unk
0.280 -0.477 -7.593 -1.575 1.723 -11.536  1.16
-0.173352 0.334036 -9.948792 
0.012623 -0.058134 -10.255097 
-0.897970 -1.150150 -10.435996 
-1.220039 -0.921528 -10.156917 
-0.783323 0.242526 -9.712887 
FEnd
FBeg
  980   CB LYS A 129  1970  OE1 GLU B 134 unk
2.433 -1.968 -9.430 -1.575 1.723 -11.536  8.19
0.012623 -0.058134 -10.255097 
-0.897970 -1.150150 -10.435996 
-1.143065 -2.142296 -11.708395 
-1.019866 -2.166900 -11.985978 
0.200009 -1.905899 -13.850132 
1.210241 -0.933671 -14.068801 
1.179033 -0.383573 -13.045299 
FEnd
FBeg
  980   CB LYS A 129  1955    O PHE B 133 unk
2.433 -1.968 -9.430 1.477 2.219 -10.318  4.09
1.179033 -0.383573 -13.045299 
0.012623 -0.058134 -10.255097 
1.074305 0.373819 -9.361379 
2.109371 0.597325 -9.421859 
FEnd
FBeg
  983   CE LYS A 129  1955    O PHE B 133 unk
4.412 0.163 -10.515 1.477 2.219 -10.318  13.78
2.109371 0.597325 -9.421859 
1.179033 -0.383573 -13.045299 
1.526657 0.219671 -14.162014 
2.513634 1.570599 -13.556588 
3.752848 3.176058 -11.849631 
3.579730 2.742987 -9.909064 
2.311005 0.853891 -9.095496 
FEnd
FBeg
  983   CE LYS A 129  1956   CB PHE B 133 ali
4.412 0.163 -10.515 2.089 2.988 -7.578  3.46
3.579730 2.742987 -9.909064 
2.311005 0.853891 -9.095496 
3.948688 0.864159 -7.810058 
4.532153 1.272339 -7.741185 
FEnd
FBeg
  984   NZ LYS A 129  1956   CB PHE B 133 unk
5.368 1.273 -10.182 2.089 2.988 -7.578  5.28
4.532153 1.272339 -7.741185 
3.579730 2.742987 -9.909064 
3.772930 3.500856 -10.164917 
3.884795 3.791287 -10.215334 
5.598738 3.019764 -7.548982 
5.489979 2.104805 -7.083338 
FEnd
FBeg
  984   NZ LYS A 129  1115  OE1 GLU B  15 elf
5.368 1.273 -10.182 5.445 5.764 -8.932  7.80
3.884795 3.791287 -10.215334 
5.598738 3.019764 -7.548982 
6.544662 3.704147 -10.066102 
6.394042 4.142153 -11.630494 
5.774029 4.340125 -12.303575 
5.262241 4.346189 -12.293836 
3.892247 3.880978 -10.538034 
FEnd
FBeg
  967   NZ LYS A 127  1115  OE1 GLU B  15 elf
8.797 2.220 -10.247 5.445 5.764 -8.932  0.71
6.544662 3.704147 -10.066102 
6.394042 4.142153 -11.630494 
7.221912 4.183036 -9.630395 
FEnd
FBeg
  967   NZ LYS A 127  1114   CD GLU B  15 unk
8.797 2.220 -10.247 6.085 6.796 -9.218  8.47
6.394042 4.142153 -11.630494 
7.221912 4.183036 -9.630395 
8.188173 4.642649 -9.127660 
9.361301 6.173679 -12.844346 
6.321302 4.333863 -12.674744 
FEnd
FBeg
  967   NZ LYS A 127  1116  OE2 GLU B  15 elf
8.797 2.220 -10.247 7.220 7.060 -8.751  7.31
8.188173 4.642649 -9.127660 
10.162890 5.055080 -8.380361 
10.183168 5.089661 -8.470863 
10.323538 6.766608 -13.748310 
9.361301 6.173679 -12.844346 
FEnd
FBeg
  966   CE LYS A 127  1116  OE2 GLU B  15 unk
8.451 1.532 -8.953 7.220 7.060 -8.751  2.85
8.188173 4.642649 -9.127660 
10.162890 5.055080 -8.380361 
10.056472 5.017890 -8.011122 
9.588923 4.897729 -7.572025 
7.617467 4.453012 -7.415911 
7.634776 4.466633 -7.683177 
FEnd
FBeg
  966   CE LYS A 127  1075    O ASN B  10 unk
8.451 1.532 -8.953 7.810 5.829 -4.807  10.63
9.588923 4.897729 -7.572025 
7.617467 4.453012 -7.415911 
5.891867 3.222308 -6.407174 
5.891555 3.160157 -6.342808 
6.041969 2.619232 -5.758927 
6.713058 2.153319 -5.172290 
9.075172 2.433513 -5.097489 
9.960969 3.428869 -5.992147 
FEnd
FBeg
  966   CE LYS A 127  1114   CD GLU B  15 ali
8.451 1.532 -8.953 6.085 6.796 -9.218  0.92
7.221912 4.183036 -9.630395 
8.188173 4.642649 -9.127660 
7.634776 4.466633 -7.683177 
FEnd
FBeg
  966   CE LYS A 127  1115  OE1 GLU B  15 unk
8.451 1.532 -8.953 5.445 5.764 -8.932  5.49
5.598738 3.019764 -7.548982 
6.544662 3.704147 -10.066102 
7.221912 4.183036 -9.630395 
7.634776 4.466633 -7.683177 
7.617467 4.453012 -7.415911 
5.891867 3.222308 -6.407174 
FEnd
FBeg
  984   NZ LYS A 129  1954    C PHE B 133 unk
5.368 1.273 -10.182 0.811 3.098 -9.780  0.07
3.772930 3.500856 -10.164917 
3.884795 3.791287 -10.215334 
3.892247 3.880978 -10.538034 
3.870591 3.840216 -10.598478 
FEnd
FBeg
  984   NZ LYS A 129  1955    O PHE B 133 hbd
5.368 1.273 -10.182 1.477 2.219 -10.318  1.13
3.752848 3.176058 -11.849631 
3.800888 3.413321 -11.573694 
3.870591 3.840216 -10.598478 
3.772930 3.500856 -10.164917 
3.579730 2.742987 -9.909064 
FEnd
FBeg
  977   CA LYS A 129  1955    O PHE B 133 unk
2.421 -1.516 -7.965 1.477 2.219 -10.318  0.53
1.074305 0.373819 -9.361379 
2.109371 0.597325 -9.421859 
2.311005 0.853891 -9.095496 
1.530625 0.779599 -8.900342 
1.306968 0.696649 -8.942283 
1.301154 0.692655 -8.946290 
FEnd
FBeg
  977   CA LYS A 129  1953   CA PHE B 133 ali
2.421 -1.516 -7.965 0.725 3.202 -8.252  0.03
1.530625 0.779599 -8.900342 
1.306968 0.696649 -8.942283 
1.393512 0.746551 -8.633354 
FEnd
FBeg
  979    O LYS A 129  1955    O PHE B 133 unk
0.280 -0.477 -7.593 1.477 2.219 -10.318  0.65
1.301154 0.692655 -8.946290 
1.074305 0.373819 -9.361379 
0.012623 -0.058134 -10.255097 
-0.173352 0.334036 -9.948792 
FEnd
FBeg
  977   CA LYS A 129  1952    N PHE B 133 unk
2.421 -1.516 -7.965 -0.206 2.167 -7.824  0.01
1.389190 0.741247 -8.575328 
1.301154 0.692655 -8.946290 
1.306968 0.696649 -8.942283 
1.393512 0.746551 -8.633354 
FEnd
FBeg
  977   CA LYS A 129  1956   CB PHE B 133 ali
2.421 -1.516 -7.965 2.089 2.988 -7.578  3.21
1.571522 0.662509 -7.502536 
1.511279 0.673648 -7.683854 
1.389190 0.741247 -8.575328 
1.393512 0.746551 -8.633354 
1.530625 0.779599 -8.900342 
2.311005 0.853891 -9.095496 
3.948688 0.864159 -7.810058 
3.510976 0.774043 -7.136771 
FEnd
FBeg
  979    O LYS A 129  1958  CD1 PHE B 133 unk
0.280 -0.477 -7.593 1.775 1.604 -5.491  1.18
-0.043620 -0.156686 -5.577571 
-0.170684 -0.083489 -5.559665 
0.063924 0.680462 -6.482843 
1.243322 0.812540 -7.452422 
1.493815 0.681975 -7.501319 
FEnd
FBeg
  986   CA CSO A 130  1958  CD1 PHE B 133 unk
-0.851 -2.717 -6.462 1.775 1.604 -5.491  0.15
0.044916 -0.226954 -5.504310 
0.179785 -0.387145 -5.156200 
-0.291768 -0.093816 -5.186245 
-0.170684 -0.083489 -5.559665 
-0.043620 -0.156686 -5.577571 
FEnd
FBeg
  985    N CSO A 130  1958  CD1 PHE B 133 unk
0.513 -2.603 -6.938 1.775 1.604 -5.491  0.51
1.521547 -0.831478 -5.034564 
0.179785 -0.387145 -5.156200 
0.044916 -0.226954 -5.504310 
1.801384 -0.833073 -5.273987 
FEnd
FBeg
  977   CA LYS A 129  1958  CD1 PHE B 133 ali
2.421 -1.516 -7.965 1.775 1.604 -5.491  2.81
3.510976 0.774043 -7.136771 
3.116123 -0.061437 -6.186237 
2.367677 -0.752897 -5.509657 
2.208633 -0.794101 -5.499222 
1.571522 0.662509 -7.502536 
FEnd
FBeg
  971    O ILE A 128  1956   CB PHE B 133 unk
4.621 -0.823 -6.442 2.089 2.988 -7.578  2.24
4.230754 1.410314 -6.606532 
5.712120 2.449859 -6.420893 
5.489979 2.104805 -7.083338 
4.532153 1.272339 -7.741185 
3.948688 0.864159 -7.810058 
3.510976 0.774043 -7.136771 
FEnd
FBeg
  971    O ILE A 128  1957   CG PHE B 133 unk
4.621 -0.823 -6.442 2.001 2.845 -6.075  2.49
5.678497 2.216873 -4.332337 
5.900224 2.401823 -4.597929 
6.041969 2.619232 -5.758927 
5.712120 2.449859 -6.420893 
4.230754 1.410314 -6.606532 
FEnd
FBeg
  970    C ILE A 128  1960  CE1 PHE B 133 ali
4.251 -1.988 -6.423 1.606 1.475 -4.098  0.00
3.523028 -0.166721 -4.717867 
3.497300 -0.175465 -4.734113 
3.514697 -0.164289 -4.730968 
FEnd
FBeg
  974  CG2 ILE A 128  1960  CE1 PHE B 133 ali
3.001 -2.758 -4.029 1.606 1.475 -4.098  7.87
0.421395 -1.170514 -3.591470 
0.617456 -1.117068 -4.276533 
1.521547 -0.831478 -5.034564 
3.497300 -0.175465 -4.734113 
3.523028 -0.166721 -4.717867 
4.049056 0.014762 -4.219179 
4.118507 0.058247 -2.955626 
1.275475 -0.867061 -2.242560 
FEnd
FBeg
  989    C CSO A 130  1960  CE1 PHE B 133 unk
-0.902 -3.591 -5.211 1.606 1.475 -4.098  0.57
-0.202429 -0.903798 -3.399766 
-0.164968 -0.760715 -4.135445 
0.528536 -1.063743 -4.318881 
0.617456 -1.117068 -4.276533 
0.421395 -1.170514 -3.591470 
FEnd
FBeg
  998  CG2 VAL A 131  1943    O VAL B 131 unk
0.047 -3.721 -1.942 -2.531 -0.460 -4.685  0.01
-0.264556 -0.819196 -3.240799 
-0.202429 -0.903798 -3.399766 
-0.287961 -0.952147 -3.376858 
FEnd
FBeg
  998  CG2 VAL A 131  1945  CG1 VAL B 131 ali
0.047 -3.721 -1.942 -1.917 2.150 -2.510  0.62
-0.164570 -0.388386 -0.785271 
-0.219430 -0.587008 -2.648590 
0.362969 -0.279811 -1.487108 
-0.130668 -0.352277 -0.529268 
FEnd
FBeg
  996   CB VAL A 131  1943    O VAL B 131 unk
-1.455 -3.475 -1.924 -2.531 -0.460 -4.685  1.46
-2.914969 -1.455881 -2.903153 
-0.500632 -0.642063 -2.955368 
-0.384883 -0.636639 -2.994553 
-0.264556 -0.819196 -3.240799 
-0.287961 -0.952147 -3.376858 
-0.963031 -1.286274 -3.478640 
-2.794514 -1.639936 -3.151083 
-2.866296 -1.633276 -3.115836 
FEnd
FBeg
  997  CG1 VAL A 131  1944   CB VAL B 131 ali
-2.039 -4.060 -0.640 -3.014 1.131 -2.221  0.81
-3.808542 -1.529966 -0.854817 
-3.565586 -1.560047 -1.103413 
-0.603229 -0.437516 0.755385 
-0.628348 -0.413142 0.850903 
FEnd
FBeg
  995    O VAL A 131  1943    O VAL B 131 unk
-4.232 -3.062 -2.904 -2.531 -0.460 -4.685  0.46
-3.998112 -2.068035 -4.831985 
-4.062857 -1.943564 -4.711974 
-2.950868 -1.442946 -2.918542 
-2.914969 -1.455881 -2.903153 
-2.866296 -1.633276 -3.115836 
-2.889846 -1.663317 -3.182217 
FEnd
FBeg
  992    N VAL A 131  1936   SG CSO B 130 unk
-1.916 -3.367 -4.385 -6.597 -1.364 -5.941  0.00
-3.985832 -2.069435 -4.870731 
-3.998112 -2.068035 -4.831985 
-4.013587 -2.115418 -4.846427 
FEnd
FBeg
  988   SG CSO A 130  1943    O VAL B 131 unk
-3.386 -3.892 -7.057 -2.531 -0.460 -4.685  1.07
-3.795804 -1.317619 -6.027016 
-3.985832 -2.069435 -4.870731 
-3.074302 -1.931150 -5.399379 
-3.173859 -1.195655 -6.427666 
-3.515738 -1.162229 -6.352798 
FEnd
FBeg
  988   SG CSO A 130  1942    C VAL B 131 unk
-3.386 -3.892 -7.057 -3.078 0.637 -4.632  0.05
-3.773195 -1.146782 -6.348946 
-3.795804 -1.317619 -6.027016 
-3.515738 -1.162229 -6.352798 
FEnd
FBeg
  988   SG CSO A 130  1951   CB ALA B 132 unk
-3.386 -3.892 -7.057 -3.110 0.931 -7.950  5.24
-5.038118 -1.570534 -9.028538 
-3.773195 -1.146782 -6.348946 
-3.515738 -1.162229 -6.352798 
-3.173859 -1.195655 -6.427666 
-3.131470 -1.221917 -6.556402 
-4.245252 -1.983286 -11.012717 
-5.571621 -1.870515 -10.813592 
FEnd
FBeg
  994    C VAL A 131  1936   SG CSO B 130 unk
-3.624 -4.127 -2.967 -6.597 -1.364 -5.941  0.34
-5.464454 -3.512871 -4.548399 
-5.243351 -3.653675 -4.900242 
-4.579427 -2.847870 -4.815308 
-5.510934 -3.404172 -4.400947 
FEnd
FBeg
 1000   CA ALA A 132  1936   SG CSO B 130 unk
-5.674 -5.378 -2.691 -6.597 -1.364 -5.941  0.10
-5.971623 -3.440210 -4.314621 
-5.464454 -3.512871 -4.548399 
-5.510934 -3.404172 -4.400947 
-5.667647 -3.289478 -4.214784 
-5.877394 -3.359837 -4.242115 
FEnd
FBeg
 1000   CA ALA A 132  1935   CB CSO B 130 unk
-5.674 -5.378 -2.691 -7.713 -1.370 -4.484  0.11
-7.416013 -3.770830 -3.411113 
-5.971623 -3.440210 -4.314621 
-5.877394 -3.359837 -4.242115 
FEnd
FBeg
 1007    O PHE A 133  1927    O LYS B 129 unk
-10.115 -6.541 0.189 -8.126 -3.313 -1.764  0.19
-9.489272 -4.677471 -0.750638 
-9.686693 -4.673896 -0.945790 
-10.645710 -5.368859 -3.071147 
-10.614766 -5.382528 -3.062226 
FEnd
FBeg
 1007    O PHE A 133  1928   CB LYS B 129 unk
-10.115 -6.541 0.189 -10.920 -2.167 -0.878  3.31
-9.686693 -4.673896 -0.945790 
-10.645710 -5.368859 -3.071147 
-11.869052 -5.517616 -2.758000 
-10.163709 -4.473842 0.234188 
FEnd
FBeg
 1007    O PHE A 133  1931   CE LYS B 129 unk
-10.115 -6.541 0.189 -12.739 -4.100 0.833  14.78
-11.869052 -5.517616 -2.758000 
-12.143892 -5.927612 -2.323805 
-13.014107 -7.932214 1.728663 
-12.951899 -8.013579 2.290535 
-11.800507 -6.915785 2.820873 
-10.604684 -5.468472 2.207440 
-10.054026 -4.447965 0.583010 
-10.163709 -4.473842 0.234188 
FEnd
FBeg
 1008   CB PHE A 133  1931   CE LYS B 129 ali
-7.838 -5.764 1.449 -12.739 -4.100 0.833  1.09
-10.604684 -5.468472 2.207440 
-10.054026 -4.447965 0.583010 
-10.009070 -3.897264 1.712940 
FEnd
FBeg
 1008   CB PHE A 133  1932   NZ LYS B 129 unk
-7.838 -5.764 1.449 -12.392 -3.784 2.255  4.97
-10.009070 -3.897264 1.712940 
-10.604684 -5.468472 2.207440 
-10.818267 -6.334139 3.127244 
-10.205432 -5.393922 4.280123 
-9.640105 -4.051494 4.176515 
-9.865211 -3.690752 2.018450 
FEnd
FBeg
 1008   CB PHE A 133  1919    O ILE B 128 unk
-7.838 -5.764 1.449 -9.268 -1.362 2.334  3.86
-9.640105 -4.051494 4.176515 
-8.717871 -3.942595 5.125018 
-8.275500 -3.275243 2.520389 
-8.469411 -3.190234 1.784231 
-9.865211 -3.690752 2.018450 
FEnd
FBeg
 1010  CD1 PHE A 133  1919    O ILE B 128 unk
-6.122 -3.954 1.206 -9.268 -1.362 2.334  3.84
-8.275500 -3.275243 2.520389 
-8.469411 -3.190234 1.784231 
-7.881021 -2.375288 1.552614 
-6.972886 -1.644177 2.405410 
-6.896166 -1.630971 2.589034 
-6.977071 -2.511218 4.386086 
-7.019021 -2.631120 4.544608 
-7.021080 -2.632979 4.543137 
FEnd
FBeg
 1010  CD1 PHE A 133  1918    C ILE B 128 ali
-6.122 -3.954 1.206 -9.266 -0.429 1.532  0.79
-7.881021 -2.375288 1.552614 
-6.972886 -1.644177 2.405410 
-7.185081 -1.695282 0.911550 
FEnd
FBeg
 1010  CD1 PHE A 133  1925   CA LYS B 129 ali
-6.122 -3.954 1.206 -9.506 -1.951 -0.343  2.74
-8.469411 -3.190234 1.784231 
-7.881021 -2.375288 1.552614 
-7.185081 -1.695282 0.911550 
-7.000590 -1.675635 0.533910 
-8.041742 -3.832653 0.019223 
FEnd
FBeg
 1009   CG PHE A 133  1919    O ILE B 128 unk
-6.546 -5.110 1.836 -9.268 -1.362 2.334  2.65
-8.717871 -3.942595 5.125018 
-8.275500 -3.275243 2.520389 
-7.021080 -2.632979 4.543137 
-8.683054 -3.923169 5.169115 
FEnd
FBeg
 1007    O PHE A 133  1932   NZ LYS B 129 hbd
-10.115 -6.541 0.189 -12.392 -3.784 2.255  0.73
-11.800507 -6.915785 2.820873 
-10.818267 -6.334139 3.127244 
-10.604684 -5.468472 2.207440 
FEnd
FBeg
 1016   CA GLU A 134  1931   CE LYS B 129 ali
-10.443 -8.964 -1.080 -12.739 -4.100 0.833  11.50
-12.143892 -5.927612 -2.323805 
-13.014107 -7.932214 1.728663 
-15.190427 -8.403895 0.315920 
-16.388201 -8.145921 -1.777583 
FEnd
FBeg
 1007    O PHE A 133  1925   CA LYS B 129 unk
-10.115 -6.541 0.189 -9.506 -1.951 -0.343  0.48
-9.489272 -4.677471 -0.750638 
-9.686693 -4.673896 -0.945790 
-10.163709 -4.473842 0.234188 
-10.054026 -4.447965 0.583010 
-9.403548 -4.655670 -0.464412 
-9.403259 -4.659118 -0.493826 
FEnd
FBeg
 1006    C PHE A 133  1925   CA LYS B 129 ali
-9.113 -7.193 -0.100 -9.506 -1.951 -0.343  0.01
-9.365875 -4.663295 -0.644389 
-9.489272 -4.677471 -0.750638 
-9.403259 -4.659118 -0.493826 
FEnd
FBeg
 1005   CA PHE A 133  1925   CA LYS B 129 ali
-7.734 -6.674 0.228 -9.506 -1.951 -0.343  0.03
-9.127362 -4.558005 -0.513676 
-9.365875 -4.663295 -0.644389 
-9.403259 -4.659118 -0.493826 
-9.403548 -4.655670 -0.464412 
FEnd
FBeg
 1008   CB PHE A 133  1925   CA LYS B 129 ali
-7.838 -5.764 1.449 -9.506 -1.951 -0.343  4.48
-8.361331 -4.085930 -0.222223 
-9.127362 -4.558005 -0.513676 
-9.403548 -4.655670 -0.464412 
-10.054026 -4.447965 0.583010 
-10.009070 -3.897264 1.712940 
-9.865211 -3.690752 2.018450 
-8.469411 -3.190234 1.784231 
-8.041742 -3.832653 0.019223 
FEnd
FBeg
 1008   CB PHE A 133  1926    C LYS B 129 ali
-7.838 -5.764 1.449 -8.486 -2.178 -1.455  0.06
-7.929812 -3.963878 -0.167796 
-8.361331 -4.085930 -0.222223 
-8.041742 -3.832653 0.019223 
FEnd
FBeg
 1004    N PHE A 133  1927    O LYS B 129 hbd
-7.235 -5.944 -0.925 -8.126 -3.313 -1.764  5.68
-6.646891 -3.896712 -1.018948 
-7.844170 -4.055485 -0.245354 
-9.048194 -4.548829 -0.513772 
-9.324585 -4.713903 -0.737903 
-9.761580 -5.613346 -3.094365 
-8.062493 -4.875130 -2.583806 
FEnd
FBeg
 1000   CA ALA A 132  1927    O LYS B 129 unk
-5.674 -5.378 -2.691 -8.126 -3.313 -1.764  2.95
-6.072692 -3.116564 -1.238012 
-6.646891 -3.896712 -1.018948 
-8.062493 -4.875130 -2.583806 
-7.444551 -3.778168 -3.392905 
FEnd
FBeg
 1000   CA ALA A 132  1934   CA CSO B 130 unk
-5.674 -5.378 -2.691 -7.030 -1.169 -3.120  3.32
-5.699004 -2.996275 -1.239007 
-6.072692 -3.116564 -1.238012 
-7.444551 -3.778168 -3.392905 
-7.416013 -3.770830 -3.411113 
-5.877394 -3.359837 -4.242115 
-5.667647 -3.289478 -4.214784 
FEnd
FBeg
  995    O VAL A 131  1934   CA CSO B 130 unk
-4.232 -3.062 -2.904 -7.030 -1.169 -3.120  5.10
-5.395084 -2.519300 -0.995730 
-5.699004 -2.996275 -1.239007 
-5.667647 -3.289478 -4.214784 
-4.818945 -2.030099 -4.171569 
-4.771241 -1.731985 -2.176863 
-4.821647 -1.655429 -0.853003 
FEnd
FBeg
 1010  CD1 PHE A 133  1926    C LYS B 129 ali
-6.122 -3.954 1.206 -8.486 -2.178 -1.455  2.96
-6.966065 -1.671324 0.506114 
-6.087524 -2.945168 -1.124557 
-6.092736 -3.094792 -1.219788 
-7.929812 -3.963878 -0.167796 
-8.041742 -3.832653 0.019223 
-7.000590 -1.675635 0.533910 
FEnd
FBeg
 1010  CD1 PHE A 133  1922  CG2 ILE B 128 ali
-6.122 -3.954 1.206 -6.788 0.916 1.134  1.09
-6.211139 -1.573306 0.152919 
-6.966065 -1.671324 0.506114 
-7.000590 -1.675635 0.533910 
-7.185081 -1.695282 0.911550 
-6.972886 -1.644177 2.405410 
-6.896166 -1.630971 2.589034 
FEnd
FBeg
 1012  CE1 PHE A 133  1934   CA CSO B 130 unk
-4.918 -3.344 1.559 -7.030 -1.169 -3.120  0.53
-4.821647 -1.655429 -0.853003 
-5.395084 -2.519300 -0.995730 
-5.623705 -2.210768 -0.749117 
-5.281802 -1.335809 -0.496726 
FEnd
FBeg
  995    O VAL A 131  1937    C CSO B 130 unk
-4.232 -3.062 -2.904 -6.181 0.099 -3.161  0.21
-4.554231 -1.486336 -0.801215 
-4.821647 -1.655429 -0.853003 
-4.771241 -1.731985 -2.176863 
FEnd
FBeg
 1012  CE1 PHE A 133  1940    N VAL B 131 unk
-4.918 -3.344 1.559 -4.879 -0.088 -3.333  0.00
-4.549638 -1.485225 -0.800438 
-4.554231 -1.486336 -0.801215 
-4.553657 -1.483862 -0.799563 
FEnd
FBeg
  995    O VAL A 131  1946  CG2 VAL B 131 unk
-4.232 -3.062 -2.904 -3.814 1.561 -1.011  0.14
-3.970066 -1.571865 -0.716828 
-4.549638 -1.485225 -0.800438 
-4.070184 -1.419385 -1.067100 
-3.808542 -1.529966 -0.854817 
FEnd
FBeg
  997  CG1 VAL A 131  1946  CG2 VAL B 131 ali
-2.039 -4.060 -0.640 -3.814 1.561 -1.011  2.70
-2.421680 -0.962217 1.111865 
-3.970066 -1.571865 -0.716828 
-3.808542 -1.529966 -0.854817 
-0.628348 -0.413142 0.850903 
-0.635306 -0.411876 0.903385 
-0.834135 -0.457597 1.161939 
-0.959315 -0.491178 1.252053 
-1.120783 -0.540008 1.284756 
FEnd
FBeg
 1012  CE1 PHE A 133  1922  CG2 ILE B 128 ali
-4.918 -3.344 1.559 -6.788 0.916 1.134  5.82
-6.397067 -1.367447 3.034425 
-4.040999 -0.507910 1.283322 
-5.119104 -1.149538 -0.404386 
-5.300650 -1.230259 -0.414688 
-6.211139 -1.573306 0.152919 
-6.896166 -1.630971 2.589034 
-6.841764 -1.587672 2.783660 
FEnd
FBeg
 1012  CE1 PHE A 133  1920   CB ILE B 128 ali
-4.918 -3.344 1.559 -7.639 1.268 2.334  0.16
-6.750126 -1.644432 3.443170 
-6.397067 -1.367447 3.034425 
-6.841764 -1.587672 2.783660 
FEnd
FBeg
 1012  CE1 PHE A 133  1919    O ILE B 128 unk
-4.918 -3.344 1.559 -9.268 -1.362 2.334  0.43
-6.977071 -2.511218 4.386086 
-6.750126 -1.644432 3.443170 
-6.841764 -1.587672 2.783660 
-6.896166 -1.630971 2.589034 
FEnd
FBeg
 1014   CZ PHE A 133  1036  CD1 LEU B   4 ali
-4.124 -3.893 2.555 -3.840 -0.564 4.374  9.52
-3.059167 -2.907931 4.369442 
-5.481073 -2.968595 4.858598 
-6.920841 -2.651533 4.503123 
-2.252460 -1.394795 1.474262 
-1.347916 -1.806254 2.086057 
-1.468992 -2.172846 2.775870 
FEnd
FBeg
   46  CD2 LEU A   9  1036  CD1 LEU B   4 ali
-1.172 -4.133 5.390 -3.840 -0.564 4.374  3.79
-1.835490 -1.475039 6.189541 
-3.059167 -2.907931 4.369442 
-1.468992 -2.172846 2.775870 
-1.476766 -1.321245 5.787785 
FEnd
FBeg
   40   CA LEU A   9  1035   CG LEU B   4 ali
-4.074 -3.514 7.906 -3.454 0.649 5.183  0.52
-3.051015 -1.273975 6.949198 
-3.922919 -0.855965 7.389739 
-3.928440 -0.856566 7.387562 
-4.336761 -1.133608 6.871042 
-3.412733 -1.348677 6.752630 
FEnd
FBeg
   39    N LEU A   9  1035   CG LEU B   4 unk
-3.241 -2.725 8.806 -3.454 0.649 5.183  0.66
-3.216164 -0.613007 7.574448 
-3.922919 -0.855965 7.389739 
-3.051015 -1.273975 6.949198 
-2.370303 -1.259639 6.922529 
FEnd
FBeg
   28    O SER A   7  1031   CA LEU B   4 unk
-1.464 -0.339 8.745 -4.390 1.811 7.236  1.32
-2.454085 0.303787 7.402987 
-3.216164 -0.613007 7.574448 
-3.409690 -0.453472 8.177005 
-2.636019 0.910489 8.620183 
FEnd
FBeg
   28    O SER A   7  1038    N VAL B   5 hbd
-1.464 -0.339 8.745 -2.038 2.418 7.285  4.37
-1.033949 0.157872 6.569120 
-2.454085 0.303787 7.402987 
-2.636019 0.910489 8.620183 
-1.631465 1.526363 9.388233 
-1.582001 1.529685 9.375058 
-0.654364 1.252327 8.486607 
-0.502720 1.012058 7.973273 
FEnd
FBeg
   46  CD2 LEU A   9  1035   CG LEU B   4 ali
-1.172 -4.133 5.390 -3.454 0.649 5.183  0.20
-1.476766 -1.321245 5.787785 
-1.377872 -1.248802 6.371088 
-1.650120 -1.373635 6.488561 
-1.835490 -1.475039 6.189541 
FEnd
FBeg
   24   CB ALA A   6  1036  CD1 LEU B   4 ali
1.141 -1.622 4.686 -3.840 -0.564 4.374  4.84
-1.040047 -0.576971 1.339528 
-1.347916 -1.806254 2.086057 
-1.468992 -2.172846 2.775870 
-1.476766 -1.321245 5.787785 
-1.196979 -0.435178 4.325738 
FEnd
FBeg
   12  CD2 LEU A   4  1049   CB ALA B   6 ali
3.433 -0.972 0.011 1.243 2.659 3.072  4.58
2.046803 -0.058357 2.402957 
-0.597917 -0.507744 1.043856 
-0.635306 -0.411876 0.903385 
-0.601770 -0.340439 0.842638 
-0.319796 0.137008 0.478024 
0.686865 1.315147 -0.199282 
0.971024 1.471916 -0.181942 
2.066199 0.036890 2.303850 
FEnd
FBeg
   10   CG LEU A   4  1049   CB ALA B   6 ali
4.486 -0.328 0.836 1.243 2.659 3.072  0.04
2.435720 0.076912 2.786325 
2.046803 -0.058357 2.402957 
2.066199 0.036890 2.303850 
FEnd
FBeg
   11  CD1 LEU A   4  1049   CB ALA B   6 ali
4.265 1.170 0.881 1.243 2.659 3.072  8.94
2.659354 0.165244 3.034749 
2.435720 0.076912 2.786325 
2.066199 0.036890 2.303850 
0.971024 1.471916 -0.181942 
1.370949 2.255759 -0.163032 
3.613690 2.990367 2.431095 
3.537041 1.611492 3.262456 
3.469762 1.394557 3.317088 
2.957774 0.551246 3.184026 
FEnd
FBeg
   16    O VAL A   5  1049   CB ALA B   6 unk
3.973 0.689 5.053 1.243 2.659 3.072  0.38
3.469762 1.394557 3.317088 
2.461490 0.475090 3.792216 
2.466590 0.461060 3.771237 
2.957774 0.551246 3.184026 
FEnd
FBeg
   15    C VAL A   5  1049   CB ALA B   6 ali
4.291 -0.496 5.137 1.243 2.659 3.072  0.20
2.463336 0.433538 3.733991 
2.659354 0.165244 3.034749 
2.957774 0.551246 3.184026 
2.466590 0.461060 3.771237 
FEnd
FBeg
   24   CB ALA A   6  1040    C VAL B   5 ali
1.141 -1.622 4.686 0.207 2.712 6.391  0.49
0.537266 0.761700 5.120180 
-0.110244 0.824018 4.607064 
-0.159706 0.819404 4.591698 
-0.629484 0.363253 5.493859 
FEnd
FBeg
   21   CA ALA A   6  1049   CB ALA B   6 ali
2.047 -1.128 5.800 1.243 2.659 3.072  0.01
2.461490 0.475090 3.792216 
2.466590 0.461060 3.771237 
2.463336 0.433538 3.733991 
2.301023 0.479491 3.845620 
FEnd
FBeg
   16    O VAL A   5  1046   CA ALA B   6 unk
3.973 0.689 5.053 1.723 2.869 4.497  4.36
2.658704 1.352875 6.435816 
2.461490 0.475090 3.792216 
3.469762 1.394557 3.317088 
3.561300 1.493581 3.334911 
3.355517 2.285962 7.274485 
FEnd
FBeg
   24   CB ALA A   6  1041    O VAL B   5 unk
1.141 -1.622 4.686 0.681 1.641 6.729  0.88
-0.853833 -0.172845 6.299579 
-0.701564 0.289267 5.595797 
-0.629484 0.363253 5.493859 
0.537266 0.761700 5.120180 
0.566996 0.758354 5.132218 
-0.388897 -0.102034 6.291168 
FEnd
FBeg
   25    N SER A   7  1035   CG LEU B   4 unk
1.095 -0.925 8.011 -3.454 0.649 5.183  0.03
-0.913282 -0.119952 6.424645 
-0.853833 -0.172845 6.299579 
-1.022103 -0.529148 6.371941 
FEnd
FBeg
   28    O SER A   7  1041    O VAL B   5 unk
-1.464 -0.339 8.745 0.681 1.641 6.729  0.71
-0.023785 1.090211 8.559612 
-0.252542 1.142563 8.367634 
-0.502720 1.012058 7.973273 
-1.033949 0.157872 6.569120 
-0.913282 -0.119952 6.424645 
FEnd
FBeg
   25    N SER A   7  1042   CB VAL B   5 unk
1.095 -0.925 8.011 -0.405 3.709 8.587  0.03
0.359482 1.201876 8.659346 
-0.023785 1.090211 8.559612 
-0.017278 1.089419 8.582931 
0.033304 1.097517 8.649507 
0.203737 1.143078 8.726796 
FEnd
FBeg
   16    O VAL A   5  1041    O VAL B   5 unk
3.973 0.689 5.053 0.681 1.641 6.729  1.45
3.764036 2.136136 8.162004 
3.472767 1.383464 8.017424 
3.292628 1.223126 7.754670 
2.658704 1.352875 6.435816 
3.355517 2.285962 7.274485 
3.569037 2.351440 7.656688 
FEnd
FBeg
   30   OG SER A   7  1042   CB VAL B   5 unk
1.463 0.663 10.245 -0.405 3.709 8.587  7.57
1.210898 3.584792 12.077872 
2.232197 2.288085 8.544969 
0.359482 1.201876 8.659346 
0.203737 1.143078 8.726796 
0.070206 1.135109 8.862599 
-0.598208 1.456121 10.205423 
0.329421 2.652684 11.358572 
FEnd
FBeg
   30   OG SER A   7  1044  CG2 VAL B   5 unk
1.463 0.663 10.245 -1.570 4.127 9.473  0.33
1.429528 3.939229 12.809308 
1.210898 3.584792 12.077872 
0.329421 2.652684 11.358572 
FEnd
FBeg
   90  OE1 GLU A  15  1914   CE LYS B 127 unk
-10.452 -8.575 5.131 -12.781 -3.333 5.976  8.63
-8.888513 -5.007130 5.510350 
-10.205432 -5.393922 4.280123 
-13.163729 -6.683627 4.127174 
-11.506870 -6.415966 7.033386 
-11.468064 -6.400661 7.045400 
-10.417894 -5.934919 7.050637 
-8.826882 -5.003854 5.659895 
-8.825886 -5.001183 5.646069 
FEnd
FBeg
   90  OE1 GLU A  15  1915   NZ LYS B 127 elf
-10.452 -8.575 5.131 -13.769 -4.253 6.624  9.92
-13.163729 -6.683627 4.127174 
-14.497821 -7.530835 3.615756 
-16.307497 -8.796961 3.260432 
-16.918562 -9.331686 3.450773 
-16.030731 -9.096281 4.741808 
-11.506870 -6.415966 7.033386 
FEnd
FBeg
   53  OD1 ASN A  10  1914   CE LYS B 127 unk
-8.545 -4.018 9.974 -12.781 -3.333 5.976  20.00
-8.432243 -2.531360 6.164270 
-11.392198 -0.625058 9.627047 
-13.456381 -1.000357 11.749809 
-12.577352 -2.819945 10.506691 
-10.263146 -5.272564 7.634500 
-8.498560 -4.378219 5.918101 
-8.255587 -3.498159 5.811450 
FEnd

+-+CCS_record::Boundary loops before union-find
Start boundary loop loop_id 0  init_edge IE_A_B
xyz 3.76404 2.13614 8.162
xyz 3.91189 2.0436 8.23302
xyz 4.06694 1.84913 8.307
xyz 7.90912 2.81098 13.7787
xyz 10.2993 2.20713 11.8694
xyz 9.20952 1.70271 9.2938
xyz 10.7607 1.11143 10.9633
xyz 10.8206 1.06671 10.9255
xyz 14.3713 -1.71221 8.09318
xyz 13.6649 -1.6913 6.17336
xyz 12.5781 -1.21497 5.29353
xyz 11.8673 0.0632452 3.9911
xyz 13.1192 0.507219 4.25811
xyz 16.8513 -0.11715 6.51901
xyz 19.431 0.770873 5.83269
xyz 28.6615 5.4552 0.808682
xyz 24.3155 5.1552 -0.0736113
xyz 16.6456 4.1329 -0.790673
xyz 15.2223 3.88729 -0.828458
xyz 12.1921 3.12087 -0.493834
xyz 11.0313 1.59605 -2.36284
xyz 10.0358 0.968101 -3.39076
xyz 9.47606 0.701429 -3.28029
xyz 8.27648 0.732481 -3.3374
xyz 7.59269 1.18331 -3.58118
xyz 7.18493 1.17023 -3.7264
xyz 5.60584 1.25863 -3.43621
xyz 5.19412 1.34173 -2.99233
xyz 5.0136 1.38844 -2.73473
xyz 4.74289 1.12191 -2.65704
xyz 4.52357 1.0515 -2.54423
xyz 4.65484 1.02953 -2.61567
xyz 4.76544 0.487487 -2.98765
xyz 5.36448 0.885702 -3.38104
xyz 5.60584 1.25863 -3.43621
xyz 5.68379 2.19071 -4.24972
xyz 5.69303 2.20824 -4.26683
xyz 5.6785 2.21687 -4.33234
xyz 5.90022 2.40182 -4.59793
xyz 6.04197 2.61923 -5.75893
xyz 5.71212 2.44986 -6.42089
xyz 5.48998 2.10481 -7.08334
xyz 5.59874 3.01976 -7.54898
xyz 5.89187 3.22231 -6.40717
xyz 5.89155 3.16016 -6.34281
xyz 6.04197 2.61923 -5.75893
xyz 6.71306 2.15332 -5.17229
xyz 9.07517 2.43351 -5.09749
xyz 9.96097 3.42887 -5.99215
xyz 9.58892 4.89773 -7.57202
xyz 10.0565 5.01789 -8.01112
xyz 10.1629 5.05508 -8.38036
xyz 10.1832 5.08966 -8.47086
xyz 10.3235 6.76661 -13.7483
xyz 9.3613 6.17368 -12.8443
xyz 6.3213 4.33386 -12.6747
xyz 6.39404 4.14215 -11.6305
xyz 5.77403 4.34013 -12.3036
xyz 5.26224 4.34619 -12.2938
xyz 3.89225 3.88098 -10.538
xyz 3.87059 3.84022 -10.5985
xyz 3.80089 3.41332 -11.5737
xyz 3.75285 3.17606 -11.8496
xyz 2.51363 1.5706 -13.5566
xyz 1.52666 0.219671 -14.162
xyz 1.17903 -0.383573 -13.0453
xyz 1.21024 -0.933671 -14.0688
xyz 0.200009 -1.9059 -13.8501
xyz -1.01987 -2.1669 -11.986
xyz -1.14307 -2.1423 -11.7084
xyz -0.89797 -1.15015 -10.436
xyz -1.22004 -0.921528 -10.1569
xyz -3.05104 -1.60136 -11.0908
xyz -4.24525 -1.98329 -11.0127
xyz -5.57162 -1.87052 -10.8136
xyz -5.03812 -1.57053 -9.02854
xyz -7.71583 -3.73477 -11.8304
xyz -8.43613 -4.97695 -11.0891
xyz -7.41468 -5.08841 -7.89768
xyz -8.11872 -5.44884 -8.62964
xyz -9.4711 -4.81604 -7.00074
xyz -10.5127 -4.85138 -4.62682
xyz -10.3493 -5.37742 -3.86085
xyz -9.94949 -5.62553 -3.23423
xyz -10.6148 -5.38253 -3.06223
xyz -10.6457 -5.36886 -3.07115
xyz -11.8691 -5.51762 -2.758
xyz -12.1439 -5.92761 -2.3238
xyz -16.3882 -8.14592 -1.77758
xyz -15.1904 -8.40389 0.31592
xyz -13.0141 -7.93221 1.72866
xyz -12.9519 -8.01358 2.29053
xyz -11.8005 -6.91578 2.82087
xyz -10.8183 -6.33414 3.12724
xyz -10.2054 -5.39392 4.28012
xyz -9.6401 -4.05149 4.17652
xyz -8.71787 -3.9426 5.12502
xyz -8.68305 -3.92317 5.16911
xyz -7.02108 -2.63298 4.54314
xyz -7.01902 -2.63112 4.54461
xyz -6.97707 -2.51122 4.38609
xyz -6.94347 -2.6486 4.50889
xyz -6.93918 -2.65018 4.50881
xyz -7.07829 -2.82949 5.27297
xyz -7.28893 -2.76316 5.31442
xyz -7.64813 -1.96444 5.95773
xyz -8.03564 -1.83825 6.36769
xyz -7.47295 -1.16765 7.74765
xyz -7.19786 -1.09488 7.8322
xyz -6.52911 -0.933657 8.00144
xyz -6.59295 -0.919522 8.00991
xyz -7.19786 -1.09488 7.8322
xyz -7.46395 -1.16518 7.76772
xyz -7.84409 -0.537475 9.13465
xyz -7.22134 -0.292362 9.44701
xyz -6.9766 -0.162796 9.90459
xyz -6.51665 -0.0287303 10.2589
xyz -6.60888 -0.383161 12.2042
xyz -7.91263 -1.14613 13.5573
xyz -8.33119 -1.17922 14.2697
xyz -10.7179 -1.08978 18.6978
xyz -11.3104 -0.971674 19.9229
xyz -14.6381 1.91142 29.7178
xyz -5.64774 5.99256 18.8382
xyz -5.10477 6.10784 18.0089
xyz -4.29405 6.49629 14.2746
xyz -4.16333 6.51139 13.6171
xyz -3.9995 6.67515 13.8082
xyz -2.5143 7.73389 15.1578
xyz 1.61294 5.71732 14.4553
xyz 1.42953 3.93923 12.8093
xyz 2.77813 5.08057 14.8613
xyz 4.93524 4.92514 13.4804
xyz 5.55665 4.37053 11.8825
xyz 3.61666 2.45359 8.28308
End loop
Boundary info init_edge IE_A_B [total exposed]: 241.901964 241.901964
Start boundary loop loop_id 1  init_edge IE_A_B
xyz -1.34792 -1.80625 2.08606
xyz -2.25246 -1.3948 1.47426
xyz -2.42168 -0.962217 1.11186
xyz -1.12078 -0.540008 1.28476
xyz -0.959315 -0.491178 1.25205
xyz -0.834135 -0.457597 1.16194
xyz -0.635306 -0.411876 0.903385
xyz -0.628348 -0.413142 0.850903
xyz -0.603229 -0.437516 0.755385
xyz -0.156939 -0.365187 -0.465549
xyz -0.16457 -0.388386 -0.785271
xyz -0.130668 -0.352277 -0.529268
xyz 0.362969 -0.279811 -1.48711
xyz 0.588535 0.308789 -1.23688
xyz 0.686865 1.31515 -0.199282
xyz -0.319796 0.137008 0.478024
xyz -0.60177 -0.340439 0.842638
xyz -0.635306 -0.411876 0.903385
xyz -0.597917 -0.507744 1.04386
xyz -0.834135 -0.457597 1.16194
xyz -0.903552 -0.426664 1.2396
xyz -0.959315 -0.491178 1.25205
xyz -1.04005 -0.576971 1.33953
End loop
Boundary info init_edge IE_A_B [total exposed]: 13.748459 13.748459
Start boundary loop loop_id 2  init_edge IE_A_B
xyz -10.2054 -5.39392 4.28012
xyz -13.1637 -6.68363 4.12717
xyz -14.4978 -7.53084 3.61576
xyz -16.3075 -8.79696 3.26043
xyz -16.9186 -9.33169 3.45077
xyz -16.0307 -9.09628 4.74181
xyz -11.5069 -6.41597 7.03339
xyz -11.4681 -6.40066 7.0454
xyz -10.4179 -5.93492 7.05064
xyz -8.82688 -5.00385 5.65989
xyz -8.82589 -5.00118 5.64607
xyz -8.88851 -5.00713 5.51035
End loop
Boundary info init_edge IE_A_B [total exposed]: 20.791581 20.791581
Start boundary loop loop_id 3  init_edge IE_A_B
xyz -11.3922 -0.625058 9.62705
xyz -13.4564 -1.00036 11.7498
xyz -12.5774 -2.81995 10.5067
xyz -10.2631 -5.27256 7.6345
xyz -8.49856 -4.37822 5.9181
xyz -8.25559 -3.49816 5.81145
xyz -8.43224 -2.53136 6.16427
End loop
Boundary info init_edge IE_A_B [total exposed]: 19.307359 19.307359
