Begin VSO per interface edge
1147 4086  1
1148 4068  1
1149 4086  1
1150 4068  1
1150 4081  2
1150 4082  1
1150 4085  1
1150 4086  2
1150 4087  1
1158 4069  1
1159 4069  1
1159 4306  2
1159 4323  2
1159 4336  1
2110 4316  1
2111 4306  1
2111 4316  2
2111 4317  1
2111 4323  2
2112 4316  1
2116 4314  3
2116 4316  2
2116 4317  2
2116 4319  3
2116 4320  3
2116 4323  3
2117 4323  2
2118 4320  2
2118 4322  2
2118 4323  1
2119 3385  1
2119 3386  1
2119 4314  2
2119 4315  1
2119 4316  1
2119 4320  2
2119 4322  2
2119 4323  2
2130 3386  2
2130 4322  2
2131 3386  1
2131 4322  1
2132 3386  1
2132 4322  2
End VSO per interface edge

Voronoi Facets of interface MI_AB
FBeg
 1147  CE1 TYR A 165  4086   CG PRO B 261 ali
-6.257 -36.147 56.441 -2.057 -36.595 59.523  38.34
-3.044604 -30.921546 57.143468 
-4.174923 -28.839190 58.986502 
-5.076925 -28.512511 60.263194 
-5.474210 -28.679058 60.780384 
-6.714219 -31.820169 62.013616 
-7.373288 -35.198123 62.420744 
-7.366029 -35.224702 62.406988 
-4.143458 -35.657050 57.952579 
-3.061004 -34.898113 56.587782 
FEnd
FBeg
 1150   OH TYR A 165  4086   CG PRO B 261 unk
-4.476 -37.628 57.030 -2.057 -36.595 59.523  9.65
-4.143458 -35.657050 57.952579 
-3.061004 -34.898113 56.587782 
-2.393242 -38.132145 57.279895 
-2.784270 -39.138741 58.076410 
-2.808987 -39.148214 58.104319 
-3.562013 -39.058386 58.797771 
-4.831324 -38.391837 59.753213 
FEnd
FBeg
 1150   OH TYR A 165  4087   CD PRO B 261 unk
-4.476 -37.628 57.030 -1.742 -37.559 60.614  0.44
-3.562013 -39.058386 58.797771 
-4.831324 -38.391837 59.753213 
-4.840010 -38.436350 59.760697 
-4.653011 -39.020749 59.629298 
FEnd
FBeg
 1150   OH TYR A 165  4068    O ASP B 259 hbd
-4.476 -37.628 57.030 -3.055 -41.441 59.067  6.68
-2.808987 -39.148214 58.104319 
-3.562013 -39.058386 58.797771 
-4.653011 -39.020749 59.629298 
-4.303998 -40.656467 56.323976 
-3.185336 -40.475249 55.882820 
-1.918165 -40.020348 55.850364 
-2.781714 -39.157773 58.067401 
FEnd
FBeg
 1148  CE2 TYR A 165  4068    O ASP B 259 unk
-6.750 -38.386 57.165 -3.055 -41.441 59.067  11.69
-4.653011 -39.020749 59.629298 
-4.303998 -40.656467 56.323976 
-5.775940 -42.542016 56.154930 
-5.829221 -42.602270 56.161659 
-6.196070 -42.151884 57.597744 
-6.355451 -41.002430 59.753631 
-5.654944 -39.498156 60.808933 
-5.365203 -39.210055 60.708804 
FEnd
FBeg
 1150   OH TYR A 165  4081    N PRO B 261 hbd
-4.476 -37.628 57.030 -0.834 -38.522 59.952  0.00
-2.784270 -39.138741 58.076410 
-2.808987 -39.148214 58.104319 
-2.781714 -39.157773 58.067401 
FEnd
FBeg
 1150   OH TYR A 165  4082   CA PRO B 261 unk
-4.476 -37.628 57.030 -0.141 -37.894 58.822  3.60
-2.393242 -38.132145 57.279895 
-2.784270 -39.138741 58.076410 
-2.781714 -39.157773 58.067401 
-1.918165 -40.020348 55.850364 
-1.652610 -37.885142 55.524908 
FEnd
FBeg
 1150   OH TYR A 165  4085   CB PRO B 261 unk
-4.476 -37.628 57.030 -0.767 -36.493 58.755  5.97
-3.061004 -34.898113 56.587782 
-2.393242 -38.132145 57.279895 
-1.652610 -37.885142 55.524908 
-2.382894 -34.711373 55.006877 
FEnd
FBeg
 1149   CZ TYR A 165  4086   CG PRO B 261 ali
-5.824 -37.391 56.875 -2.057 -36.595 59.523  8.33
-7.366029 -35.224702 62.406988 
-4.143458 -35.657050 57.952579 
-4.831324 -38.391837 59.753213 
-5.011578 -38.219245 59.957758 
-7.346770 -35.330832 62.411493 
-7.372069 -35.248885 62.422850 
FEnd
FBeg
 2132  OD2 ASP A 294  3386   NZ LYS B 166 elf
-14.335 -51.115 60.671 -11.878 -52.473 63.165  31.25
-14.641686 -56.249932 60.889850 
-15.833379 -58.079340 61.067739 
-17.274121 -54.490886 64.441045 
-16.292666 -52.705641 64.446229 
-14.568757 -50.312177 64.051151 
-14.366232 -50.193652 63.916169 
-11.953413 -51.096651 61.047457 
-12.118365 -52.174855 60.622873 
FEnd
FBeg
 2130   CG ASP A 294  3386   NZ LYS B 166 unk
-14.486 -51.103 59.427 -11.878 -52.473 63.165  0.61
-12.118365 -52.174855 60.622873 
-12.147046 -52.599005 60.487429 
-14.641686 -56.249932 60.889850 
FEnd
FBeg
 2130   CG ASP A 294  4322    O SER B 292 unk
-14.486 -51.103 59.427 -9.687 -51.819 60.653  1.12
-12.118365 -52.174855 60.622873 
-12.147046 -52.599005 60.487429 
-11.553048 -50.459949 59.411547 
-11.939946 -50.996616 60.612581 
FEnd
FBeg
 2119   CB SER A 292  4322    O SER B 292 unk
-12.378 -48.205 61.401 -9.687 -51.819 60.653  0.99
-11.553048 -50.459949 59.411547 
-11.939946 -50.996616 60.612581 
-11.953413 -51.096651 61.047457 
-11.541313 -50.876079 61.464322 
-11.296321 -50.226959 59.209445 
-11.413428 -50.299879 59.140461 
FEnd
FBeg
 2118    O SER A 292  4322    O SER B 292 unk
-11.106 -47.615 58.618 -9.687 -51.819 60.653  0.16
-11.296321 -50.226959 59.209445 
-11.250436 -50.228955 59.173327 
-10.689478 -50.769332 57.665836 
-11.413428 -50.299879 59.140461 
FEnd
FBeg
 2118    O SER A 292  4323   CB SER B 292 unk
-11.106 -47.615 58.618 -8.484 -48.994 60.088  11.26
-11.250436 -50.228955 59.173327 
-10.689478 -50.769332 57.665836 
-10.474698 -50.908982 57.151734 
-9.715980 -49.944567 56.703141 
-8.710048 -47.828067 56.894365 
-9.452007 -46.650969 59.322008 
-10.840732 -48.886559 59.701844 
-11.210669 -50.028190 59.290733 
FEnd
FBeg
 2119   CB SER A 292  4323   CB SER B 292 ali
-12.378 -48.205 61.401 -8.484 -48.994 60.088  0.32
-10.840732 -48.886559 59.701844 
-11.210669 -50.028190 59.290733 
-10.588039 -48.596072 60.276704 
-10.781809 -48.747662 59.793129 
FEnd
FBeg
 2116   CA SER A 292  4323   CB SER B 292 ali
-11.836 -46.920 60.781 -8.484 -48.994 60.088  4.39
-10.588039 -48.596072 60.276704 
-9.224406 -46.877709 61.729825 
-8.973743 -46.474392 61.735226 
-8.899571 -46.311075 61.605219 
-8.961622 -46.013590 60.414774 
-9.431886 -46.501807 59.601266 
-10.781809 -48.747662 59.793129 
FEnd
FBeg
 2111    O THR A 291  4323   CB SER B 292 unk
-10.690 -44.428 61.344 -8.484 -48.994 60.088  0.61
-8.899571 -46.311075 61.605219 
-8.386536 -45.965594 61.250355 
-8.229876 -45.748820 60.737459 
-8.961622 -46.013590 60.414774 
FEnd
FBeg
 2111    O THR A 291  4306   SG CYS B 289 hbd
-10.690 -44.428 61.344 -5.503 -47.339 61.698  0.74
-8.386536 -45.965594 61.250355 
-8.229876 -45.748820 60.737459 
-7.661329 -44.722039 60.850191 
-7.599991 -44.554990 61.325104 
-7.604269 -44.556155 61.378195 
FEnd
FBeg
 1159   NZ LYS A 166  4306   SG CYS B 289 hbd
-9.006 -44.992 57.988 -5.503 -47.339 61.698  2.82
-8.229876 -45.748820 60.737459 
-7.661329 -44.722039 60.850191 
-5.928264 -46.510464 58.082438 
-6.348821 -46.776646 58.311139 
FEnd
FBeg
 1159   NZ LYS A 166  4336  OD2 ASP B 294 elf
-9.006 -44.992 57.988 -6.444 -49.704 57.215  19.77
-5.928264 -46.510464 58.082438 
-6.348821 -46.776646 58.311139 
-8.710048 -47.828067 56.894365 
-9.569779 -47.826477 54.035214 
-9.506618 -47.681627 53.361582 
-8.706820 -47.195759 53.050681 
-6.785258 -46.174072 53.191501 
-4.728576 -45.288481 54.609760 
-5.051293 -45.697583 56.033937 
FEnd
FBeg
 1159   NZ LYS A 166  4069   CB ASP B 259 unk
-9.006 -44.992 57.988 -4.235 -44.086 60.390  11.59
-7.661329 -44.722039 60.850191 
-5.928264 -46.510464 58.082438 
-5.051293 -45.697583 56.033937 
-5.650341 -43.076831 56.235293 
-5.733269 -42.976394 56.362126 
-7.689779 -44.383566 60.779032 
FEnd
FBeg
 1158   CE LYS A 166  4069   CB ASP B 259 ali
-9.769 -43.702 58.061 -4.235 -44.086 60.390  7.74
-5.733269 -42.976394 56.362126 
-7.689779 -44.383566 60.779032 
-7.708136 -43.516752 60.965569 
-7.030675 -41.320551 59.717941 
-6.196070 -42.151884 57.597744 
FEnd
FBeg
 2111    O THR A 291  4317  OG1 THR B 291 hbd
-10.690 -44.428 61.344 -7.632 -46.356 63.888  7.78
-8.899571 -46.311075 61.605219 
-8.386536 -45.965594 61.250355 
-7.604269 -44.556155 61.378195 
-7.687676 -44.082682 61.837281 
-8.354626 -42.744728 63.652968 
-8.599567 -42.662683 64.009577 
-9.241333 -43.711818 63.985909 
-9.564790 -46.204124 62.485895 
FEnd
FBeg
 2111    O THR A 291  4316   CB THR B 291 unk
-10.690 -44.428 61.344 -8.283 -46.948 65.012  1.36
-9.241333 -43.711818 63.985909 
-9.930994 -44.595257 63.831533 
-9.920602 -46.108145 62.785325 
-9.564790 -46.204124 62.485895 
FEnd
FBeg
 2116   CA SER A 292  4316   CB THR B 291 ali
-11.836 -46.920 60.781 -8.283 -46.948 65.012  0.95
-9.920602 -46.108145 62.785325 
-9.564790 -46.204124 62.485895 
-9.437873 -46.550398 62.377025 
-10.943460 -46.823623 63.639540 
-11.292687 -46.533901 63.934722 
FEnd
FBeg
 2119   CB SER A 292  4316   CB THR B 291 ali
-12.378 -48.205 61.401 -8.283 -46.948 65.012  0.16
-10.943460 -46.823623 63.639540 
-10.970001 -46.836542 63.674135 
-11.781045 -46.591794 64.508689 
-11.739807 -46.533120 64.441499 
-11.399547 -46.525207 64.052878 
-11.292687 -46.533901 63.934722 
FEnd
FBeg
 2119   CB SER A 292  4315    O THR B 291 unk
-12.378 -48.205 61.401 -10.224 -49.203 63.787  9.10
-10.970001 -46.836542 63.674135 
-11.781045 -46.591794 64.508689 
-12.318749 -46.980756 64.831417 
-13.386985 -49.191329 64.871162 
-11.333930 -50.422084 62.502941 
-10.669115 -48.860547 62.555918 
FEnd
FBeg
 2119   CB SER A 292  3385   CE LYS B 166 ali
-12.378 -48.205 61.401 -11.230 -52.230 64.488  2.72
-13.386985 -49.191329 64.871162 
-14.351432 -50.183824 63.935752 
-11.334328 -50.422985 62.501914 
-11.333930 -50.422084 62.502941 
FEnd
FBeg
 2119   CB SER A 292  4314    C THR B 291 ali
-12.378 -48.205 61.401 -9.029 -48.969 63.685  1.14
-10.943460 -46.823623 63.639540 
-10.970001 -46.836542 63.674135 
-10.669115 -48.860547 62.555918 
-10.220838 -47.796700 62.254473 
FEnd
FBeg
 2116   CA SER A 292  4314    C THR B 291 ali
-11.836 -46.920 60.781 -9.029 -48.969 63.685  1.61
-9.437873 -46.550398 62.377025 
-10.943460 -46.823623 63.639540 
-10.220838 -47.796700 62.254473 
-9.601553 -47.192985 62.081842 
-9.294161 -46.613007 62.193937 
FEnd
FBeg
 2110    C THR A 291  4316   CB THR B 291 ali
-11.892 -44.596 61.575 -8.283 -46.948 65.012  2.33
-9.930994 -44.595257 63.831533 
-9.920602 -46.108145 62.785325 
-11.292687 -46.533901 63.934722 
-11.399547 -46.525207 64.052878 
-11.659815 -46.453391 64.375316 
FEnd
FBeg
 2112   CB THR A 291  4316   CB THR B 291 ali
-12.715 -43.240 63.592 -8.283 -46.948 65.012  7.69
-9.241333 -43.711818 63.985909 
-9.930994 -44.595257 63.831533 
-11.659815 -46.453391 64.375316 
-11.727371 -46.511604 64.434160 
-11.432932 -45.241430 66.831942 
-8.798314 -42.925421 64.656686 
FEnd
FBeg
 2116   CA SER A 292  4317  OG1 THR B 291 unk
-11.836 -46.920 60.781 -7.632 -46.356 63.888  0.28
-8.973743 -46.474392 61.735226 
-8.899571 -46.311075 61.605219 
-9.564790 -46.204124 62.485895 
-9.437873 -46.550398 62.377025 
-9.294161 -46.613007 62.193937 
FEnd
FBeg
 2116   CA SER A 292  4319    N SER B 292 unk
-11.836 -46.920 60.781 -8.368 -49.099 62.545  0.27
-9.224406 -46.877709 61.729825 
-8.973743 -46.474392 61.735226 
-9.294161 -46.613007 62.193937 
-9.601553 -47.192985 62.081842 
FEnd
FBeg
 2116   CA SER A 292  4320   CA SER B 292 ali
-11.836 -46.920 60.781 -9.039 -49.625 61.355  1.68
-10.588039 -48.596072 60.276704 
-9.224406 -46.877709 61.729825 
-9.601553 -47.192985 62.081842 
-10.220838 -47.796700 62.254473 
FEnd
FBeg
 2117    C SER A 292  4323   CB SER B 292 ali
-11.940 -46.987 59.265 -8.484 -48.994 60.088  0.54
-9.452007 -46.650969 59.322008 
-10.840732 -48.886559 59.701844 
-10.781809 -48.747662 59.793129 
-9.431886 -46.501807 59.601266 
FEnd
FBeg
 1159   NZ LYS A 166  4323   CB SER B 292 unk
-9.006 -44.992 57.988 -8.484 -48.994 60.088  7.48
-8.710048 -47.828067 56.894365 
-9.452007 -46.650969 59.322008 
-9.431886 -46.501807 59.601266 
-8.961622 -46.013590 60.414774 
-8.229876 -45.748820 60.737459 
-6.348821 -46.776646 58.311139 
FEnd
FBeg
 2118    O SER A 292  4320   CA SER B 292 unk
-11.106 -47.615 58.618 -9.039 -49.625 61.355  0.01
-11.296321 -50.226959 59.209445 
-11.250436 -50.228955 59.173327 
-11.210669 -50.028190 59.290733 
FEnd
FBeg
 2119   CB SER A 292  4320   CA SER B 292 ali
-12.378 -48.205 61.401 -9.039 -49.625 61.355  7.21
-11.541313 -50.876079 61.464322 
-11.296321 -50.226959 59.209445 
-11.210669 -50.028190 59.290733 
-10.588039 -48.596072 60.276704 
-10.220838 -47.796700 62.254473 
-10.669115 -48.860547 62.555918 
-11.333930 -50.422084 62.502941 
-11.334328 -50.422985 62.501914 
FEnd
FBeg
 2131  OD1 ASP A 294  4322    O SER B 292 unk
-13.722 -51.712 58.638 -9.687 -51.819 60.653  18.41
-12.147046 -52.599005 60.487429 
-11.553048 -50.459949 59.411547 
-11.413428 -50.299879 59.140461 
-10.689478 -50.769332 57.665836 
-10.461492 -50.959747 57.199186 
-10.548820 -56.202121 57.095679 
-10.942145 -56.291764 57.878547 
-11.894967 -56.095529 59.796975 
FEnd
FBeg
 2132  OD2 ASP A 294  4322    O SER B 292 unk
-14.335 -51.115 60.671 -9.687 -51.819 60.653  0.26
-11.953413 -51.096651 61.047457 
-12.118365 -52.174855 60.622873 
-11.939946 -50.996616 60.612581 
FEnd
FBeg
 2119   CB SER A 292  3386   NZ LYS B 166 unk
-12.378 -48.205 61.401 -11.878 -52.473 63.165  3.11
-14.366232 -50.193652 63.916169 
-14.351432 -50.183824 63.935752 
-11.334328 -50.422985 62.501914 
-11.541313 -50.876079 61.464322 
-11.953413 -51.096651 61.047457 
FEnd
FBeg
 2131  OD1 ASP A 294  3386   NZ LYS B 166 elf
-13.722 -51.712 58.638 -11.878 -52.473 63.165  9.10
-14.641686 -56.249932 60.889850 
-12.147046 -52.599005 60.487429 
-11.894967 -56.095529 59.796975 
-14.570848 -57.919751 60.580295 
-15.607749 -58.277889 60.942456 
-15.833379 -58.079340 61.067739 
FEnd

+-+CCS_record::Boundary loops before union-find
Start boundary loop loop_id 0  init_edge IE_A_B
xyz -4.17492 -28.8392 58.9865
xyz -5.07693 -28.5125 60.2632
xyz -5.47421 -28.6791 60.7804
xyz -6.71422 -31.8202 62.0136
xyz -7.37329 -35.1981 62.4207
xyz -7.36603 -35.2247 62.407
xyz -7.37207 -35.2489 62.4229
xyz -7.34677 -35.3308 62.4115
xyz -5.01158 -38.2192 59.9578
xyz -4.83132 -38.3918 59.7532
xyz -4.84001 -38.4363 59.7607
xyz -4.65301 -39.0207 59.6293
xyz -5.3652 -39.2101 60.7088
xyz -5.65494 -39.4982 60.8089
xyz -6.35545 -41.0024 59.7536
xyz -6.19607 -42.1519 57.5977
xyz -5.82922 -42.6023 56.1617
xyz -5.77594 -42.542 56.1549
xyz -4.304 -40.6565 56.324
xyz -3.18534 -40.4752 55.8828
xyz -1.91816 -40.0203 55.8504
xyz -1.65261 -37.8851 55.5249
xyz -2.38289 -34.7114 55.0069
xyz -3.061 -34.8981 56.5878
xyz -3.0446 -30.9215 57.1435
End loop
Boundary info init_edge IE_A_B [total exposed]: 41.879847 41.879847
Start boundary loop loop_id 1  init_edge IE_A_B
xyz -9.56978 -47.8265 54.0352
xyz -9.50662 -47.6816 53.3616
xyz -8.70682 -47.1958 53.0507
xyz -6.78526 -46.1741 53.1915
xyz -4.72858 -45.2885 54.6098
xyz -5.05129 -45.6976 56.0339
xyz -5.65034 -43.0768 56.2353
xyz -5.73327 -42.9764 56.3621
xyz -6.19607 -42.1519 57.5977
xyz -7.03068 -41.3206 59.7179
xyz -7.70814 -43.5168 60.9656
xyz -7.68978 -44.3836 60.779
xyz -7.66133 -44.722 60.8502
xyz -7.59999 -44.555 61.3251
xyz -7.60427 -44.5562 61.3782
xyz -7.68768 -44.0827 61.8373
xyz -8.35463 -42.7447 63.653
xyz -8.59957 -42.6627 64.0096
xyz -9.24133 -43.7118 63.9859
xyz -8.79831 -42.9254 64.6567
xyz -11.4329 -45.2414 66.8319
xyz -11.7274 -46.5116 64.4342
xyz -11.6598 -46.4534 64.3753
xyz -11.3995 -46.5252 64.0529
xyz -11.7398 -46.5331 64.4415
xyz -11.781 -46.5918 64.5087
xyz -12.3187 -46.9808 64.8314
xyz -13.387 -49.1913 64.8712
xyz -14.3514 -50.1838 63.9358
xyz -14.3662 -50.1937 63.9162
xyz -14.5688 -50.3122 64.0512
xyz -16.2927 -52.7056 64.4462
xyz -17.2741 -54.4909 64.441
xyz -15.8334 -58.0793 61.0677
xyz -15.6077 -58.2779 60.9425
xyz -14.5708 -57.9198 60.5803
xyz -11.895 -56.0955 59.797
xyz -10.9421 -56.2918 57.8785
xyz -10.5488 -56.2021 57.0957
xyz -10.4615 -50.9597 57.1992
xyz -10.6895 -50.7693 57.6658
xyz -10.4747 -50.909 57.1517
xyz -9.71598 -49.9446 56.7031
xyz -8.71005 -47.8281 56.8944
End loop
Boundary info init_edge IE_A_B [total exposed]: 69.270446 69.270446
