Begin VSO per interface edge
582 2670  1
594 2676  1
595 2670  1
595 2676  1
595 2680  1
597 2668  2
597 2669  2
597 2670  1
597 2671  1
597 2674  1
597 2676  2
597 2680  2
598 2680  1
605 2670  1
633 2678  1
1050 2678  1
1050 2679  1
1067 2680  2
1068 2680  3
1074 2680  2
1075 2680  2
1075 2681  3
1077 2680  3
1078 2680  2
1078 2681  3
1078 2692  4
1079 2679  2
1079 2680  1
1079 2681  2
1079 2692  3
1080 2679  3
1080 2681  3
1080 2691  4
1080 2692  4
1081 2676  1
1081 2678  2
1081 2679  2
1081 2681  3
1081 2691  3
1082 2678  3
1082 2691  3
1082 2693  2
1083 2691  3
1083 2692  3
1083 2693  2
1084 2678  2
1084 2683  2
1084 2684  2
1084 2685  1
1084 2691  3
1084 2693  2
1106 2646  3
1106 2647  3
1106 2649  2
1107 2647  2
1107 2649  1
1108 2680  3
1109 2643  2
1109 2644  3
1109 2645  3
1109 2646  3
1109 2647  2
1109 2648  1
1109 2649  2
1109 2671  2
1109 2674  1
1109 2680  3
1110 2680  2
1112 2646  3
1112 2649  2
1114 2623  3
1114 2649  2
1116 2618  4
1116 2620  5
1116 2621  4
1116 2623  3
1116 2646  4
1116 2649  3
1116 2655  4
1116 2657  4
1117 2644  4
1117 2645  4
1117 2646  4
1117 2650  5
1117 2651  5
1117 2655  5
1117 2657  5
1117 2680  3
1117 2681  4
1129 2649  2
1130 2649  2
1130 2903  1
1131 2649  1
1132 2649  1
1132 2903  1
1132 2906  1
1802 2692  5
1804 2692  4
1825 2657  5
1826 2657  5
1826 2681  4
1826 2692  5
1827 2657  5
1827 2692  5
1847 2898  1
1848 2623  3
1848 2898  2
1849 2898  2
1850 2898  2
1851 2898  1
1852 2623  2
1852 2898  1
1854 2623  3
1854 2624  4
1856 2624  4
1857 2624  4
1858 2624  3
1858 2656  4
1859 2621  4
1859 2623  3
1859 2624  4
1859 2656  4
1859 2657  4
1873 2898  2
1874 2898  1
1875 2898  1
1878 2898  2
1879 2898  1
1882 2622  2
1882 2623  2
1882 2624  3
1882 2898  2
1882 2904  1
1883 2624  3
1887 2624  3
1909 2622  1
1909 2624  2
1909 2904  1
1934 2631  2
1941 2704  2
1942 2632  3
1943 2632  3
1943 2703  2
1943 2704  2
1944 2631  2
1946 2631  2
1946 2632  2
1946 2665  1
1946 2666  1
1946 2703  1
1946 2704  1
1947 2631  2
1948 2630  3
1948 2631  2
1948 2632  3
1950 2624  3
1951 2630  2
1951 2631  2
1951 2632  3
1952 2630  1
1952 2631  1
1953 2622  1
1953 2624  2
1953 2630  2
1953 2632  2
1965 2702  2
1967 2702  1
1967 2704  2
1969 2704  1
1972 2702  2
1972 2704  3
1973 2698  4
1973 2699  4
1973 2700  3
1973 2702  2
1973 2704  3
1974 2656  5
1976 2624  3
1976 2632  3
1976 2656  4
1976 2698  4
1976 2699  4
1976 2700  3
1976 2701  3
1976 2702  3
1976 2703  2
1976 2704  3
1999 2698  3
1999 2700  2
1999 2702  1
2000 2689  1
2000 2695  1
2000 2698  2
2000 2700  1
2000 2702  1
2003 2689  1
2004 2689  2
2005 2689  2
2005 2690  3
2005 2692  3
2005 2693  2
2007 2693  3
2009 2657  5
2009 2692  4
2009 2693  3
2010 2654  4
2010 2655  5
2010 2656  4
2010 2657  4
2010 2688  3
2010 2689  2
2010 2690  3
2010 2692  4
2010 2693  3
2010 2698  3
2010 2700  3
2033 2693  2
2034 2687  1
2034 2688  1
2034 2689  2
2034 2693  1
2036 2693  1
2043 2692  4
2043 2693  3
2066 2692  3
2066 2693  2
2067 2693  1
2479 2685  1
2485 2685  1
2488 2685  1
2489 2683  2
2489 2685  2
2490 2683  1
2491 2677  1
2491 2678  2
2491 2683  1
2491 2684  2
2491 2685  2
2492 2683  1
2492 2684  1
2492 2685  1
2496 2696  1
2496 2697  1
2498 2696  2
2498 2697  1
2498 2705  1
2500 2697  1
2860 2631  1
2617 2903  1
2617 2904  1
2617 2906  1
2618 2903  2
2618 2906  2
2619 2906  2
2622 2904  2
2623 2898  2
2623 2903  2
2623 2904  2
2625 2906  1
2633 2906  1
2634 2906  2
2637 2906  1
2642 2906  2
2646 2906  2
2647 2906  1
2649 2903  2
2649 2906  1
End VSO per interface edge

Voronoi Facets of interface MI_AB
FBeg
 1909  OE1 GLN A 237  2622  CG1 ILE B 340 unk
-3.523 -16.241 39.936 -8.798 -14.332 38.837  3.57
-6.010115 -15.991687 38.737700 
-6.187554 -16.081200 39.433885 
-6.166477 -15.867740 39.703510 
-5.590501 -13.967765 40.239247 
-5.325782 -13.349448 40.042682 
-5.048558 -12.940647 39.422161 
-5.159928 -13.542975 38.910449 
FEnd
FBeg
 1953  CG2 THR A 243  2622  CG1 ILE B 340 ali
-7.190 -15.909 42.701 -8.798 -14.332 38.837  3.35
-6.166477 -15.867740 39.703510 
-5.590501 -13.967765 40.239247 
-6.122079 -13.549922 40.630996 
-7.770796 -13.535852 41.322850 
-8.020345 -13.618251 41.393071 
FEnd
FBeg
 1953  CG2 THR A 243  2624  CD1 ILE B 340 ali
-7.190 -15.909 42.701 -9.304 -15.434 39.749  13.56
-8.020345 -13.618251 41.393071 
-6.166477 -15.867740 39.703510 
-6.213066 -16.206373 39.682384 
-8.170897 -17.433777 40.886936 
-9.333137 -17.515879 41.706034 
-10.118310 -17.047645 42.343659 
-10.327703 -16.265819 42.619412 
-10.246651 -15.366026 42.706153 
-9.482860 -14.076898 42.366614 
FEnd
FBeg
 1976   CB ALA A 246  2624  CD1 ILE B 340 ali
-11.443 -12.973 44.281 -9.304 -15.434 39.749  2.18
-10.246651 -15.366026 42.706153 
-9.482860 -14.076898 42.366614 
-10.227940 -13.586175 41.748477 
-11.247309 -14.841539 41.949055 
-10.581061 -15.610385 42.681013 
FEnd
FBeg
 1976   CB ALA A 246  2656  CD1 LEU B 344 ali
-11.443 -12.973 44.281 -12.639 -12.601 40.531  9.79
-10.227940 -13.586175 41.748477 
-11.247309 -14.841539 41.949055 
-12.892116 -14.523651 42.505174 
-13.369907 -13.960866 42.713385 
-13.741959 -12.018796 43.024698 
-12.032373 -10.867715 42.593642 
-11.590027 -10.835098 42.455798 
FEnd
FBeg
 1976   CB ALA A 246  2701  CD2 PHE B 350 ali
-11.443 -12.973 44.281 -11.660 -9.096 44.502  2.53
-12.032373 -10.867715 42.593642 
-12.175893 -10.900821 43.033500 
-11.703721 -10.999486 45.228013 
-11.681937 -10.999580 45.251055 
-10.483739 -10.864969 44.066083 
-11.590027 -10.835098 42.455798 
FEnd
FBeg
 1976   CB ALA A 246  2703  CE2 PHE B 350 ali
-11.443 -12.973 44.281 -10.685 -9.227 45.473  2.00
-11.681937 -10.999580 45.251055 
-11.677849 -11.004390 45.263570 
-9.529086 -11.547115 45.602736 
-9.360072 -11.520676 45.412171 
-9.308698 -11.467106 45.211153 
-10.483739 -10.864969 44.066083 
FEnd
FBeg
 1946  CG2 THR A 242  2703  CE2 PHE B 350 ali
-7.047 -10.168 46.152 -10.685 -9.227 45.473  12.45
-9.360072 -11.520676 45.412171 
-9.308698 -11.467106 45.211153 
-8.420987 -8.873969 44.048637 
-8.212745 -8.077375 44.036867 
-8.189673 -5.303705 47.757173 
-8.378395 -5.632176 48.313110 
-9.390405 -11.444037 45.680902 
FEnd
FBeg
 1946  CG2 THR A 242  2704   CZ PHE B 350 ali
-7.047 -10.168 46.152 -11.012 -9.738 46.727  12.74
-8.378395 -5.632176 48.313110 
-9.390405 -11.444037 45.680902 
-9.082236 -11.175910 47.605420 
-8.754693 -10.016617 48.997090 
-8.413960 -8.061027 49.884223 
-8.235227 -5.892976 49.495380 
FEnd
FBeg
 1969   CD LYS A 245  2704   CZ PHE B 350 ali
-9.084 -12.221 51.460 -11.012 -9.738 46.727  10.45
-8.754693 -10.016617 48.997090 
-8.413960 -8.061027 49.884223 
-8.516301 -6.304410 50.847458 
-11.454492 -7.230733 51.558375 
-11.060725 -9.565433 50.173156 
-8.886478 -10.300891 48.901639 
FEnd
FBeg
 1967   CB LYS A 245  2704   CZ PHE B 350 ali
-10.490 -13.008 49.511 -11.012 -9.738 46.727  5.45
-11.060725 -9.565433 50.173156 
-10.964247 -11.810975 47.517523 
-10.064760 -11.901950 47.242012 
-9.165194 -11.230810 47.861644 
-8.886478 -10.300891 48.901639 
FEnd
FBeg
 1972    N ALA A 246  2704   CZ PHE B 350 unk
-11.432 -13.612 46.635 -11.012 -9.738 46.727  1.28
-10.964247 -11.810975 47.517523 
-11.201453 -11.760506 46.475255 
-10.768521 -11.799846 46.155386 
-10.003686 -11.882151 46.129470 
-10.064760 -11.901950 47.242012 
FEnd
FBeg
 1973   CA ALA A 246  2704   CZ PHE B 350 ali
-12.278 -13.409 45.465 -11.012 -9.738 46.727  0.20
-11.201453 -11.760506 46.475255 
-11.433095 -11.453395 45.814283 
-10.768521 -11.799846 46.155386 
FEnd
FBeg
 1973   CA ALA A 246  2702  CE1 PHE B 350 ali
-12.278 -13.409 45.465 -12.306 -10.120 47.003  2.66
-11.201453 -11.760506 46.475255 
-11.433095 -11.453395 45.814283 
-11.951267 -11.311377 45.501146 
-13.692663 -12.089259 47.132936 
-13.549728 -12.236595 47.450615 
-12.443140 -12.158622 47.304016 
FEnd
FBeg
 1965    C LYS A 245  2702  CE1 PHE B 350 ali
-11.924 -14.103 47.768 -12.306 -10.120 47.003  2.12
-13.549728 -12.236595 47.450615 
-12.443140 -12.158622 47.304016 
-11.574627 -11.988748 47.754780 
-13.464953 -11.883983 49.244172 
FEnd
FBeg
 1999   CB GLU A 249  2702  CE1 PHE B 350 ali
-16.165 -12.473 47.648 -12.306 -10.120 47.003  8.07
-13.692663 -12.089259 47.132936 
-13.549728 -12.236595 47.450615 
-13.464953 -11.883983 49.244172 
-13.943331 -10.598809 51.070454 
-14.401260 -9.571742 52.077494 
-14.753762 -9.178439 51.403292 
-14.684271 -10.116497 48.396958 
FEnd
FBeg
 1999   CB GLU A 249  2700  CD1 PHE B 350 ali
-16.165 -12.473 47.648 -13.279 -9.985 46.029  4.11
-14.684271 -10.116497 48.396958 
-13.692663 -12.089259 47.132936 
-14.952882 -12.087974 44.888468 
-15.102870 -11.937395 44.852504 
-15.258910 -11.675131 44.977385 
FEnd
FBeg
 2000   CG GLU A 249  2700  CD1 PHE B 350 ali
-17.060 -11.283 47.256 -13.279 -9.985 46.029  8.17
-15.258910 -11.675131 44.977385 
-14.684271 -10.116497 48.396958 
-15.269518 -7.518665 49.341674 
-15.702416 -7.997914 47.500717 
-15.598468 -10.184460 45.507963 
FEnd
FBeg
 2000   CG GLU A 249  2698   CB PHE B 350 ali
-17.060 -11.283 47.256 -14.039 -9.332 43.708  0.75
-15.598468 -10.184460 45.507963 
-15.258910 -11.675131 44.977385 
-15.362743 -11.806065 44.816976 
-15.661045 -11.621650 44.664389 
-15.893307 -10.362177 45.159195 
FEnd
FBeg
 2000   CG GLU A 249  2689    O LEU B 349 unk
-17.060 -11.283 47.256 -17.225 -9.960 43.811  8.75
-15.661045 -11.621650 44.664389 
-16.657662 -11.934814 44.591856 
-17.242671 -11.956952 44.611374 
-18.563627 -11.813086 44.729891 
-18.949938 -10.061876 45.420919 
-17.920492 -8.130137 46.113469 
-17.724407 -8.178397 46.085544 
-15.893307 -10.362177 45.159195 
FEnd
FBeg
 2003  OE2 GLU A 249  2689    O LEU B 349 unk
-19.199 -10.322 47.755 -17.225 -9.960 43.811  1.38
-18.949938 -10.061876 45.420919 
-17.920492 -8.130137 46.113469 
-19.503707 -8.718709 45.267036 
FEnd
FBeg
 2034   CG MET A 253  2689    O LEU B 349 unk
-21.459 -11.523 45.405 -17.225 -9.960 43.811  3.42
-18.563627 -11.813086 44.729891 
-18.949938 -10.061876 45.420919 
-19.503707 -8.718709 45.267036 
-19.532575 -9.352399 44.568991 
-19.407761 -10.295337 43.975923 
-18.919370 -11.808691 43.789270 
FEnd
FBeg
 2034   CG MET A 253  2693  CD2 LEU B 349 ali
-21.459 -11.523 45.405 -20.591 -10.761 41.498  5.97
-19.407761 -10.295337 43.975923 
-18.919370 -11.808691 43.789270 
-19.048061 -11.941128 43.734850 
-22.037940 -10.881195 43.277326 
-21.265382 -8.452583 43.922625 
-20.739459 -8.586788 44.013292 
FEnd
FBeg
 2036   CE MET A 253  2693  CD2 LEU B 349 ali
-23.910 -10.518 44.557 -20.591 -10.761 41.498  4.55
-22.037940 -10.881195 43.277326 
-21.265382 -8.452583 43.922625 
-22.557719 -7.902239 42.476728 
-22.782271 -11.601284 42.526933 
FEnd
FBeg
 2067   CE MET A 257  2693  CD2 LEU B 349 ali
-24.553 -10.527 41.018 -20.591 -10.761 41.498  8.45
-22.557719 -7.902239 42.476728 
-22.504367 -7.840232 42.066584 
-22.434867 -8.512708 41.165090 
-22.419796 -9.181095 40.714853 
-22.445653 -11.837746 39.633162 
-22.770130 -12.259224 42.105975 
-22.782271 -11.601284 42.526933 
FEnd
FBeg
 2066   SD MET A 257  2693  CD2 LEU B 349 unk
-25.040 -12.229 40.664 -20.591 -10.761 41.498  2.77
-22.445653 -11.837746 39.633162 
-22.356925 -12.011177 39.465113 
-22.084729 -13.286149 40.257265 
-22.296554 -13.383987 41.559470 
-22.770130 -12.259224 42.105975 
FEnd
FBeg
 2043  CG2 VAL A 254  2693  CD2 LEU B 349 ali
-21.724 -16.387 40.891 -20.591 -10.761 41.498  1.81
-22.084729 -13.286149 40.257265 
-20.163837 -13.826091 41.676289 
-20.177064 -13.833153 41.766433 
-20.490324 -13.793656 41.985069 
-22.296554 -13.383987 41.559470 
FEnd
FBeg
 2007    O VAL A 250  2693  CD2 LEU B 349 unk
-19.791 -15.714 43.539 -20.591 -10.761 41.498  0.16
-20.177064 -13.833153 41.766433 
-19.913924 -13.648635 42.111072 
-19.994995 -13.578172 42.313845 
-20.490324 -13.793656 41.985069 
FEnd
FBeg
 2009  CG1 VAL A 250  2693  CD2 LEU B 349 ali
-17.480 -15.375 41.593 -20.591 -10.761 41.498  0.28
-20.163837 -13.826091 41.676289 
-18.975273 -13.018217 41.991110 
-19.913924 -13.648635 42.111072 
-20.177064 -13.833153 41.766433 
FEnd
FBeg
 2009  CG1 VAL A 250  2692  CD1 LEU B 349 ali
-17.480 -15.375 41.593 -19.401 -11.739 39.515  4.73
-20.163837 -13.826091 41.676289 
-18.975273 -13.018217 41.991110 
-18.672853 -12.869990 41.970901 
-17.105042 -13.203073 39.938727 
-19.766370 -14.463903 40.192834 
FEnd
FBeg
 1827  CD2 LEU A 226  2692  CD1 LEU B 349 ali
-17.829 -15.301 38.305 -19.401 -11.739 39.515  7.32
-17.105042 -13.203073 39.938727 
-19.766370 -14.463903 40.192834 
-20.681657 -14.407574 38.837897 
-20.597659 -14.243372 38.463646 
-17.170647 -12.523110 37.851818 
-16.954830 -13.099216 39.828144 
FEnd
FBeg
 1827  CD2 LEU A 226  2657  CD2 LEU B 344 ali
-17.829 -15.301 38.305 -14.474 -12.202 38.842  5.59
-17.170647 -12.523110 37.851818 
-16.954830 -13.099216 39.828144 
-16.295988 -13.814380 39.839093 
-15.727688 -14.416824 39.765213 
-15.292191 -14.544037 37.778510 
-16.243080 -13.401587 37.126332 
-16.299899 -13.339539 37.123240 
FEnd
FBeg
 1826  CD1 LEU A 226  2657  CD2 LEU B 344 ali
-18.692 -14.334 36.190 -14.474 -12.202 38.842  0.62
-16.299899 -13.339539 37.123240 
-17.170647 -12.523110 37.851818 
-17.178123 -11.948555 37.401812 
-17.154470 -11.945281 37.361560 
-16.293606 -13.256976 37.046857 
-16.279416 -13.342963 37.093414 
FEnd
FBeg
 1117  CG2 VAL A 139  2657  CD2 LEU B 344 ali
-15.111 -11.717 35.078 -14.474 -12.202 38.842  7.73
-17.154470 -11.945281 37.361560 
-15.512247 -10.446318 37.276783 
-14.214215 -10.666199 37.028779 
-12.876957 -11.408443 36.706828 
-12.802180 -11.512007 36.680829 
-12.512372 -12.040525 36.563683 
-16.293606 -13.256976 37.046857 
FEnd
FBeg
 1117  CG2 VAL A 139  2655   CG LEU B 344 ali
-15.111 -11.717 35.078 -13.192 -11.638 39.469  0.02
-12.802180 -11.512007 36.680829 
-12.512372 -12.040525 36.563683 
-12.438380 -12.018915 36.530957 
FEnd
FBeg
 1116  CG1 VAL A 139  2655   CG LEU B 344 ali
-14.318 -14.093 35.302 -13.192 -11.638 39.469  0.10
-12.512372 -12.040525 36.563683 
-12.438380 -12.018915 36.530957 
-12.431928 -12.021944 36.530998 
-12.291139 -12.225470 36.612862 
-12.272443 -12.407884 36.715280 
-12.276165 -12.419438 36.723093 
-12.403040 -12.665596 36.902401 
FEnd
FBeg
 1116  CG1 VAL A 139  2623  CG2 ILE B 340 ali
-14.318 -14.093 35.302 -10.503 -14.821 37.002  9.15
-12.276165 -12.419438 36.723093 
-12.403040 -12.665596 36.902401 
-13.062468 -14.233414 37.710840 
-12.957809 -15.822958 36.795275 
-11.833365 -15.169571 34.551692 
-11.341318 -12.975103 34.387229 
-11.399496 -12.786200 34.598683 
-12.269276 -12.412699 36.710519 
FEnd
FBeg
 1116  CG1 VAL A 139  2649  ND2 ASN B 343 unk
-14.318 -14.093 35.302 -10.940 -10.318 32.859  0.08
-11.341318 -12.975103 34.387229 
-11.406459 -12.944675 34.344174 
-11.650932 -12.614204 34.516791 
-11.455300 -12.688840 34.671965 
-11.399496 -12.786200 34.598683 
FEnd
FBeg
 1112   CA VAL A 139  2649  ND2 ASN B 343 unk
-14.401 -12.964 33.023 -10.940 -10.318 32.859  3.65
-11.406459 -12.944675 34.344174 
-11.650932 -12.614204 34.516791 
-13.115093 -10.803110 32.838094 
-13.086620 -10.842831 32.798095 
-11.762404 -12.634209 31.841531 
FEnd
FBeg
 1107    O VAL A 138  2649  ND2 ASN B 343 hbd
-13.541 -11.279 31.058 -10.940 -10.318 32.859  6.90
-13.086620 -10.842831 32.798095 
-13.124935 -10.579312 32.712817 
-12.721618 -9.782274 31.705054 
-11.828011 -8.477516 29.718301 
-11.625753 -8.415325 29.393015 
-11.585335 -11.884415 31.185725 
-11.701318 -12.506320 31.685070 
-11.733001 -12.644351 31.804479 
-11.762404 -12.634209 31.841531 
FEnd
FBeg
 1130   CD LYS A 141  2649  ND2 ASN B 343 unk
-9.879 -13.335 29.653 -10.940 -10.318 32.859  1.94
-11.701318 -12.506320 31.685070 
-11.521432 -12.021892 31.288732 
-9.815077 -12.744084 32.533054 
-9.716921 -13.136900 32.935196 
-10.040160 -13.447632 33.120637 
-11.733001 -12.644351 31.804479 
FEnd
FBeg
 1132   NZ LYS A 141  2649  ND2 ASN B 343 hbd
-8.274 -11.772 30.788 -10.940 -10.318 32.859  8.93
-9.815077 -12.744084 32.533054 
-8.738233 -8.385436 30.859172 
-7.477861 -8.524019 32.578946 
-8.186985 -11.363390 33.659546 
-9.716921 -13.136900 32.935196 
FEnd
FBeg
 1129   CG LYS A 141  2649  ND2 ASN B 343 unk
-11.258 -13.358 28.999 -10.940 -10.318 32.859  0.04
-11.585335 -11.884415 31.185725 
-11.521432 -12.021892 31.288732 
-11.701318 -12.506320 31.685070 
FEnd
FBeg
 1131   CE LYS A 141  2649  ND2 ASN B 343 unk
-9.347 -11.904 29.754 -10.940 -10.318 32.859  11.63
-11.625753 -8.415325 29.393015 
-8.738233 -8.385436 30.859172 
-9.815077 -12.744084 32.533054 
-11.521432 -12.021892 31.288732 
-11.585335 -11.884415 31.185725 
FEnd
FBeg
 1109  CG1 VAL A 138  2649  ND2 ASN B 343 unk
-14.981 -8.799 32.039 -10.940 -10.318 32.859  0.28
-12.721618 -9.782274 31.705054 
-11.968180 -8.563573 30.249643 
-11.828011 -8.477516 29.718301 
FEnd
FBeg
 1109  CG1 VAL A 138  2648  OD1 ASN B 343 unk
-14.981 -8.799 32.039 -11.122 -8.089 33.172  8.22
-11.968180 -8.563573 30.249643 
-11.828011 -8.477516 29.718301 
-11.692869 -8.131101 29.040925 
-11.685651 -8.073215 28.980064 
-11.804034 -7.345299 28.927126 
-11.864264 -7.140312 29.003814 
-12.518131 -5.731270 30.347903 
-13.204266 -6.752556 33.324873 
-13.089434 -7.374403 33.323439 
FEnd
FBeg
 1109  CG1 VAL A 138  2643   CA ASN B 343 ali
-14.981 -8.799 32.039 -12.233 -8.300 35.704  1.86
-13.204266 -6.752556 33.324873 
-13.243848 -6.741075 33.352988 
-14.537186 -7.372510 34.408699 
-14.631809 -8.376479 34.616340 
-14.601914 -8.568388 34.620054 
-13.140384 -7.568556 33.388075 
-13.089434 -7.374403 33.323439 
FEnd
FBeg
 1109  CG1 VAL A 138  2646   CB ASN B 343 ali
-14.981 -8.799 32.039 -12.168 -9.520 34.791  4.59
-14.601914 -8.568388 34.620054 
-14.837917 -9.038820 34.738039 
-13.828074 -10.579117 33.302268 
-13.656065 -10.597863 33.121535 
-13.223063 -10.434301 32.721787 
-13.140384 -7.568556 33.388075 
FEnd
FBeg
 1106    C VAL A 138  2646   CB ASN B 343 ali
-14.752 -11.402 31.222 -12.168 -9.520 34.791  0.13
-13.656065 -10.597863 33.121535 
-13.223063 -10.434301 32.721787 
-13.131994 -10.602014 32.744290 
-13.115093 -10.803110 32.838094 
FEnd
FBeg
 1106    C VAL A 138  2647   CG ASN B 343 ali
-14.752 -11.402 31.222 -11.362 -9.251 33.534  0.02
-13.223063 -10.434301 32.721787 
-13.131994 -10.602014 32.744290 
-13.124935 -10.579312 32.712817 
-13.161515 -10.386645 32.587203 
FEnd
FBeg
 1109  CG1 VAL A 138  2644    C ASN B 343 ali
-14.981 -8.799 32.039 -13.325 -8.450 36.743  0.08
-14.631809 -8.376479 34.616340 
-14.960335 -8.992093 34.777668 
-14.837917 -9.038820 34.738039 
-14.601914 -8.568388 34.620054 
FEnd
FBeg
 1117  CG2 VAL A 139  2644    C ASN B 343 ali
-15.111 -11.717 35.078 -13.325 -8.450 36.743  3.01
-14.960335 -8.992093 34.777668 
-14.837917 -9.038820 34.738039 
-13.450043 -10.673440 36.456693 
-14.395196 -10.384539 36.903664 
-15.257351 -9.881374 36.841181 
-15.395571 -9.444907 36.133028 
FEnd
FBeg
 1117  CG2 VAL A 139  2645    O ASN B 343 unk
-15.111 -11.717 35.078 -14.411 -7.915 36.573  0.32
-15.395571 -9.444907 36.133028 
-14.960335 -8.992093 34.777668 
-15.145202 -8.965128 34.795652 
-15.570347 -9.228188 35.663715 
FEnd
FBeg
 1117  CG2 VAL A 139  2680  CG1 VAL B 347 ali
-15.111 -11.717 35.078 -17.747 -8.031 34.904  4.27
-15.145202 -8.965128 34.795652 
-16.558944 -10.027141 33.715448 
-17.203562 -10.493488 33.601982 
-17.352979 -10.588377 33.855455 
-17.869684 -10.892974 35.230696 
-15.570347 -9.228188 35.663715 
FEnd
FBeg
 1075   CA ARG A 135  2680  CG1 VAL B 347 ali
-20.035 -11.175 33.348 -17.747 -8.031 34.904  6.21
-17.352979 -10.588377 33.855455 
-17.869684 -10.892974 35.230696 
-17.888493 -10.881970 35.236120 
-18.744790 -10.117482 34.950552 
-20.233766 -8.129331 33.122809 
-20.193261 -8.136556 33.077847 
-18.813154 -8.815543 32.420424 
-18.658358 -8.926139 32.416272 
-17.316248 -10.459571 33.541183 
FEnd
FBeg
 1068    O GLU A 134  2680  CG1 VAL B 347 unk
-19.469 -10.289 30.850 -17.747 -8.031 34.904  0.04
-18.813154 -8.815543 32.420424 
-18.865516 -8.505296 32.269864 
-18.710862 -8.703402 32.314514 
-18.658358 -8.926139 32.416272 
FEnd
FBeg
 1110  CG2 VAL A 138  2680  CG1 VAL B 347 ali
-16.729 -8.269 30.322 -17.747 -8.031 34.904  1.50
-18.865516 -8.505296 32.269864 
-19.049098 -8.179692 32.212164 
-17.568144 -7.068974 32.483500 
-16.852158 -7.083696 32.643338 
-16.971564 -7.494352 32.638139 
-18.710862 -8.703402 32.314514 
FEnd
FBeg
  597  CD1 LEU A  72  2680  CG1 VAL B 347 ali
-17.235 -4.519 32.934 -17.747 -8.031 34.904  6.08
-17.568144 -7.068974 32.483500 
-19.280574 -5.861656 34.190778 
-19.199920 -5.743780 34.421882 
-17.160019 -5.792768 34.864716 
-16.373542 -6.008195 34.685070 
-15.631004 -6.663578 33.709676 
-16.852158 -7.083696 32.643338 
FEnd
FBeg
  597  CD1 LEU A  72  2671   CB ASP B 346 ali
-17.235 -4.519 32.934 -14.370 -4.702 35.238  15.36
-16.373542 -6.008195 34.685070 
-15.631004 -6.663578 33.709676 
-14.104346 -5.482232 31.905124 
-14.118736 -3.690255 32.065349 
-14.997365 -1.071887 33.365884 
-15.952985 -1.303122 34.535822 
-16.088874 -1.939853 34.654225 
-16.306153 -3.052464 34.836037 
FEnd
FBeg
  597  CD1 LEU A  72  2668   CA ASP B 346 ali
-17.235 -4.519 32.934 -14.968 -4.362 36.604  0.02
-16.088874 -1.939853 34.654225 
-16.326660 -2.968407 34.845109 
-16.306153 -3.052464 34.836037 
FEnd
FBeg
  597  CD1 LEU A  72  2670    O ASP B 346 unk
-17.235 -4.519 32.934 -17.306 -3.869 36.348  3.46
-15.952985 -1.303122 34.535822 
-16.819261 -1.412802 34.538689 
-16.908348 -1.438644 34.541756 
-18.558490 -4.636751 35.116334 
-18.198802 -4.746052 35.144625 
-16.326660 -2.968407 34.845109 
-16.088874 -1.939853 34.654225 
FEnd
FBeg
  595   CB LEU A  72  2670    O ASP B 346 unk
-19.461 -3.339 33.109 -17.306 -3.869 36.348  6.69
-16.908348 -1.438644 34.541756 
-18.558490 -4.636751 35.116334 
-20.296541 -3.829049 36.404875 
-20.288948 -3.756566 36.411683 
-18.733880 -1.529981 35.741389 
FEnd
FBeg
  605  OD1 ASN A  73  2670    O ASP B 346 hbd
-21.237 -0.964 36.878 -17.306 -3.869 36.348  7.68
-20.288948 -3.756566 36.411683 
-20.320504 -3.809288 36.466613 
-20.261864 -3.777201 36.725670 
-19.612553 -3.142744 38.064055 
-19.496245 -3.007289 38.184268 
-18.446422 -1.734184 38.992726 
-17.953266 -0.806517 37.565792 
-17.946779 -0.730348 37.196411 
-18.733880 -1.529981 35.741389 
FEnd
FBeg
  595   CB LEU A  72  2676   CA VAL B 347 ali
-19.461 -3.339 33.109 -18.133 -6.459 36.856  4.66
-18.558490 -4.636751 35.116334 
-20.296541 -3.829049 36.404875 
-21.062727 -6.012766 34.858116 
-20.984536 -6.250304 34.632615 
-20.674827 -6.240967 34.530623 
-19.199920 -5.743780 34.421882 
FEnd
FBeg
  594    O LEU A  72  2676   CA VAL B 347 unk
-22.217 -3.154 34.213 -18.133 -6.459 36.856  1.76
-20.296541 -3.829049 36.404875 
-21.062727 -6.012766 34.858116 
-21.420389 -5.457096 36.105630 
-21.263557 -5.054606 36.366594 
-20.507256 -3.915404 36.622489 
-20.320504 -3.809288 36.466613 
FEnd
FBeg
  582  OG1 THR A  70  2670    O ASP B 346 hbd
-18.776 0.977 34.480 -17.306 -3.869 36.348  4.98
-16.819261 -1.412802 34.538689 
-16.908348 -1.438644 34.541756 
-18.733880 -1.529981 35.741389 
-17.946779 -0.730348 37.196411 
-17.788487 -0.639645 37.307149 
-16.405751 -0.384106 36.881945 
-16.158444 -0.835027 35.517542 
FEnd
FBeg
  597  CD1 LEU A  72  2674  OD2 ASP B 346 unk
-17.235 -4.519 32.934 -12.291 -4.584 34.105  3.96
-14.104346 -5.482232 31.905124 
-13.730625 -4.961511 30.356165 
-13.887466 -1.485224 31.211317 
-14.118736 -3.690255 32.065349 
FEnd
FBeg
  597  CD1 LEU A  72  2669    C ASP B 346 ali
-17.235 -4.519 32.934 -16.454 -4.724 36.599  3.21
-17.160019 -5.792768 34.864716 
-16.373542 -6.008195 34.685070 
-16.306153 -3.052464 34.836037 
-16.326660 -2.968407 34.845109 
-18.198802 -4.746052 35.144625 
FEnd
FBeg
  597  CD1 LEU A  72  2676   CA VAL B 347 ali
-17.235 -4.519 32.934 -18.133 -6.459 36.856  1.45
-19.199920 -5.743780 34.421882 
-17.160019 -5.792768 34.864716 
-18.198802 -4.746052 35.144625 
-18.558490 -4.636751 35.116334 
FEnd
FBeg
  595   CB LEU A  72  2680  CG1 VAL B 347 ali
-19.461 -3.339 33.109 -17.747 -8.031 34.904  0.27
-19.280574 -5.861656 34.190778 
-20.832314 -6.317630 34.480611 
-20.674827 -6.240967 34.530623 
-19.199920 -5.743780 34.421882 
FEnd
FBeg
  598  CD2 LEU A  72  2680  CG1 VAL B 347 ali
-19.192 -5.274 31.505 -17.747 -8.031 34.904  6.60
-19.049098 -8.179692 32.212164 
-20.420553 -7.839006 33.071542 
-21.008057 -6.600449 34.325924 
-20.979133 -6.446404 34.438576 
-20.832314 -6.317630 34.480611 
-19.280574 -5.861656 34.190778 
-17.568144 -7.068974 32.483500 
FEnd
FBeg
 1067    C GLU A 134  2680  CG1 VAL B 347 ali
-20.652 -10.329 31.179 -17.747 -8.031 34.904  0.77
-20.193261 -8.136556 33.077847 
-20.333341 -7.976238 33.088187 
-20.420553 -7.839006 33.071542 
-19.049098 -8.179692 32.212164 
-18.865516 -8.505296 32.269864 
-18.813154 -8.815543 32.420424 
FEnd
FBeg
 1074    N ARG A 135  2680  CG1 VAL B 347 unk
-21.029 -10.736 32.382 -17.747 -8.031 34.904  0.01
-20.233766 -8.129331 33.122809 
-20.333341 -7.976238 33.088187 
-20.193261 -8.136556 33.077847 
FEnd
FBeg
 1079   CG ARG A 135  2680  CG1 VAL B 347 ali
-21.019 -10.054 35.369 -17.747 -8.031 34.904  4.92
-18.744790 -10.117482 34.950552 
-18.539009 -10.326948 35.487255 
-18.646897 -10.134469 35.565479 
-20.998975 -6.588260 34.442862 
-21.008057 -6.600449 34.325924 
-20.420553 -7.839006 33.071542 
-20.333341 -7.976238 33.088187 
-20.233766 -8.129331 33.122809 
FEnd
FBeg
 1079   CG ARG A 135  2679   CB VAL B 347 ali
-21.019 -10.054 35.369 -18.259 -7.916 36.340  6.28
-18.646897 -10.134469 35.565479 
-20.998975 -6.588260 34.442862 
-21.196493 -6.800456 35.471519 
-20.393046 -8.469635 36.863065 
-19.770489 -9.399525 37.140973 
FEnd
FBeg
 1080   CD ARG A 135  2679   CB VAL B 347 ali
-21.820 -10.214 36.628 -18.259 -7.916 36.340  0.46
-20.393046 -8.469635 36.863065 
-19.770489 -9.399525 37.140973 
-20.028134 -8.913929 37.829958 
FEnd
FBeg
 1080   CD ARG A 135  2681  CG2 VAL B 347 ali
-21.820 -10.214 36.628 -17.567 -8.901 37.293  1.09
-19.770489 -9.399525 37.140973 
-20.028134 -8.913929 37.829958 
-20.028616 -9.108920 38.218036 
-19.794493 -9.769646 38.025269 
-19.394225 -10.658510 37.220362 
FEnd
FBeg
 1080   CD ARG A 135  2692  CD1 LEU B 349 ali
-21.820 -10.214 36.628 -19.401 -11.739 39.515  6.77
-19.794493 -9.769646 38.025269 
-21.635137 -10.731559 39.059422 
-22.257358 -11.965412 38.929020 
-20.779138 -12.762638 37.269309 
-20.558498 -12.585421 37.178047 
-19.582328 -11.349745 37.012841 
-19.394225 -10.658510 37.220362 
FEnd
FBeg
 1079   CG ARG A 135  2692  CD1 LEU B 349 ali
-21.019 -10.054 35.369 -19.401 -11.739 39.515  0.19
-19.582328 -11.349745 37.012841 
-19.394225 -10.658510 37.220362 
-19.044818 -11.146276 36.885768 
FEnd
FBeg
 1078   CB ARG A 135  2692  CD1 LEU B 349 ali
-20.672 -11.376 34.720 -19.401 -11.739 39.515  0.83
-20.558498 -12.585421 37.178047 
-19.582328 -11.349745 37.012841 
-19.044818 -11.146276 36.885768 
-18.640028 -11.513646 36.750660 
FEnd
FBeg
 1078   CB ARG A 135  2681  CG2 VAL B 347 ali
-20.672 -11.376 34.720 -17.567 -8.901 37.293  1.62
-19.044818 -11.146276 36.885768 
-18.640028 -11.513646 36.750660 
-17.951173 -11.481179 35.888146 
-17.874019 -10.903792 35.239643 
-17.888493 -10.881970 35.236120 
-18.539009 -10.326948 35.487255 
FEnd
FBeg
 1804  CE2 TYR A 223  2692  CD1 LEU B 349 ali
-23.233 -13.877 37.129 -19.401 -11.739 39.515  4.49
-22.257358 -11.965412 38.929020 
-20.779138 -12.762638 37.269309 
-20.700699 -13.996980 38.249378 
-21.195562 -14.070240 39.109791 
-22.137772 -13.344010 39.972267 
-22.386339 -12.119745 39.274459 
FEnd
FBeg
 1083  NH1 ARG A 135  2692  CD1 LEU B 349 unk
-23.326 -9.701 38.960 -19.401 -11.739 39.515  0.54
-21.635137 -10.731559 39.059422 
-22.257358 -11.965412 38.929020 
-22.386339 -12.119745 39.274459 
-22.356925 -12.011177 39.465113 
-21.756176 -10.904632 39.279884 
FEnd
FBeg
 1083  NH1 ARG A 135  2691   CG LEU B 349 unk
-23.326 -9.701 38.960 -19.546 -10.509 40.401  0.09
-21.756176 -10.904632 39.279884 
-21.635137 -10.731559 39.059422 
-21.621193 -10.673175 39.055583 
-21.708466 -10.389231 39.443729 
FEnd
FBeg
 1082   CZ ARG A 135  2691   CG LEU B 349 ali
-22.676 -8.707 38.379 -19.546 -10.509 40.401  3.74
-21.621193 -10.673175 39.055583 
-21.708466 -10.389231 39.443729 
-21.122006 -8.172253 40.511668 
-20.774240 -7.994251 40.131971 
-20.179540 -8.802124 38.491419 
-20.405667 -9.259909 38.433481 
FEnd
FBeg
 1081   NE ARG A 135  2691   CG LEU B 349 unk
-21.967 -8.918 37.279 -19.546 -10.509 40.401  0.12
-20.179540 -8.802124 38.491419 
-20.029952 -8.865894 38.342921 
-20.028616 -9.108920 38.218036 
-20.405667 -9.259909 38.433481 
FEnd
FBeg
 1081   NE ARG A 135  2678    O VAL B 347 hbd
-21.967 -8.918 37.279 -19.909 -6.794 38.440  2.65
-20.179540 -8.802124 38.491419 
-20.029952 -8.865894 38.342921 
-20.029634 -8.704644 38.047359 
-20.969514 -6.848121 36.316969 
-21.313875 -6.359858 36.034130 
-21.756221 -6.278949 36.670216 
-21.537324 -6.798035 37.231844 
FEnd
FBeg
 1084  NH2 ARG A 135  2678    O VAL B 347 hbd
-22.734 -7.493 38.895 -19.909 -6.794 38.440  7.38
-21.756221 -6.278949 36.670216 
-21.537324 -6.798035 37.231844 
-20.774240 -7.994251 40.131971 
-20.774075 -7.991307 40.137520 
-21.148869 -6.447410 40.182336 
-21.455556 -5.501921 39.730696 
-21.768315 -4.863090 38.770259 
-21.984179 -5.206324 36.902702 
FEnd
FBeg
  633  CD1 LEU A  76  2678    O VAL B 347 unk
-24.237 -2.924 38.229 -19.909 -6.794 38.440  1.60
-21.768315 -4.863090 38.770259 
-21.220554 -4.274798 38.324669 
-21.380357 -4.532270 36.880169 
-21.839943 -5.057211 36.679066 
-21.984179 -5.206324 36.902702 
FEnd
FBeg
 2491  ND2 ASN A 310  2678    O VAL B 347 hbd
-21.384 -3.293 41.249 -19.909 -6.794 38.440  0.73
-21.455556 -5.501921 39.730696 
-21.006239 -4.582180 38.820312 
-21.220554 -4.274798 38.324669 
-21.768315 -4.863090 38.770259 
FEnd
FBeg
 2491  ND2 ASN A 310  2677    C VAL B 347 unk
-21.384 -3.293 41.249 -18.780 -6.339 38.234  0.60
-21.006239 -4.582180 38.820312 
-21.220554 -4.274798 38.324669 
-20.872312 -3.718707 38.063631 
-20.240389 -3.378791 38.266000 
FEnd
FBeg
 2491  ND2 ASN A 310  2683   CA GLY B 348 unk
-21.384 -3.293 41.249 -18.625 -5.404 40.478  13.65
-21.455556 -5.501921 39.730696 
-21.006239 -4.582180 38.820312 
-20.240389 -3.378791 38.266000 
-18.663196 -1.669473 39.229818 
-18.546148 -1.659441 39.621205 
-18.526464 -1.900605 40.351950 
-18.838781 -2.611155 41.179822 
-20.284035 -4.892214 42.253569 
-21.298652 -5.781878 41.058693 
-21.571027 -6.004573 40.693747 
FEnd
FBeg
 2491  ND2 ASN A 310  2684    C GLY B 348 unk
-21.384 -3.293 41.249 -18.822 -6.615 41.364  0.02
-21.298652 -5.781878 41.058693 
-21.610820 -6.032733 40.766811 
-21.571027 -6.004573 40.693747 
FEnd
FBeg
 2491  ND2 ASN A 310  2685    O GLY B 348 hbd
-21.384 -3.293 41.249 -19.659 -6.602 42.248  2.16
-20.284035 -4.892214 42.253569 
-20.963329 -5.190615 42.438127 
-22.638290 -6.265228 41.770874 
-21.610820 -6.032733 40.766811 
-21.298652 -5.781878 41.058693 
FEnd
FBeg
 1084  NH2 ARG A 135  2685    O GLY B 348 hbd
-22.734 -7.493 38.895 -19.659 -6.602 42.248  3.36
-22.638290 -6.265228 41.770874 
-21.610820 -6.032733 40.766811 
-21.357871 -7.910933 41.033932 
-22.504367 -7.840232 42.066584 
-23.209198 -7.102526 42.516944 
-23.198003 -6.966092 42.470422 
FEnd
FBeg
 2488   CB ASN A 310  2685    O GLY B 348 unk
-22.294 -3.263 43.485 -19.659 -6.602 42.248  3.68
-20.963329 -5.190615 42.438127 
-22.638290 -6.265228 41.770874 
-23.198003 -6.966092 42.470422 
-23.194762 -7.040786 42.678948 
-23.044723 -7.050472 43.024697 
-22.803470 -7.034603 43.495771 
-20.464791 -5.013919 43.023138 
FEnd
FBeg
 2485   CA ASN A 310  2685    O GLY B 348 unk
-21.684 -3.653 44.836 -19.659 -6.602 42.248  6.63
-22.803470 -7.034603 43.495771 
-22.537999 -7.133715 43.816427 
-22.288797 -7.102077 43.975365 
-19.251514 -6.052637 45.156084 
-19.085696 -4.456149 43.466648 
-20.464791 -5.013919 43.023138 
FEnd
FBeg
 2492    N LYS A 311  2685    O GLY B 348 hbd
-19.561 -2.901 45.755 -19.659 -6.602 42.248  2.73
-19.251514 -6.052637 45.156084 
-18.429721 -6.526408 45.633099 
-18.224237 -6.366336 45.458430 
-18.129606 -6.224996 45.306627 
-17.984401 -5.168580 44.187715 
-18.754161 -4.447520 43.448277 
-18.929713 -4.385482 43.387713 
-19.085696 -4.456149 43.466648 
FEnd
FBeg
 2492    N LYS A 311  2683   CA GLY B 348 unk
-19.561 -2.901 45.755 -18.625 -5.404 40.478  0.73
-18.754161 -4.447520 43.448277 
-18.929713 -4.385482 43.387713 
-18.436217 -3.707689 43.153754 
-17.925348 -3.407189 43.101834 
-17.925501 -4.467762 43.604861 
FEnd
FBeg
 2492    N LYS A 311  2684    C GLY B 348 unk
-19.561 -2.901 45.755 -18.822 -6.615 41.364  0.38
-17.984401 -5.168580 44.187715 
-18.754161 -4.447520 43.448277 
-17.925501 -4.467762 43.604861 
FEnd
FBeg
 2479    O MET A 309  2685    O GLY B 348 unk
-21.739 -5.663 46.764 -19.659 -6.602 42.248  4.98
-22.288797 -7.102077 43.975365 
-22.382045 -7.220144 43.956966 
-21.477953 -7.875680 44.509681 
-21.043395 -8.010743 44.737915 
-19.869156 -8.083574 45.293895 
-19.803345 -8.043039 45.315779 
-18.429721 -6.526408 45.633099 
-19.251514 -6.052637 45.156084 
FEnd
FBeg
 2489   CG ASN A 310  2685    O GLY B 348 unk
-21.274 -2.787 42.472 -19.659 -6.602 42.248  1.04
-20.284035 -4.892214 42.253569 
-20.963329 -5.190615 42.438127 
-20.464791 -5.013919 43.023138 
-19.085696 -4.456149 43.466648 
-18.929713 -4.385482 43.387713 
FEnd
FBeg
 2489   CG ASN A 310  2683   CA GLY B 348 ali
-21.274 -2.787 42.472 -18.625 -5.404 40.478  3.36
-18.838781 -2.611155 41.179822 
-20.284035 -4.892214 42.253569 
-18.929713 -4.385482 43.387713 
-18.436217 -3.707689 43.153754 
FEnd
FBeg
 2490  OD1 ASN A 310  2683   CA GLY B 348 unk
-20.427 -1.945 42.767 -18.625 -5.404 40.478  2.90
-18.526464 -1.900605 40.351950 
-18.838781 -2.611155 41.179822 
-18.436217 -3.707689 43.153754 
-17.925348 -3.407189 43.101834 
-17.558593 -3.043097 42.840365 
-17.399774 -2.629401 42.340242 
FEnd
FBeg
 1084  NH2 ARG A 135  2683   CA GLY B 348 unk
-22.734 -7.493 38.895 -18.625 -5.404 40.478  0.41
-21.148869 -6.447410 40.182336 
-21.455556 -5.501921 39.730696 
-21.571027 -6.004573 40.693747 
FEnd
FBeg
 1084  NH2 ARG A 135  2684    C GLY B 348 unk
-22.734 -7.493 38.895 -18.822 -6.615 41.364  1.64
-20.774075 -7.991307 40.137520 
-21.148869 -6.447410 40.182336 
-21.571027 -6.004573 40.693747 
-21.610820 -6.032733 40.766811 
-21.357871 -7.910933 41.033932 
-21.053992 -8.054503 40.603507 
FEnd
FBeg
 1050  CD1 LEU A 131  2678    O VAL B 347 unk
-24.441 -7.082 35.325 -19.909 -6.794 38.440  0.94
-21.313875 -6.359858 36.034130 
-21.756221 -6.278949 36.670216 
-21.984179 -5.206324 36.902702 
-21.839943 -5.057211 36.679066 
-21.420389 -5.457096 36.105630 
FEnd
FBeg
 1081   NE ARG A 135  2676   CA VAL B 347 unk
-21.967 -8.918 37.279 -18.133 -6.459 36.856  0.15
-20.969514 -6.848121 36.316969 
-21.201438 -6.598176 35.667844 
-21.313875 -6.359858 36.034130 
FEnd
FBeg
 1082   CZ ARG A 135  2678    O VAL B 347 unk
-22.676 -8.707 38.379 -19.909 -6.794 38.440  2.62
-20.774240 -7.994251 40.131971 
-20.179540 -8.802124 38.491419 
-21.537324 -6.798035 37.231844 
FEnd
FBeg
 1084  NH2 ARG A 135  2691   CG LEU B 349 unk
-22.734 -7.493 38.895 -19.546 -10.509 40.401  0.05
-21.122006 -8.172253 40.511668 
-21.053992 -8.054503 40.603507 
-20.774075 -7.991307 40.137520 
-20.774240 -7.994251 40.131971 
FEnd
FBeg
 1080   CD ARG A 135  2691   CG LEU B 349 ali
-21.820 -10.214 36.628 -19.546 -10.509 40.401  1.09
-20.028616 -9.108920 38.218036 
-20.405667 -9.259909 38.433481 
-21.621193 -10.673175 39.055583 
-21.635137 -10.731559 39.059422 
-19.794493 -9.769646 38.025269 
FEnd
FBeg
 1081   NE ARG A 135  2681  CG2 VAL B 347 unk
-21.967 -8.918 37.279 -17.567 -8.901 37.293  0.11
-20.028134 -8.913929 37.829958 
-20.028616 -9.108920 38.218036 
-20.029952 -8.865894 38.342921 
-20.029634 -8.704644 38.047359 
FEnd
FBeg
 1081   NE ARG A 135  2679   CB VAL B 347 unk
-21.967 -8.918 37.279 -18.259 -7.916 36.340  1.93
-21.196493 -6.800456 35.471519 
-20.393046 -8.469635 36.863065 
-20.028134 -8.913929 37.829958 
-20.029634 -8.704644 38.047359 
-20.969514 -6.848121 36.316969 
-21.201438 -6.598176 35.667844 
FEnd
FBeg
 1050  CD1 LEU A 131  2679   CB VAL B 347 ali
-24.441 -7.082 35.325 -18.259 -7.916 36.340  0.36
-20.998975 -6.588260 34.442862 
-21.196493 -6.800456 35.471519 
-21.201438 -6.598176 35.667844 
-20.984536 -6.250304 34.632615 
-20.974489 -6.346886 34.492060 
-20.979133 -6.446404 34.438576 
FEnd
FBeg
 1079   CG ARG A 135  2681  CG2 VAL B 347 ali
-21.019 -10.054 35.369 -17.567 -8.901 37.293  2.00
-18.539009 -10.326948 35.487255 
-18.646897 -10.134469 35.565479 
-19.770489 -9.399525 37.140973 
-19.394225 -10.658510 37.220362 
-19.044818 -11.146276 36.885768 
FEnd
FBeg
 1078   CB ARG A 135  2680  CG1 VAL B 347 ali
-20.672 -11.376 34.720 -17.747 -8.031 34.904  0.27
-17.888493 -10.881970 35.236120 
-18.539009 -10.326948 35.487255 
-18.744790 -10.117482 34.950552 
FEnd
FBeg
 1075   CA ARG A 135  2681  CG2 VAL B 347 ali
-20.035 -11.175 33.348 -17.567 -8.901 37.293  0.00
-17.869684 -10.892974 35.230696 
-17.888493 -10.881970 35.236120 
-17.874019 -10.903792 35.239643 
FEnd
FBeg
 1077    O ARG A 135  2680  CG1 VAL B 347 unk
-18.084 -12.517 33.026 -17.747 -8.031 34.904  0.02
-17.203562 -10.493488 33.601982 
-17.352979 -10.588377 33.855455 
-17.316248 -10.459571 33.541183 
FEnd
FBeg
 1108   CB VAL A 138  2680  CG1 VAL B 347 ali
-16.158 -9.334 31.232 -17.747 -8.031 34.904  4.09
-16.558944 -10.027141 33.715448 
-17.203562 -10.493488 33.601982 
-17.316248 -10.459571 33.541183 
-18.658358 -8.926139 32.416272 
-18.710862 -8.703402 32.314514 
-16.971564 -7.494352 32.638139 
FEnd
FBeg
 1109  CG1 VAL A 138  2680  CG1 VAL B 347 ali
-14.981 -8.799 32.039 -17.747 -8.031 34.904  6.37
-15.145202 -8.965128 34.795652 
-16.558944 -10.027141 33.715448 
-16.971564 -7.494352 32.638139 
-16.852158 -7.083696 32.643338 
-15.631004 -6.663578 33.709676 
-15.036509 -7.342488 34.465619 
FEnd
FBeg
 1109  CG1 VAL A 138  2645    O ASN B 343 unk
-14.981 -8.799 32.039 -14.411 -7.915 36.573  0.72
-14.537186 -7.372510 34.408699 
-15.036509 -7.342488 34.465619 
-15.145202 -8.965128 34.795652 
-14.960335 -8.992093 34.777668 
-14.631809 -8.376479 34.616340 
FEnd
FBeg
 1109  CG1 VAL A 138  2671   CB ASP B 346 ali
-14.981 -8.799 32.039 -14.370 -4.702 35.238  3.98
-13.243848 -6.741075 33.352988 
-14.104346 -5.482232 31.905124 
-15.631004 -6.663578 33.709676 
-15.036509 -7.342488 34.465619 
-14.537186 -7.372510 34.408699 
FEnd
FBeg
 1109  CG1 VAL A 138  2674  OD2 ASP B 346 unk
-14.981 -8.799 32.039 -12.291 -4.584 34.105  3.60
-12.518131 -5.731270 30.347903 
-13.730625 -4.961511 30.356165 
-14.104346 -5.482232 31.905124 
-13.243848 -6.741075 33.352988 
-13.204266 -6.752556 33.324873 
FEnd
FBeg
 1109  CG1 VAL A 138  2647   CG ASN B 343 ali
-14.981 -8.799 32.039 -11.362 -9.251 33.534  5.08
-12.721618 -9.782274 31.705054 
-11.968180 -8.563573 30.249643 
-13.089434 -7.374403 33.323439 
-13.140384 -7.568556 33.388075 
-13.223063 -10.434301 32.721787 
-13.161515 -10.386645 32.587203 
FEnd
FBeg
 1107    O VAL A 138  2647   CG ASN B 343 unk
-13.541 -11.279 31.058 -11.362 -9.251 33.534  0.08
-13.124935 -10.579312 32.712817 
-12.721618 -9.782274 31.705054 
-13.161515 -10.386645 32.587203 
FEnd
FBeg
 1106    C VAL A 138  2649  ND2 ASN B 343 unk
-14.752 -11.402 31.222 -10.940 -10.318 32.859  0.01
-13.115093 -10.803110 32.838094 
-13.131994 -10.602014 32.744290 
-13.124935 -10.579312 32.712817 
-13.086620 -10.842831 32.798095 
FEnd
FBeg
 1112   CA VAL A 139  2646   CB ASN B 343 ali
-14.401 -12.964 33.023 -12.168 -9.520 34.791  2.23
-11.650932 -12.614204 34.516791 
-13.115093 -10.803110 32.838094 
-13.656065 -10.597863 33.121535 
-13.828074 -10.579117 33.302268 
-12.477025 -12.199496 34.752320 
FEnd
FBeg
 1114    O VAL A 139  2649  ND2 ASN B 343 hbd
-12.778 -14.642 32.584 -10.940 -10.318 32.859  2.60
-11.341318 -12.975103 34.387229 
-11.406459 -12.944675 34.344174 
-11.762404 -12.634209 31.841531 
-11.733001 -12.644351 31.804479 
-10.040160 -13.447632 33.120637 
-10.147070 -13.442426 33.753331 
FEnd
FBeg
 1114    O VAL A 139  2623  CG2 ILE B 340 unk
-12.778 -14.642 32.584 -10.503 -14.821 37.002  4.15
-11.833365 -15.169571 34.551692 
-11.341318 -12.975103 34.387229 
-10.147070 -13.442426 33.753331 
-9.811441 -15.777929 33.485877 
FEnd
FBeg
 1852  CG2 THR A 229  2623  CG2 ILE B 340 ali
-12.376 -17.854 35.180 -10.503 -14.821 37.002  12.48
-12.957809 -15.822958 36.795275 
-11.833365 -15.169571 34.551692 
-9.811441 -15.777929 33.485877 
-8.929738 -16.704341 34.121651 
-9.509837 -17.371761 35.829012 
-10.877635 -17.525096 37.490344 
-10.953137 -17.493165 37.514806 
-11.998014 -16.866009 37.544932 
FEnd
FBeg
 1854   CA VAL A 230  2623  CG2 ILE B 340 ali
-12.640 -18.499 39.451 -10.503 -14.821 37.002  1.29
-10.953137 -17.493165 37.514806 
-10.892549 -17.516318 37.532902 
-10.741163 -17.091626 38.302820 
-11.409157 -16.407756 38.746991 
-11.998014 -16.866009 37.544932 
FEnd
FBeg
 1854   CA VAL A 230  2624  CD1 ILE B 340 ali
-12.640 -18.499 39.451 -9.304 -15.434 39.749  2.85
-10.741163 -17.091626 38.302820 
-11.409157 -16.407756 38.746991 
-11.539112 -16.373095 39.845298 
-11.526375 -16.391288 39.889837 
-10.690416 -17.387578 40.778658 
-10.261907 -17.792098 40.142243 
FEnd
FBeg
 1856    O VAL A 230  2624  CD1 ILE B 340 unk
-11.049 -19.323 41.046 -9.304 -15.434 39.749  1.62
-10.690416 -17.387578 40.778658 
-10.261907 -17.792098 40.142243 
-9.540255 -17.879847 40.850052 
-9.556011 -17.607448 41.645632 
-10.124893 -17.158930 42.225111 
FEnd
FBeg
 1857   CB VAL A 230  2624  CD1 ILE B 340 ali
-13.650 -17.534 40.134 -9.304 -15.434 39.749  0.00
-11.539112 -16.373095 39.845298 
-11.526375 -16.391288 39.889837 
-11.548575 -16.346531 39.883368 
FEnd
FBeg
 1859  CG2 VAL A 230  2624  CD1 ILE B 340 ali
-13.887 -16.330 39.235 -9.304 -15.434 39.749  1.75
-11.409157 -16.407756 38.746991 
-11.539112 -16.373095 39.845298 
-11.548575 -16.346531 39.883368 
-11.845898 -15.115363 40.388244 
-11.797099 -14.773145 39.356583 
-11.761445 -14.888508 39.239781 
FEnd
FBeg
 1859  CG2 VAL A 230  2621   CB ILE B 340 ali
-13.887 -16.330 39.235 -9.873 -13.756 37.918  0.03
-11.797099 -14.773145 39.356583 
-11.761445 -14.888508 39.239781 
-11.994298 -14.609452 39.075482 
FEnd
FBeg
 1859  CG2 VAL A 230  2656  CD1 LEU B 344 ali
-13.887 -16.330 39.235 -12.639 -12.601 40.531  4.96
-11.845898 -15.115363 40.388244 
-11.797099 -14.773145 39.356583 
-11.994298 -14.609452 39.075482 
-12.694782 -14.120838 38.344126 
-14.611878 -14.196867 40.408979 
-14.019289 -14.675131 41.214453 
FEnd
FBeg
 1848    C THR A 229  2623  CG2 ILE B 340 ali
-12.442 -19.648 37.318 -10.503 -14.821 37.002  0.00
-10.877635 -17.525096 37.490344 
-10.892549 -17.516318 37.532902 
-10.953137 -17.493165 37.514806 
FEnd
FBeg
 1882   CB ALA A 233  2623  CG2 ILE B 340 ali
-8.366 -18.206 38.449 -10.503 -14.821 37.002  6.18
-9.509837 -17.371761 35.829012 
-8.248160 -16.872513 35.133607 
-7.887433 -15.992816 36.658764 
-8.968162 -16.219966 37.723461 
-10.741163 -17.091626 38.302820 
-10.892549 -17.516318 37.532902 
-10.877635 -17.525096 37.490344 
FEnd
FBeg
 1859  CG2 VAL A 230  2623  CG2 ILE B 340 ali
-13.887 -16.330 39.235 -10.503 -14.821 37.002  5.49
-13.062468 -14.233414 37.710840 
-12.957809 -15.822958 36.795275 
-11.998014 -16.866009 37.544932 
-11.409157 -16.407756 38.746991 
-11.761445 -14.888508 39.239781 
-11.994298 -14.609452 39.075482 
-12.694782 -14.120838 38.344126 
FEnd
FBeg
 1116  CG1 VAL A 139  2621   CB ILE B 340 ali
-14.318 -14.093 35.302 -9.873 -13.756 37.918  0.00
-12.272443 -12.407884 36.715280 
-12.276165 -12.419438 36.723093 
-12.269276 -12.412699 36.710519 
FEnd
FBeg
 1116  CG1 VAL A 139  2618   CA ILE B 340 ali
-14.318 -14.093 35.302 -9.298 -12.569 37.100  0.49
-12.291139 -12.225470 36.612862 
-12.272443 -12.407884 36.715280 
-12.269276 -12.412699 36.710519 
-11.399496 -12.786200 34.598683 
-11.455300 -12.688840 34.671965 
-12.234915 -12.131832 36.376519 
FEnd
FBeg
 1116  CG1 VAL A 139  2620    O ILE B 340 unk
-14.318 -14.093 35.302 -10.589 -10.600 37.573  0.03
-12.431928 -12.021944 36.530998 
-12.291139 -12.225470 36.612862 
-12.234915 -12.131832 36.376519 
FEnd
FBeg
 1116  CG1 VAL A 139  2646   CB ASN B 343 ali
-14.318 -14.093 35.302 -12.168 -9.520 34.791  1.23
-12.438380 -12.018915 36.530957 
-12.431928 -12.021944 36.530998 
-12.234915 -12.131832 36.376519 
-11.455300 -12.688840 34.671965 
-11.650932 -12.614204 34.516791 
-12.477025 -12.199496 34.752320 
FEnd
FBeg
 1117  CG2 VAL A 139  2646   CB ASN B 343 ali
-15.111 -11.717 35.078 -12.168 -9.520 34.791  7.92
-12.876957 -11.408443 36.706828 
-12.802180 -11.512007 36.680829 
-12.438380 -12.018915 36.530957 
-12.477025 -12.199496 34.752320 
-13.828074 -10.579117 33.302268 
-14.837917 -9.038820 34.738039 
-13.450043 -10.673440 36.456693 
FEnd
FBeg
 1117  CG2 VAL A 139  2650    N LEU B 344 unk
-15.111 -11.717 35.078 -13.028 -9.157 37.828  0.60
-14.214215 -10.666199 37.028779 
-12.876957 -11.408443 36.706828 
-13.450043 -10.673440 36.456693 
-14.395196 -10.384539 36.903664 
FEnd
FBeg
 1117  CG2 VAL A 139  2651   CA LEU B 344 ali
-15.111 -11.717 35.078 -13.956 -9.258 38.943  0.58
-15.512247 -10.446318 37.276783 
-14.214215 -10.666199 37.028779 
-14.395196 -10.384539 36.903664 
-15.257351 -9.881374 36.841181 
FEnd
FBeg
 1117  CG2 VAL A 139  2681  CG2 VAL B 347 ali
-15.111 -11.717 35.078 -17.567 -8.901 37.293  6.47
-17.154470 -11.945281 37.361560 
-15.512247 -10.446318 37.276783 
-15.257351 -9.881374 36.841181 
-15.395571 -9.444907 36.133028 
-15.570347 -9.228188 35.663715 
-17.869684 -10.892974 35.230696 
-17.874019 -10.903792 35.239643 
-17.951173 -11.481179 35.888146 
FEnd
FBeg
 1826  CD1 LEU A 226  2681  CG2 VAL B 347 ali
-18.692 -14.334 36.190 -17.567 -8.901 37.293  0.92
-17.178123 -11.948555 37.401812 
-17.154470 -11.945281 37.361560 
-17.951173 -11.481179 35.888146 
-18.640028 -11.513646 36.750660 
FEnd
FBeg
 1825   CG LEU A 226  2657  CD2 LEU B 344 ali
-17.972 -15.506 36.819 -14.474 -12.202 38.842  0.00
-16.243080 -13.401587 37.126332 
-16.299899 -13.339539 37.123240 
-16.279416 -13.342963 37.093414 
FEnd
FBeg
 1116  CG1 VAL A 139  2657  CD2 LEU B 344 ali
-14.318 -14.093 35.302 -14.474 -12.202 38.842  6.51
-15.292191 -14.544037 37.778510 
-16.243080 -13.401587 37.126332 
-16.279416 -13.342963 37.093414 
-16.293606 -13.256976 37.046857 
-12.512372 -12.040525 36.563683 
-12.403040 -12.665596 36.902401 
-13.062468 -14.233414 37.710840 
FEnd
FBeg
 1859  CG2 VAL A 230  2657  CD2 LEU B 344 ali
-13.887 -16.330 39.235 -14.474 -12.202 38.842  5.31
-15.727688 -14.416824 39.765213 
-15.292191 -14.544037 37.778510 
-13.062468 -14.233414 37.710840 
-12.694782 -14.120838 38.344126 
-14.611878 -14.196867 40.408979 
-15.627365 -14.389074 39.906843 
FEnd
FBeg
 2009  CG1 VAL A 250  2657  CD2 LEU B 344 ali
-17.480 -15.375 41.593 -14.474 -12.202 38.842  0.07
-16.295988 -13.814380 39.839093 
-15.727688 -14.416824 39.765213 
-15.627365 -14.389074 39.906843 
FEnd
FBeg
 2010  CG2 VAL A 250  2657  CD2 LEU B 344 ali
-15.997 -13.550 42.438 -14.474 -12.202 38.842  5.83
-16.954830 -13.099216 39.828144 
-16.295988 -13.814380 39.839093 
-15.627365 -14.389074 39.906843 
-14.611878 -14.196867 40.408979 
-14.821041 -11.918584 41.174432 
-14.918521 -11.729789 41.203919 
-15.707802 -11.224399 41.059088 
-16.833974 -12.314893 40.173342 
FEnd
FBeg
 2010  CG2 VAL A 250  2690   CB LEU B 349 ali
-15.997 -13.550 42.438 -18.188 -10.112 40.991  6.30
-15.707802 -11.224399 41.059088 
-16.833974 -12.314893 40.173342 
-18.619847 -12.670374 42.032848 
-18.601520 -12.565785 42.253594 
-18.175255 -11.909322 43.167882 
-16.975659 -11.330382 42.727027 
-15.563745 -10.854688 41.719379 
FEnd
FBeg
 2010  CG2 VAL A 250  2688    C LEU B 349 ali
-15.997 -13.550 42.438 -17.120 -9.056 42.986  0.98
-16.975659 -11.330382 42.727027 
-15.815110 -11.090445 43.137646 
-15.483521 -10.846415 41.815936 
-15.563745 -10.854688 41.719379 
FEnd
FBeg
 2005   CA VAL A 250  2690   CB LEU B 349 ali
-17.713 -14.575 43.974 -18.188 -10.112 40.991  0.25
-18.601520 -12.565785 42.253594 
-18.175255 -11.909322 43.167882 
-18.570516 -11.862848 43.300354 
FEnd
FBeg
 2010  CG2 VAL A 250  2693  CD2 LEU B 349 ali
-15.997 -13.550 42.438 -20.591 -10.761 41.498  0.01
-18.619847 -12.670374 42.032848 
-18.675193 -12.758145 42.042922 
-18.601520 -12.565785 42.253594 
FEnd
FBeg
 2010  CG2 VAL A 250  2654   CB LEU B 344 ali
-15.997 -13.550 42.438 -13.414 -10.213 40.006  1.10
-14.918521 -11.729789 41.203919 
-15.707802 -11.224399 41.059088 
-15.563745 -10.854688 41.719379 
-15.483521 -10.846415 41.815936 
-14.407035 -11.443634 42.139802 
-14.790875 -11.750357 41.311268 
FEnd
FBeg
 2010  CG2 VAL A 250  2655   CG LEU B 344 ali
-15.997 -13.550 42.438 -13.192 -11.638 39.469  0.02
-14.821041 -11.918584 41.174432 
-14.918521 -11.729789 41.203919 
-14.790875 -11.750357 41.311268 
FEnd
FBeg
 1826  CD1 LEU A 226  2692  CD1 LEU B 349 ali
-18.692 -14.334 36.190 -19.401 -11.739 39.515  6.71
-20.597659 -14.243372 38.463646 
-20.700699 -13.996980 38.249378 
-20.779138 -12.762638 37.269309 
-20.558498 -12.585421 37.178047 
-18.640028 -11.513646 36.750660 
-17.178123 -11.948555 37.401812 
-17.170647 -12.523110 37.851818 
FEnd
FBeg
 1802  CD2 TYR A 223  2692  CD1 LEU B 349 ali
-22.935 -15.244 37.184 -19.401 -11.739 39.515  0.29
-20.681657 -14.407574 38.837897 
-21.195562 -14.070240 39.109791 
-20.700699 -13.996980 38.249378 
-20.597659 -14.243372 38.463646 
FEnd
FBeg
 2010  CG2 VAL A 250  2692  CD1 LEU B 349 ali
-15.997 -13.550 42.438 -19.401 -11.739 39.515  1.60
-18.672853 -12.869990 41.970901 
-17.105042 -13.203073 39.938727 
-16.954830 -13.099216 39.828144 
-16.833974 -12.314893 40.173342 
-18.619847 -12.670374 42.032848 
-18.675193 -12.758145 42.042922 
FEnd
FBeg
 2005   CA VAL A 250  2692  CD1 LEU B 349 ali
-17.713 -14.575 43.974 -19.401 -11.739 39.515  0.02
-18.975273 -13.018217 41.991110 
-18.672853 -12.869990 41.970901 
-18.675193 -12.758145 42.042922 
FEnd
FBeg
 2043  CG2 VAL A 254  2692  CD1 LEU B 349 ali
-21.724 -16.387 40.891 -19.401 -11.739 39.515  4.21
-22.084729 -13.286149 40.257265 
-20.163837 -13.826091 41.676289 
-19.766370 -14.463903 40.192834 
-20.681657 -14.407574 38.837897 
-21.195562 -14.070240 39.109791 
-22.137772 -13.344010 39.972267 
FEnd
FBeg
 2066   SD MET A 257  2692  CD1 LEU B 349 unk
-25.040 -12.229 40.664 -19.401 -11.739 39.515  0.37
-22.356925 -12.011177 39.465113 
-22.084729 -13.286149 40.257265 
-22.137772 -13.344010 39.972267 
-22.386339 -12.119745 39.274459 
FEnd
FBeg
 1083  NH1 ARG A 135  2693  CD2 LEU B 349 unk
-23.326 -9.701 38.960 -20.591 -10.761 41.498  1.86
-22.419796 -9.181095 40.714853 
-21.708466 -10.389231 39.443729 
-21.756176 -10.904632 39.279884 
-22.356925 -12.011177 39.465113 
-22.445653 -11.837746 39.633162 
FEnd
FBeg
 1082   CZ ARG A 135  2693  CD2 LEU B 349 ali
-22.676 -8.707 38.379 -20.591 -10.761 41.498  2.17
-22.434867 -8.512708 41.165090 
-21.122006 -8.172253 40.511668 
-21.708466 -10.389231 39.443729 
-22.419796 -9.181095 40.714853 
FEnd
FBeg
 1084  NH2 ARG A 135  2693  CD2 LEU B 349 unk
-22.734 -7.493 38.895 -20.591 -10.761 41.498  1.11
-22.504367 -7.840232 42.066584 
-21.357871 -7.910933 41.033932 
-21.053992 -8.054503 40.603507 
-21.122006 -8.172253 40.511668 
-22.434867 -8.512708 41.165090 
FEnd
FBeg
 2033   CB MET A 253  2693  CD2 LEU B 349 ali
-21.769 -12.754 44.579 -20.591 -10.761 41.498  8.93
-19.048061 -11.941128 43.734850 
-22.037940 -10.881195 43.277326 
-22.782271 -11.601284 42.526933 
-22.770130 -12.259224 42.105975 
-22.296554 -13.383987 41.559470 
-20.490324 -13.793656 41.985069 
-19.994995 -13.578172 42.313845 
FEnd
FBeg
 2005   CA VAL A 250  2693  CD2 LEU B 349 ali
-17.713 -14.575 43.974 -20.591 -10.761 41.498  2.30
-18.919370 -11.808691 43.789270 
-19.048061 -11.941128 43.734850 
-19.994995 -13.578172 42.313845 
-19.913924 -13.648635 42.111072 
-18.975273 -13.018217 41.991110 
-18.675193 -12.758145 42.042922 
-18.601520 -12.565785 42.253594 
-18.570516 -11.862848 43.300354 
FEnd
FBeg
 2034   CG MET A 253  2687   CA LEU B 349 ali
-21.459 -11.523 45.405 -18.179 -8.890 41.909  1.69
-19.532575 -9.352399 44.568991 
-19.407761 -10.295337 43.975923 
-20.739459 -8.586788 44.013292 
-19.891953 -8.199595 45.100047 
FEnd
FBeg
 2034   CG MET A 253  2688    C LEU B 349 ali
-21.459 -11.523 45.405 -17.120 -9.056 42.986  0.37
-19.503707 -8.718709 45.267036 
-19.532575 -9.352399 44.568991 
-19.891953 -8.199595 45.100047 
-19.847810 -8.099372 45.281440 
FEnd
FBeg
 2005   CA VAL A 250  2689    O LEU B 349 unk
-17.713 -14.575 43.974 -17.225 -9.960 43.811  1.82
-17.242671 -11.956952 44.611374 
-18.563627 -11.813086 44.729891 
-18.919370 -11.808691 43.789270 
-18.570516 -11.862848 43.300354 
-18.175255 -11.909322 43.167882 
-16.966017 -11.991410 44.464048 
FEnd
FBeg
 2004    N VAL A 250  2689    O LEU B 349 hbd
-17.012 -14.334 45.234 -17.225 -9.960 43.811  0.04
-16.657662 -11.934814 44.591856 
-17.242671 -11.956952 44.611374 
-16.966017 -11.991410 44.464048 
FEnd
FBeg
 2010  CG2 VAL A 250  2689    O LEU B 349 unk
-15.997 -13.550 42.438 -17.225 -9.960 43.811  3.47
-15.661045 -11.621650 44.664389 
-16.657662 -11.934814 44.591856 
-16.966017 -11.991410 44.464048 
-18.175255 -11.909322 43.167882 
-16.975659 -11.330382 42.727027 
-15.815110 -11.090445 43.137646 
FEnd
FBeg
 2010  CG2 VAL A 250  2698   CB PHE B 350 ali
-15.997 -13.550 42.438 -14.039 -9.332 43.708  4.90
-15.362743 -11.806065 44.816976 
-15.661045 -11.621650 44.664389 
-15.815110 -11.090445 43.137646 
-15.483521 -10.846415 41.815936 
-14.407035 -11.443634 42.139802 
-13.741959 -12.018796 43.024698 
-14.023381 -12.105729 43.747301 
-14.833180 -12.028296 44.738621 
-15.102870 -11.937395 44.852504 
FEnd
FBeg
 1973   CA ALA A 246  2698   CB PHE B 350 ali
-12.278 -13.409 45.465 -14.039 -9.332 43.708  0.65
-14.023381 -12.105729 43.747301 
-13.506732 -11.653834 44.278068 
-13.699784 -11.653202 44.473026 
-14.833180 -12.028296 44.738621 
FEnd
FBeg
 1973   CA ALA A 246  2699   CG PHE B 350 ali
-12.278 -13.409 45.465 -12.970 -9.471 44.767  0.10
-13.506732 -11.653834 44.278068 
-13.699784 -11.653202 44.473026 
-12.966410 -11.479999 44.723137 
FEnd
FBeg
 2000   CG GLU A 249  2695   CA PHE B 350 ali
-17.060 -11.283 47.256 -15.057 -8.224 44.004  5.74
-15.702416 -7.997914 47.500717 
-15.598468 -10.184460 45.507963 
-15.893307 -10.362177 45.159195 
-17.724407 -8.178397 46.085544 
-17.844892 -7.997290 46.181692 
-17.177138 -7.142211 47.397313 
FEnd
FBeg
 1999   CB GLU A 249  2698   CB PHE B 350 ali
-16.165 -12.473 47.648 -14.039 -9.332 43.708  0.03
-15.102870 -11.937395 44.852504 
-15.362743 -11.806065 44.816976 
-15.258910 -11.675131 44.977385 
FEnd
FBeg
 2010  CG2 VAL A 250  2700  CD1 PHE B 350 ali
-15.997 -13.550 42.438 -13.279 -9.985 46.029  0.02
-14.952882 -12.087974 44.888468 
-15.102870 -11.937395 44.852504 
-14.833180 -12.028296 44.738621 
FEnd
FBeg
 2000   CG GLU A 249  2702  CE1 PHE B 350 ali
-17.060 -11.283 47.256 -12.306 -10.120 47.003  5.16
-14.753762 -9.178439 51.403292 
-14.875928 -8.672986 51.431216 
-15.216496 -7.438909 50.704616 
-15.296991 -7.294502 49.855887 
-15.269518 -7.518665 49.341674 
-14.684271 -10.116497 48.396958 
FEnd
FBeg
 1973   CA ALA A 246  2700  CD1 PHE B 350 ali
-12.278 -13.409 45.465 -13.279 -9.985 46.029  4.45
-11.951267 -11.311377 45.501146 
-12.966410 -11.479999 44.723137 
-13.699784 -11.653202 44.473026 
-14.833180 -12.028296 44.738621 
-14.952882 -12.087974 44.888468 
-13.692663 -12.089259 47.132936 
FEnd
FBeg
 1976   CB ALA A 246  2702  CE1 PHE B 350 ali
-11.443 -12.973 44.281 -12.306 -10.120 47.003  0.14
-11.433095 -11.453395 45.814283 
-11.951267 -11.311377 45.501146 
-11.679682 -11.010204 45.271583 
FEnd
FBeg
 1972    N ALA A 246  2702  CE1 PHE B 350 unk
-11.432 -13.612 46.635 -12.306 -10.120 47.003  1.02
-10.964247 -11.810975 47.517523 
-11.201453 -11.760506 46.475255 
-12.443140 -12.158622 47.304016 
-11.574627 -11.988748 47.754780 
FEnd
FBeg
 1967   CB LYS A 245  2702  CE1 PHE B 350 ali
-10.490 -13.008 49.511 -12.306 -10.120 47.003  9.37
-11.060725 -9.565433 50.173156 
-10.964247 -11.810975 47.517523 
-11.574627 -11.988748 47.754780 
-13.464953 -11.883983 49.244172 
-13.943331 -10.598809 51.070454 
-11.914147 -9.566908 50.789407 
FEnd
FBeg
 1941   CA THR A 242  2704   CZ PHE B 350 ali
-6.556 -12.117 47.660 -11.012 -9.738 46.727  0.33
-9.082236 -11.175910 47.605420 
-8.754693 -10.016617 48.997090 
-8.886478 -10.300891 48.901639 
-9.165194 -11.230810 47.861644 
FEnd
FBeg
 1943    O THR A 242  2704   CZ PHE B 350 unk
-8.589 -13.054 46.801 -11.012 -9.738 46.727  1.75
-9.390405 -11.444037 45.680902 
-9.082236 -11.175910 47.605420 
-9.165194 -11.230810 47.861644 
-10.064760 -11.901950 47.242012 
-10.003686 -11.882151 46.129470 
-9.529086 -11.547115 45.602736 
FEnd
FBeg
 1946  CG2 THR A 242  2665   CE LYS B 345 ali
-7.047 -10.168 46.152 -9.385 -5.450 42.649  3.95
-8.212745 -8.077375 44.036867 
-8.189673 -5.303705 47.757173 
-7.391753 -4.736024 47.989198 
-7.447404 -7.617670 44.145210 
FEnd
FBeg
 1946  CG2 THR A 242  2666   NZ LYS B 345 unk
-7.047 -10.168 46.152 -7.913 -5.277 42.498  10.61
-7.391753 -4.736024 47.989198 
-7.065425 -4.534754 48.181266 
-3.645671 -6.382334 44.897734 
-3.692078 -6.503224 44.746918 
-7.447404 -7.617670 44.145210 
FEnd
FBeg
 1946  CG2 THR A 242  2631  CD1 LEU B 341 ali
-7.047 -10.168 46.152 -6.434 -10.379 42.717  15.70
-8.420987 -8.873969 44.048637 
-8.212745 -8.077375 44.036867 
-7.447404 -7.617670 44.145210 
-3.692078 -6.503224 44.746918 
-4.272147 -9.003622 44.796991 
-6.175912 -11.938951 44.637558 
-7.339391 -12.038995 44.436072 
-7.350893 -12.037478 44.433926 
FEnd
FBeg
 1948   CA THR A 243  2631  CD1 LEU B 341 ali
-7.382 -14.562 44.840 -6.434 -10.379 42.717  1.08
-7.339391 -12.038995 44.436072 
-7.350893 -12.037478 44.433926 
-6.955775 -12.811008 43.086256 
-6.824338 -12.899056 42.971463 
-6.683519 -12.871432 43.088772 
-6.015370 -12.584274 43.952921 
FEnd
FBeg
 1952  OG1 THR A 243  2631  CD1 LEU B 341 unk
-5.499 -14.324 43.305 -6.434 -10.379 42.717  7.27
-6.683519 -12.871432 43.088772 
-6.751742 -12.916409 42.895498 
-4.672836 -12.785515 40.467946 
-3.365765 -12.216329 42.208298 
-4.044831 -12.214609 43.299650 
-5.084967 -12.308149 44.326029 
-6.015370 -12.584274 43.952921 
FEnd
FBeg
 1934   OG SER A 240  2631  CD1 LEU B 341 unk
-3.655 -13.871 45.215 -6.434 -10.379 42.717  0.44
-4.044831 -12.214609 43.299650 
-4.709975 -11.900427 44.478816 
-5.047156 -12.165903 44.482813 
-5.084967 -12.308149 44.326029 
FEnd
FBeg
 1952  OG1 THR A 243  2630   CG LEU B 341 unk
-5.499 -14.324 43.305 -7.549 -10.771 41.741  2.91
-6.751742 -12.916409 42.895498 
-4.672836 -12.785515 40.467946 
-4.974648 -13.114934 40.115189 
-5.325782 -13.349448 40.042682 
-6.122079 -13.549922 40.630996 
-6.826226 -13.335779 42.040427 
FEnd
FBeg
 1951   CB THR A 243  2630   CG LEU B 341 ali
-6.418 -15.272 43.850 -7.549 -10.771 41.741  0.31
-6.826226 -13.335779 42.040427 
-6.751742 -12.916409 42.895498 
-6.824338 -12.899056 42.971463 
-7.030807 -13.008397 42.848833 
-7.248876 -13.314460 42.312582 
FEnd
FBeg
 1951   CB THR A 243  2632  CD2 LEU B 341 ali
-6.418 -15.272 43.850 -8.800 -11.206 42.498  0.15
-7.030807 -13.008397 42.848833 
-7.248876 -13.314460 42.312582 
-7.589397 -13.418663 42.599144 
FEnd
FBeg
 1951   CB THR A 243  2631  CD1 LEU B 341 ali
-6.418 -15.272 43.850 -6.434 -10.379 42.717  0.01
-6.824338 -12.899056 42.971463 
-6.751742 -12.916409 42.895498 
-6.683519 -12.871432 43.088772 
FEnd
FBeg
 1948   CA THR A 243  2630   CG LEU B 341 ali
-7.382 -14.562 44.840 -7.549 -10.771 41.741  0.03
-6.955775 -12.811008 43.086256 
-6.824338 -12.899056 42.971463 
-7.030807 -13.008397 42.848833 
FEnd
FBeg
 1948   CA THR A 243  2632  CD2 LEU B 341 ali
-7.382 -14.562 44.840 -8.800 -11.206 42.498  4.95
-7.350893 -12.037478 44.433926 
-6.955775 -12.811008 43.086256 
-7.030807 -13.008397 42.848833 
-7.589397 -13.418663 42.599144 
-9.253553 -13.979563 42.802984 
-8.922364 -12.414960 44.844479 
-7.534940 -12.050953 44.526050 
FEnd
FBeg
 1942    C THR A 242  2632  CD2 LEU B 341 ali
-7.360 -13.010 46.710 -8.800 -11.206 42.498  0.55
-8.922364 -12.414960 44.844479 
-7.534940 -12.050953 44.526050 
-9.011398 -11.765209 45.153206 
-9.009939 -12.131065 44.996012 
FEnd
FBeg
 1943    O THR A 242  2632  CD2 LEU B 341 unk
-8.589 -13.054 46.801 -8.800 -11.206 42.498  0.03
-9.011398 -11.765209 45.153206 
-9.181824 -11.662335 45.205744 
-9.009939 -12.131065 44.996012 
FEnd
FBeg
 1947    N THR A 243  2631  CD1 LEU B 341 unk
-6.682 -13.720 45.808 -6.434 -10.379 42.717  1.17
-6.175912 -11.938951 44.637558 
-7.339391 -12.038995 44.436072 
-6.015370 -12.584274 43.952921 
-5.084967 -12.308149 44.326029 
-5.047156 -12.165903 44.482813 
FEnd
FBeg
 1944   CB THR A 242  2631  CD1 LEU B 341 ali
-5.968 -10.908 46.892 -6.434 -10.379 42.717  2.34
-4.272147 -9.003622 44.796991 
-6.175912 -11.938951 44.637558 
-5.047156 -12.165903 44.482813 
-4.709975 -11.900427 44.478816 
FEnd
FBeg
 2860  CH3 ACT A 902  2631  CD1 LEU B 341 unk
-1.906 -11.373 45.536 -6.434 -10.379 42.717  25.21
-3.692078 -6.503224 44.746918 
-4.272147 -9.003622 44.796991 
-4.709975 -11.900427 44.478816 
-4.044831 -12.214609 43.299650 
-3.365765 -12.216329 42.208298 
-1.752718 -9.866925 40.445769 
-1.628068 -6.040195 41.594883 
FEnd
FBeg
 1946  CG2 THR A 242  2632  CD2 LEU B 341 ali
-7.047 -10.168 46.152 -8.800 -11.206 42.498  3.49
-9.308698 -11.467106 45.211153 
-8.420987 -8.873969 44.048637 
-7.350893 -12.037478 44.433926 
-7.534940 -12.050953 44.526050 
-9.011398 -11.765209 45.153206 
-9.181824 -11.662335 45.205744 
FEnd
FBeg
 1943    O THR A 242  2703  CE2 PHE B 350 unk
-8.589 -13.054 46.801 -10.685 -9.227 45.473  0.02
-9.529086 -11.547115 45.602736 
-9.360072 -11.520676 45.412171 
-9.390405 -11.444037 45.680902 
FEnd
FBeg
 1976   CB ALA A 246  2704   CZ PHE B 350 ali
-11.443 -12.973 44.281 -11.012 -9.738 46.727  1.44
-11.677849 -11.004390 45.263570 
-11.679682 -11.010204 45.271583 
-11.433095 -11.453395 45.814283 
-10.768521 -11.799846 46.155386 
-10.003686 -11.882151 46.129470 
-9.529086 -11.547115 45.602736 
FEnd
FBeg
 1976   CB ALA A 246  2700  CD1 PHE B 350 ali
-11.443 -12.973 44.281 -13.279 -9.985 46.029  0.32
-11.703721 -10.999486 45.228013 
-12.966410 -11.479999 44.723137 
-11.951267 -11.311377 45.501146 
-11.679682 -11.010204 45.271583 
-11.677849 -11.004390 45.263570 
-11.681937 -10.999580 45.251055 
FEnd
FBeg
 1976   CB ALA A 246  2699   CG PHE B 350 ali
-11.443 -12.973 44.281 -12.970 -9.471 44.767  2.09
-12.175893 -10.900821 43.033500 
-13.506732 -11.653834 44.278068 
-12.966410 -11.479999 44.723137 
-11.703721 -10.999486 45.228013 
FEnd
FBeg
 1976   CB ALA A 246  2698   CB PHE B 350 ali
-11.443 -12.973 44.281 -14.039 -9.332 43.708  1.96
-13.741959 -12.018796 43.024698 
-14.023381 -12.105729 43.747301 
-13.506732 -11.653834 44.278068 
-12.175893 -10.900821 43.033500 
-12.032373 -10.867715 42.593642 
FEnd
FBeg
 2010  CG2 VAL A 250  2656  CD1 LEU B 344 ali
-15.997 -13.550 42.438 -12.639 -12.601 40.531  6.91
-13.369907 -13.960866 42.713385 
-13.741959 -12.018796 43.024698 
-14.407035 -11.443634 42.139802 
-14.790875 -11.750357 41.311268 
-14.821041 -11.918584 41.174432 
-14.611878 -14.196867 40.408979 
-14.019289 -14.675131 41.214453 
-13.355385 -14.473420 42.483889 
FEnd
FBeg
 1974    C ALA A 246  2656  CD1 LEU B 344 ali
-13.075 -14.673 45.131 -12.639 -12.601 40.531  0.13
-12.892116 -14.523651 42.505174 
-13.369907 -13.960866 42.713385 
-13.355385 -14.473420 42.483889 
FEnd
FBeg
 1858  CG1 VAL A 230  2656  CD1 LEU B 344 ali
-13.172 -17.096 41.524 -12.639 -12.601 40.531  3.72
-11.247309 -14.841539 41.949055 
-12.892116 -14.523651 42.505174 
-13.355385 -14.473420 42.483889 
-14.019289 -14.675131 41.214453 
-11.845898 -15.115363 40.388244 
FEnd
FBeg
 1976   CB ALA A 246  2632  CD2 LEU B 341 ali
-11.443 -12.973 44.281 -8.800 -11.206 42.498  9.84
-9.482860 -14.076898 42.366614 
-10.227940 -13.586175 41.748477 
-11.590027 -10.835098 42.455798 
-10.483739 -10.864969 44.066083 
-9.308698 -11.467106 45.211153 
-9.181824 -11.662335 45.205744 
-9.009939 -12.131065 44.996012 
-8.922364 -12.414960 44.844479 
-9.253553 -13.979563 42.802984 
FEnd
FBeg
 1950    O THR A 243  2624  CD1 ILE B 340 unk
-9.331 -15.945 45.075 -9.304 -15.434 39.749  0.14
-10.327703 -16.265819 42.619412 
-10.246651 -15.366026 42.706153 
-10.581061 -15.610385 42.681013 
FEnd
FBeg
 1858  CG1 VAL A 230  2624  CD1 ILE B 340 ali
-13.172 -17.096 41.524 -9.304 -15.434 39.749  6.19
-10.118310 -17.047645 42.343659 
-10.327703 -16.265819 42.619412 
-10.581061 -15.610385 42.681013 
-11.247309 -14.841539 41.949055 
-11.845898 -15.115363 40.388244 
-11.548575 -16.346531 39.883368 
-11.526375 -16.391288 39.889837 
-10.690416 -17.387578 40.778658 
-10.124893 -17.158930 42.225111 
FEnd
FBeg
 1887   CB ALA A 234  2624  CD1 ILE B 340 ali
-8.649 -19.558 43.584 -9.304 -15.434 39.749  0.18
-9.333137 -17.515879 41.706034 
-10.118310 -17.047645 42.343659 
-10.124893 -17.158930 42.225111 
-9.556011 -17.607448 41.645632 
FEnd
FBeg
 1883    N ALA A 234  2624  CD1 ILE B 340 unk
-7.962 -19.676 41.228 -9.304 -15.434 39.749  0.74
-8.170897 -17.433777 40.886936 
-9.333137 -17.515879 41.706034 
-9.556011 -17.607448 41.645632 
-9.540255 -17.879847 40.850052 
FEnd
FBeg
 1882   CB ALA A 233  2624  CD1 ILE B 340 ali
-8.366 -18.206 38.449 -9.304 -15.434 39.749  10.62
-6.213066 -16.206373 39.682384 
-8.170897 -17.433777 40.886936 
-9.540255 -17.879847 40.850052 
-10.261907 -17.792098 40.142243 
-10.741163 -17.091626 38.302820 
-8.968162 -16.219966 37.723461 
-6.187554 -16.081200 39.433885 
FEnd
FBeg
 1953  CG2 THR A 243  2632  CD2 LEU B 341 ali
-7.190 -15.909 42.701 -8.800 -11.206 42.498  2.00
-7.770796 -13.535852 41.322850 
-8.020345 -13.618251 41.393071 
-9.482860 -14.076898 42.366614 
-9.253553 -13.979563 42.802984 
-7.589397 -13.418663 42.599144 
-7.248876 -13.314460 42.312582 
FEnd
FBeg
 1953  CG2 THR A 243  2630   CG LEU B 341 ali
-7.190 -15.909 42.701 -7.549 -10.771 41.741  1.22
-6.122079 -13.549922 40.630996 
-7.770796 -13.535852 41.322850 
-7.248876 -13.314460 42.312582 
-6.826226 -13.335779 42.040427 
FEnd
FBeg
 1909  OE1 GLN A 237  2624  CD1 ILE B 340 unk
-3.523 -16.241 39.936 -9.304 -15.434 39.749  0.04
-6.187554 -16.081200 39.433885 
-6.213066 -16.206373 39.682384 
-6.166477 -15.867740 39.703510 
FEnd
FBeg
 1882   CB ALA A 233  2622  CG1 ILE B 340 ali
-8.366 -18.206 38.449 -8.798 -14.332 38.837  3.28
-6.010115 -15.991687 38.737700 
-6.187554 -16.081200 39.433885 
-8.968162 -16.219966 37.723461 
-7.887433 -15.992816 36.658764 
FEnd
FBeg
 2500   NZ LYS A 311  2697    O PHE B 350 hbd
-12.688 -3.151 48.383 -14.108 -6.432 45.299  7.79
-14.205550 -6.959445 49.426846 
-13.843325 -5.949475 48.185578 
-11.880958 -3.849345 45.047741 
-10.838007 -5.479962 46.302302 
-11.441565 -6.156991 47.300481 
-12.350533 -6.616351 48.207710 
FEnd
FBeg
 2498   CD LYS A 311  2697    O PHE B 350 unk
-14.875 -2.875 47.200 -14.108 -6.432 45.299  16.72
-13.843325 -5.949475 48.185578 
-11.880958 -3.849345 45.047741 
-11.893240 -3.841790 45.028649 
-12.620055 -3.758638 44.579812 
-13.696398 -3.927545 44.461584 
-15.626509 -4.709648 45.146248 
-17.047276 -6.720177 48.334950 
-16.866354 -6.807597 48.571520 
-16.289175 -6.982724 49.132079 
-15.674394 -7.138890 49.672331 
FEnd
FBeg
 2496   CB LYS A 311  2697    O PHE B 350 unk
-17.214 -2.640 46.306 -14.108 -6.432 45.299  3.00
-15.626509 -4.709648 45.146248 
-17.134657 -6.181415 46.036648 
-17.527489 -6.810980 47.195705 
-17.047276 -6.720177 48.334950 
FEnd
FBeg
 2496   CB LYS A 311  2696    C PHE B 350 ali
-17.214 -2.640 46.306 -14.319 -6.897 44.173  5.45
-15.626509 -4.709648 45.146248 
-17.134657 -6.181415 46.036648 
-17.486470 -5.837543 44.872859 
-17.336472 -5.366286 44.135916 
-16.885934 -4.730017 43.477552 
-16.402592 -4.221950 43.119574 
-15.084624 -3.756324 43.979092 
FEnd
FBeg
 2498   CD LYS A 311  2696    C PHE B 350 ali
-14.875 -2.875 47.200 -14.319 -6.897 44.173  1.18
-13.696398 -3.927545 44.461584 
-15.626509 -4.709648 45.146248 
-15.084624 -3.756324 43.979092 
FEnd
FBeg
 2498   CD LYS A 311  2705  OXT PHE B 350 unk
-14.875 -2.875 47.200 -13.902 -6.272 43.195  2.61
-12.620055 -3.758638 44.579812 
-13.696398 -3.927545 44.461584 
-15.084624 -3.756324 43.979092 
-14.584129 -2.468310 43.008204 
-14.518760 -2.443726 43.003234 
-14.311256 -2.486818 43.090197 
FEnd

+-+CCS_record::Boundary loops before union-find
Start boundary loop loop_id 0  init_edge IE_A_B
xyz -6.01012 -15.9917 38.7377
xyz -5.15993 -13.543 38.9104
xyz -5.04856 -12.9406 39.4222
xyz -5.32578 -13.3494 40.0427
xyz -5.5905 -13.9678 40.2392
xyz -6.12208 -13.5499 40.631
xyz -5.32578 -13.3494 40.0427
xyz -4.97465 -13.1149 40.1152
xyz -4.67284 -12.7855 40.4679
xyz -3.36577 -12.2163 42.2083
xyz -1.75272 -9.86692 40.4458
xyz -1.62807 -6.0402 41.5949
xyz -3.69208 -6.50322 44.7469
xyz -3.64567 -6.38233 44.8977
xyz -7.06542 -4.53475 48.1813
xyz -7.39175 -4.73602 47.9892
xyz -8.18967 -5.30371 47.7572
xyz -8.3784 -5.63218 48.3131
xyz -8.23523 -5.89298 49.4954
xyz -8.41396 -8.06103 49.8842
xyz -8.5163 -6.30441 50.8475
xyz -11.4545 -7.23073 51.5584
xyz -11.0607 -9.56543 50.1732
xyz -11.9141 -9.56691 50.7894
xyz -13.9433 -10.5988 51.0705
xyz -14.4013 -9.57174 52.0775
xyz -14.7538 -9.17844 51.4033
xyz -14.8759 -8.67299 51.4312
xyz -15.2165 -7.43891 50.7046
xyz -15.297 -7.2945 49.8559
xyz -15.2695 -7.51867 49.3417
xyz -15.7024 -7.99791 47.5007
xyz -17.1771 -7.14221 47.3973
xyz -17.8449 -7.99729 46.1817
xyz -17.7244 -8.1784 46.0855
xyz -17.9205 -8.13014 46.1135
xyz -19.5037 -8.71871 45.267
xyz -19.8478 -8.09937 45.2814
xyz -19.892 -8.1996 45.1
xyz -20.7395 -8.58679 44.0133
xyz -21.2654 -8.45258 43.9226
xyz -22.5577 -7.90224 42.4767
xyz -22.5044 -7.84023 42.0666
xyz -23.2092 -7.10253 42.5169
xyz -23.198 -6.96609 42.4704
xyz -23.1948 -7.04079 42.6789
xyz -23.0447 -7.05047 43.0247
xyz -22.8035 -7.0346 43.4958
xyz -22.538 -7.13372 43.8164
xyz -22.2888 -7.10208 43.9754
xyz -22.382 -7.22014 43.957
xyz -21.478 -7.87568 44.5097
xyz -21.0434 -8.01074 44.7379
xyz -19.8692 -8.08357 45.2939
xyz -19.8033 -8.04304 45.3158
xyz -18.4297 -6.52641 45.6331
xyz -18.2242 -6.36634 45.4584
xyz -18.1296 -6.225 45.3066
xyz -17.9844 -5.16858 44.1877
xyz -17.9255 -4.46776 43.6049
xyz -17.9253 -3.40719 43.1018
xyz -17.5586 -3.0431 42.8404
xyz -17.3998 -2.6294 42.3402
xyz -18.5265 -1.90061 40.352
xyz -18.5461 -1.65944 39.6212
xyz -18.6632 -1.66947 39.2298
xyz -20.2404 -3.37879 38.266
xyz -20.8723 -3.71871 38.0636
xyz -21.2206 -4.2748 38.3247
xyz -21.3804 -4.53227 36.8802
xyz -21.8399 -5.05721 36.6791
xyz -21.4204 -5.4571 36.1056
xyz -21.3139 -6.35986 36.0341
xyz -21.2014 -6.59818 35.6678
xyz -20.9845 -6.2503 34.6326
xyz -20.9745 -6.34689 34.4921
xyz -20.9791 -6.4464 34.4386
xyz -20.999 -6.58826 34.4429
xyz -21.0081 -6.60045 34.3259
xyz -20.9791 -6.4464 34.4386
xyz -20.8323 -6.31763 34.4806
xyz -20.6748 -6.24097 34.5306
xyz -20.9845 -6.2503 34.6326
xyz -21.0627 -6.01277 34.8581
xyz -21.4204 -5.4571 36.1056
xyz -21.2636 -5.05461 36.3666
xyz -20.5073 -3.9154 36.6225
xyz -20.3205 -3.80929 36.4666
xyz -20.2965 -3.82905 36.4049
xyz -20.2889 -3.75657 36.4117
xyz -20.3205 -3.80929 36.4666
xyz -20.2619 -3.7772 36.7257
xyz -19.6126 -3.14274 38.0641
xyz -19.4962 -3.00729 38.1843
xyz -18.4464 -1.73418 38.9927
xyz -17.9533 -0.806517 37.5658
xyz -17.9468 -0.730348 37.1964
xyz -17.7885 -0.639645 37.3071
xyz -16.4058 -0.384106 36.8819
xyz -16.1584 -0.835027 35.5175
xyz -16.8193 -1.4128 34.5387
xyz -15.953 -1.30312 34.5358
xyz -14.9974 -1.07189 33.3659
xyz -14.1187 -3.69025 32.0653
xyz -13.8875 -1.48522 31.2113
xyz -13.7306 -4.96151 30.3562
xyz -12.5181 -5.73127 30.3479
xyz -11.8643 -7.14031 29.0038
xyz -11.804 -7.3453 28.9271
xyz -11.6857 -8.07322 28.9801
xyz -11.6929 -8.1311 29.0409
xyz -11.828 -8.47752 29.7183
xyz -11.6258 -8.41532 29.393
xyz -8.73823 -8.38544 30.8592
xyz -7.47786 -8.52402 32.5789
xyz -8.18698 -11.3634 33.6595
xyz -9.71692 -13.1369 32.9352
xyz -10.0402 -13.4476 33.1206
xyz -10.1471 -13.4424 33.7533
xyz -9.81144 -15.7779 33.4859
xyz -8.92974 -16.7043 34.1217
xyz -9.50984 -17.3718 35.829
xyz -8.24816 -16.8725 35.1336
xyz -7.88743 -15.9928 36.6588
End loop
Boundary info init_edge IE_A_B [total exposed]: 145.989614 145.989614
Start boundary loop loop_id 1  init_edge IE_A_B
xyz -13.8433 -5.94948 48.1856
xyz -15.6744 -7.13889 49.6723
xyz -16.2892 -6.98272 49.1321
xyz -16.8664 -6.8076 48.5715
xyz -17.0473 -6.72018 48.335
xyz -17.5275 -6.81098 47.1957
xyz -17.1347 -6.18142 46.0366
xyz -17.4865 -5.83754 44.8729
xyz -17.3365 -5.36629 44.1359
xyz -16.8859 -4.73002 43.4776
xyz -16.4026 -4.22195 43.1196
xyz -15.0846 -3.75632 43.9791
xyz -14.5841 -2.46831 43.0082
xyz -14.5188 -2.44373 43.0032
xyz -14.3113 -2.48682 43.0902
xyz -12.6201 -3.75864 44.5798
xyz -11.8932 -3.84179 45.0286
xyz -11.881 -3.84934 45.0477
xyz -10.838 -5.47996 46.3023
xyz -11.4416 -6.15699 47.3005
xyz -12.3505 -6.61635 48.2077
xyz -14.2056 -6.95945 49.4268
End loop
Boundary info init_edge IE_A_B [total exposed]: 27.188209 27.188209
Voronoi Facets of interface MI_AWi_BWi
FBeg
 1909  OE1 GLN A 237  2904    O HOH B   5 hbw
-3.523 -16.241 39.936 -5.761 -15.193 36.095  25.33
-6.010115 -15.991687 38.737700 
-5.159928 -13.542975 38.910449 
-4.428722 -12.851700 38.673016 
0.217187 -16.320284 35.019639 
-1.121204 -18.245630 35.274145 
-1.283145 -18.317325 35.348940 
-4.202041 -18.494301 37.001379 
-4.969538 -17.737124 37.655161 
FEnd
FBeg
 1882   CB ALA A 233  2904    O HOH B   5 unk
-8.366 -18.206 38.449 -5.761 -15.193 36.095  10.43
-4.969538 -17.737124 37.655161 
-6.010115 -15.991687 38.737700 
-7.887433 -15.992816 36.658764 
-8.248160 -16.872513 35.133607 
-5.906432 -18.753228 35.317807 
FEnd
FBeg
 1882   CB ALA A 233  2898    O HOH A 363 unk
-8.366 -18.206 38.449 -9.401 -19.790 35.434  8.43
-8.248160 -16.872513 35.133607 
-5.906432 -18.753228 35.317807 
-9.028047 -19.746391 36.911187 
-9.641704 -19.635826 37.063758 
-10.202506 -18.338345 36.574610 
-9.509837 -17.371761 35.829012 
FEnd
FBeg
 2623  CG2 ILE B 340  2898    O HOH A 363 unk
-10.503 -14.821 37.002 -9.401 -19.790 35.434  1.05
-9.509837 -17.371761 35.829012 
-8.248160 -16.872513 35.133607 
-8.319378 -16.755693 34.713349 
-8.929738 -16.704341 34.121651 
FEnd
FBeg
 2623  CG2 ILE B 340  2903    O HOH B   4 unk
-10.503 -14.821 37.002 -7.074 -13.932 33.542  5.96
-8.319378 -16.755693 34.713349 
-8.929738 -16.704341 34.121651 
-9.811441 -15.777929 33.485877 
-10.147070 -13.442426 33.753331 
-10.135125 -13.426644 33.769224 
-8.746779 -14.220519 34.941156 
-8.051766 -15.055863 35.415312 
FEnd
FBeg
 2617    N ILE B 340  2903    O HOH B   4 hbw
-7.853 -12.749 36.768 -7.074 -13.932 33.542  9.81
-8.746779 -14.220519 34.941156 
-8.051766 -15.055863 35.415312 
-4.289413 -11.751934 35.112251 
-4.812594 -11.396569 34.855600 
-8.553993 -11.680981 34.056440 
-8.642320 -11.773113 34.068897 
FEnd
FBeg
 2617    N ILE B 340  2906    O HOH B  23 hbw
-7.853 -12.749 36.768 -7.911 -9.873 36.016  7.96
-4.812594 -11.396569 34.855600 
-8.553993 -11.680981 34.056440 
-8.618228 -11.666689 34.116056 
-7.890209 -10.928183 36.884296 
-7.589973 -10.831399 37.231287 
-6.550845 -10.718769 37.581894 
FEnd
FBeg
 2625    N LEU B 341  2906    O HOH B  23 hbw
-8.749 -10.948 38.845 -7.911 -9.873 36.016  1.45
-7.589973 -10.831399 37.231287 
-6.550845 -10.718769 37.581894 
-7.183385 -9.572180 37.830220 
-8.289510 -9.697697 37.454870 
FEnd
FBeg
 2633    N GLU B 342  2906    O HOH B  23 hbw
-8.866 -8.024 38.212 -7.911 -9.873 36.016  2.91
-7.183385 -9.572180 37.830220 
-7.175971 -8.462163 36.898826 
-8.609334 -8.568460 36.364984 
-9.035877 -8.742177 36.325755 
-9.387536 -9.371248 36.702493 
-8.289510 -9.697697 37.454870 
FEnd
FBeg
 2642    N ASN B 343  2906    O HOH B  23 hbw
-10.929 -8.023 36.288 -7.911 -9.873 36.016  2.23
-9.035877 -8.742177 36.325755 
-8.955056 -8.570966 36.058019 
-8.971930 -8.381059 34.579155 
-9.636911 -9.558438 35.208697 
-9.846926 -9.990061 35.814140 
-9.387536 -9.371248 36.702493 
FEnd
FBeg
 2646   CB ASN B 343  2906    O HOH B  23 unk
-12.168 -9.520 34.791 -7.911 -9.873 36.016  0.55
-9.636911 -9.558438 35.208697 
-9.656272 -10.633047 34.966314 
-9.678504 -10.763380 35.006016 
-9.789679 -10.522993 35.461629 
-9.846926 -9.990061 35.814140 
FEnd
FBeg
 2647   CG ASN B 343  2906    O HOH B  23 unk
-11.362 -9.251 33.534 -7.911 -9.873 36.016  3.29
-8.971930 -8.381059 34.579155 
-8.370527 -8.204577 33.787186 
-7.805813 -8.596414 32.903805 
-9.656272 -10.633047 34.966314 
-9.636911 -9.558438 35.208697 
FEnd
FBeg
 2634   CA GLU B 342  2906    O HOH B  23 unk
-9.315 -6.777 37.572 -7.911 -9.873 36.016  0.07
-8.609334 -8.568460 36.364984 
-8.955056 -8.570966 36.058019 
-9.035877 -8.742177 36.325755 
FEnd
FBeg
 2637   CB GLU B 342  2906    O HOH B  23 unk
-8.347 -6.314 36.478 -7.911 -9.873 36.016  10.47
-7.175971 -8.462163 36.898826 
-5.007496 -7.568415 32.060308 
-6.818195 -7.818342 32.276815 
-8.370527 -8.204577 33.787186 
-8.971930 -8.381059 34.579155 
-8.955056 -8.570966 36.058019 
-8.609334 -8.568460 36.364984 
FEnd
FBeg
 1132   NZ LYS A 141  2906    O HOH B  23 hbw
-8.274 -11.772 30.788 -7.911 -9.873 36.016  9.65
-5.007496 -7.568415 32.060308 
-4.353500 -10.139749 32.948901 
-8.186985 -11.363390 33.659546 
-7.477861 -8.524019 32.578946 
-6.818195 -7.818342 32.276815 
FEnd
FBeg
 1132   NZ LYS A 141  2903    O HOH B   4 hbw
-8.274 -11.772 30.788 -7.074 -13.932 33.542  78.38
-4.353500 -10.139749 32.948901 
-8.186985 -11.363390 33.659546 
-9.716921 -13.136900 32.935196 
-1.547130 -16.834981 26.474919 
5.712815 -10.124934 28.574327 
FEnd
FBeg
 1130   CD LYS A 141  2903    O HOH B   4 unk
-9.879 -13.335 29.653 -7.074 -13.932 33.542  40.19
-9.716921 -13.136900 32.935196 
-1.547130 -16.834981 26.474919 
-1.536820 -16.914842 26.455224 
-2.710704 -20.190495 26.799060 
-5.553291 -19.725364 28.920721 
-9.151790 -17.339339 31.882471 
-9.471291 -16.774992 32.199549 
-10.040160 -13.447632 33.120637 
FEnd
FBeg
 2619    C ILE B 340  2906    O HOH B  23 unk
-9.599 -11.280 37.869 -7.911 -9.873 36.016  3.30
-7.890209 -10.928183 36.884296 
-7.589973 -10.831399 37.231287 
-8.289510 -9.697697 37.454870 
-9.387536 -9.371248 36.702493 
-9.846926 -9.990061 35.814140 
-9.789679 -10.522993 35.461629 
FEnd
FBeg
 2618   CA ILE B 340  2906    O HOH B  23 unk
-9.298 -12.569 37.100 -7.911 -9.873 36.016  2.75
-8.618228 -11.666689 34.116056 
-7.890209 -10.928183 36.884296 
-9.789679 -10.522993 35.461629 
-9.678504 -10.763380 35.006016 
FEnd
FBeg
 2649  ND2 ASN B 343  2906    O HOH B  23 hbw
-10.940 -10.318 32.859 -7.911 -9.873 36.016  4.30
-8.553993 -11.680981 34.056440 
-8.618228 -11.666689 34.116056 
-9.678504 -10.763380 35.006016 
-9.656272 -10.633047 34.966314 
-7.805813 -8.596414 32.903805 
-7.477861 -8.524019 32.578946 
-8.186985 -11.363390 33.659546 
FEnd
FBeg
 2618   CA ILE B 340  2903    O HOH B   4 unk
-9.298 -12.569 37.100 -7.074 -13.932 33.542  2.16
-10.135125 -13.426644 33.769224 
-8.746779 -14.220519 34.941156 
-8.642320 -11.773113 34.068897 
FEnd
FBeg
 2649  ND2 ASN B 343  2903    O HOH B   4 hbw
-10.940 -10.318 32.859 -7.074 -13.932 33.542  1.89
-10.147070 -13.442426 33.753331 
-10.135125 -13.426644 33.769224 
-8.642320 -11.773113 34.068897 
-8.553993 -11.680981 34.056440 
-8.186985 -11.363390 33.659546 
-9.716921 -13.136900 32.935196 
-10.040160 -13.447632 33.120637 
FEnd
FBeg
 1852  CG2 THR A 229  2898    O HOH A 363 unk
-12.376 -17.854 35.180 -9.401 -19.790 35.434  15.15
-10.202506 -18.338345 36.574610 
-9.509837 -17.371761 35.829012 
-8.929738 -16.704341 34.121651 
-9.151790 -17.339339 31.882471 
-9.259741 -17.532326 31.675910 
-10.468124 -19.390838 31.663535 
-11.190280 -20.277460 33.363997 
-11.203715 -20.262044 33.638844 
-10.913519 -19.531867 35.805350 
-10.708330 -19.176618 36.109774 
FEnd
FBeg
 1848    C THR A 229  2898    O HOH A 363 unk
-12.442 -19.648 37.318 -9.401 -19.790 35.434  0.15
-10.913519 -19.531867 35.805350 
-10.829395 -20.169483 35.989195 
-10.708330 -19.176618 36.109774 
FEnd
FBeg
 1847   CA THR A 229  2898    O HOH A 363 unk
-13.140 -20.108 36.042 -9.401 -19.790 35.434  4.67
-11.203715 -20.262044 33.638844 
-11.225971 -20.424773 33.416865 
-11.194395 -21.687878 32.950405 
-11.171470 -21.703932 33.082989 
-10.900076 -21.778034 34.713219 
-10.745625 -21.029742 36.054417 
-10.829395 -20.169483 35.989195 
-10.913519 -19.531867 35.805350 
FEnd
FBeg
 1873   CB GLU A 232  2898    O HOH A 363 unk
-9.958 -23.102 37.346 -9.401 -19.790 35.434  1.81
-10.900076 -21.778034 34.713219 
-10.636097 -21.764045 34.814352 
-9.164846 -20.965973 36.625387 
-9.884220 -20.725253 36.832801 
-10.745625 -21.029742 36.054417 
FEnd
FBeg
 1874   CG GLU A 232  2898    O HOH A 363 unk
-8.748 -23.313 36.456 -9.401 -19.790 35.434  9.56
-10.636097 -21.764045 34.814352 
-7.654719 -21.485136 33.870865 
-5.314828 -20.934461 34.274072 
-5.562837 -20.735489 35.118424 
-5.679637 -20.691375 35.345123 
-7.835144 -20.783979 36.403149 
-9.164846 -20.965973 36.625387 
FEnd
FBeg
 1875   CD GLU A 232  2898    O HOH A 363 unk
-9.078 -24.085 35.185 -9.401 -19.790 35.434  7.44
-11.171470 -21.703932 33.082989 
-11.135021 -21.684191 32.789752 
-10.391505 -21.513812 30.815370 
-7.654719 -21.485136 33.870865 
-10.636097 -21.764045 34.814352 
-10.900076 -21.778034 34.713219 
FEnd
FBeg
 1850   CB THR A 229  2898    O HOH A 363 unk
-13.500 -18.887 35.183 -9.401 -19.790 35.434  0.02
-11.190280 -20.277460 33.363997 
-11.225971 -20.424773 33.416865 
-11.203715 -20.262044 33.638844 
FEnd
FBeg
 1851  OG1 THR A 229  2898    O HOH A 363 hbw
-13.752 -19.309 33.837 -9.401 -19.790 35.434  4.25
-10.468124 -19.390838 31.663535 
-10.334135 -21.464282 30.673984 
-10.391505 -21.513812 30.815370 
-11.135021 -21.684191 32.789752 
-11.194395 -21.687878 32.950405 
-11.225971 -20.424773 33.416865 
-11.190280 -20.277460 33.363997 
FEnd
FBeg
 1849    O THR A 229  2898    O HOH A 363 hbw
-11.235 -19.814 37.473 -9.401 -19.790 35.434  2.81
-9.641704 -19.635826 37.063758 
-10.202506 -18.338345 36.574610 
-10.708330 -19.176618 36.109774 
-10.829395 -20.169483 35.989195 
-10.745625 -21.029742 36.054417 
-9.884220 -20.725253 36.832801 
FEnd
FBeg
 1878    N ALA A 233  2898    O HOH A 363 hbw
-8.754 -20.612 38.632 -9.401 -19.790 35.434  1.68
-9.028047 -19.746391 36.911187 
-9.641704 -19.635826 37.063758 
-9.884220 -20.725253 36.832801 
-9.164846 -20.965973 36.625387 
-7.835144 -20.783979 36.403149 
FEnd
FBeg
 1879   CA ALA A 233  2898    O HOH A 363 unk
-7.763 -19.551 38.792 -9.401 -19.790 35.434  5.82
-5.906432 -18.753228 35.317807 
-9.028047 -19.746391 36.911187 
-7.835144 -20.783979 36.403149 
-5.679637 -20.691375 35.345123 
-4.882703 -19.499674 34.871569 
FEnd
FBeg
 2623  CG2 ILE B 340  2904    O HOH B   5 unk
-10.503 -14.821 37.002 -5.761 -15.193 36.095  2.10
-7.887433 -15.992816 36.658764 
-7.868388 -15.176531 36.423541 
-8.051766 -15.055863 35.415312 
-8.319378 -16.755693 34.713349 
-8.248160 -16.872513 35.133607 
FEnd
FBeg
 2617    N ILE B 340  2904    O HOH B   5 hbw
-7.853 -12.749 36.768 -5.761 -15.193 36.095  13.69
-5.159928 -13.542975 38.910449 
-4.428722 -12.851700 38.673016 
-3.996983 -12.377165 38.291786 
-4.289413 -11.751934 35.112251 
-8.051766 -15.055863 35.415312 
-7.868388 -15.176531 36.423541 
FEnd
FBeg
 2622  CG1 ILE B 340  2904    O HOH B   5 unk
-8.798 -14.332 38.837 -5.761 -15.193 36.095  5.17
-6.010115 -15.991687 38.737700 
-5.159928 -13.542975 38.910449 
-7.868388 -15.176531 36.423541 
-7.887433 -15.992816 36.658764 
FEnd

+-+CCS_record::Boundary loops before union-find
Start boundary loop loop_id 2  init_edge IE_A_Wi
xyz -4.81259 -11.3966 34.8556
xyz -6.55084 -10.7188 37.5819
xyz -7.18339 -9.57218 37.8302
xyz -7.17597 -8.46216 36.8988
xyz -5.0075 -7.56842 32.0603
xyz -4.3535 -10.1397 32.9489
xyz 5.71281 -10.1249 28.5743
xyz -1.54713 -16.835 26.4749
xyz -1.53682 -16.9148 26.4552
xyz -2.7107 -20.1905 26.7991
xyz -5.55329 -19.7254 28.9207
xyz -9.15179 -17.3393 31.8825
xyz -9.47129 -16.775 32.1995
xyz -10.0402 -13.4476 33.1206
xyz -10.1471 -13.4424 33.7533
xyz -9.81144 -15.7779 33.4859
xyz -8.92974 -16.7043 34.1217
xyz -9.15179 -17.3393 31.8825
xyz -9.25974 -17.5323 31.6759
xyz -10.4681 -19.3908 31.6635
xyz -10.3341 -21.4643 30.674
xyz -10.3915 -21.5138 30.8154
xyz -7.65472 -21.4851 33.8709
xyz -5.31483 -20.9345 34.2741
xyz -5.56284 -20.7355 35.1184
xyz -5.67964 -20.6914 35.3451
xyz -4.8827 -19.4997 34.8716
xyz -5.90643 -18.7532 35.3178
xyz -4.96954 -17.7371 37.6552
xyz -4.20204 -18.4943 37.0014
xyz -1.28314 -18.3173 35.3489
xyz -1.1212 -18.2456 35.2741
xyz 0.217187 -16.3203 35.0196
xyz -4.42872 -12.8517 38.673
xyz -3.99698 -12.3772 38.2918
xyz -4.28941 -11.7519 35.1123
End loop
Boundary info init_edge IE_A_Wi [total exposed]: 95.695076 95.695076
Start boundary loop loop_id 3  init_edge IE_A_Wi
xyz -6.8182 -7.81834 32.2768
xyz -8.37053 -8.20458 33.7872
xyz -7.80581 -8.59641 32.9038
xyz -7.47786 -8.52402 32.5789
End loop
Boundary info init_edge IE_A_Wi [total exposed]: 4.798708 4.798708
Start boundary loop loop_id 4  init_edge IE_A_Wi
xyz -11.1944 -21.6879 32.9504
xyz -11.1715 -21.7039 33.083
xyz -11.135 -21.6842 32.7898
End loop
Boundary info init_edge IE_A_Wi [total exposed]: 0.602972 0.602972
+-+Surf_areas::Interface areas<Areas altogether before UFind>: IE_A_B: 762.79 IE_A_Wi: 112.88 IE_B_Wi: 40.55 
+-+Surf_areas::Chem Interface areas<Areas altogether before UFind>: ali: 503.48 aro: 0.00 hbd: 57.93 hbw: 83.17 hbdp: 0.00 elu: 0.00 elf: 0.00 hbwp: 0.00 ssb: 0.00 unk: 271.65 
+++UnionFindAlgo::processing merged ccs...

+-+MCC_record::Boundary nets of merged cc after union-find
Start boundary net with  1 loops
Start boundary loop loop_id 3
Start boundary loop auf loop_id 3  init_edge IE_A_Wi
xyz -6.8182 -7.81834 32.2768
xyz -8.37053 -8.20458 33.7872
xyz -7.80581 -8.59641 32.9038
xyz -7.47786 -8.52402 32.5789
End loop. Loop info [total exposed]: 4.79871 4.79871
End net. Net info [total exposed]: 4.79871 4.79871
Start boundary net with  1 loops
Start boundary loop loop_id 4
Start boundary loop auf loop_id 4  init_edge IE_A_Wi
xyz -11.1944 -21.6879 32.9504
xyz -11.1715 -21.7039 33.083
xyz -11.135 -21.6842 32.7898
End loop. Loop info [total exposed]: 0.602972 0.602972
End net. Net info [total exposed]: 0.602972 0.602972
Start boundary net with  2 loops
Start boundary loop loop_id 0
Start boundary loop auf loop_id 0  init_edge IE_A_B
xyz -6.01012 -15.9917 38.7377
xyz -5.15993 -13.543 38.9104
xyz -5.04856 -12.9406 39.4222
xyz -5.32578 -13.3494 40.0427
xyz -5.5905 -13.9678 40.2392
xyz -6.12208 -13.5499 40.631
xyz -5.32578 -13.3494 40.0427
xyz -4.97465 -13.1149 40.1152
xyz -4.67284 -12.7855 40.4679
xyz -3.36577 -12.2163 42.2083
xyz -1.75272 -9.86692 40.4458
xyz -1.62807 -6.0402 41.5949
xyz -3.69208 -6.50322 44.7469
xyz -3.64567 -6.38233 44.8977
xyz -7.06542 -4.53475 48.1813
xyz -7.39175 -4.73602 47.9892
xyz -8.18967 -5.30371 47.7572
xyz -8.3784 -5.63218 48.3131
xyz -8.23523 -5.89298 49.4954
xyz -8.41396 -8.06103 49.8842
xyz -8.5163 -6.30441 50.8475
xyz -11.4545 -7.23073 51.5584
xyz -11.0607 -9.56543 50.1732
xyz -11.9141 -9.56691 50.7894
xyz -13.9433 -10.5988 51.0705
xyz -14.4013 -9.57174 52.0775
xyz -14.7538 -9.17844 51.4033
xyz -14.8759 -8.67299 51.4312
xyz -15.2165 -7.43891 50.7046
xyz -15.297 -7.2945 49.8559
xyz -15.2695 -7.51867 49.3417
xyz -15.7024 -7.99791 47.5007
xyz -17.1771 -7.14221 47.3973
xyz -17.8449 -7.99729 46.1817
xyz -17.7244 -8.1784 46.0855
xyz -17.9205 -8.13014 46.1135
xyz -19.5037 -8.71871 45.267
xyz -19.8478 -8.09937 45.2814
xyz -19.892 -8.1996 45.1
xyz -20.7395 -8.58679 44.0133
xyz -21.2654 -8.45258 43.9226
xyz -22.5577 -7.90224 42.4767
xyz -22.5044 -7.84023 42.0666
xyz -23.2092 -7.10253 42.5169
xyz -23.198 -6.96609 42.4704
xyz -23.1948 -7.04079 42.6789
xyz -23.0447 -7.05047 43.0247
xyz -22.8035 -7.0346 43.4958
xyz -22.538 -7.13372 43.8164
xyz -22.2888 -7.10208 43.9754
xyz -22.382 -7.22014 43.957
xyz -21.478 -7.87568 44.5097
xyz -21.0434 -8.01074 44.7379
xyz -19.8692 -8.08357 45.2939
xyz -19.8033 -8.04304 45.3158
xyz -18.4297 -6.52641 45.6331
xyz -18.2242 -6.36634 45.4584
xyz -18.1296 -6.225 45.3066
xyz -17.9844 -5.16858 44.1877
xyz -17.9255 -4.46776 43.6049
xyz -17.9253 -3.40719 43.1018
xyz -17.5586 -3.0431 42.8404
xyz -17.3998 -2.6294 42.3402
xyz -18.5265 -1.90061 40.352
xyz -18.5461 -1.65944 39.6212
xyz -18.6632 -1.66947 39.2298
xyz -20.2404 -3.37879 38.266
xyz -20.8723 -3.71871 38.0636
xyz -21.2206 -4.2748 38.3247
xyz -21.3804 -4.53227 36.8802
xyz -21.8399 -5.05721 36.6791
xyz -21.4204 -5.4571 36.1056
xyz -21.3139 -6.35986 36.0341
xyz -21.2014 -6.59818 35.6678
xyz -20.9845 -6.2503 34.6326
xyz -20.9745 -6.34689 34.4921
xyz -20.9791 -6.4464 34.4386
xyz -20.999 -6.58826 34.4429
xyz -21.0081 -6.60045 34.3259
xyz -20.9791 -6.4464 34.4386
xyz -20.8323 -6.31763 34.4806
xyz -20.6748 -6.24097 34.5306
xyz -20.9845 -6.2503 34.6326
xyz -21.0627 -6.01277 34.8581
xyz -21.4204 -5.4571 36.1056
xyz -21.2636 -5.05461 36.3666
xyz -20.5073 -3.9154 36.6225
xyz -20.3205 -3.80929 36.4666
xyz -20.2965 -3.82905 36.4049
xyz -20.2889 -3.75657 36.4117
xyz -20.3205 -3.80929 36.4666
xyz -20.2619 -3.7772 36.7257
xyz -19.6126 -3.14274 38.0641
xyz -19.4962 -3.00729 38.1843
xyz -18.4464 -1.73418 38.9927
xyz -17.9533 -0.806517 37.5658
xyz -17.9468 -0.730348 37.1964
xyz -17.7885 -0.639645 37.3071
xyz -16.4058 -0.384106 36.8819
xyz -16.1584 -0.835027 35.5175
xyz -16.8193 -1.4128 34.5387
xyz -15.953 -1.30312 34.5358
xyz -14.9974 -1.07189 33.3659
xyz -14.1187 -3.69025 32.0653
xyz -13.8875 -1.48522 31.2113
xyz -13.7306 -4.96151 30.3562
xyz -12.5181 -5.73127 30.3479
xyz -11.8643 -7.14031 29.0038
xyz -11.804 -7.3453 28.9271
xyz -11.6857 -8.07322 28.9801
xyz -11.6929 -8.1311 29.0409
xyz -11.828 -8.47752 29.7183
xyz -11.6258 -8.41532 29.393
xyz -8.73823 -8.38544 30.8592
xyz -7.47786 -8.52402 32.5789
xyz -8.18698 -11.3634 33.6595
xyz -9.71692 -13.1369 32.9352
xyz -10.0402 -13.4476 33.1206
xyz -10.1471 -13.4424 33.7533
xyz -9.81144 -15.7779 33.4859
xyz -8.92974 -16.7043 34.1217
xyz -9.50984 -17.3718 35.829
xyz -8.24816 -16.8725 35.1336
xyz -7.88743 -15.9928 36.6588
End loop. Loop info [total exposed]: 145.99 124.845
Start boundary loop loop_id 2
Start boundary loop auf loop_id 2  init_edge IE_A_Wi
xyz -4.81259 -11.3966 34.8556
xyz -6.55084 -10.7188 37.5819
xyz -7.18339 -9.57218 37.8302
xyz -7.17597 -8.46216 36.8988
xyz -5.0075 -7.56842 32.0603
xyz -4.3535 -10.1397 32.9489
xyz 5.71281 -10.1249 28.5743
xyz -1.54713 -16.835 26.4749
xyz -1.53682 -16.9148 26.4552
xyz -2.7107 -20.1905 26.7991
xyz -5.55329 -19.7254 28.9207
xyz -9.15179 -17.3393 31.8825
xyz -9.47129 -16.775 32.1995
xyz -10.0402 -13.4476 33.1206
xyz -10.1471 -13.4424 33.7533
xyz -9.81144 -15.7779 33.4859
xyz -8.92974 -16.7043 34.1217
xyz -9.15179 -17.3393 31.8825
xyz -9.25974 -17.5323 31.6759
xyz -10.4681 -19.3908 31.6635
xyz -10.3341 -21.4643 30.674
xyz -10.3915 -21.5138 30.8154
xyz -7.65472 -21.4851 33.8709
xyz -5.31483 -20.9345 34.2741
xyz -5.56284 -20.7355 35.1184
xyz -5.67964 -20.6914 35.3451
xyz -4.8827 -19.4997 34.8716
xyz -5.90643 -18.7532 35.3178
xyz -4.96954 -17.7371 37.6552
xyz -4.20204 -18.4943 37.0014
xyz -1.28314 -18.3173 35.3489
xyz -1.1212 -18.2456 35.2741
xyz 0.217187 -16.3203 35.0196
xyz -4.42872 -12.8517 38.673
xyz -3.99698 -12.3772 38.2918
xyz -4.28941 -11.7519 35.1123
End loop. Loop info [total exposed]: 95.6951 91.2506
End net. Net info [total exposed]: 241.685 216.095
+-+Surf_areas::Interface areas<for merged connected component>: IE_A_B: 726.04 IE_A_Wi: 112.88 IE_B_Wi: 40.55 
+-+Surf_areas::Chem Interface areas<for merged connected component>: ali: 496.85 aro: 0.00 hbd: 50.14 hbw: 83.17 hbdp: 0.00 elu: 0.00 elf: 0.00 hbwp: 0.00 ssb: 0.00 unk: 249.32 
+-+MCC_record::dump_stats::Nb loops_before - nets_after uf merge: 4 3

+-+MCC_record::Boundary nets of merged cc after union-find
Start boundary net with  1 loops
Start boundary loop loop_id 1
Start boundary loop auf loop_id 1  init_edge IE_A_B
xyz -13.8433 -5.94948 48.1856
xyz -15.6744 -7.13889 49.6723
xyz -16.2892 -6.98272 49.1321
xyz -16.8664 -6.8076 48.5715
xyz -17.0473 -6.72018 48.335
xyz -17.5275 -6.81098 47.1957
xyz -17.1347 -6.18142 46.0366
xyz -17.4865 -5.83754 44.8729
xyz -17.3365 -5.36629 44.1359
xyz -16.8859 -4.73002 43.4776
xyz -16.4026 -4.22195 43.1196
xyz -15.0846 -3.75632 43.9791
xyz -14.5841 -2.46831 43.0082
xyz -14.5188 -2.44373 43.0032
xyz -14.3113 -2.48682 43.0902
xyz -12.6201 -3.75864 44.5798
xyz -11.8932 -3.84179 45.0286
xyz -11.881 -3.84934 45.0477
xyz -10.838 -5.47996 46.3023
xyz -11.4416 -6.15699 47.3005
xyz -12.3505 -6.61635 48.2077
xyz -14.2056 -6.95945 49.4268
End loop. Loop info [total exposed]: 27.1882 27.1882
End net. Net info [total exposed]: 27.1882 27.1882
+-+Surf_areas::Interface areas<for merged connected component>: IE_A_B: 36.76 
+-+Surf_areas::Chem Interface areas<for merged connected component>: ali: 6.63 aro: 0.00 hbd: 7.79 hbw: 0.00 hbdp: 0.00 elu: 0.00 elf: 0.00 hbwp: 0.00 ssb: 0.00 unk: 22.33 
+-+MCC_record::dump_stats::Nb loops_before - nets_after uf merge: 1 1
