Begin VSO per interface edge
2525 8253  1
2525 8256  1
2672 8597  1
2672 8598  1
2672 8782  1
2673 8597  2
2673 8782  2
2674 8782  1
2675 8597  2
2675 8598  2
2675 8782  3
2678 8598  1
2679 8424  1
2679 8578  2
2679 8580  1
2679 8582  2
2679 8584  3
2679 8593  2
2679 8594  3
2679 8597  3
2679 8598  2
2680 8580  1
2680 8582  2
2680 8584  3
2680 8593  3
2680 8594  3
2680 8597  3
2680 8765  2
2680 8766  2
2680 8782  2
2682 8424  1
2683 8424  2
2683 8581  1
2689 8424  2
2689 8425  1
2691 11808  2
2693 8409  1
2693 8410  2
2693 8420  2
2693 8424  2
2693 8581  2
2693 11808  1
2694 8409  1
2694 8420  1
2694 8424  2
2694 8425  1
2695 11808  2
2696 11808  2
2697 11808  2
2698 11808  1
2699 11808  3
2702 11808  2
2723 11808  2
2835 8766  1
2836 8766  1
2836 8780  1
2836 8782  1
2847 11808  2
2848 11808  2
2849 8409  2
2849 8410  2
2849 8580  1
2849 8581  2
2849 11808  2
2850 8409  2
2850 8410  2
2850 8411  1
2850 8566  2
2850 8580  1
2850 8581  2
2850 8759  1
2851 11808  3
2852 11808  3
2853 8411  2
2858 11808  3
2862 8410  2
2862 8411  2
2862 11808  2
2863 11808  2
2865 11808  2
2866 8403  1
2866 8404  2
2866 8405  1
2866 8410  2
2866 8411  2
2866 11808  2
2867 8403  1
2867 8404  2
2867 8406  1
2867 8410  1
2867 11808  1
3021 8961  1
3022 8961  1
3028 8766  1
3028 8944  2
3028 8960  2
3028 8961  1
3029 8766  2
3029 8944  3
3031 8762  1
3031 8766  1
3031 8942  2
3031 8944  2
3032 8942  3
3035 8566  1
3035 8567  1
3035 8759  2
3035 8760  2
3035 8762  1
3035 8942  2
3035 8943  3
3051 8405  1
3051 8410  2
3051 8411  1
3051 8567  1
3194 8960  1
3194 8961  1
3211 8942  3
3211 8943  2
3211 8944  2
3212 8942  3
3212 8944  2
3212 8960  1
3212 8961  1
3213 8943  1
3213 8944  1
3213 9152  1
3229 8925  1
3229 8943  1
3230 8752  1
3230 8753  1
3230 8759  1
3230 8925  1
3230 8933  2
3230 8934  2
3230 8938  2
3230 8943  2
3419 9152  1
3420 9151  3
3420 9152  2
3420 9153  2
3421 8944  1
3421 9150  1
3421 9151  2
3421 9152  2
3421 9153  1
3422 9151  2
3422 9152  1
3422 9153  1
3795 9526  1
3795 9529  1
3796 9526  2
3796 9527  3
3796 9528  2
3796 9529  2
3797 9526  1
3797 9527  2
3797 9528  1
3798 9527  2
3798 9528  1
3798 9529  1
3812 9928  2
3813 9927  2
3813 9928  2
3813 9929  3
3814 9927  1
3814 9928  1
3815 9728  2
3815 9729  1
3815 9730  1
3815 9927  1
3815 9929  2
3995 9928  3
3997 9546  2
3998 9546  1
3999 9546  1
3999 9728  2
3999 9730  1
3999 9929  2
4013 9928  2
4014 9928  1
4015 9928  1
4194 9745  1
4195 9928  1
4196 9927  1
4196 9928  1
4196 9929  2
4197 9543  1
4197 9544  1
4197 9546  1
4197 9727  1
4197 9927  1
4197 9929  1
4198 9927  2
4198 9928  2
4198 9929  2
8410 11808  1
End VSO per interface edge

Voronoi Facets of interface MI_AB
FBeg
 2672   CA GLY A 361  8782  CD1 ILE B 411 ali
-26.389 -5.429 11.787 -23.052 -2.232 14.629  3.79
-25.699507 -4.140521 14.706270 
-26.158532 -4.492401 15.641078 
-24.910486 -5.590489 15.410909 
-24.039208 -5.863452 14.694937 
-24.342747 -4.357530 13.357315 
FEnd
FBeg
 2673    C GLY A 361  8782  CD1 ILE B 411 ali
-26.314 -3.922 11.620 -23.052 -2.232 14.629  3.61
-24.342747 -4.357530 13.357315 
-25.699507 -4.140521 14.706270 
-25.287094 -2.376226 13.268268 
-25.048208 -2.174408 12.895945 
-24.159053 -3.046656 12.421925 
-24.099313 -3.158949 12.420232 
FEnd
FBeg
 2673    C GLY A 361  8597   CB SER B 386 ali
-26.314 -3.922 11.620 -22.246 -4.792 11.564  1.17
-24.099313 -3.158949 12.420232 
-24.342747 -4.357530 13.357315 
-24.408122 -4.549704 11.593788 
FEnd
FBeg
 2675    N SER A 362  8597   CB SER B 386 unk
-25.549 -3.500 10.624 -22.246 -4.792 11.564  3.89
-24.408122 -4.549704 11.593788 
-24.099313 -3.158949 12.420232 
-24.067209 -3.104078 12.382844 
-24.026829 -3.086254 12.265452 
-23.541980 -4.017622 9.281640 
-24.345054 -5.489852 10.079972 
FEnd
FBeg
 2675    N SER A 362  8598   OG SER B 386 hbd
-25.549 -3.500 10.624 -22.299 -5.442 10.312  2.35
-23.541980 -4.017622 9.281640 
-24.345054 -5.489852 10.079972 
-24.890549 -6.160694 8.573291 
-23.633811 -4.073447 8.672538 
FEnd
FBeg
 2679   CB SER A 362  8598   OG SER B 386 unk
-24.161 -1.528 10.234 -22.299 -5.442 10.312  2.33
-23.633811 -4.073447 8.672538 
-23.541980 -4.017622 9.281640 
-21.899038 -3.245404 8.811178 
-21.699279 -3.166852 7.984290 
-22.507215 -3.563091 7.388091 
FEnd
FBeg
 2679   CB SER A 362  8424   CB SER B 364 ali
-24.161 -1.528 10.234 -20.713 -0.945 5.174  4.92
-21.699279 -3.166852 7.984290 
-22.507215 -3.563091 7.388091 
-23.140973 -2.481523 7.080848 
-23.517990 -1.107796 6.982218 
-23.466091 -0.379898 7.101449 
-23.369709 -0.116904 7.197428 
-23.060840 -0.300923 7.386696 
-21.445097 -2.046871 8.286537 
-21.368714 -2.472470 8.289549 
FEnd
FBeg
 2679   CB SER A 362  8578    C SER B 384 ali
-24.161 -1.528 10.234 -18.624 -0.543 9.001  0.37
-21.445097 -2.046871 8.286537 
-21.201875 -1.602285 9.733927 
-21.195535 -1.689404 9.692802 
-21.368714 -2.472470 8.289549 
FEnd
FBeg
 2679   CB SER A 362  8582    N PHE B 385 unk
-24.161 -1.528 10.234 -18.527 -1.101 10.198  0.34
-21.201875 -1.602285 9.733927 
-21.253870 -0.802406 11.084204 
-21.231700 -1.091412 11.125932 
-21.211549 -1.398127 10.641499 
-21.195535 -1.689404 9.692802 
FEnd
FBeg
 2679   CB SER A 362  8584    C PHE B 385 ali
-24.161 -1.528 10.234 -19.030 -3.072 11.425  0.12
-21.231700 -1.091412 11.125932 
-21.379970 -1.498776 11.236599 
-21.211549 -1.398127 10.641499 
FEnd
FBeg
 2680   OG SER A 362  8584    C PHE B 385 unk
-23.776 -1.306 11.567 -19.030 -3.072 11.425  1.01
-21.231700 -1.091412 11.125932 
-21.379970 -1.498776 11.236599 
-21.451049 -1.739650 11.856614 
-21.410762 -1.658346 12.191949 
-21.055618 -0.719985 12.391752 
-21.035959 -0.631260 11.945344 
FEnd
FBeg
 2680   OG SER A 362  8765    O ALA B 409 hbd
-23.776 -1.306 11.567 -18.816 1.122 12.268  0.83
-21.055618 -0.719985 12.391752 
-21.035959 -0.631260 11.945344 
-21.128524 -0.351778 11.632282 
-21.562008 0.472574 11.844194 
-21.402940 -0.089244 12.664622 
FEnd
FBeg
 2680   OG SER A 362  8766   CB ALA B 409 unk
-23.776 -1.306 11.567 -20.799 2.954 13.907  3.03
-21.562008 0.472574 11.844194 
-22.789888 1.591652 11.369036 
-23.290350 1.230557 12.663112 
-22.984974 0.682629 13.272116 
-21.402940 -0.089244 12.664622 
FEnd
FBeg
 2836   CB ALA A 382  8766   CB ALA B 409 ali
-26.067 0.038 13.925 -20.799 2.954 13.907  3.78
-23.290350 1.230557 12.663112 
-22.984974 0.682629 13.272116 
-23.133659 0.960706 14.805523 
-23.339240 1.338493 15.840358 
-23.830961 2.224368 15.441754 
-23.685709 1.946861 12.995985 
FEnd
FBeg
 3028   CA GLY A 408  8766   CB ALA B 409 ali
-24.154 5.067 13.468 -20.799 2.954 13.907  15.45
-23.830961 2.224368 15.441754 
-22.248699 4.860397 16.037297 
-22.200447 4.937603 16.040145 
-21.588013 5.728569 15.166788 
-21.605436 5.539597 14.390376 
-22.326057 3.664332 10.871582 
-22.965954 2.673379 10.992243 
-23.685709 1.946861 12.995985 
FEnd
FBeg
 3031    N ALA A 409  8766   CB ALA B 409 unk
-22.609 6.558 12.357 -20.799 2.954 13.907  4.78
-21.605436 5.539597 14.390376 
-21.284289 5.917309 14.893601 
-21.042255 5.976174 14.747837 
-20.347834 6.001728 13.996352 
-21.687215 3.898754 10.670648 
-21.906234 3.802057 10.701570 
-22.326057 3.664332 10.871582 
FEnd
FBeg
 3031    N ALA A 409  8762    N ALA B 409 hbd
-22.609 6.558 12.357 -18.999 3.952 12.551  1.83
-20.347834 6.001728 13.996352 
-21.687215 3.898754 10.670648 
-21.250280 4.487542 10.449240 
-20.257275 6.121763 13.923629 
FEnd
FBeg
 3035   CB ALA A 409  8762    N ALA B 409 unk
-20.700 7.675 11.286 -18.999 3.952 12.551  4.30
-21.250280 4.487542 10.449240 
-20.257275 6.121763 13.923629 
-19.367447 6.424930 13.619355 
-19.366971 6.202957 12.965431 
-20.503695 4.652719 9.931462 
FEnd
FBeg
 3035   CB ALA A 409  8759   CA GLY B 408 ali
-20.700 7.675 11.286 -17.563 5.410 11.268  14.83
-19.366971 6.202957 12.965431 
-20.503695 4.652719 9.931462 
-19.858555 5.554930 8.836610 
-18.997288 6.749065 8.674507 
-17.480441 8.840613 9.840601 
-18.587940 7.278184 13.433884 
-18.922408 6.813943 13.560537 
-18.937386 6.793206 13.559510 
FEnd
FBeg
 3035   CB ALA A 409  8943  OG1 THR B 431 unk
-20.700 7.675 11.286 -18.106 7.066 15.904  1.08
-18.587940 7.278184 13.433884 
-19.361422 8.094071 13.975955 
-20.013962 7.172086 14.220909 
-18.922408 6.813943 13.560537 
FEnd
FBeg
 3211   CB THR A 431  8943  OG1 THR B 431 unk
-21.528 9.417 15.637 -18.106 7.066 15.904  1.79
-19.361422 8.094071 13.975955 
-20.013962 7.172086 14.220909 
-19.830810 7.631428 15.918163 
-19.641628 7.959158 16.379262 
-19.262093 8.258870 14.153999 
FEnd
FBeg
 3213  CG2 THR A 431  8943  OG1 THR B 431 unk
-20.327 10.324 15.964 -18.106 7.066 15.904  8.07
-19.641628 7.959158 16.379262 
-18.260085 8.864155 18.377997 
-17.970455 9.062763 18.314729 
-16.462406 10.105856 17.497774 
-18.261821 8.924558 15.033875 
-19.262093 8.258870 14.153999 
FEnd
FBeg
 3229   CE LYS A 433  8943  OG1 THR B 431 unk
-17.512 11.021 13.574 -18.106 7.066 15.904  3.16
-16.462406 10.105856 17.497774 
-16.241187 10.071559 17.495955 
-15.888684 9.749840 17.039726 
-15.966906 8.963764 15.685480 
-18.261821 8.924558 15.033875 
FEnd
FBeg
 3229   CE LYS A 433  8925    O HIS B 429 unk
-17.512 11.021 13.574 -13.282 8.531 14.775  13.76
-15.888684 9.749840 17.039726 
-15.966906 8.963764 15.685480 
-13.937233 10.409435 11.534109 
-13.810902 10.609340 11.503619 
-13.305555 11.521419 11.614741 
-13.245881 11.727797 11.832444 
-13.459467 11.963432 13.073244 
-14.817255 11.473770 16.840258 
FEnd
FBeg
 3230   NZ LYS A 433  8925    O HIS B 429 hbd
-17.367 9.597 13.149 -13.282 8.531 14.775  4.45
-15.966906 8.963764 15.685480 
-13.937233 10.409435 11.534109 
-14.085749 9.991342 11.633125 
-15.588187 7.939303 14.062391 
-15.826101 8.031673 14.720659 
-15.894312 8.196554 15.000122 
FEnd
FBeg
 3230   NZ LYS A 433  8934    C SER B 430 unk
-17.367 9.597 13.149 -14.707 5.655 16.124  0.06
-15.826101 8.031673 14.720659 
-15.894312 8.196554 15.000122 
-16.038267 7.784773 14.583208 
-16.008802 7.753573 14.515520 
FEnd
FBeg
 3230   NZ LYS A 433  8938    N THR B 431 hbd
-17.367 9.597 13.149 -15.922 5.230 15.791  0.10
-16.038267 7.784773 14.583208 
-16.463656 7.312483 14.035211 
-16.066140 7.539638 14.193265 
-16.008802 7.753573 14.515520 
FEnd
FBeg
 3230   NZ LYS A 433  8933   CA SER B 430 unk
-17.367 9.597 13.149 -13.691 5.810 15.009  0.24
-15.588187 7.939303 14.062391 
-15.826101 8.031673 14.720659 
-16.008802 7.753573 14.515520 
-16.066140 7.539638 14.193265 
FEnd
FBeg
 3230   NZ LYS A 433  8753    O ASN B 407 hbd
-17.367 9.597 13.149 -15.210 6.635 11.981  11.11
-14.085749 9.991342 11.633125 
-15.588187 7.939303 14.062391 
-16.066140 7.539638 14.193265 
-16.463656 7.312483 14.035211 
-16.960549 7.085441 13.693343 
-16.752629 8.393900 10.759123 
-15.708709 9.538577 9.784125 
-15.225334 9.919963 9.709617 
-14.728566 10.046022 10.307338 
FEnd
FBeg
 3230   NZ LYS A 433  8752    C ASN B 407 unk
-17.367 9.597 13.149 -15.181 5.836 11.074  0.65
-16.752629 8.393900 10.759123 
-16.890810 8.780852 9.912188 
-15.708709 9.538577 9.784125 
FEnd
FBeg
 3213  CG2 THR A 431  9152  OD1 ASN B 456 unk
-20.327 10.324 15.964 -17.552 10.362 21.135  4.05
-17.970455 9.062763 18.314729 
-16.462406 10.105856 17.497774 
-16.758639 11.804576 17.644263 
-18.862197 9.977966 18.786554 
-18.852802 9.163987 18.787494 
FEnd
FBeg
 3421  OD1 ASN A 456  9152  OD1 ASN B 456 hbd
-20.559 10.327 20.879 -17.552 10.362 21.135  0.51
-18.862197 9.977966 18.786554 
-18.852802 9.163987 18.787494 
-18.861446 9.187754 18.885778 
-18.948178 10.033606 19.788893 
-18.921768 10.152142 19.462464 
FEnd
FBeg
 3420   CG ASN A 456  9152  OD1 ASN B 456 unk
-20.261 11.442 21.308 -17.552 10.362 21.135  0.87
-18.948178 10.033606 19.788893 
-18.053651 11.887266 22.224284 
-17.965592 12.116293 22.173425 
-18.921768 10.152142 19.462464 
FEnd
FBeg
 3422  ND2 ASN A 456  9152  OD1 ASN B 456 hbd
-20.302 11.748 22.615 -17.552 10.362 21.135  1.70
-18.053651 11.887266 22.224284 
-17.860137 12.023135 22.456614 
-16.241337 13.745567 23.851484 
-16.110034 14.304374 23.572145 
-16.207354 14.380628 23.319902 
-17.965592 12.116293 22.173425 
FEnd
FBeg
 3422  ND2 ASN A 456  9153  ND2 ASN B 456 hbd
-20.302 11.748 22.615 -18.538 9.733 23.056  28.51
-17.860137 12.023135 22.456614 
-16.241337 13.745567 23.851484 
-16.332561 13.764611 24.303395 
-19.660306 11.473193 27.144517 
-20.576559 10.711542 27.329423 
-21.954930 9.330970 26.534851 
-22.475297 8.690731 25.690965 
-22.696073 8.181511 24.247360 
-22.694909 8.136234 24.035826 
-20.888404 9.427800 22.711179 
-18.323991 11.580097 22.287719 
FEnd
FBeg
 3420   CG ASN A 456  9153  ND2 ASN B 456 unk
-20.261 11.442 21.308 -18.538 9.733 23.056  1.61
-20.888404 9.427800 22.711179 
-18.323991 11.580097 22.287719 
-19.917403 9.506816 21.831318 
FEnd
FBeg
 3421  OD1 ASN A 456  9153  ND2 ASN B 456 hbd
-20.559 10.327 20.879 -18.538 9.733 23.056  5.62
-22.694909 8.136234 24.035826 
-20.888404 9.427800 22.711179 
-19.917403 9.506816 21.831318 
-20.306118 8.329069 21.870827 
-21.560137 6.934054 22.654352 
-22.424686 6.850714 23.434209 
FEnd
FBeg
 3422  ND2 ASN A 456  9151   CG ASN B 456 unk
-20.302 11.748 22.615 -17.886 9.480 21.929  0.06
-18.053651 11.887266 22.224284 
-17.860137 12.023135 22.456614 
-18.323991 11.580097 22.287719 
FEnd
FBeg
 3420   CG ASN A 456  9151   CG ASN B 456 aro
-20.261 11.442 21.308 -17.886 9.480 21.929  3.53
-18.948178 10.033606 19.788893 
-18.053651 11.887266 22.224284 
-18.323991 11.580097 22.287719 
-19.917403 9.506816 21.831318 
FEnd
FBeg
 3421  OD1 ASN A 456  9151   CG ASN B 456 unk
-20.559 10.327 20.879 -17.886 9.480 21.929  3.18
-18.861446 9.187754 18.885778 
-18.948178 10.033606 19.788893 
-19.917403 9.506816 21.831318 
-20.306118 8.329069 21.870827 
FEnd
FBeg
 3421  OD1 ASN A 456  9150   CB ASN B 456 unk
-20.559 10.327 20.879 -17.516 8.051 21.697  6.27
-18.852802 9.163987 18.787494 
-18.861446 9.187754 18.885778 
-20.306118 8.329069 21.870827 
-21.560137 6.934054 22.654352 
-21.709693 6.577420 22.218412 
-21.069622 6.877882 20.673323 
-19.114772 8.809369 18.775345 
FEnd
FBeg
 3421  OD1 ASN A 456  8944  CG2 THR B 431 unk
-20.559 10.327 20.879 -19.365 5.695 17.395  2.75
-21.069622 6.877882 20.673323 
-21.949545 7.322407 19.780767 
-19.899858 8.634789 18.738393 
-19.114772 8.809369 18.775345 
FEnd
FBeg
 3212  OG1 THR A 431  8944  CG2 THR B 431 unk
-21.481 8.250 16.451 -19.365 5.695 17.395  13.22
-21.949545 7.322407 19.780767 
-19.899858 8.634789 18.738393 
-19.678658 7.977650 16.463973 
-19.956170 7.501552 15.797434 
-21.014681 6.247746 14.776602 
-21.279830 6.080660 14.918711 
-21.772634 5.840744 15.373996 
-22.510788 5.577562 16.316267 
-22.509219 5.642755 16.489196 
FEnd
FBeg
 3212  OG1 THR A 431  8960   CE LYS B 433 unk
-21.481 8.250 16.451 -22.031 3.538 18.949  2.76
-22.509219 5.642755 16.489196 
-21.949545 7.322407 19.780767 
-22.501139 7.422732 19.848562 
-23.398113 6.614778 18.127019 
FEnd
FBeg
 3194    O HIS A 429  8960   CE LYS B 433 unk
-26.090 7.454 19.226 -22.031 3.538 18.949  8.68
-22.501139 7.422732 19.848562 
-23.398113 6.614778 18.127019 
-25.230384 4.460168 21.738082 
-22.900370 6.843180 22.191693 
FEnd
FBeg
 3194    O HIS A 429  8961   NZ LYS B 433 hbd
-26.090 7.454 19.226 -23.345 3.499 18.259  9.52
-23.398113 6.614778 18.127019 
-25.230384 4.460168 21.738082 
-25.566583 4.244928 21.664047 
-26.786785 3.712497 20.377915 
-26.827450 3.711672 20.265854 
-26.612292 4.157183 19.054491 
-26.450259 4.371413 18.638254 
-23.669285 6.537029 17.675238 
-23.645497 6.548208 17.697042 
FEnd
FBeg
 3022    O ASN A 407  8961   NZ LYS B 433 hbd
-25.741 5.465 15.761 -23.345 3.499 18.259  10.54
-26.450259 4.371413 18.638254 
-23.669285 6.537029 17.675238 
-23.644921 6.528125 17.644861 
-23.003316 5.834443 16.483506 
-24.394446 3.443088 15.935767 
-26.382784 2.608700 17.186227 
-26.412284 2.694974 17.282423 
FEnd
FBeg
 3021    C ASN A 407  8961   NZ LYS B 433 unk
-26.283 5.174 14.705 -23.345 3.499 18.259  1.36
-24.394446 3.443088 15.935767 
-24.593202 2.535262 15.672215 
-24.726576 2.514402 15.772640 
-26.350275 2.438762 17.079261 
-26.382784 2.608700 17.186227 
FEnd
FBeg
 3212  OG1 THR A 431  8961   NZ LYS B 433 hbd
-21.481 8.250 16.451 -23.345 3.499 18.259  0.86
-22.510788 5.577562 16.316267 
-22.509219 5.642755 16.489196 
-23.398113 6.614778 18.127019 
-23.645497 6.548208 17.697042 
-23.644921 6.528125 17.644861 
-23.003316 5.834443 16.483506 
FEnd
FBeg
 3029    C GLY A 408  8944  CG2 THR B 431 ali
-23.696 6.471 13.116 -19.365 5.695 17.395  0.11
-21.279830 6.080660 14.918711 
-21.284289 5.917309 14.893601 
-21.588013 5.728569 15.166788 
-21.772634 5.840744 15.373996 
FEnd
FBeg
 3212  OG1 THR A 431  8942   CB THR B 431 unk
-21.481 8.250 16.451 -18.316 5.705 16.295  0.41
-19.956170 7.501552 15.797434 
-21.014681 6.247746 14.776602 
-20.740131 6.602812 14.554212 
FEnd
FBeg
 3419   CB ASN A 456  9152  OD1 ASN B 456 unk
-19.887 12.567 20.361 -17.552 10.362 21.135  20.22
-16.758639 11.804576 17.644263 
-18.862197 9.977966 18.786554 
-18.921768 10.152142 19.462464 
-17.965592 12.116293 22.173425 
-16.207354 14.380628 23.319902 
-15.288093 14.864086 21.923969 
-15.287697 14.863888 21.922215 
-16.104681 12.520198 17.710095 
FEnd
FBeg
 3213  CG2 THR A 431  8944  CG2 THR B 431 ali
-20.327 10.324 15.964 -19.365 5.695 17.395  2.23
-19.641628 7.959158 16.379262 
-18.260085 8.864155 18.377997 
-19.114772 8.809369 18.775345 
-19.899858 8.634789 18.738393 
-19.678658 7.977650 16.463973 
FEnd
FBeg
 3211   CB THR A 431  8944  CG2 THR B 431 ali
-21.528 9.417 15.637 -19.365 5.695 17.395  0.05
-19.830810 7.631428 15.918163 
-19.641628 7.959158 16.379262 
-19.678658 7.977650 16.463973 
-19.956170 7.501552 15.797434 
FEnd
FBeg
 3211   CB THR A 431  8942   CB THR B 431 ali
-21.528 9.417 15.637 -18.316 5.705 16.295  0.97
-20.013962 7.172086 14.220909 
-19.830810 7.631428 15.918163 
-19.956170 7.501552 15.797434 
-20.740131 6.602812 14.554212 
-20.532911 6.747637 14.359682 
-20.344308 6.894774 14.269071 
FEnd
FBeg
 3032   CA ALA A 409  8942   CB THR B 431 ali
-22.097 7.837 11.887 -18.316 5.705 16.295  0.03
-20.532911 6.747637 14.359682 
-20.344308 6.894774 14.269071 
-20.405398 6.636678 14.196639 
FEnd
FBeg
 3230   NZ LYS A 433  8943  OG1 THR B 431 hbd
-17.367 9.597 13.149 -18.106 7.066 15.904  6.90
-18.587940 7.278184 13.433884 
-19.361422 8.094071 13.975955 
-19.262093 8.258870 14.153999 
-18.261821 8.924558 15.033875 
-15.966906 8.963764 15.685480 
-15.894312 8.196554 15.000122 
-16.038267 7.784773 14.583208 
-16.463656 7.312483 14.035211 
-16.960549 7.085441 13.693343 
FEnd
FBeg
 3230   NZ LYS A 433  8759   CA GLY B 408 unk
-17.367 9.597 13.149 -17.563 5.410 11.268  4.91
-17.480441 8.840613 9.840601 
-18.587940 7.278184 13.433884 
-16.960549 7.085441 13.693343 
-16.752629 8.393900 10.759123 
-16.890810 8.780852 9.912188 
FEnd
FBeg
 3035   CB ALA A 409  8567   CB ALA B 382 ali
-20.700 7.675 11.286 -16.763 7.521 6.441  1.44
-18.997288 6.749065 8.674507 
-19.717219 6.947997 8.083175 
-19.755442 7.066385 8.048353 
-17.491473 8.869317 9.830725 
-17.480441 8.840613 9.840601 
FEnd
FBeg
 3051  CD1 ILE A 411  8567   CB ALA B 382 ali
-19.372 10.291 6.953 -16.763 7.521 6.441  24.98
-19.755442 7.066385 8.048353 
-17.491473 8.869317 9.830725 
-16.142903 10.192766 9.542570 
-15.270779 11.131366 8.908681 
-15.995274 11.294493 4.334328 
-18.525221 8.871737 4.549956 
-19.188266 8.037117 5.686702 
FEnd
FBeg
 3051  CD1 ILE A 411  8411   OG SER B 362 unk
-19.372 10.291 6.953 -19.703 6.205 5.194  4.18
-19.188266 8.037117 5.686702 
-19.755442 7.066385 8.048353 
-20.732412 7.231512 7.848619 
-21.659071 7.625672 7.107396 
-21.627667 7.805540 6.683668 
-20.688016 8.085760 5.855924 
FEnd
FBeg
 2866   CB SER A 386  8411   OG SER B 362 unk
-21.982 8.917 3.525 -19.703 6.205 5.194  0.95
-21.627667 7.805540 6.683668 
-20.688016 8.085760 5.855924 
-22.196134 6.818240 5.855616 
-21.964741 7.298342 6.319781 
FEnd
FBeg
 2862    N SER A 386  8411   OG SER B 362 hbd
-24.098 8.738 4.765 -19.703 6.205 5.194  0.12
-22.196134 6.818240 5.855616 
-22.325634 6.590943 5.840250 
-22.121508 7.021569 6.291631 
-21.964741 7.298342 6.319781 
FEnd
FBeg
 2862    N SER A 386  8410   CB SER B 362 unk
-24.098 8.738 4.765 -19.854 6.385 3.804  0.54
-22.196134 6.818240 5.855616 
-22.325634 6.590943 5.840250 
-22.631116 6.187508 5.478975 
-22.967624 5.808180 4.921660 
-22.905010 6.077394 4.539008 
FEnd
FBeg
 2849   CB SER A 384  8410   CB SER B 362 ali
-23.675 4.055 7.697 -19.854 6.385 3.804  1.40
-22.631116 6.187508 5.478975 
-22.967624 5.808180 4.921660 
-22.958584 5.357737 4.660937 
-22.322272 4.624220 4.846463 
-21.728932 4.566557 5.394317 
FEnd
FBeg
 2849   CB SER A 384  8409    O SER B 362 unk
-23.675 4.055 7.697 -20.028 3.692 3.709  1.34
-22.322272 4.624220 4.846463 
-21.728932 4.566557 5.394317 
-21.171827 3.429423 6.007292 
-21.740910 2.868910 5.537889 
FEnd
FBeg
 2693   CB SER A 364  8409    O SER B 362 unk
-24.573 2.412 4.281 -20.028 3.692 3.709  11.63
-21.740910 2.868910 5.537889 
-22.322272 4.624220 4.846463 
-22.684223 4.739928 2.229399 
-22.750645 4.366405 0.865771 
-22.565988 3.588750 0.592807 
-21.751762 1.686246 2.805139 
-21.619466 1.667491 3.814364 
-21.572131 2.049174 5.044594 
FEnd
FBeg
 2693   CB SER A 364  8581   OG SER B 384 unk
-24.573 2.412 4.281 -20.744 1.312 7.419  2.21
-21.572131 2.049174 5.044594 
-21.740910 2.868910 5.537889 
-23.446249 0.905548 6.930512 
-23.355142 0.426431 6.651391 
FEnd
FBeg
 2683    C ILE A 363  8581   OG SER B 384 unk
-26.561 0.669 6.624 -20.744 1.312 7.419  0.60
-23.446249 0.905548 6.930512 
-23.355142 0.426431 6.651391 
-23.369709 -0.116904 7.197428 
-23.469044 0.349299 7.547193 
-23.522061 0.756068 7.606124 
FEnd
FBeg
 2693   CB SER A 364  8424   CB SER B 364 ali
-24.573 2.412 4.281 -20.713 -0.945 5.174  6.02
-21.619466 1.667491 3.814364 
-21.572131 2.049174 5.044594 
-23.355142 0.426431 6.651391 
-23.462209 0.242820 6.423955 
-23.769724 -0.484329 5.019662 
-21.878038 1.232974 3.298588 
FEnd
FBeg
 2694   OG SER A 364  8424   CB SER B 364 unk
-24.475 1.369 3.348 -20.713 -0.945 5.174  1.11
-23.769724 -0.484329 5.019662 
-21.878038 1.232974 3.298588 
-21.957949 0.848451 2.975937 
-23.840652 -0.677298 4.921252 
FEnd
FBeg
 2694   OG SER A 364  8425   OG SER B 364 hbd
-24.475 1.369 3.348 -21.435 -1.440 4.087  12.56
-21.957949 0.848451 2.975937 
-23.840652 -0.677298 4.921252 
-24.855560 -2.075276 3.782411 
-24.744961 -2.186255 2.905607 
-23.745475 -1.594389 1.043786 
-23.057331 -1.031731 0.351701 
-22.710028 -0.659988 0.336033 
-22.035494 0.184007 0.769319 
FEnd
FBeg
 2689    N SER A 364  8425   OG SER B 364 hbd
-26.209 0.966 5.388 -21.435 -1.440 4.087  0.65
-23.840652 -0.677298 4.921252 
-24.855560 -2.075276 3.782411 
-24.847650 -2.093903 3.845881 
-24.003639 -1.184008 5.260257 
FEnd
FBeg
 2694   OG SER A 364  8420    N SER B 364 hbd
-24.475 1.369 3.348 -19.245 0.121 3.540  1.55
-21.878038 1.232974 3.298588 
-21.957949 0.848451 2.975937 
-22.035494 0.184007 0.769319 
-21.981752 0.413204 0.795194 
-21.741313 1.698299 2.598868 
-21.751762 1.686246 2.805139 
FEnd
FBeg
 2689    N SER A 364  8424   CB SER B 364 unk
-26.209 0.966 5.388 -20.713 -0.945 5.174  0.94
-23.462209 0.242820 6.423955 
-23.769724 -0.484329 5.019662 
-23.840652 -0.677298 4.921252 
-24.003639 -1.184008 5.260257 
-23.731361 -0.502614 6.168182 
FEnd
FBeg
 2693   CB SER A 364  8420    N SER B 364 unk
-24.573 2.412 4.281 -19.245 0.121 3.540  0.25
-21.751762 1.686246 2.805139 
-21.619466 1.667491 3.814364 
-21.878038 1.232974 3.298588 
FEnd
FBeg
 2694   OG SER A 364  8409    O SER B 362 hbd
-24.475 1.369 3.348 -20.028 3.692 3.709  0.81
-22.565988 3.588750 0.592807 
-22.277412 3.033059 0.613781 
-21.741313 1.698299 2.598868 
-21.751762 1.686246 2.805139 
FEnd
FBeg
 2849   CB SER A 384  8581   OG SER B 384 unk
-23.675 4.055 7.697 -20.744 1.312 7.419  4.63
-21.171827 3.429423 6.007292 
-21.222713 3.231132 7.427308 
-23.522061 0.756068 7.606124 
-23.446249 0.905548 6.930512 
-21.740910 2.868910 5.537889 
FEnd
FBeg
 2849   CB SER A 384  8580   CB SER B 384 ali
-23.675 4.055 7.697 -20.463 1.150 8.790  9.75
-21.222713 3.231132 7.427308 
-21.868052 3.738644 10.672644 
-22.955369 2.653497 10.983816 
-23.488139 1.685084 9.975598 
-23.624468 0.751681 7.895407 
-23.522061 0.756068 7.606124 
FEnd
FBeg
 2850   OG SER A 384  8580   CB SER B 384 unk
-22.442 4.734 7.836 -20.463 1.150 8.790  4.99
-21.222713 3.231132 7.427308 
-21.868052 3.738644 10.672644 
-21.671251 3.841135 10.649433 
-20.339421 4.339678 9.759586 
-19.774210 4.432999 8.937690 
-20.088075 3.814085 7.263636 
FEnd
FBeg
 2850   OG SER A 384  8566    O ALA B 382 hbd
-22.442 4.734 7.836 -17.815 4.995 6.872  3.50
-19.774210 4.432999 8.937690 
-20.088075 3.814085 7.263636 
-20.259623 3.828815 6.444229 
-20.057136 6.492792 8.137386 
-19.858555 5.554930 8.836610 
FEnd
FBeg
 2850   OG SER A 384  8581   OG SER B 384 hbd
-22.442 4.734 7.836 -20.744 1.312 7.419  1.28
-21.171827 3.429423 6.007292 
-21.222713 3.231132 7.427308 
-20.088075 3.814085 7.263636 
-20.259623 3.828815 6.444229 
-20.265363 3.826827 6.437171 
FEnd
FBeg
 2850   OG SER A 384  8409    O SER B 362 hbd
-22.442 4.734 7.836 -20.028 3.692 3.709  0.80
-21.728932 4.566557 5.394317 
-21.171827 3.429423 6.007292 
-20.265363 3.826827 6.437171 
-21.565170 4.552471 5.493663 
FEnd
FBeg
 2693   CB SER A 364  8410   CB SER B 362 ali
-24.573 2.412 4.281 -19.854 6.385 3.804  1.24
-22.958584 5.357737 4.660937 
-22.684223 4.739928 2.229399 
-22.322272 4.624220 4.846463 
FEnd
FBeg
 2850   OG SER A 384  8410   CB SER B 362 unk
-22.442 4.734 7.836 -19.854 6.385 3.804  0.74
-22.325634 6.590943 5.840250 
-22.631116 6.187508 5.478975 
-21.728932 4.566557 5.394317 
-21.565170 4.552471 5.493663 
FEnd
FBeg
 2866   CB SER A 386  8410   CB SER B 362 ali
-21.982 8.917 3.525 -19.854 6.385 3.804  14.02
-20.688016 8.085760 5.855924 
-22.196134 6.818240 5.855616 
-22.905010 6.077394 4.539008 
-22.774723 6.073034 3.505707 
-20.609062 7.673313 1.510658 
-19.520641 8.735041 2.844472 
-19.086646 9.246027 4.171623 
FEnd
FBeg
 2866   CB SER A 386  8405    O GLY B 361 unk
-21.982 8.917 3.525 -17.730 8.173 2.421  5.46
-19.520641 8.735041 2.844472 
-19.598788 10.268896 1.509808 
-19.511936 10.959467 1.378929 
-18.954337 12.129867 2.737746 
-18.926905 11.944191 2.968530 
-19.086646 9.246027 4.171623 
FEnd
FBeg
 2866   CB SER A 386  8403   CA GLY B 361 ali
-21.982 8.917 3.525 -17.848 7.740 0.058  4.12
-19.598788 10.268896 1.509808 
-20.560679 8.515774 0.958025 
-20.965923 10.816555 -0.306267 
-20.523447 11.725407 -0.087208 
-19.511936 10.959467 1.378929 
FEnd
FBeg
 2867   OG SER A 386  8403   CA GLY B 361 unk
-22.493 8.211 2.404 -17.848 7.740 0.058  11.21
-20.560679 8.515774 0.958025 
-20.965923 10.816555 -0.306267 
-21.790262 10.009734 -1.776445 
-22.292192 6.239588 -2.013329 
-22.187342 5.707606 -1.698925 
-22.132710 5.596811 -1.568512 
-20.829991 7.402630 0.648279 
FEnd
FBeg
 2867   OG SER A 386  8404    C GLY B 361 unk
-22.493 8.211 2.404 -18.022 7.375 1.521  0.53
-20.829991 7.402630 0.648279 
-20.560679 8.515774 0.958025 
-20.609062 7.673313 1.510658 
-20.674967 7.469884 1.369557 
FEnd
FBeg
 2867   OG SER A 386  8406    N SER B 362 hbd
-22.493 8.211 2.404 -18.541 6.169 1.745  5.06
-22.132710 5.596811 -1.568512 
-20.829991 7.402630 0.648279 
-20.674967 7.469884 1.369557 
-21.957791 5.173413 0.792427 
-22.468314 4.564324 -0.381818 
-22.256279 5.288207 -1.353296 
FEnd
FBeg
 2866   CB SER A 386  8404    C GLY B 361 ali
-21.982 8.917 3.525 -18.022 7.375 1.521  2.90
-20.609062 7.673313 1.510658 
-20.560679 8.515774 0.958025 
-19.598788 10.268896 1.509808 
-19.520641 8.735041 2.844472 
FEnd
FBeg
 2867   OG SER A 386  8410   CB SER B 362 unk
-22.493 8.211 2.404 -19.854 6.385 3.804  5.34
-22.774723 6.073034 3.505707 
-20.609062 7.673313 1.510658 
-20.674967 7.469884 1.369557 
-21.957791 5.173413 0.792427 
-22.561979 4.761497 1.394067 
-22.582432 4.761460 1.432572 
FEnd
FBeg
 2853    C PHE A 385  8411   OG SER B 362 unk
-24.614 8.907 5.977 -19.703 6.205 5.194  0.28
-21.659071 7.625672 7.107396 
-21.627667 7.805540 6.683668 
-21.964741 7.298342 6.319781 
-22.121508 7.021569 6.291631 
FEnd
FBeg
 2850   OG SER A 384  8411   OG SER B 362 hbd
-22.442 4.734 7.836 -19.703 6.205 5.194  8.56
-20.732412 7.231512 7.848619 
-21.659071 7.625672 7.107396 
-22.121508 7.021569 6.291631 
-22.325634 6.590943 5.840250 
-21.565170 4.552471 5.493663 
-20.265363 3.826827 6.437171 
-20.259623 3.828815 6.444229 
-20.057136 6.492792 8.137386 
FEnd
FBeg
 3051  CD1 ILE A 411  8410   CB SER B 362 ali
-19.372 10.291 6.953 -19.854 6.385 3.804  2.03
-18.525221 8.871737 4.549956 
-19.188266 8.037117 5.686702 
-20.688016 8.085760 5.855924 
-19.086646 9.246027 4.171623 
FEnd
FBeg
 3051  CD1 ILE A 411  8405    O GLY B 361 unk
-19.372 10.291 6.953 -17.730 8.173 2.421  6.86
-15.995274 11.294493 4.334328 
-18.525221 8.871737 4.549956 
-19.086646 9.246027 4.171623 
-18.926905 11.944191 2.968530 
-18.257493 12.092037 3.141971 
-16.471550 11.736665 3.955121 
FEnd
FBeg
 3035   CB ALA A 409  8566    O ALA B 382 unk
-20.700 7.675 11.286 -17.815 4.995 6.872  0.97
-19.858555 5.554930 8.836610 
-20.057136 6.492792 8.137386 
-19.717219 6.947997 8.083175 
-18.997288 6.749065 8.674507 
FEnd
FBeg
 2850   OG SER A 384  8759   CA GLY B 408 unk
-22.442 4.734 7.836 -17.563 5.410 11.268  0.87
-20.503695 4.652719 9.931462 
-19.858555 5.554930 8.836610 
-19.774210 4.432999 8.937690 
-20.339421 4.339678 9.759586 
FEnd
FBeg
 3035   CB ALA A 409  8760    C GLY B 408 ali
-20.700 7.675 11.286 -17.764 4.426 12.391  0.20
-19.367447 6.424930 13.619355 
-19.366971 6.202957 12.965431 
-18.937386 6.793206 13.559510 
FEnd
FBeg
 3035   CB ALA A 409  8942   CB THR B 431 ali
-20.700 7.675 11.286 -18.316 5.705 16.295  1.06
-20.257275 6.121763 13.923629 
-19.367447 6.424930 13.619355 
-18.937386 6.793206 13.559510 
-18.922408 6.813943 13.560537 
-20.013962 7.172086 14.220909 
-20.344308 6.894774 14.269071 
-20.405398 6.636678 14.196639 
FEnd
FBeg
 3031    N ALA A 409  8942   CB THR B 431 unk
-22.609 6.558 12.357 -18.316 5.705 16.295  0.61
-21.042255 5.976174 14.747837 
-20.347834 6.001728 13.996352 
-20.257275 6.121763 13.923629 
-20.405398 6.636678 14.196639 
-20.532911 6.747637 14.359682 
-20.740131 6.602812 14.554212 
-21.014681 6.247746 14.776602 
FEnd
FBeg
 3031    N ALA A 409  8944  CG2 THR B 431 unk
-22.609 6.558 12.357 -19.365 5.695 17.395  0.06
-21.284289 5.917309 14.893601 
-21.042255 5.976174 14.747837 
-21.014681 6.247746 14.776602 
-21.279830 6.080660 14.918711 
FEnd
FBeg
 3029    C GLY A 408  8766   CB ALA B 409 ali
-23.696 6.471 13.116 -20.799 2.954 13.907  0.16
-21.588013 5.728569 15.166788 
-21.284289 5.917309 14.893601 
-21.605436 5.539597 14.390376 
FEnd
FBeg
 3028   CA GLY A 408  8944  CG2 THR B 431 ali
-24.154 5.067 13.468 -19.365 5.695 17.395  0.61
-22.200447 4.937603 16.040145 
-21.588013 5.728569 15.166788 
-21.772634 5.840744 15.373996 
-22.510788 5.577562 16.316267 
-22.312947 5.150917 16.143227 
FEnd
FBeg
 3028   CA GLY A 408  8960   CE LYS B 433 ali
-24.154 5.067 13.468 -22.031 3.538 18.949  0.01
-22.248699 4.860397 16.037297 
-22.200447 4.937603 16.040145 
-22.312947 5.150917 16.143227 
FEnd
FBeg
 3028   CA GLY A 408  8961   NZ LYS B 433 unk
-24.154 5.067 13.468 -23.345 3.499 18.259  4.07
-23.830961 2.224368 15.441754 
-22.248699 4.860397 16.037297 
-22.312947 5.150917 16.143227 
-22.510788 5.577562 16.316267 
-23.003316 5.834443 16.483506 
-24.394446 3.443088 15.935767 
-24.593202 2.535262 15.672215 
FEnd
FBeg
 2836   CB ALA A 382  8780  CG1 ILE B 411 ali
-26.067 0.038 13.925 -21.843 -1.890 15.468  1.34
-23.133659 0.960706 14.805523 
-23.339240 1.338493 15.840358 
-23.700204 0.966710 16.363958 
-24.546976 -0.145053 17.292853 
FEnd
FBeg
 2835    O ALA A 382  8766   CB ALA B 409 unk
-25.840 1.293 11.494 -20.799 2.954 13.907  1.71
-22.789888 1.591652 11.369036 
-23.290350 1.230557 12.663112 
-23.685709 1.946861 12.995985 
-22.965954 2.673379 10.992243 
-22.955369 2.653497 10.983816 
FEnd
FBeg
 2680   OG SER A 362  8580   CB SER B 384 unk
-23.776 -1.306 11.567 -20.463 1.150 8.790  1.69
-21.128524 -0.351778 11.632282 
-21.253870 -0.802406 11.084204 
-22.890951 1.505875 11.172605 
-22.789888 1.591652 11.369036 
-21.562008 0.472574 11.844194 
FEnd
FBeg
 2680   OG SER A 362  8594   CA SER B 386 unk
-23.776 -1.306 11.567 -20.800 -4.583 12.004  0.38
-21.451049 -1.739650 11.856614 
-21.410762 -1.658346 12.191949 
-22.000023 -2.196609 12.168498 
-21.796888 -2.106842 11.458283 
-21.717322 -2.039152 11.424029 
FEnd
FBeg
 2679   CB SER A 362  8594   CA SER B 386 ali
-24.161 -1.528 10.234 -20.800 -4.583 12.004  0.01
-21.796888 -2.106842 11.458283 
-21.717322 -2.039152 11.424029 
-21.752197 -2.135015 11.324795 
FEnd
FBeg
 2680   OG SER A 362  8593    N SER B 386 hbd
-23.776 -1.306 11.567 -20.028 -3.838 11.013  0.18
-21.379970 -1.498776 11.236599 
-21.451049 -1.739650 11.856614 
-21.717322 -2.039152 11.424029 
FEnd
FBeg
 2680   OG SER A 362  8582    N PHE B 385 hbd
-23.776 -1.306 11.567 -18.527 -1.101 10.198  0.28
-21.253870 -0.802406 11.084204 
-21.231700 -1.091412 11.125932 
-21.035959 -0.631260 11.945344 
-21.128524 -0.351778 11.632282 
FEnd
FBeg
 2679   CB SER A 362  8580   CB SER B 384 ali
-24.161 -1.528 10.234 -20.463 1.150 8.790  12.86
-23.060840 -0.300923 7.386696 
-23.469044 0.349299 7.547193 
-23.624468 0.751681 7.895407 
-23.488139 1.685084 9.975598 
-22.890951 1.505875 11.172605 
-21.253870 -0.802406 11.084204 
-21.201875 -1.602285 9.733927 
-21.445097 -2.046871 8.286537 
FEnd
FBeg
 2683    C ILE A 363  8424   CB SER B 364 ali
-26.561 0.669 6.624 -20.713 -0.945 5.174  0.60
-23.466091 -0.379898 7.101449 
-23.369709 -0.116904 7.197428 
-23.355142 0.426431 6.651391 
-23.462209 0.242820 6.423955 
-23.731361 -0.502614 6.168182 
FEnd
FBeg
 2682   CA ILE A 363  8424   CB SER B 364 ali
-26.843 -0.790 6.896 -20.713 -0.945 5.174  2.24
-23.517990 -1.107796 6.982218 
-23.466091 -0.379898 7.101449 
-23.731361 -0.502614 6.168182 
-24.003639 -1.184008 5.260257 
-23.895348 -2.435958 5.758443 
-23.715610 -2.068227 6.365174 
FEnd
FBeg
 2679   CB SER A 362  8593    N SER B 386 unk
-24.161 -1.528 10.234 -20.028 -3.838 11.013  3.69
-21.899038 -3.245404 8.811178 
-21.699279 -3.166852 7.984290 
-21.368714 -2.472470 8.289549 
-21.195535 -1.689404 9.692802 
-21.211549 -1.398127 10.641499 
-21.379970 -1.498776 11.236599 
-21.717322 -2.039152 11.424029 
-21.752197 -2.135015 11.324795 
FEnd
FBeg
 2678    O SER A 362  8598   OG SER B 386 hbd
-25.901 -3.166 8.057 -22.299 -5.442 10.312  9.77
-24.890549 -6.160694 8.573291 
-23.633811 -4.073447 8.672538 
-22.507215 -3.563091 7.388091 
-22.572108 -4.485663 6.560584 
-23.294199 -6.246022 5.937255 
-24.081116 -6.996577 6.436684 
-25.183537 -7.418318 7.771955 
FEnd
FBeg
 2672   CA GLY A 361  8598   OG SER B 386 unk
-26.389 -5.429 11.787 -22.299 -5.442 10.312  8.66
-24.345054 -5.489852 10.079972 
-24.890549 -6.160694 8.573291 
-25.183537 -7.418318 7.771955 
-24.961759 -8.761950 8.398760 
-24.115940 -8.751928 10.744029 
-23.808332 -8.450507 11.594333 
FEnd
FBeg
 2679   CB SER A 362  8597   CB SER B 386 ali
-24.161 -1.528 10.234 -22.246 -4.792 11.564  6.63
-24.026829 -3.086254 12.265452 
-21.796888 -2.106842 11.458283 
-21.752197 -2.135015 11.324795 
-21.899038 -3.245404 8.811178 
-23.541980 -4.017622 9.281640 
FEnd
FBeg
 2680   OG SER A 362  8597   CB SER B 386 unk
-23.776 -1.306 11.567 -22.246 -4.792 11.564  0.90
-24.067209 -3.104078 12.382844 
-22.000023 -2.196609 12.168498 
-21.796888 -2.106842 11.458283 
-24.026829 -3.086254 12.265452 
FEnd
FBeg
 2675    N SER A 362  8782  CD1 ILE B 411 unk
-25.549 -3.500 10.624 -23.052 -2.232 14.629  0.00
-24.159053 -3.046656 12.421925 
-24.067209 -3.104078 12.382844 
-24.099313 -3.158949 12.420232 
FEnd
FBeg
 2680   OG SER A 362  8782  CD1 ILE B 411 unk
-23.776 -1.306 11.567 -23.052 -2.232 14.629  9.03
-25.048208 -2.174408 12.895945 
-22.984974 0.682629 13.272116 
-21.402940 -0.089244 12.664622 
-21.055618 -0.719985 12.391752 
-21.410762 -1.658346 12.191949 
-22.000023 -2.196609 12.168498 
-24.067209 -3.104078 12.382844 
-24.159053 -3.046656 12.421925 
FEnd
FBeg
 2836   CB ALA A 382  8782  CD1 ILE B 411 ali
-26.067 0.038 13.925 -23.052 -2.232 14.629  19.19
-25.287094 -2.376226 13.268268 
-26.716276 -3.383159 16.142195 
-25.400209 -1.004140 18.176900 
-24.546976 -0.145053 17.292853 
-23.133659 0.960706 14.805523 
-22.984974 0.682629 13.272116 
-25.048208 -2.174408 12.895945 
FEnd
FBeg
 2672   CA GLY A 361  8597   CB SER B 386 ali
-26.389 -5.429 11.787 -22.246 -4.792 11.564  12.67
-24.039208 -5.863452 14.694937 
-23.890816 -6.783084 14.824891 
-23.887605 -6.806194 14.818536 
-23.835491 -7.312964 14.339145 
-23.808332 -8.450507 11.594333 
-24.345054 -5.489852 10.079972 
-24.408122 -4.549704 11.593788 
-24.342747 -4.357530 13.357315 
FEnd
FBeg
 2674    O GLY A 361  8782  CD1 ILE B 411 unk
-26.908 -3.158 12.387 -23.052 -2.232 14.629  2.86
-25.699507 -4.140521 14.706270 
-26.158532 -4.492401 15.641078 
-26.716276 -3.383159 16.142195 
-25.287094 -2.376226 13.268268 
FEnd
FBeg
 2525  NE2 GLN A 342  8253   CG GLN B 342 unk
-26.369 -2.648 -1.801 -20.560 -2.555 -2.972  8.95
-22.923586 -3.756945 0.798739 
-23.057331 -1.031731 0.351701 
-23.127952 -0.593944 0.036138 
-23.916714 -0.000907 -3.829590 
-23.966254 -0.493449 -4.114457 
-22.939355 -4.048234 0.697379 
FEnd
FBeg
 2525  NE2 GLN A 342  8256  NE2 GLN B 342 hbd
-26.369 -2.648 -1.801 -22.274 -4.064 -3.721  31.50
-23.966254 -0.493449 -4.114457 
-22.939355 -4.048234 0.697379 
-24.243574 -6.014496 -0.634158 
-25.761363 -6.166951 -3.758881 
-26.878217 -3.830502 -7.864052 
FEnd
FBeg
 3795   CG GLN A 505  9529  NE2 GLN B 505 unk
-18.423 17.546 29.936 -17.004 14.568 30.778  17.83
-19.785165 15.835665 33.891153 
-20.783771 15.007211 32.643987 
-20.911128 14.633062 31.535322 
-20.912542 14.549200 31.241100 
-20.561231 14.330797 29.876594 
-18.705176 15.130369 29.576575 
-16.092262 16.705165 30.742866 
-15.831015 17.286524 32.358752 
-15.878788 17.282796 32.426078 
-19.584119 15.927541 33.877285 
FEnd
FBeg
 3795   CG GLN A 505  9526   CG GLN B 505 ali
-18.423 17.546 29.936 -14.612 14.591 30.383  0.89
-16.092262 16.705165 30.742866 
-16.013437 16.808092 30.751246 
-15.314235 17.845977 31.651227 
-15.831015 17.286524 32.358752 
FEnd
FBeg
 3797  OE1 GLN A 505  9526   CG GLN B 505 unk
-16.369 17.169 28.775 -14.612 14.591 30.383  17.15
-16.013437 16.808092 30.751246 
-15.314235 17.845977 31.651227 
-12.583409 18.514503 29.739162 
-12.316803 18.459719 29.360020 
-12.103392 17.758755 28.003024 
-12.618396 16.913271 27.210242 
-13.930331 15.396564 26.212106 
-14.958670 15.393199 27.330338 
-15.960342 16.282408 29.850437 
FEnd
FBeg
 3797  OE1 GLN A 505  9527   CD GLN B 505 unk
-16.369 17.169 28.775 -16.018 14.223 29.954  1.16
-14.958670 15.393199 27.330338 
-15.960342 16.282408 29.850437 
-15.884384 15.360453 27.524110 
FEnd
FBeg
 3796   CD GLN A 505  9527   CD GLN B 505 aro
-17.587 16.998 28.803 -16.018 14.223 29.954  3.31
-15.960342 16.282408 29.850437 
-15.884384 15.360453 27.524110 
-15.985406 15.320806 27.566233 
-17.761142 14.935709 29.058400 
-16.149810 16.393363 30.376219 
FEnd
FBeg
 3798  NE2 GLN A 505  9527   CD GLN B 505 unk
-18.242 16.345 27.855 -16.018 14.223 29.954  1.22
-15.985406 15.320806 27.566233 
-18.329284 14.039112 28.753955 
-17.761142 14.935709 29.058400 
FEnd
FBeg
 3798  NE2 GLN A 505  9528  OE1 GLN B 505 hbd
-18.242 16.345 27.855 -16.216 13.613 28.905  18.72
-15.985406 15.320806 27.566233 
-18.329284 14.039112 28.753955 
-20.863737 12.124913 28.663679 
-20.826624 12.095777 28.516257 
-19.967991 12.199381 27.129073 
-16.322637 13.809150 24.283742 
-14.496105 15.316236 24.680699 
-15.885324 15.358476 27.471135 
FEnd
FBeg
 3796   CD GLN A 505  9528  OE1 GLN B 505 unk
-17.587 16.998 28.803 -16.216 13.613 28.905  0.00
-15.884384 15.360453 27.524110 
-15.985406 15.320806 27.566233 
-15.885324 15.358476 27.471135 
FEnd
FBeg
 3797  OE1 GLN A 505  9528  OE1 GLN B 505 hbd
-16.369 17.169 28.775 -16.216 13.613 28.905  2.44
-13.930331 15.396564 26.212106 
-14.958670 15.393199 27.330338 
-15.884384 15.360453 27.524110 
-15.885324 15.358476 27.471135 
-14.496105 15.316236 24.680699 
-14.302006 15.329354 24.811096 
FEnd
FBeg
 3796   CD GLN A 505  9526   CG GLN B 505 ali
-17.587 16.998 28.803 -14.612 14.591 30.383  0.15
-16.092262 16.705165 30.742866 
-16.013437 16.808092 30.751246 
-15.960342 16.282408 29.850437 
-16.149810 16.393363 30.376219 
FEnd
FBeg
 3796   CD GLN A 505  9529  NE2 GLN B 505 unk
-17.587 16.998 28.803 -17.004 14.568 30.778  1.95
-18.705176 15.130369 29.576575 
-16.092262 16.705165 30.742866 
-16.149810 16.393363 30.376219 
-17.761142 14.935709 29.058400 
FEnd
FBeg
 3798  NE2 GLN A 505  9529  NE2 GLN B 505 hbd
-18.242 16.345 27.855 -17.004 14.568 30.778  5.25
-20.561231 14.330797 29.876594 
-18.705176 15.130369 29.576575 
-17.761142 14.935709 29.058400 
-18.329284 14.039112 28.753955 
-20.863737 12.124913 28.663679 
-20.912466 12.259021 28.765846 
FEnd
FBeg
 3999  ND2 ASN A 529  9546  OE2 GLU B 507 hbd
-17.374 19.518 34.456 -15.910 15.897 37.269  6.18
-16.531465 16.083511 33.974466 
-16.221982 16.156505 33.907360 
-15.039199 18.150021 35.857921 
-15.009144 18.295272 36.029251 
-15.045671 18.327109 36.089243 
-16.207254 18.156685 36.474401 
-17.181359 17.418039 36.030553 
-18.263331 16.130017 34.935665 
FEnd
FBeg
 3998  OD1 ASN A 529  9546  OE2 GLU B 507 hbd
-18.728 19.161 36.214 -15.910 15.897 37.269  11.29
-17.181359 17.418039 36.030553 
-18.263331 16.130017 34.935665 
-20.507156 15.136663 37.855847 
-19.122572 16.876708 39.540917 
-19.114544 16.882804 39.538333 
-16.837692 17.987337 36.873903 
FEnd
FBeg
 3997   CG ASN A 529  9546  OE2 GLU B 507 unk
-18.146 19.937 35.453 -15.910 15.897 37.269  0.41
-16.207254 18.156685 36.474401 
-17.181359 17.418039 36.030553 
-16.837692 17.987337 36.873903 
FEnd
FBeg
 4197  NH1 ARG A 553  9546  OE2 GLU B 507 elf
-15.955 19.379 38.674 -15.910 15.897 37.269  6.93
-15.045671 18.327109 36.089243 
-16.207254 18.156685 36.474401 
-16.837692 17.987337 36.873903 
-19.114544 16.882804 39.538333 
-19.110339 16.880258 39.544777 
-18.495947 16.877947 39.570183 
-14.825747 17.659586 37.750605 
-14.448394 17.933214 37.084560 
-14.805844 18.238535 36.316438 
FEnd
FBeg
 4197  NH1 ARG A 553  9929  NH2 ARG B 553 elu
-15.955 19.379 38.674 -13.278 20.656 36.346  3.61
-14.805844 18.238535 36.316438 
-15.045671 18.327109 36.089243 
-15.265165 18.959865 36.183936 
-14.972928 19.346516 36.732077 
-13.631208 19.836675 38.543811 
-12.850938 19.131090 39.054014 
-12.924722 18.948489 38.869005 
FEnd
FBeg
 4197  NH1 ARG A 553  9927   CZ ARG B 553 unk
-15.955 19.379 38.674 -12.673 21.709 36.877  1.02
-13.631208 19.836675 38.543811 
-13.047621 20.146317 40.011145 
-12.968158 19.989596 39.953070 
-12.733523 19.395917 39.611833 
-12.850938 19.131090 39.054014 
FEnd
FBeg
 4196   CZ ARG A 553  9927   CZ ARG B 553 aro
-16.180 20.675 38.490 -12.673 21.709 36.877  5.03
-13.631208 19.836675 38.543811 
-13.047621 20.146317 40.011145 
-13.376729 21.944876 40.448547 
-14.441703 21.825861 38.056776 
-14.350575 20.745055 37.562066 
FEnd
FBeg
 4198  NH2 ARG A 553  9927   CZ ARG B 553 unk
-15.882 21.232 37.328 -12.673 21.709 36.877  1.61
-14.441703 21.825861 38.056776 
-14.865336 22.174650 35.411396 
-14.862507 22.134808 35.389389 
-14.350575 20.745055 37.562066 
FEnd
FBeg
 3813   CD GLU A 507  9927   CZ ARG B 553 aro
-14.717 23.617 33.160 -12.673 21.709 36.877  2.87
-14.865336 22.174650 35.411396 
-12.094305 24.068628 34.859802 
-11.308877 23.170671 33.966953 
-14.617702 22.077004 35.225097 
-14.862507 22.134808 35.389389 
FEnd
FBeg
 3813   CD GLU A 507  9929  NH2 ARG B 553 unk
-14.717 23.617 33.160 -13.278 20.656 36.346  0.03
-14.617702 22.077004 35.225097 
-14.862507 22.134808 35.389389 
-14.943054 21.969913 35.272519 
FEnd
FBeg
 3815  OE2 GLU A 507  9929  NH2 ARG B 553 elf
-14.326 22.426 33.153 -13.278 20.656 36.346  3.64
-14.943054 21.969913 35.272519 
-14.617702 22.077004 35.225097 
-12.635529 21.443351 34.223255 
-14.206903 20.087760 33.987553 
-14.527287 19.926040 34.003061 
-15.272109 21.110444 34.904085 
FEnd
FBeg
 3815  OE2 GLU A 507  9728   CG ASN B 529 unk
-14.326 22.426 33.153 -12.123 18.205 34.648  0.24
-14.206903 20.087760 33.987553 
-14.527287 19.926040 34.003061 
-14.549003 19.786095 33.639938 
-14.142087 19.841183 33.195852 
FEnd
FBeg
 3815  OE2 GLU A 507  9730  ND2 ASN B 529 hbd
-14.326 22.426 33.153 -12.844 17.388 33.886  2.14
-14.549003 19.786095 33.639938 
-15.004691 19.357927 31.618411 
-14.919047 19.365987 31.500650 
-13.317342 19.818971 31.375698 
-14.142087 19.841183 33.195852 
FEnd
FBeg
 3815  OE2 GLU A 507  9729  OD1 ASN B 529 hbd
-14.326 22.426 33.153 -11.853 19.358 34.311  13.50
-12.635529 21.443351 34.223255 
-14.206903 20.087760 33.987553 
-14.142087 19.841183 33.195852 
-13.317342 19.818971 31.375698 
-10.077932 22.289471 31.003012 
-9.943465 22.606791 31.556555 
-10.367817 22.921797 33.297368 
-10.567087 22.853734 33.542598 
-10.681785 22.788625 33.615044 
FEnd
FBeg
 3815  OE2 GLU A 507  9927   CZ ARG B 553 unk
-14.326 22.426 33.153 -12.673 21.709 36.877  3.33
-11.308877 23.170671 33.966953 
-10.745329 23.039327 33.691519 
-10.682089 22.951469 33.646532 
-10.681785 22.788625 33.615044 
-12.635529 21.443351 34.223255 
-14.617702 22.077004 35.225097 
FEnd
FBeg
 3814  OE1 GLU A 507  9927   CZ ARG B 553 unk
-13.973 24.576 32.850 -12.673 21.709 36.877  0.56
-12.094305 24.068628 34.859802 
-11.839739 24.224105 34.888313 
-10.745329 23.039327 33.691519 
-11.308877 23.170671 33.966953 
FEnd
FBeg
 3814  OE1 GLU A 507  9928  NH1 ARG B 553 elf
-13.973 24.576 32.850 -13.373 22.808 37.134  3.16
-12.094305 24.068628 34.859802 
-11.839739 24.224105 34.888313 
-12.019316 26.672725 35.924006 
-14.019072 25.892310 35.882007 
FEnd
FBeg
 4014  CD1 LEU A 531  9928  NH1 ARG B 553 unk
-15.366 27.828 38.749 -13.373 22.808 37.134  6.49
-12.019316 26.672725 35.924006 
-14.019072 25.892310 35.882007 
-14.055745 25.874900 35.890866 
-15.165622 25.219732 36.557713 
-14.412808 25.107532 37.835485 
-12.646783 25.504125 38.782106 
FEnd
FBeg
 4015  CD2 LEU A 531  9928  NH1 ARG B 553 unk
-15.818 25.974 40.369 -13.373 22.808 37.134  8.22
-14.412808 25.107532 37.835485 
-15.862812 24.053153 37.771468 
-15.516324 23.589620 38.486988 
-13.551250 22.754562 40.789430 
-13.508412 22.747263 40.828950 
-13.106676 23.129833 40.758170 
-12.646783 25.504125 38.782106 
FEnd
FBeg
 4195   NE ARG A 553  9928  NH1 ARG B 553 elu
-16.692 21.422 39.464 -13.373 22.808 37.134  1.32
-15.516324 23.589620 38.486988 
-15.375472 23.374316 38.559552 
-13.448348 22.102393 40.548068 
-13.475935 22.361025 40.662618 
-13.551250 22.754562 40.789430 
FEnd
FBeg
 4013   CG LEU A 531  9928  NH1 ARG B 553 unk
-16.412 26.857 39.280 -13.373 22.808 37.134  1.62
-15.165622 25.219732 36.557713 
-15.734833 24.649240 36.828025 
-15.923643 24.123137 37.553280 
-15.862812 24.053153 37.771468 
-14.412808 25.107532 37.835485 
FEnd
FBeg
 3995    O ASN A 529  9928  NH1 ARG B 553 hbd
-18.572 24.008 36.651 -13.373 22.808 37.134  0.28
-15.734833 24.649240 36.828025 
-15.885051 23.960967 36.734966 
-15.923643 24.123137 37.553280 
FEnd
FBeg
 3812   CG GLU A 507  9928  NH1 ARG B 553 unk
-16.156 23.897 33.572 -13.373 22.808 37.134  4.11
-14.055745 25.874900 35.890866 
-14.896693 22.227191 35.432697 
-15.885051 23.960967 36.734966 
-15.734833 24.649240 36.828025 
-15.165622 25.219732 36.557713 
FEnd
FBeg
 3813   CD GLU A 507  9928  NH1 ARG B 553 unk
-14.717 23.617 33.160 -13.373 22.808 37.134  4.83
-14.865336 22.174650 35.411396 
-12.094305 24.068628 34.859802 
-14.019072 25.892310 35.882007 
-14.055745 25.874900 35.890866 
-14.896693 22.227191 35.432697 
FEnd
FBeg
 4198  NH2 ARG A 553  9928  NH1 ARG B 553 elu
-15.882 21.232 37.328 -13.373 22.808 37.134  5.52
-14.441703 21.825861 38.056776 
-14.865336 22.174650 35.411396 
-14.896693 22.227191 35.432697 
-15.885051 23.960967 36.734966 
-15.923643 24.123137 37.553280 
-15.862812 24.053153 37.771468 
-15.516324 23.589620 38.486988 
-15.375472 23.374316 38.559552 
FEnd
FBeg
 4196   CZ ARG A 553  9928  NH1 ARG B 553 unk
-16.180 20.675 38.490 -13.373 22.808 37.134  2.75
-13.376729 21.944876 40.448547 
-14.441703 21.825861 38.056776 
-15.375472 23.374316 38.559552 
-13.448348 22.102393 40.548068 
FEnd
FBeg
 4196   CZ ARG A 553  9929  NH2 ARG B 553 unk
-16.180 20.675 38.490 -13.278 20.656 36.346  1.32
-14.972928 19.346516 36.732077 
-13.631208 19.836675 38.543811 
-14.350575 20.745055 37.562066 
FEnd
FBeg
 4198  NH2 ARG A 553  9929  NH2 ARG B 553 elu
-15.882 21.232 37.328 -13.278 20.656 36.346  4.71
-15.265165 18.959865 36.183936 
-14.972928 19.346516 36.732077 
-14.350575 20.745055 37.562066 
-14.862507 22.134808 35.389389 
-14.943054 21.969913 35.272519 
-15.272109 21.110444 34.904085 
FEnd
FBeg
 4197  NH1 ARG A 553  9727   CB ASN B 529 unk
-15.955 19.379 38.674 -11.644 17.646 35.979  1.47
-14.448394 17.933214 37.084560 
-14.805844 18.238535 36.316438 
-12.924722 18.948489 38.869005 
-13.131158 18.383765 38.901926 
FEnd
FBeg
 4197  NH1 ARG A 553  9543   CG GLU B 507 unk
-15.955 19.379 38.674 -13.811 15.176 38.162  6.11
-14.825747 17.659586 37.750605 
-14.448394 17.933214 37.084560 
-13.131158 18.383765 38.901926 
-13.144496 18.227589 40.128114 
-13.339792 18.096176 40.389076 
-14.973171 17.103313 41.699697 
FEnd
FBeg
 4197  NH1 ARG A 553  9544   CD GLU B 507 unk
-15.955 19.379 38.674 -15.339 15.155 38.102  8.61
-18.495947 16.877947 39.570183 
-14.825747 17.659586 37.750605 
-14.973171 17.103313 41.699697 
-15.422726 16.986739 42.076418 
-15.777759 16.957264 41.911736 
FEnd
FBeg
 3999  ND2 ASN A 529  9929  NH2 ARG B 553 hbd
-17.374 19.518 34.456 -13.278 20.656 36.346  2.89
-15.009144 18.295272 36.029251 
-14.527287 19.926040 34.003061 
-15.272109 21.110444 34.904085 
-15.265165 18.959865 36.183936 
-15.045671 18.327109 36.089243 
FEnd
FBeg
 3999  ND2 ASN A 529  9728   CG ASN B 529 unk
-17.374 19.518 34.456 -12.123 18.205 34.648  0.76
-15.039199 18.150021 35.857921 
-14.549003 19.786095 33.639938 
-14.527287 19.926040 34.003061 
-15.009144 18.295272 36.029251 
FEnd
FBeg
 3999  ND2 ASN A 529  9730  ND2 ASN B 529 hbd
-17.374 19.518 34.456 -12.844 17.388 33.886  9.77
-16.221982 16.156505 33.907360 
-15.878788 17.282796 32.426078 
-15.409031 18.446948 31.809157 
-15.004691 19.357927 31.618411 
-14.549003 19.786095 33.639938 
-15.039199 18.150021 35.857921 
FEnd
FBeg
 4194   CD ARG A 553  9745  CD1 LEU B 531 ali
-17.063 20.925 40.786 -11.688 18.875 43.610  24.96
-15.476741 16.938923 42.144517 
-15.422726 16.986739 42.076418 
-13.594115 20.032002 40.806590 
-13.583628 20.117094 40.848401 
-14.439493 22.846483 44.458714 
-15.091130 22.235077 45.255159 
-15.444503 21.439914 45.350519 
-17.350385 16.196459 45.171707 
-17.395441 15.794398 44.965599 
FEnd

+-+CCS_record::Boundary loops before union-find
Start boundary loop loop_id 0  init_edge IE_A_B
xyz -26.3828 2.6087 17.1862
xyz -26.4123 2.69497 17.2824
xyz -26.4503 4.37141 18.6383
xyz -26.6123 4.15718 19.0545
xyz -26.8275 3.71167 20.2659
xyz -26.7868 3.7125 20.3779
xyz -25.5666 4.24493 21.664
xyz -25.2304 4.46017 21.7381
xyz -22.9004 6.84318 22.1917
xyz -22.5011 7.42273 19.8486
xyz -21.9495 7.32241 19.7808
xyz -21.0696 6.87788 20.6733
xyz -21.7097 6.57742 22.2184
xyz -21.5601 6.93405 22.6544
xyz -22.4247 6.85071 23.4342
xyz -22.6949 8.13623 24.0358
xyz -22.6961 8.18151 24.2474
xyz -22.4753 8.69073 25.691
xyz -21.9549 9.33097 26.5349
xyz -20.5766 10.7115 27.3294
xyz -19.6603 11.4732 27.1445
xyz -16.3326 13.7646 24.3034
xyz -16.2413 13.7456 23.8515
xyz -16.11 14.3044 23.5721
xyz -16.2074 14.3806 23.3199
xyz -15.2881 14.8641 21.924
xyz -15.2877 14.8639 21.9222
xyz -16.1047 12.5202 17.7101
xyz -16.7586 11.8046 17.6443
xyz -16.4624 10.1059 17.4978
xyz -16.2412 10.0716 17.496
xyz -15.8887 9.74984 17.0397
xyz -14.8173 11.4738 16.8403
xyz -13.4595 11.9634 13.0732
xyz -13.2459 11.7278 11.8324
xyz -13.3056 11.5214 11.6147
xyz -13.8109 10.6093 11.5036
xyz -13.9372 10.4094 11.5341
xyz -14.0857 9.99134 11.6331
xyz -14.7286 10.046 10.3073
xyz -15.2253 9.91996 9.70962
xyz -15.7087 9.53858 9.78412
xyz -16.8908 8.78085 9.91219
xyz -17.4804 8.84061 9.8406
xyz -17.4915 8.86932 9.83072
xyz -16.1429 10.1928 9.54257
xyz -15.2708 11.1314 8.90868
xyz -15.9953 11.2945 4.33433
xyz -16.4716 11.7367 3.95512
xyz -18.2575 12.092 3.14197
xyz -18.9269 11.9442 2.96853
xyz -18.9543 12.1299 2.73775
xyz -19.5119 10.9595 1.37893
xyz -20.5234 11.7254 -0.0872076
xyz -20.9659 10.8166 -0.306267
xyz -21.7903 10.0097 -1.77645
xyz -22.2922 6.23959 -2.01333
xyz -22.1873 5.70761 -1.69893
xyz -22.1327 5.59681 -1.56851
xyz -22.2563 5.28821 -1.3533
xyz -22.4683 4.56432 -0.381818
xyz -21.9578 5.17341 0.792427
xyz -22.562 4.7615 1.39407
xyz -22.5824 4.76146 1.43257
xyz -22.7747 6.07303 3.50571
xyz -22.905 6.07739 4.53901
xyz -22.9676 5.80818 4.92166
xyz -22.9586 5.35774 4.66094
xyz -22.6842 4.73993 2.2294
xyz -22.7506 4.36641 0.865771
xyz -22.566 3.58875 0.592807
xyz -22.2774 3.03306 0.613781
xyz -21.7413 1.6983 2.59887
xyz -21.9818 0.413204 0.795194
xyz -22.0355 0.184007 0.769319
xyz -22.71 -0.659988 0.336033
xyz -23.0573 -1.03173 0.351701
xyz -23.7455 -1.59439 1.04379
xyz -24.745 -2.18625 2.90561
xyz -24.8556 -2.07528 3.78241
xyz -24.8477 -2.0939 3.84588
xyz -24.0036 -1.18401 5.26026
xyz -23.8953 -2.43596 5.75844
xyz -23.7156 -2.06823 6.36517
xyz -23.518 -1.1078 6.98222
xyz -23.141 -2.48152 7.08085
xyz -22.5072 -3.56309 7.38809
xyz -22.5721 -4.48566 6.56058
xyz -23.2942 -6.24602 5.93725
xyz -24.0811 -6.99658 6.43668
xyz -25.1835 -7.41832 7.77196
xyz -24.9618 -8.76195 8.39876
xyz -24.1159 -8.75193 10.744
xyz -23.8083 -8.45051 11.5943
xyz -23.8355 -7.31296 14.3391
xyz -23.8876 -6.80619 14.8185
xyz -23.8908 -6.78308 14.8249
xyz -24.0392 -5.86345 14.6949
xyz -24.9105 -5.59049 15.4109
xyz -26.1585 -4.4924 15.6411
xyz -26.7163 -3.38316 16.1422
xyz -25.4002 -1.00414 18.1769
xyz -24.547 -0.145053 17.2929
xyz -23.7002 0.96671 16.364
xyz -23.3392 1.33849 15.8404
xyz -23.831 2.22437 15.4418
xyz -24.5932 2.53526 15.6722
xyz -24.7266 2.5144 15.7726
xyz -26.3503 2.43876 17.0793
End loop
Boundary info init_edge IE_A_B [total exposed]: 143.587298 143.587298
Start boundary loop loop_id 1  init_edge IE_A_B
xyz -23.6245 0.751681 7.89541
xyz -23.5221 0.756068 7.60612
xyz -23.469 0.349299 7.54719
xyz -23.3697 -0.116904 7.19743
xyz -23.0608 -0.300923 7.3867
xyz -23.469 0.349299 7.54719
End loop
Boundary info init_edge IE_A_B [total exposed]: 3.057558 3.057558
Start boundary loop loop_id 2  init_edge IE_A_B
xyz -20.5037 4.65272 9.93146
xyz -21.2503 4.48754 10.4492
xyz -21.6872 3.89875 10.6706
xyz -21.9062 3.80206 10.7016
xyz -22.3261 3.66433 10.8716
xyz -22.966 2.67338 10.9922
xyz -22.9554 2.6535 10.9838
xyz -22.7899 1.59165 11.369
xyz -22.891 1.50587 11.1726
xyz -23.4881 1.68508 9.9756
xyz -22.9554 2.6535 10.9838
xyz -21.8681 3.73864 10.6726
xyz -21.6713 3.84114 10.6494
xyz -20.3394 4.33968 9.75959
End loop
Boundary info init_edge IE_A_B [total exposed]: 11.699381 11.699381
Start boundary loop loop_id 3  init_edge IE_A_B
xyz -19.7172 6.948 8.08318
xyz -19.7554 7.06639 8.04835
xyz -20.7324 7.23151 7.84862
xyz -20.0571 6.49279 8.13739
End loop
Boundary info init_edge IE_A_B [total exposed]: 2.752318 2.752318
Start boundary loop loop_id 4  init_edge IE_A_B
xyz -23.6449 6.52812 17.6449
xyz -23.6455 6.54821 17.697
xyz -23.6693 6.53703 17.6752
End loop
Boundary info init_edge IE_A_B [total exposed]: 0.130011 0.130011
Start boundary loop loop_id 5  init_edge IE_A_B
xyz -18.8528 9.16399 18.7875
xyz -17.9705 9.06276 18.3147
xyz -18.2601 8.86416 18.378
xyz -19.1148 8.80937 18.7753
End loop
Boundary info init_edge IE_A_B [total exposed]: 2.748145 2.748145
Start boundary loop loop_id 6  init_edge IE_A_B
xyz -23.0573 -1.03173 0.351701
xyz -23.128 -0.593944 0.0361383
xyz -23.9167 -0.000906608 -3.82959
xyz -23.9663 -0.493449 -4.11446
xyz -26.8782 -3.8305 -7.86405
xyz -25.7614 -6.16695 -3.75888
xyz -24.2436 -6.0145 -0.634158
xyz -22.9394 -4.04823 0.697379
xyz -22.9236 -3.75695 0.798739
End loop
Boundary info init_edge IE_A_B [total exposed]: 25.022008 25.022008
Start boundary loop loop_id 7  init_edge IE_A_B
xyz -20.7838 15.0072 32.644
xyz -20.9111 14.6331 31.5353
xyz -20.9125 14.5492 31.2411
xyz -20.5612 14.3308 29.8766
xyz -20.9125 12.259 28.7658
xyz -20.8637 12.1249 28.6637
xyz -20.8266 12.0958 28.5163
xyz -19.968 12.1994 27.1291
xyz -16.3226 13.8092 24.2837
xyz -14.4961 15.3162 24.6807
xyz -14.302 15.3294 24.8111
xyz -13.9303 15.3966 26.2121
xyz -12.6184 16.9133 27.2102
xyz -12.1034 17.7588 28.003
xyz -12.3168 18.4597 29.36
xyz -12.5834 18.5145 29.7392
xyz -15.3142 17.846 31.6512
xyz -15.831 17.2865 32.3588
xyz -15.8788 17.2828 32.4261
xyz -19.5841 15.9275 33.8773
xyz -19.7852 15.8357 33.8912
End loop
Boundary info init_edge IE_A_B [total exposed]: 32.497928 32.497928
Start boundary loop loop_id 8  init_edge IE_A_B
xyz -16.222 16.1565 33.9074
xyz -15.8788 17.2828 32.4261
xyz -15.409 18.4469 31.8092
xyz -15.0047 19.3579 31.6184
xyz -14.919 19.366 31.5007
xyz -13.3173 19.819 31.3757
xyz -10.0779 22.2895 31.003
xyz -9.94346 22.6068 31.5566
xyz -10.3678 22.9218 33.2974
xyz -10.5671 22.8537 33.5426
xyz -10.6818 22.7886 33.615
xyz -10.6821 22.9515 33.6465
xyz -10.7453 23.0393 33.6915
xyz -11.8397 24.2241 34.8883
xyz -12.0193 26.6727 35.924
xyz -12.6468 25.5041 38.7821
xyz -13.1067 23.1298 40.7582
xyz -13.5084 22.7473 40.8289
xyz -13.5512 22.7546 40.7894
xyz -13.4759 22.361 40.6626
xyz -13.4483 22.1024 40.5481
xyz -13.3767 21.9449 40.4485
xyz -13.0476 20.1463 40.0111
xyz -12.9682 19.9896 39.9531
xyz -12.7335 19.3959 39.6118
xyz -12.8509 19.1311 39.054
xyz -12.9247 18.9485 38.869
xyz -13.1312 18.3838 38.9019
xyz -13.1445 18.2276 40.1281
xyz -13.3398 18.0962 40.3891
xyz -14.9732 17.1033 41.6997
xyz -15.4227 16.9867 42.0764
xyz -15.7778 16.9573 41.9117
xyz -18.4959 16.8779 39.5702
xyz -19.1103 16.8803 39.5448
xyz -19.1145 16.8828 39.5383
xyz -19.1226 16.8767 39.5409
xyz -20.5072 15.1367 37.8558
xyz -18.2633 16.13 34.9357
xyz -16.5315 16.0835 33.9745
End loop
Boundary info init_edge IE_A_B [total exposed]: 48.227208 48.227208
Start boundary loop loop_id 9  init_edge IE_A_B
xyz -15.4227 16.9867 42.0764
xyz -13.5941 20.032 40.8066
xyz -13.5836 20.1171 40.8484
xyz -14.4395 22.8465 44.4587
xyz -15.0911 22.2351 45.2552
xyz -15.4445 21.4399 45.3505
xyz -17.3504 16.1965 45.1717
xyz -17.3954 15.7944 44.9656
xyz -15.4767 16.9389 42.1445
End loop
Boundary info init_edge IE_A_B [total exposed]: 20.279912 20.279912
Voronoi Facets of interface MI_AWi_BWi
FBeg
 2852   CA PHE A 385 11808    O HOH A 906 unk
-25.678 7.902 6.403 -25.095 6.663 3.142  4.09
-25.562740 5.771413 4.877694 
-24.041584 5.995319 5.064574 
-23.835359 6.122197 5.053236 
-26.258983 8.261320 3.807193 
-26.801833 7.817045 3.878943 
-26.272679 6.019374 4.656560 
-26.091881 5.894097 4.736482 
FEnd
FBeg
 2848    O SER A 384 11808    O HOH A 906 hbw
-26.360 5.231 6.638 -25.095 6.663 3.142  0.22
-26.091881 5.894097 4.736482 
-25.234323 5.093842 4.718989 
-25.134260 5.118542 4.765313 
-25.562740 5.771413 4.877694 
FEnd
FBeg
 2693   CB SER A 364 11808    O HOH A 906 unk
-24.573 2.412 4.281 -25.095 6.663 3.142  9.80
-25.234323 5.093842 4.718989 
-25.534246 4.723133 3.472874 
-25.532894 4.616980 3.076067 
-23.185776 4.076346 -0.017377 
-22.872993 4.112675 -0.025135 
-22.750645 4.366405 0.865771 
-22.684223 4.739928 2.229399 
-22.958584 5.357737 4.660937 
-23.875888 5.315190 4.922542 
-25.134260 5.118542 4.765313 
FEnd
FBeg
 2849   CB SER A 384 11808    O HOH A 906 unk
-23.675 4.055 7.697 -25.095 6.663 3.142  0.41
-22.958584 5.357737 4.660937 
-22.967624 5.808180 4.921660 
-23.315269 5.865002 5.062570 
-23.466696 5.794493 5.069407 
-23.875888 5.315190 4.922542 
FEnd
FBeg
 8410   CB SER B 362 11808    O HOH A 906 unk
-19.854 6.385 3.804 -25.095 6.663 3.142  2.29
-22.684223 4.739928 2.229399 
-22.582432 4.761460 1.432572 
-22.774723 6.073034 3.505707 
-22.905010 6.077394 4.539008 
-22.967624 5.808180 4.921660 
-22.958584 5.357737 4.660937 
FEnd
FBeg
 2866   CB SER A 386 11808    O HOH A 906 unk
-21.982 8.917 3.525 -25.095 6.663 3.142  1.14
-22.774723 6.073034 3.505707 
-23.990648 7.848127 2.942033 
-22.905010 6.077394 4.539008 
FEnd
FBeg
 2867   OG SER A 386 11808    O HOH A 906 hbw
-22.493 8.211 2.404 -25.095 6.663 3.142  13.56
-22.582432 4.761460 1.432572 
-22.591017 4.727414 1.330890 
-22.783891 4.331940 -0.178664 
-23.173284 4.668762 -0.845061 
-23.802008 5.605886 -1.096108 
-24.662262 8.042205 0.981183 
-24.440824 8.374940 2.459848 
-24.223933 8.134203 2.719591 
-23.990648 7.848127 2.942033 
-22.774723 6.073034 3.505707 
FEnd
FBeg
 2863   CA SER A 386 11808    O HOH A 906 unk
-23.092 9.662 4.249 -25.095 6.663 3.142  0.04
-24.440824 8.374940 2.459848 
-24.589457 8.439550 2.553746 
-24.223933 8.134203 2.719591 
FEnd
FBeg
 2865    O SER A 386 11808    O HOH A 906 hbw
-24.127 10.285 2.182 -25.095 6.663 3.142  1.92
-24.662262 8.042205 0.981183 
-26.387057 8.926905 2.579914 
-26.133224 8.935443 2.868076 
-24.589457 8.439550 2.553746 
-24.440824 8.374940 2.459848 
FEnd
FBeg
 2723   NZ LYS A 367 11808    O HOH A 906 hbw
-27.038 8.748 -0.108 -25.095 6.663 3.142  6.77
-23.802008 5.605886 -1.096108 
-26.956446 7.233291 1.833803 
-26.770360 8.623289 2.614289 
-26.387057 8.926905 2.579914 
-24.662262 8.042205 0.981183 
FEnd
FBeg
 2702  CD2 PHE A 365 11808    O HOH A 906 unk
-29.610 7.624 2.507 -25.095 6.663 3.142  1.24
-26.956446 7.233291 1.833803 
-27.091151 6.976709 2.403273 
-27.105847 6.963930 2.488430 
-27.003208 8.005530 3.334987 
-26.770360 8.623289 2.614289 
FEnd
FBeg
 2697    C PHE A 365 11808    O HOH A 906 unk
-28.338 4.695 2.287 -25.095 6.663 3.142  0.17
-27.091151 6.976709 2.403273 
-26.565677 5.767367 3.193769 
-26.753163 6.087614 3.167770 
-27.105847 6.963930 2.488430 
FEnd
FBeg
 2696   CA PHE A 365 11808    O HOH A 906 unk
-28.619 4.653 3.796 -25.095 6.663 3.142  0.33
-26.565677 5.767367 3.193769 
-26.310819 5.364048 3.327486 
-26.460683 5.835396 3.968597 
-26.753163 6.087614 3.167770 
FEnd
FBeg
 2698    O PHE A 365 11808    O HOH A 906 hbw
-27.205 4.901 1.849 -25.095 6.663 3.142  13.11
-25.532894 4.616980 3.076067 
-25.704049 4.735107 3.194393 
-26.310819 5.364048 3.327486 
-26.565677 5.767367 3.193769 
-27.091151 6.976709 2.403273 
-26.956446 7.233291 1.833803 
-23.802008 5.605886 -1.096108 
-23.173284 4.668762 -0.845061 
-23.087420 4.081353 -0.184704 
-23.185776 4.076346 -0.017377 
FEnd
FBeg
 2691    C SER A 364 11808    O HOH A 906 unk
-27.027 2.848 4.156 -25.095 6.663 3.142  0.04
-25.534246 4.723133 3.472874 
-25.704049 4.735107 3.194393 
-25.532894 4.616980 3.076067 
FEnd
FBeg
 2695    N PHE A 365 11808    O HOH A 906 hbw
-27.526 4.028 4.511 -25.095 6.663 3.142  2.03
-26.272679 6.019374 4.656560 
-26.460683 5.835396 3.968597 
-26.310819 5.364048 3.327486 
-25.704049 4.735107 3.194393 
-25.534246 4.723133 3.472874 
-25.234323 5.093842 4.718989 
-26.091881 5.894097 4.736482 
FEnd
FBeg
 2699   CB PHE A 365 11808    O HOH A 906 unk
-28.889 6.064 4.339 -25.095 6.663 3.142  2.90
-26.801833 7.817045 3.878943 
-27.003208 8.005530 3.334987 
-27.105847 6.963930 2.488430 
-26.753163 6.087614 3.167770 
-26.460683 5.835396 3.968597 
-26.272679 6.019374 4.656560 
FEnd
FBeg
 2858  CD2 PHE A 385 11808    O HOH A 906 unk
-27.536 9.977 5.194 -25.095 6.663 3.142  1.18
-26.258983 8.261320 3.807193 
-26.133224 8.935443 2.868076 
-26.387057 8.926905 2.579914 
-26.770360 8.623289 2.614289 
-27.003208 8.005530 3.334987 
-26.801833 7.817045 3.878943 
FEnd
FBeg
 2862    N SER A 386 11808    O HOH A 906 hbw
-24.098 8.738 4.765 -25.095 6.663 3.142  6.94
-23.835359 6.122197 5.053236 
-23.315269 5.865002 5.062570 
-22.967624 5.808180 4.921660 
-22.905010 6.077394 4.539008 
-23.990648 7.848127 2.942033 
-24.223933 8.134203 2.719591 
-24.589457 8.439550 2.553746 
-26.133224 8.935443 2.868076 
-26.258983 8.261320 3.807193 
FEnd
FBeg
 2851    N PHE A 385 11808    O HOH A 906 hbw
-25.035 6.934 7.266 -25.095 6.663 3.142  0.10
-24.041584 5.995319 5.064574 
-23.466696 5.794493 5.069407 
-23.315269 5.865002 5.062570 
-23.835359 6.122197 5.053236 
FEnd
FBeg
 2847    C SER A 384 11808    O HOH A 906 unk
-25.470 5.691 7.359 -25.095 6.663 3.142  1.20
-25.562740 5.771413 4.877694 
-25.134260 5.118542 4.765313 
-23.875888 5.315190 4.922542 
-23.466696 5.794493 5.069407 
-24.041584 5.995319 5.064574 
FEnd

+-+CCS_record::Boundary loops before union-find
Start boundary loop loop_id 10  init_edge IE_A_Wi
xyz -23.1858 4.07635 -0.0173768
xyz -22.873 4.11267 -0.0251353
xyz -22.7506 4.36641 0.865771
xyz -22.6842 4.73993 2.2294
xyz -22.5824 4.76146 1.43257
xyz -22.591 4.72741 1.33089
xyz -22.7839 4.33194 -0.178664
xyz -23.1733 4.66876 -0.845061
xyz -23.0874 4.08135 -0.184704
End loop
Boundary info init_edge IE_A_Wi [total exposed]: 7.072562 7.072562
+-+Surf_areas::Interface areas<Areas altogether before UFind>: IE_A_B: 800.35 IE_A_Wi: 33.59 IE_B_Wi: 1.14 
+-+Surf_areas::Chem Interface areas<Areas altogether before UFind>: ali: 202.89 aro: 14.74 hbd: 233.92 hbw: 22.32 hbdp: 0.00 elu: 15.16 elf: 13.74 hbwp: 0.00 ssb: 0.00 unk: 332.31 
+++UnionFindAlgo::processing merged ccs...

+-+MCC_record::Boundary nets of merged cc after union-find
Start boundary net with  2 loops
Start boundary loop loop_id 0
Start boundary loop auf loop_id 0  init_edge IE_A_B
xyz -26.3828 2.6087 17.1862
xyz -26.4123 2.69497 17.2824
xyz -26.4503 4.37141 18.6383
xyz -26.6123 4.15718 19.0545
xyz -26.8275 3.71167 20.2659
xyz -26.7868 3.7125 20.3779
xyz -25.5666 4.24493 21.664
xyz -25.2304 4.46017 21.7381
xyz -22.9004 6.84318 22.1917
xyz -22.5011 7.42273 19.8486
xyz -21.9495 7.32241 19.7808
xyz -21.0696 6.87788 20.6733
xyz -21.7097 6.57742 22.2184
xyz -21.5601 6.93405 22.6544
xyz -22.4247 6.85071 23.4342
xyz -22.6949 8.13623 24.0358
xyz -22.6961 8.18151 24.2474
xyz -22.4753 8.69073 25.691
xyz -21.9549 9.33097 26.5349
xyz -20.5766 10.7115 27.3294
xyz -19.6603 11.4732 27.1445
xyz -16.3326 13.7646 24.3034
xyz -16.2413 13.7456 23.8515
xyz -16.11 14.3044 23.5721
xyz -16.2074 14.3806 23.3199
xyz -15.2881 14.8641 21.924
xyz -15.2877 14.8639 21.9222
xyz -16.1047 12.5202 17.7101
xyz -16.7586 11.8046 17.6443
xyz -16.4624 10.1059 17.4978
xyz -16.2412 10.0716 17.496
xyz -15.8887 9.74984 17.0397
xyz -14.8173 11.4738 16.8403
xyz -13.4595 11.9634 13.0732
xyz -13.2459 11.7278 11.8324
xyz -13.3056 11.5214 11.6147
xyz -13.8109 10.6093 11.5036
xyz -13.9372 10.4094 11.5341
xyz -14.0857 9.99134 11.6331
xyz -14.7286 10.046 10.3073
xyz -15.2253 9.91996 9.70962
xyz -15.7087 9.53858 9.78412
xyz -16.8908 8.78085 9.91219
xyz -17.4804 8.84061 9.8406
xyz -17.4915 8.86932 9.83072
xyz -16.1429 10.1928 9.54257
xyz -15.2708 11.1314 8.90868
xyz -15.9953 11.2945 4.33433
xyz -16.4716 11.7367 3.95512
xyz -18.2575 12.092 3.14197
xyz -18.9269 11.9442 2.96853
xyz -18.9543 12.1299 2.73775
xyz -19.5119 10.9595 1.37893
xyz -20.5234 11.7254 -0.0872076
xyz -20.9659 10.8166 -0.306267
xyz -21.7903 10.0097 -1.77645
xyz -22.2922 6.23959 -2.01333
xyz -22.1873 5.70761 -1.69893
xyz -22.1327 5.59681 -1.56851
xyz -22.2563 5.28821 -1.3533
xyz -22.4683 4.56432 -0.381818
xyz -21.9578 5.17341 0.792427
xyz -22.562 4.7615 1.39407
xyz -22.5824 4.76146 1.43257
xyz -22.7747 6.07303 3.50571
xyz -22.905 6.07739 4.53901
xyz -22.9676 5.80818 4.92166
xyz -22.9586 5.35774 4.66094
xyz -22.6842 4.73993 2.2294
xyz -22.7506 4.36641 0.865771
xyz -22.566 3.58875 0.592807
xyz -22.2774 3.03306 0.613781
xyz -21.7413 1.6983 2.59887
xyz -21.9818 0.413204 0.795194
xyz -22.0355 0.184007 0.769319
xyz -22.71 -0.659988 0.336033
xyz -23.0573 -1.03173 0.351701
xyz -23.7455 -1.59439 1.04379
xyz -24.745 -2.18625 2.90561
xyz -24.8556 -2.07528 3.78241
xyz -24.8477 -2.0939 3.84588
xyz -24.0036 -1.18401 5.26026
xyz -23.8953 -2.43596 5.75844
xyz -23.7156 -2.06823 6.36517
xyz -23.518 -1.1078 6.98222
xyz -23.141 -2.48152 7.08085
xyz -22.5072 -3.56309 7.38809
xyz -22.5721 -4.48566 6.56058
xyz -23.2942 -6.24602 5.93725
xyz -24.0811 -6.99658 6.43668
xyz -25.1835 -7.41832 7.77196
xyz -24.9618 -8.76195 8.39876
xyz -24.1159 -8.75193 10.744
xyz -23.8083 -8.45051 11.5943
xyz -23.8355 -7.31296 14.3391
xyz -23.8876 -6.80619 14.8185
xyz -23.8908 -6.78308 14.8249
xyz -24.0392 -5.86345 14.6949
xyz -24.9105 -5.59049 15.4109
xyz -26.1585 -4.4924 15.6411
xyz -26.7163 -3.38316 16.1422
xyz -25.4002 -1.00414 18.1769
xyz -24.547 -0.145053 17.2929
xyz -23.7002 0.96671 16.364
xyz -23.3392 1.33849 15.8404
xyz -23.831 2.22437 15.4418
xyz -24.5932 2.53526 15.6722
xyz -24.7266 2.5144 15.7726
xyz -26.3503 2.43876 17.0793
End loop. Loop info [total exposed]: 143.587 135.153
Start boundary loop loop_id 10
Start boundary loop auf loop_id 10  init_edge IE_A_Wi
xyz -23.1858 4.07635 -0.0173768
xyz -22.873 4.11267 -0.0251353
xyz -22.7506 4.36641 0.865771
xyz -22.6842 4.73993 2.2294
xyz -22.5824 4.76146 1.43257
xyz -22.591 4.72741 1.33089
xyz -22.7839 4.33194 -0.178664
xyz -23.1733 4.66876 -0.845061
xyz -23.0874 4.08135 -0.184704
End loop. Loop info [total exposed]: 7.07256 5.65714
End net. Net info [total exposed]: 150.66 140.81
Start boundary net with  1 loops
Start boundary loop loop_id 1
Start boundary loop auf loop_id 1  init_edge IE_A_B
xyz -23.6245 0.751681 7.89541
xyz -23.5221 0.756068 7.60612
xyz -23.469 0.349299 7.54719
xyz -23.3697 -0.116904 7.19743
xyz -23.0608 -0.300923 7.3867
xyz -23.469 0.349299 7.54719
End loop. Loop info [total exposed]: 3.05756 3.05756
End net. Net info [total exposed]: 3.05756 3.05756
Start boundary net with  1 loops
Start boundary loop loop_id 2
Start boundary loop auf loop_id 2  init_edge IE_A_B
xyz -20.5037 4.65272 9.93146
xyz -21.2503 4.48754 10.4492
xyz -21.6872 3.89875 10.6706
xyz -21.9062 3.80206 10.7016
xyz -22.3261 3.66433 10.8716
xyz -22.966 2.67338 10.9922
xyz -22.9554 2.6535 10.9838
xyz -22.7899 1.59165 11.369
xyz -22.891 1.50587 11.1726
xyz -23.4881 1.68508 9.9756
xyz -22.9554 2.6535 10.9838
xyz -21.8681 3.73864 10.6726
xyz -21.6713 3.84114 10.6494
xyz -20.3394 4.33968 9.75959
End loop. Loop info [total exposed]: 11.6994 11.6994
End net. Net info [total exposed]: 11.6994 11.6994
Start boundary net with  1 loops
Start boundary loop loop_id 3
Start boundary loop auf loop_id 3  init_edge IE_A_B
xyz -19.7172 6.948 8.08318
xyz -19.7554 7.06639 8.04835
xyz -20.7324 7.23151 7.84862
xyz -20.0571 6.49279 8.13739
End loop. Loop info [total exposed]: 2.75232 2.75232
End net. Net info [total exposed]: 2.75232 2.75232
Start boundary net with  1 loops
Start boundary loop loop_id 4
Start boundary loop auf loop_id 4  init_edge IE_A_B
xyz -23.6449 6.52812 17.6449
xyz -23.6455 6.54821 17.697
xyz -23.6693 6.53703 17.6752
End loop. Loop info [total exposed]: 0.130011 0.130011
End net. Net info [total exposed]: 0.130011 0.130011
Start boundary net with  1 loops
Start boundary loop loop_id 5
Start boundary loop auf loop_id 5  init_edge IE_A_B
xyz -18.8528 9.16399 18.7875
xyz -17.9705 9.06276 18.3147
xyz -18.2601 8.86416 18.378
xyz -19.1148 8.80937 18.7753
End loop. Loop info [total exposed]: 2.74815 2.74815
End net. Net info [total exposed]: 2.74815 2.74815
+-+Surf_areas::Interface areas<for merged connected component>: IE_A_B: 528.51 IE_A_Wi: 33.59 IE_B_Wi: 1.14 
+-+Surf_areas::Chem Interface areas<for merged connected component>: ali: 176.89 aro: 3.53 hbd: 129.94 hbw: 22.32 hbdp: 0.00 elu: 0.00 elf: 0.00 hbwp: 0.00 ssb: 0.00 unk: 230.55 
+-+MCC_record::dump_stats::Nb loops_before - nets_after uf merge: 7 6

+-+MCC_record::Boundary nets of merged cc after union-find
Start boundary net with  1 loops
Start boundary loop loop_id 6
Start boundary loop auf loop_id 6  init_edge IE_A_B
xyz -23.0573 -1.03173 0.351701
xyz -23.128 -0.593944 0.0361383
xyz -23.9167 -0.000906608 -3.82959
xyz -23.9663 -0.493449 -4.11446
xyz -26.8782 -3.8305 -7.86405
xyz -25.7614 -6.16695 -3.75888
xyz -24.2436 -6.0145 -0.634158
xyz -22.9394 -4.04823 0.697379
xyz -22.9236 -3.75695 0.798739
End loop. Loop info [total exposed]: 25.022 25.022
End net. Net info [total exposed]: 25.022 25.022
+-+Surf_areas::Interface areas<for merged connected component>: IE_A_B: 40.45 
+-+Surf_areas::Chem Interface areas<for merged connected component>: ali: 0.00 aro: 0.00 hbd: 31.50 hbw: 0.00 hbdp: 0.00 elu: 0.00 elf: 0.00 hbwp: 0.00 ssb: 0.00 unk: 8.95 
+-+MCC_record::dump_stats::Nb loops_before - nets_after uf merge: 1 1

+-+MCC_record::Boundary nets of merged cc after union-find
Start boundary net with  1 loops
Start boundary loop loop_id 7
Start boundary loop auf loop_id 7  init_edge IE_A_B
xyz -20.7838 15.0072 32.644
xyz -20.9111 14.6331 31.5353
xyz -20.9125 14.5492 31.2411
xyz -20.5612 14.3308 29.8766
xyz -20.9125 12.259 28.7658
xyz -20.8637 12.1249 28.6637
xyz -20.8266 12.0958 28.5163
xyz -19.968 12.1994 27.1291
xyz -16.3226 13.8092 24.2837
xyz -14.4961 15.3162 24.6807
xyz -14.302 15.3294 24.8111
xyz -13.9303 15.3966 26.2121
xyz -12.6184 16.9133 27.2102
xyz -12.1034 17.7588 28.003
xyz -12.3168 18.4597 29.36
xyz -12.5834 18.5145 29.7392
xyz -15.3142 17.846 31.6512
xyz -15.831 17.2865 32.3588
xyz -15.8788 17.2828 32.4261
xyz -19.5841 15.9275 33.8773
xyz -19.7852 15.8357 33.8912
End loop. Loop info [total exposed]: 32.4979 32.4979
End net. Net info [total exposed]: 32.4979 32.4979
+-+Surf_areas::Interface areas<for merged connected component>: IE_A_B: 70.07 
+-+Surf_areas::Chem Interface areas<for merged connected component>: ali: 1.04 aro: 3.31 hbd: 26.41 hbw: 0.00 hbdp: 0.00 elu: 0.00 elf: 0.00 hbwp: 0.00 ssb: 0.00 unk: 39.31 
+-+MCC_record::dump_stats::Nb loops_before - nets_after uf merge: 1 1

+-+MCC_record::Boundary nets of merged cc after union-find
Start boundary net with  1 loops
Start boundary loop loop_id 8
Start boundary loop auf loop_id 8  init_edge IE_A_B
xyz -16.222 16.1565 33.9074
xyz -15.8788 17.2828 32.4261
xyz -15.409 18.4469 31.8092
xyz -15.0047 19.3579 31.6184
xyz -14.919 19.366 31.5007
xyz -13.3173 19.819 31.3757
xyz -10.0779 22.2895 31.003
xyz -9.94346 22.6068 31.5566
xyz -10.3678 22.9218 33.2974
xyz -10.5671 22.8537 33.5426
xyz -10.6818 22.7886 33.615
xyz -10.6821 22.9515 33.6465
xyz -10.7453 23.0393 33.6915
xyz -11.8397 24.2241 34.8883
xyz -12.0193 26.6727 35.924
xyz -12.6468 25.5041 38.7821
xyz -13.1067 23.1298 40.7582
xyz -13.5084 22.7473 40.8289
xyz -13.5512 22.7546 40.7894
xyz -13.4759 22.361 40.6626
xyz -13.4483 22.1024 40.5481
xyz -13.3767 21.9449 40.4485
xyz -13.0476 20.1463 40.0111
xyz -12.9682 19.9896 39.9531
xyz -12.7335 19.3959 39.6118
xyz -12.8509 19.1311 39.054
xyz -12.9247 18.9485 38.869
xyz -13.1312 18.3838 38.9019
xyz -13.1445 18.2276 40.1281
xyz -13.3398 18.0962 40.3891
xyz -14.9732 17.1033 41.6997
xyz -15.4227 16.9867 42.0764
xyz -15.7778 16.9573 41.9117
xyz -18.4959 16.8779 39.5702
xyz -19.1103 16.8803 39.5448
xyz -19.1145 16.8828 39.5383
xyz -19.1226 16.8767 39.5409
xyz -20.5072 15.1367 37.8558
xyz -18.2633 16.13 34.9357
xyz -16.5315 16.0835 33.9745
End loop. Loop info [total exposed]: 48.2272 48.2272
End net. Net info [total exposed]: 48.2272 48.2272
+-+Surf_areas::Interface areas<for merged connected component>: IE_A_B: 136.36 
+-+Surf_areas::Chem Interface areas<for merged connected component>: ali: 0.00 aro: 7.90 hbd: 46.07 hbw: 0.00 hbdp: 0.00 elu: 15.16 elf: 13.74 hbwp: 0.00 ssb: 0.00 unk: 53.50 
+-+MCC_record::dump_stats::Nb loops_before - nets_after uf merge: 1 1

+-+MCC_record::Boundary nets of merged cc after union-find
Start boundary net with  1 loops
Start boundary loop loop_id 9
Start boundary loop auf loop_id 9  init_edge IE_A_B
xyz -15.4227 16.9867 42.0764
xyz -13.5941 20.032 40.8066
xyz -13.5836 20.1171 40.8484
xyz -14.4395 22.8465 44.4587
xyz -15.0911 22.2351 45.2552
xyz -15.4445 21.4399 45.3505
xyz -17.3504 16.1965 45.1717
xyz -17.3954 15.7944 44.9656
xyz -15.4767 16.9389 42.1445
End loop. Loop info [total exposed]: 20.2799 20.2799
End net. Net info [total exposed]: 20.2799 20.2799
+-+Surf_areas::Interface areas<for merged connected component>: IE_A_B: 24.96 
+-+Surf_areas::Chem Interface areas<for merged connected component>: ali: 24.96 aro: 0.00 hbd: 0.00 hbw: 0.00 hbdp: 0.00 elu: 0.00 elf: 0.00 hbwp: 0.00 ssb: 0.00 unk: 0.00 
+-+MCC_record::dump_stats::Nb loops_before - nets_after uf merge: 1 1
