Begin VSO per interface edge
9 2037  1
102 2418  2
103 2418  2
106 2416  1
106 2418  2
108 2416  2
108 2418  3
108 2420  3
110 2420  3
111 2416  1
111 2418  2
111 2419  1
111 2420  2
129 2409  1
129 2418  2
129 2420  2
130 2409  2
130 2420  3
131 2409  1
132 2420  3
133 2409  3
133 2419  2
133 2420  3
138 2152  1
138 2376  2
138 2377  2
138 2378  1
138 2379  1
138 2409  2
138 2419  1
138 2420  2
139 2419  1
139 2420  2
152 2662  3
153 2345  2
153 2662  4
154 2662  4
155 2343  2
155 2345  1
155 2379  2
155 2662  3
156 2409  2
157 2336  3
157 2343  3
157 2345  2
157 2365  4
157 2366  4
157 2367  4
157 2375  3
157 2376  3
157 2379  2
157 2406  3
157 2409  2
157 2419  2
157 2638  3
157 2662  3
158 2406  2
158 2408  1
158 2409  1
158 2638  2
158 2641  1
158 2659  2
158 2662  2
159 2345  2
160 2345  2
163 2345  1
163 2346  1
165 2344  2
165 2345  2
165 2346  1
167 2344  1
167 2346  1
184 2685  4
186 2662  3
187 2669  1
188 2641  1
188 2642  2
188 2643  2
188 2657  4
188 2659  2
188 2660  3
188 2662  2
188 2663  3
188 2664  3
188 2669  2
188 2685  3
189 2664  2
189 2669  1
190 2662  3
190 2685  4
191 2685  3
193 2685  2
193 2686  2
193 3637  1
194 2343  4
194 2345  3
194 2346  2
194 2685  4
195 2236  1
195 2238  2
195 2337  3
195 2338  3
195 2339  2
195 2340  3
195 2341  1
195 2342  2
195 2343  3
195 2344  2
195 2345  3
195 2346  2
195 2685  3
195 2686  2
195 3637  1
196 2337  4
196 2338  4
196 2340  4
196 2343  3
196 2345  2
196 2660  4
196 2661  4
196 2662  3
196 2685  4
212 2682  1
212 3637  2
213 2682  1
213 2701  1
213 2702  2
213 3623  1
214 2682  2
214 2683  2
214 2685  3
214 2686  3
214 3637  2
215 2664  3
215 2669  2
215 2683  3
215 2685  4
216 2664  2
216 2668  1
216 2669  2
217 2664  3
217 2665  3
217 2666  3
217 2668  2
217 2681  3
217 2682  2
217 2683  3
217 2687  3
217 2688  2
217 2691  2
217 2692  2
217 2701  2
217 3623  1
217 3624  1
218 3637  2
219 2701  1
219 3637  1
220 2701  2
220 2702  2
221 2701  1
221 2702  1
224 2702  2
225 2701  1
225 2702  1
230 2702  1
233 2702  1
379 2407  2
379 2409  2
379 2418  1
380 2408  1
380 2409  1
380 2593  1
380 2613  1
381 2407  1
381 2408  1
381 2409  2
381 2418  1
381 2593  1
381 2613  1
414 2593  1
415 2568  2
415 2570  2
415 2573  1
415 2592  2
415 2593  1
415 2595  1
416 2593  1
416 2594  1
418 2573  2
421 2573  2
421 2574  2
422 2573  1
422 2574  1
440 2544  2
441 2547  3
442 2544  1
442 2545  1
442 2547  2
443 2542  3
443 2544  2
443 2563  3
443 2565  3
443 2567  4
443 2571  4
443 2573  3
445 2542  4
445 2561  3
445 2565  3
445 2567  4
445 2568  3
445 2571  3
445 2573  2
445 2592  3
445 2593  2
445 2594  2
446 2471  2
446 2472  1
446 2473  1
446 2544  2
446 2565  2
446 2566  1
446 2594  2
448 2545  2
448 2546  1
448 2547  2
449 2547  2
450 2547  1
452 2547  2
455 2573  2
455 2574  1
456 2547  3
456 2574  2
457 2547  2
457 2573  3
457 2574  2
458 2547  2
458 2574  1
459 2541  3
459 2542  3
459 2544  2
459 2547  2
459 2549  3
459 2571  4
459 2572  4
459 2573  4
459 2574  3
460 2547  1
460 2574  1
461 2541  3
461 2543  2
461 2544  3
461 2545  2
461 2547  2
461 2549  2
461 2571  3
461 2574  2
462 2541  2
462 2543  1
462 2544  2
462 2545  1
462 2547  2
462 2548  1
462 2549  1
462 2574  2
2236 3637  2
2237 3637  1
2238 3637  2
2242 3637  1
2248 3637  1
2252 3637  1
2253 3637  1
2668 3624  2
2682 3623  2
2683 3637  1
2685 3637  2
2686 3637  2
2688 3623  2
2688 3624  2
2691 3624  2
2692 3624  2
2693 3623  2
2693 3624  1
2694 3623  3
2695 3623  3
2698 3623  2
2699 3623  2
2701 3623  1
2703 3623  2
2709 3623  1
2732 3624  2
2735 3624  1
2777 3624  2
2780 3624  1
End VSO per interface edge

Voronoi Facets of interface MI_AB
FBeg
  442    O LEU A  62  2545   CD GLN B 105 unk
9.015 -10.797 -15.584 9.995 -13.338 -16.935  4.91
8.135761 -13.372160 -14.004810 
9.472026 -12.463689 -14.744176 
9.653316 -11.506602 -16.412789 
6.400760 -13.364190 -15.278349 
FEnd
FBeg
  442    O LEU A  62  2544   CG GLN B 105 unk
9.015 -10.797 -15.584 9.236 -12.715 -18.091  10.12
9.653316 -11.506602 -16.412789 
6.400760 -13.364190 -15.278349 
5.385758 -13.567527 -15.212261 
4.574752 -13.187635 -15.574392 
4.603167 -13.129169 -15.616617 
6.103611 -11.657386 -16.610347 
6.758795 -11.134773 -16.952420 
9.330650 -10.180236 -17.455979 
10.082555 -10.819852 -16.900353 
FEnd
FBeg
  459  CE1 TYR A  64  2544   CG GLN B 105 ali
11.647 -10.084 -18.325 9.236 -12.715 -18.091  5.82
9.330650 -10.180236 -17.455979 
10.082555 -10.819852 -16.900353 
11.301543 -12.045360 -18.119730 
10.579964 -11.518351 -19.628982 
9.571066 -10.579345 -19.466290 
8.749960 -9.780908 -18.949186 
FEnd
FBeg
  459  CE1 TYR A  64  2542    O GLN B 105 unk
11.647 -10.084 -18.325 8.941 -10.977 -21.243  1.61
9.571066 -10.579345 -19.466290 
8.749960 -9.780908 -18.949186 
8.848019 -9.340682 -19.174844 
10.752607 -10.152619 -20.692580 
10.748605 -10.236742 -20.663125 
FEnd
FBeg
  459  CE1 TYR A  64  2549   CA GLY B 106 ali
11.647 -10.084 -18.325 10.958 -11.650 -22.891  0.01
10.752607 -10.152619 -20.692580 
10.855611 -10.125837 -20.717309 
10.777564 -10.290429 -20.649082 
10.748605 -10.236742 -20.663125 
FEnd
FBeg
  461   CZ TYR A  64  2549   CA GLY B 106 ali
12.601 -10.834 -19.043 10.958 -11.650 -22.891  1.02
10.855611 -10.125837 -20.717309 
10.777564 -10.290429 -20.649082 
10.870096 -10.553819 -20.632737 
13.264626 -9.856243 -21.803068 
12.144621 -9.662553 -21.365927 
FEnd
FBeg
  461   CZ TYR A  64  2571   CB LEU B 109 ali
12.601 -10.834 -19.043 10.275 -7.616 -21.367  0.68
12.144621 -9.662553 -21.365927 
10.855611 -10.125837 -20.717309 
11.749010 -9.269103 -20.425174 
FEnd
FBeg
  461   CZ TYR A  64  2574  CD2 LEU B 109 ali
12.601 -10.834 -19.043 12.645 -7.043 -20.610  4.33
13.264626 -9.856243 -21.803068 
12.144621 -9.662553 -21.365927 
11.749010 -9.269103 -20.425174 
13.271604 -8.697396 -18.999305 
13.289866 -8.695888 -18.995143 
13.338946 -8.715516 -19.041252 
14.227180 -9.949144 -22.000792 
FEnd
FBeg
  462   OH TYR A  64  2574  CD2 LEU B 109 unk
12.303 -11.623 -20.123 12.645 -7.043 -20.610  0.20
14.227180 -9.949144 -22.000792 
13.264626 -9.856243 -21.803068 
14.756223 -10.044496 -22.526014 
FEnd
FBeg
  460  CE2 TYR A  64  2574  CD2 LEU B 109 ali
13.911 -10.848 -18.644 12.645 -7.043 -20.610  50.62
13.338946 -8.715516 -19.041252 
14.227180 -9.949144 -22.000792 
14.756223 -10.044496 -22.526014 
25.920273 -10.314459 -30.237558 
28.286870 -9.911736 -30.982090 
20.817268 -7.929461 -22.335563 
FEnd
FBeg
  458  CD2 TYR A  64  2574  CD2 LEU B 109 ali
14.314 -10.072 -17.544 12.645 -7.043 -20.610  14.75
13.289866 -8.695888 -18.995143 
13.338946 -8.715516 -19.041252 
20.817268 -7.929461 -22.335563 
17.569161 -5.955561 -18.617352 
15.253382 -6.963457 -18.352474 
13.293286 -8.688000 -18.989212 
FEnd
FBeg
  456   CG TYR A  64  2574  CD2 LEU B 109 ali
13.407 -9.304 -16.832 12.645 -7.043 -20.610  2.81
15.253382 -6.963457 -18.352474 
12.860998 -6.641831 -17.677463 
13.293286 -8.688000 -18.989212 
FEnd
FBeg
  455   CB TYR A  64  2574  CD2 LEU B 109 ali
13.859 -8.517 -15.605 12.645 -7.043 -20.610  4.42
17.569161 -5.955561 -18.617352 
17.388495 -5.452202 -18.425288 
16.695244 -5.298494 -18.211867 
15.327974 -5.606433 -17.970915 
12.776136 -6.506520 -17.617029 
12.758116 -6.530459 -17.619708 
12.860998 -6.641831 -17.677463 
15.253382 -6.963457 -18.352474 
FEnd
FBeg
  455   CB TYR A  64  2573  CD1 LEU B 109 ali
13.859 -8.517 -15.605 10.780 -5.732 -19.780  0.00
12.776136 -6.506520 -17.617029 
12.758116 -6.530459 -17.619708 
12.733475 -6.522660 -17.596333 
FEnd
FBeg
  421   CB SER A  59  2573  CD1 LEU B 109 ali
12.497 -4.540 -15.311 10.780 -5.732 -19.780  2.16
12.733475 -6.522660 -17.596333 
12.776136 -6.506520 -17.617029 
13.302722 -5.451099 -18.100853 
11.463425 -4.552616 -17.633840 
12.053080 -6.570506 -17.322162 
FEnd
FBeg
  418   CA SER A  59  2573  CD1 LEU B 109 ali
11.037 -4.943 -15.158 10.780 -5.732 -19.780  5.05
11.463425 -4.552616 -17.633840 
10.687847 -3.669016 -17.741550 
9.559394 -5.616950 -17.346281 
9.799965 -6.364767 -17.232001 
10.465524 -7.018830 -17.157357 
12.053080 -6.570506 -17.322162 
FEnd
FBeg
  443   CB LEU A  62  2573  CD1 LEU B 109 ali
7.916 -8.259 -16.386 10.780 -5.732 -19.780  1.37
9.799965 -6.364767 -17.232001 
9.499581 -7.984087 -18.691141 
9.741560 -8.129655 -18.595332 
9.996815 -7.966070 -18.258140 
10.465524 -7.018830 -17.157357 
FEnd
FBeg
  459  CE1 TYR A  64  2573  CD1 LEU B 109 ali
11.647 -10.084 -18.325 10.780 -5.732 -19.780  0.59
9.741560 -8.129655 -18.595332 
11.005946 -8.045629 -19.097423 
11.048141 -8.033857 -19.087356 
11.279406 -7.890013 -18.794912 
9.996815 -7.966070 -18.258140 
FEnd
FBeg
  459  CE1 TYR A  64  2572   CG LEU B 109 ali
11.647 -10.084 -18.325 11.278 -6.513 -20.954  0.00
11.005946 -8.045629 -19.097423 
11.048141 -8.033857 -19.087356 
11.046485 -8.068653 -19.134386 
FEnd
FBeg
  443   CB LEU A  62  2571   CB LEU B 109 ali
7.916 -8.259 -16.386 10.275 -7.616 -21.367  0.61
9.499581 -7.984087 -18.691141 
9.741560 -8.129655 -18.595332 
8.848019 -9.340682 -19.174844 
8.424975 -9.179397 -19.354378 
8.424657 -9.178332 -19.354391 
FEnd
FBeg
  445  CD1 LEU A  62  2571   CB LEU B 109 ali
7.125 -6.639 -18.021 10.275 -7.616 -21.367  1.26
8.424657 -9.178332 -19.354391 
9.499581 -7.984087 -18.691141 
8.928434 -7.180388 -19.463504 
8.377712 -8.881460 -19.485269 
FEnd
FBeg
  445  CD1 LEU A  62  2567    N LEU B 109 unk
7.125 -6.639 -18.021 8.009 -8.301 -22.108  1.30
8.377712 -8.881460 -19.485269 
8.424657 -9.178332 -19.354391 
8.416718 -9.182309 -19.354491 
7.656289 -9.463373 -19.404672 
6.862540 -7.832192 -20.239685 
6.923716 -7.561480 -20.336539 
FEnd
FBeg
  445  CD1 LEU A  62  2561    C ILE B 108 ali
7.125 -6.639 -18.021 6.767 -8.196 -22.599  0.49
6.862540 -7.832192 -20.239685 
6.073950 -6.793250 -20.531366 
6.483825 -6.394958 -20.698879 
6.923716 -7.561480 -20.336539 
FEnd
FBeg
  445  CD1 LEU A  62  2594  CG2 VAL B 112 ali
7.125 -6.639 -18.021 4.183 -5.033 -21.401  4.41
6.073950 -6.793250 -20.531366 
4.604089 -6.816228 -19.262896 
4.079699 -5.363640 -18.116265 
4.694580 -4.974550 -18.466591 
5.363339 -4.980559 -19.051544 
6.541162 -6.270128 -20.689473 
6.483825 -6.394958 -20.698879 
FEnd
FBeg
  445  CD1 LEU A  62  2592   CB VAL B 112 ali
7.125 -6.639 -18.021 5.253 -3.963 -21.474  2.93
5.363339 -4.980559 -19.051544 
6.238768 -4.600305 -19.231457 
7.882185 -4.793741 -20.272325 
6.541162 -6.270128 -20.689473 
FEnd
FBeg
  415  CD1 LEU A  58  2592   CB VAL B 112 ali
7.796 -3.548 -17.536 5.253 -3.963 -21.474  2.28
6.238768 -4.600305 -19.231457 
7.882185 -4.793741 -20.272325 
7.997605 -4.652520 -20.361740 
8.222781 -4.139960 -20.561165 
8.354954 -3.506518 -20.713271 
8.106537 -2.950747 -20.611423 
FEnd
FBeg
  415  CD1 LEU A  58  2593  CG1 VAL B 112 ali
7.796 -3.548 -17.536 4.961 -2.846 -20.534  5.68
8.106537 -2.950747 -20.611423 
6.238768 -4.600305 -19.231457 
5.597338 -4.557797 -18.614949 
5.919502 -3.315822 -18.628780 
8.100445 -1.008646 -20.150907 
8.180527 -2.045568 -20.469436 
FEnd
FBeg
  414   CG LEU A  58  2593  CG1 VAL B 112 ali
7.022 -2.437 -16.961 4.961 -2.846 -20.534  6.53
5.919502 -3.315822 -18.628780 
8.100445 -1.008646 -20.150907 
7.898082 -0.340509 -20.110660 
6.352090 -0.205483 -19.234347 
4.867785 -0.544020 -18.339409 
FEnd
FBeg
  381   CZ PHE A  54  2593  CG1 VAL B 112 ali
5.724 2.231 -17.348 4.961 -2.846 -20.534  5.88
6.352090 -0.205483 -19.234347 
5.563528 0.683303 -20.461811 
5.451521 0.711143 -20.479351 
3.990999 0.882260 -20.402258 
3.837015 0.832554 -20.286173 
3.183276 -0.483402 -18.032591 
4.867785 -0.544020 -18.339409 
FEnd
FBeg
  381   CZ PHE A  54  2408  CD1 LEU B  87 ali
5.724 2.231 -17.348 2.742 4.528 -20.320  8.87
3.990999 0.882260 -20.402258 
3.837015 0.832554 -20.286173 
3.548359 0.927054 -19.923509 
2.680366 1.779563 -18.393708 
3.619590 3.525601 -17.986613 
5.227319 4.957528 -18.493044 
5.124622 2.426059 -20.346523 
FEnd
FBeg
  380  CE2 PHE A  54  2408  CD1 LEU B  87 ali
6.938 2.572 -17.881 2.742 4.528 -20.320  6.80
5.227319 4.957528 -18.493044 
5.124622 2.426059 -20.346523 
6.747835 5.426997 -20.732405 
7.071114 6.553641 -20.385035 
6.779888 6.519637 -19.911288 
6.235226 6.340469 -19.117951 
FEnd
FBeg
  380  CE2 PHE A  54  2409  CD2 LEU B  87 ali
6.938 2.572 -17.881 2.238 5.809 -18.298  1.01
6.235226 6.340469 -19.117951 
5.227319 4.957528 -18.493044 
5.473013 5.424875 -17.634435 
5.600460 5.598299 -17.724679 
FEnd
FBeg
  129   CA GLY A  21  2409  CD2 LEU B  87 ali
4.420 6.148 -14.565 2.238 5.809 -18.298  8.07
5.473013 5.424875 -17.634435 
5.600460 5.598299 -17.724679 
6.065302 6.463578 -18.074964 
5.442177 7.097729 -17.768326 
4.142546 7.052578 -17.004570 
2.197198 5.876844 -15.760712 
2.753374 4.509331 -15.961619 
3.118817 4.072497 -16.135557 
5.127424 5.148471 -17.407332 
FEnd
FBeg
  379  CE1 PHE A  54  2409  CD2 LEU B  87 ali
5.431 2.522 -16.036 2.238 5.809 -18.298  2.31
3.118817 4.072497 -16.135557 
2.809733 3.087940 -17.129957 
3.137648 3.206251 -17.420913 
5.127424 5.148471 -17.407332 
FEnd
FBeg
  379  CE1 PHE A  54  2407   CG LEU B  87 ali
5.431 2.522 -16.036 1.691 4.856 -19.302  0.14
2.809733 3.087940 -17.129957 
3.137648 3.206251 -17.420913 
2.689955 2.552016 -17.375785 
FEnd
FBeg
  379  CE1 PHE A  54  2418  CE1 PHE B  88 aro
5.431 2.522 -16.036 0.615 3.236 -15.246  6.01
3.118817 4.072497 -16.135557 
2.809733 3.087940 -17.129957 
2.689955 2.552016 -17.375785 
2.586339 1.659754 -17.201022 
2.624100 0.933458 -16.314401 
3.134274 2.368889 -14.501615 
3.161725 2.526938 -14.477110 
3.285995 3.493292 -14.592924 
FEnd
FBeg
  103    O THR A  17  2418  CE1 PHE B  88 unk
4.425 3.064 -12.593 0.615 3.236 -15.246  0.48
3.161725 2.526938 -14.477110 
3.285995 3.493292 -14.592924 
2.945795 3.818631 -14.083267 
2.974459 2.799041 -14.190535 
FEnd
FBeg
  108   CA ALA A  18  2418  CE1 PHE B  88 ali
1.778 2.897 -11.713 0.615 3.236 -15.246  7.46
2.945795 3.818631 -14.083267 
2.552462 4.291688 -13.908398 
0.050343 3.629925 -13.148243 
1.080362 0.493260 -13.788277 
1.264662 0.367932 -13.860971 
2.698893 1.980825 -14.178333 
2.974459 2.799041 -14.190535 
FEnd
FBeg
  108   CA ALA A  18  2416  CD1 PHE B  88 ali
1.778 2.897 -11.713 -0.266 2.343 -15.940  0.02
1.080362 0.493260 -13.788277 
1.264662 0.367932 -13.860971 
1.177445 0.241806 -13.802266 
FEnd
FBeg
  111   CB ALA A  18  2416  CD1 PHE B  88 ali
0.456 2.358 -11.199 -0.266 2.343 -15.940  10.39
1.177445 0.241806 -13.802266 
1.080362 0.493260 -13.788277 
-1.950189 3.130901 -13.335104 
-2.022201 3.112824 -13.324080 
-2.740782 1.522989 -13.209619 
-2.419103 0.186049 -13.254377 
-0.673549 -1.633751 -13.514447 
0.486382 -1.081361 -13.692839 
FEnd
FBeg
  111   CB ALA A  18  2419  CE2 PHE B  88 ali
0.456 2.358 -11.199 -0.904 5.045 -15.677  0.41
-1.950189 3.130901 -13.335104 
-2.022201 3.112824 -13.324080 
-2.136612 3.124962 -13.282050 
-2.916292 3.500891 -12.819682 
-1.817329 3.683281 -13.044002 
-1.897555 3.178026 -13.322813 
FEnd
FBeg
  111   CB ALA A  18  2420   CZ PHE B  88 ali
0.456 2.358 -11.199 0.299 4.556 -15.137  1.10
-1.817329 3.683281 -13.044002 
-0.047146 4.149059 -12.854601 
0.050343 3.629925 -13.148243 
-1.897555 3.178026 -13.322813 
FEnd
FBeg
  139  CD2 LEU A  22  2420   CZ PHE B  88 ali
-0.512 6.572 -12.515 0.299 4.556 -15.137  6.05
-1.817329 3.683281 -13.044002 
-0.047146 4.149059 -12.854601 
0.810314 4.656158 -12.979282 
1.525888 5.721082 -13.576748 
0.938887 6.597916 -14.432490 
0.634601 6.800003 -14.681987 
0.107069 6.599106 -14.690691 
FEnd
FBeg
  138  CD1 LEU A  22  2420   CZ PHE B  88 ali
-1.168 8.362 -14.071 0.299 4.556 -15.137  0.28
0.634601 6.800003 -14.681987 
0.741394 7.109857 -15.641313 
0.107069 6.599106 -14.690691 
FEnd
FBeg
  138  CD1 LEU A  22  2419  CE2 PHE B  88 ali
-1.168 8.362 -14.071 -0.904 5.045 -15.677  11.19
0.741394 7.109857 -15.641313 
0.107069 6.599106 -14.690691 
-4.465129 5.765959 -13.721521 
-4.463522 5.778734 -13.747640 
-3.914159 6.633023 -15.421765 
-1.853860 7.377088 -16.619862 
-0.302871 7.710886 -17.054326 
0.072019 7.671591 -16.911541 
0.788069 7.357327 -16.144760 
FEnd
FBeg
  133   CA LEU A  22  2419  CE2 PHE B  88 ali
1.812 8.691 -13.633 -0.904 5.045 -15.677  0.06
0.788069 7.357327 -16.144760 
0.741394 7.109857 -15.641313 
0.937445 7.175395 -16.018723 
FEnd
FBeg
  133   CA LEU A  22  2409  CD2 LEU B  87 ali
1.812 8.691 -13.633 2.238 5.809 -18.298  0.49
0.937445 7.175395 -16.018723 
0.788069 7.357327 -16.144760 
0.779096 7.821329 -16.432237 
1.532868 7.818574 -16.361701 
1.226905 7.026383 -15.900232 
FEnd
FBeg
  156   CG LEU A  25  2409  CD2 LEU B  87 ali
2.272 9.581 -18.514 2.238 5.809 -18.298  6.41
0.779096 7.821329 -16.432237 
1.532868 7.818574 -16.361701 
2.388200 7.793143 -16.671173 
4.079096 7.727212 -17.556356 
1.994318 7.618582 -19.781519 
0.360098 7.806293 -16.760772 
FEnd
FBeg
  157  CD1 LEU A  25  2409  CD2 LEU B  87 ali
0.936 9.649 -19.241 2.238 5.809 -18.298  2.95
1.994318 7.618582 -19.781519 
1.906411 7.443855 -20.371651 
-0.237658 7.337507 -17.844398 
-0.244646 7.455534 -17.354132 
0.072019 7.671591 -16.911541 
0.360098 7.806293 -16.760772 
FEnd
FBeg
  157  CD1 LEU A  25  2376   CA ALA B  84 ali
0.936 9.649 -19.241 -2.612 8.604 -19.040  6.82
-0.237658 7.337507 -17.844398 
-0.244646 7.455534 -17.354132 
-0.302871 7.710886 -17.054326 
-0.484174 8.342500 -16.970878 
-1.343859 10.769033 -19.530262 
-0.975977 9.410587 -20.099075 
-0.539090 7.947324 -19.994760 
-0.448894 7.674090 -19.823197 
FEnd
FBeg
  157  CD1 LEU A  25  2366    O TYR B  83 unk
0.936 9.649 -19.241 -1.430 7.545 -21.348  1.21
-0.539090 7.947324 -19.994760 
0.522489 8.533569 -21.772242 
0.525846 8.531887 -21.774332 
0.771725 7.733223 -21.252909 
-0.448894 7.674090 -19.823197 
FEnd
FBeg
  157  CD1 LEU A  25  2638  CG2 ILE B 119 ali
0.936 9.649 -19.241 0.914 6.656 -23.815  1.83
0.525846 8.531887 -21.774332 
1.690230 9.330436 -22.302464 
1.772292 9.304610 -22.285959 
1.812304 7.578794 -21.156863 
0.771725 7.733223 -21.252909 
FEnd
FBeg
  158  CD2 LEU A  25  2638  CG2 ILE B 119 ali
3.395 9.496 -19.562 0.914 6.656 -23.815  3.42
1.772292 9.304610 -22.285959 
1.812304 7.578794 -21.156863 
2.169848 7.321212 -21.193433 
3.592570 7.253989 -21.978493 
2.721613 9.165435 -22.746812 
2.567678 9.214979 -22.690097 
FEnd
FBeg
  158  CD2 LEU A  25  2662  CD2 LEU B 123 ali
3.395 9.496 -19.562 2.397 12.417 -22.174  8.92
2.567678 9.214979 -22.690097 
1.772292 9.304610 -22.285959 
2.225099 11.587905 -19.905560 
2.768000 11.870091 -19.797425 
4.225488 12.052082 -20.150785 
4.723066 10.319418 -22.278539 
2.873859 9.292508 -22.720382 
FEnd
FBeg
  188  CD1 LEU A  28  2662  CD2 LEU B 123 ali
5.973 13.175 -21.955 2.397 12.417 -22.174  10.33
4.225488 12.052082 -20.150785 
4.723066 10.319418 -22.278539 
4.673544 10.804695 -23.149537 
4.401893 12.177502 -23.465361 
3.779428 14.792432 -22.352028 
3.689382 14.989562 -21.563992 
3.703814 14.876240 -21.407420 
3.753235 14.508074 -20.940113 
4.134184 12.454769 -20.053674 
FEnd
FBeg
  186   CB LEU A  28  2662  CD2 LEU B 123 ali
6.238 14.183 -19.734 2.397 12.417 -22.174  0.91
3.753235 14.508074 -20.940113 
3.714191 14.447842 -20.835057 
3.532483 13.838782 -20.108196 
3.771190 12.979957 -19.862372 
4.134184 12.454769 -20.053674 
FEnd
FBeg
  154    O LEU A  25  2662  CD2 LEU B 123 unk
3.360 13.896 -17.942 2.397 12.417 -22.174  0.78
3.532483 13.838782 -20.108196 
2.206115 12.928460 -19.488239 
2.398415 12.882924 -19.516083 
3.771190 12.979957 -19.862372 
FEnd
FBeg
  153    C LEU A  25  2662  CD2 LEU B 123 ali
3.265 12.983 -17.105 2.397 12.417 -22.174  0.02
2.206115 12.928460 -19.488239 
2.052054 12.850591 -19.453163 
2.162983 12.807468 -19.467343 
2.398415 12.882924 -19.516083 
FEnd
FBeg
  190    N VAL A  29  2662  CD2 LEU B 123 unk
4.162 16.345 -19.266 2.397 12.417 -22.174  0.02
3.703814 14.876240 -21.407420 
3.714191 14.447842 -20.835057 
3.753235 14.508074 -20.940113 
FEnd
FBeg
  196  CG2 VAL A  29  2662  CD2 LEU B 123 ali
1.364 15.513 -19.838 2.397 12.417 -22.174  9.13
3.689382 14.989562 -21.563992 
2.351349 14.895216 -22.030641 
2.215350 14.844137 -22.023084 
-0.375422 12.940332 -20.645553 
-0.137454 12.616739 -20.111450 
1.023666 12.588127 -19.560071 
2.052054 12.850591 -19.453163 
2.206115 12.928460 -19.488239 
3.532483 13.838782 -20.108196 
3.714191 14.447842 -20.835057 
3.703814 14.876240 -21.407420 
FEnd
FBeg
  196  CG2 VAL A  29  2343  CE3 TRP B  80 ali
1.364 15.513 -19.838 -2.288 14.534 -18.804  7.66
-0.375422 12.940332 -20.645553 
-0.137454 12.616739 -20.111450 
0.175689 12.716056 -18.911422 
0.280280 13.064495 -18.212113 
-0.438358 16.059313 -17.914761 
-0.484582 16.118581 -18.021906 
-0.543595 16.134117 -18.215624 
-0.847498 15.009972 -20.353334 
-0.558583 13.403158 -20.854254 
FEnd
FBeg
  196  CG2 VAL A  29  2337   CB TRP B  80 ali
1.364 15.513 -19.838 -2.361 15.530 -22.041  4.13
-0.847498 15.009972 -20.353334 
-0.832111 15.337507 -20.376826 
-0.471438 16.580317 -20.977088 
0.078662 16.859655 -21.905084 
0.283542 15.889794 -22.258994 
-0.558583 13.403158 -20.854254 
FEnd
FBeg
  195  CG1 VAL A  29  2337   CB TRP B  80 ali
0.755 17.988 -19.454 -2.361 15.530 -22.041  0.93
-0.471438 16.580317 -20.977088 
0.078662 16.859655 -21.905084 
-0.031575 17.119888 -22.019562 
-0.678408 17.894111 -21.976079 
-0.753498 17.637594 -21.641907 
FEnd
FBeg
  195  CG1 VAL A  29  2338   CG TRP B  80 ali
0.755 17.988 -19.454 -2.694 16.241 -20.769  1.71
-0.753498 17.637594 -21.641907 
-0.471438 16.580317 -20.977088 
-0.733311 16.364916 -20.004080 
-1.347660 17.303480 -19.639656 
FEnd
FBeg
  195  CG1 VAL A  29  2340  CD2 TRP B  80 ali
0.755 17.988 -19.454 -2.647 15.734 -19.384  1.41
-0.733311 16.364916 -20.004080 
-0.543595 16.134117 -18.215624 
-0.619904 16.258767 -17.910494 
-1.357701 17.319432 -19.613996 
-1.347660 17.303480 -19.639656 
FEnd
FBeg
  195  CG1 VAL A  29  2342  CE2 TRP B  80 ali
0.755 17.988 -19.454 -3.039 16.804 -18.548  3.54
-0.619904 16.258767 -17.910494 
-0.616874 16.258393 -17.898292 
-0.606997 16.311438 -17.787613 
-0.616618 16.380896 -17.737131 
-1.461249 19.255767 -17.517131 
-1.453427 17.736584 -19.469712 
-1.357701 17.319432 -19.613996 
FEnd
FBeg
  195  CG1 VAL A  29  2341  NE1 TRP B  80 unk
0.755 17.988 -19.454 -3.331 17.859 -19.370  6.48
-1.461249 19.255767 -17.517131 
-1.503764 21.336884 -16.389227 
-1.527486 22.105527 -16.362703 
-1.528473 22.013915 -16.551388 
-1.524630 19.663300 -19.974337 
-1.453427 17.736584 -19.469712 
FEnd
FBeg
  195  CG1 VAL A  29  2236   CB THR B  67 ali
0.755 17.988 -19.454 -2.936 21.388 -21.793  5.22
-1.528473 22.013915 -16.551388 
-0.039880 21.418798 -19.765494 
-0.056985 20.934346 -20.442707 
-1.436932 19.587723 -20.222585 
-1.524630 19.663300 -19.974337 
FEnd
FBeg
  195  CG1 VAL A  29  2238  CG2 THR B  67 ali
0.755 17.988 -19.454 -2.223 20.497 -22.774  4.31
-0.056985 20.934346 -20.442707 
0.635956 19.878408 -21.862264 
-0.713067 18.145478 -21.961821 
-1.436932 19.587723 -20.222585 
FEnd
FBeg
  195  CG1 VAL A  29  2344  CZ2 TRP B  80 ali
0.755 17.988 -19.454 -3.127 16.673 -17.174  4.81
-0.616618 16.380896 -17.737131 
-0.214365 16.938608 -16.730579 
-0.431034 18.107484 -16.425333 
-1.503764 21.336884 -16.389227 
-1.461249 19.255767 -17.517131 
FEnd
FBeg
  167  CE1 TYR A  26  2344  CZ2 TRP B  80 aro
0.285 17.764 -13.383 -3.127 16.673 -17.174  19.48
-0.431034 18.107484 -16.425333 
-1.503764 21.336884 -16.389227 
-2.747736 22.549707 -15.618654 
-3.710905 22.522046 -14.743816 
-4.216267 17.476124 -12.836827 
-1.677641 17.245261 -15.055218 
FEnd
FBeg
  167  CE1 TYR A  26  2346  CH2 TRP B  80 aro
0.285 17.764 -13.383 -2.772 15.455 -16.641  5.37
-4.216267 17.476124 -12.836827 
-1.677641 17.245261 -15.055218 
-4.474136 14.758585 -10.668900 
FEnd
FBeg
  165  CD1 TYR A  26  2346  CH2 TRP B  80 aro
0.573 16.507 -13.912 -2.772 15.455 -16.641  19.93
-1.677641 17.245261 -15.055218 
-4.474136 14.758585 -10.668900 
-4.641329 13.902530 -10.133968 
-4.000967 13.219128 -10.655431 
-3.851287 13.175675 -10.822147 
-2.857173 12.985538 -11.967361 
-0.575726 14.434584 -15.322376 
0.169018 15.875648 -16.790740 
-0.089260 16.697384 -16.790933 
-0.214365 16.938608 -16.730579 
FEnd
FBeg
  194   CB VAL A  29  2346  CH2 TRP B  80 ali
1.751 16.876 -19.251 -2.772 15.455 -16.641  0.40
0.169018 15.875648 -16.790740 
-0.420210 16.251992 -17.606943 
-0.089260 16.697384 -16.790933 
FEnd
FBeg
  194   CB VAL A  29  2345  CZ3 TRP B  80 ali
1.751 16.876 -19.251 -2.322 14.392 -17.456  0.51
0.169018 15.875648 -16.790740 
-0.420210 16.251992 -17.606943 
-0.484219 16.139803 -17.907439 
-0.438358 16.059313 -17.914761 
0.309056 15.468701 -17.036133 
0.192809 15.838579 -16.788053 
FEnd
FBeg
  160   CA TYR A  26  2345  CZ3 TRP B  80 ali
2.541 14.477 -15.304 -2.322 14.392 -17.456  3.86
0.309056 15.468701 -17.036133 
0.192809 15.838579 -16.788053 
-0.275647 14.625683 -15.681547 
-0.207366 12.689699 -15.759379 
0.380505 13.368009 -17.114617 
0.525201 13.855509 -17.460850 
FEnd
FBeg
  153    C LEU A  25  2345  CZ3 TRP B  80 ali
3.265 12.983 -17.105 -2.322 14.392 -17.456  0.40
0.380505 13.368009 -17.114617 
0.293898 13.029498 -17.094919 
0.391636 13.197234 -17.977327 
0.525201 13.855509 -17.460850 
FEnd
FBeg
  155   CB LEU A  25  2345  CZ3 TRP B  80 ali
2.342 10.780 -17.626 -2.322 14.392 -17.456  3.41
0.293898 13.029498 -17.094919 
-0.498870 11.926503 -15.409334 
-0.507351 11.915074 -15.399172 
-0.540687 11.871921 -15.396898 
-0.766259 11.599844 -15.804673 
-0.695910 11.770006 -17.490091 
-0.255662 12.376507 -18.298104 
0.280280 13.064495 -18.212113 
0.391636 13.197234 -17.977327 
FEnd
FBeg
  157  CD1 LEU A  25  2345  CZ3 TRP B  80 ali
0.936 9.649 -19.241 -2.322 14.392 -17.456  0.39
-0.695910 11.770006 -17.490091 
-0.981331 11.903673 -18.366216 
-0.255662 12.376507 -18.298104 
FEnd
FBeg
  155   CB LEU A  25  2379   CB ALA B  84 ali
2.342 10.780 -17.626 -2.995 9.599 -17.968  1.48
-0.766259 11.599844 -15.804673 
-0.695910 11.770006 -17.490091 
-0.357701 9.959776 -16.516810 
FEnd
FBeg
  138  CD1 LEU A  22  2379   CB ALA B  84 ali
-1.168 8.362 -14.071 -2.995 9.599 -17.968  17.53
-0.357701 9.959776 -16.516810 
-0.766259 11.599844 -15.804673 
-3.774231 11.862650 -14.311047 
-3.877057 11.287503 -14.445406 
-4.454416 7.260448 -15.453010 
-3.512284 7.278152 -15.889083 
-1.917210 7.392088 -16.600722 
-0.484174 8.342500 -16.970878 
FEnd
FBeg
  138  CD1 LEU A  22  2377    C ALA B  84 ali
-1.168 8.362 -14.071 -3.398 7.325 -18.931  0.09
-4.454416 7.260448 -15.453010 
-3.512284 7.278152 -15.889083 
-4.526970 7.093997 -15.384202 
FEnd
FBeg
  138  CD1 LEU A  22  2152   SD MET B  56 unk
-1.168 8.362 -14.071 -6.896 9.815 -16.596  1.13
-3.877057 11.287503 -14.445406 
-4.454416 7.260448 -15.453010 
-4.526970 7.093997 -15.384202 
-4.669722 6.839933 -15.206568 
-4.728127 6.835584 -15.076577 
FEnd
FBeg
  159    N TYR A  26  2345  CZ3 TRP B  80 unk
2.848 13.164 -15.828 -2.322 14.392 -17.456  0.72
-0.207366 12.689699 -15.759379 
-0.498870 11.926503 -15.409334 
0.293898 13.029498 -17.094919 
0.380505 13.368009 -17.114617 
FEnd
FBeg
  163   CB TYR A  26  2345  CZ3 TRP B  80 ali
1.931 14.399 -13.899 -2.322 14.392 -17.456  3.96
-0.275647 14.625683 -15.681547 
-0.575726 14.434584 -15.322376 
-1.961906 12.574228 -13.661300 
-0.566907 11.905612 -15.327943 
-0.507351 11.915074 -15.399172 
-0.498870 11.926503 -15.409334 
-0.207366 12.689699 -15.759379 
FEnd
FBeg
  165  CD1 TYR A  26  2345  CZ3 TRP B  80 aro
0.573 16.507 -13.912 -2.322 14.392 -17.456  0.24
-0.575726 14.434584 -15.322376 
0.169018 15.875648 -16.790740 
0.192809 15.838579 -16.788053 
-0.275647 14.625683 -15.681547 
FEnd
FBeg
  163   CB TYR A  26  2346  CH2 TRP B  80 ali
1.931 14.399 -13.899 -2.772 15.455 -16.641  2.26
-2.857173 12.985538 -11.967361 
-1.961906 12.574228 -13.661300 
-0.575726 14.434584 -15.322376 
FEnd
FBeg
  165  CD1 TYR A  26  2344  CZ2 TRP B  80 aro
0.573 16.507 -13.912 -3.127 16.673 -17.174  1.24
-0.214365 16.938608 -16.730579 
-0.431034 18.107484 -16.425333 
-1.677641 17.245261 -15.055218 
FEnd
FBeg
  195  CG1 VAL A  29  2346  CH2 TRP B  80 ali
0.755 17.988 -19.454 -2.772 15.455 -16.641  0.28
-0.606997 16.311438 -17.787613 
-0.420210 16.251992 -17.606943 
-0.089260 16.697384 -16.790933 
-0.214365 16.938608 -16.730579 
-0.616618 16.380896 -17.737131 
FEnd
FBeg
  195  CG1 VAL A  29  2345  CZ3 TRP B  80 ali
0.755 17.988 -19.454 -2.322 14.392 -17.456  0.04
-0.616874 16.258393 -17.898292 
-0.484219 16.139803 -17.907439 
-0.420210 16.251992 -17.606943 
-0.606997 16.311438 -17.787613 
FEnd
FBeg
  195  CG1 VAL A  29  2339  CD1 TRP B  80 ali
0.755 17.988 -19.454 -3.106 17.525 -20.677  3.68
-0.678408 17.894111 -21.976079 
-0.753498 17.637594 -21.641907 
-1.347660 17.303480 -19.639656 
-1.357701 17.319432 -19.613996 
-1.453427 17.736584 -19.469712 
-1.524630 19.663300 -19.974337 
-1.436932 19.587723 -20.222585 
-0.713067 18.145478 -21.961821 
FEnd
FBeg
  195  CG1 VAL A  29  2686  CD2 LEU B 127 ali
0.755 17.988 -19.454 0.759 18.273 -24.469  2.99
-0.031575 17.119888 -22.019562 
-0.678408 17.894111 -21.976079 
-0.713067 18.145478 -21.961821 
0.635956 19.878408 -21.862264 
1.472927 19.830490 -21.864319 
1.652593 19.541124 -21.880621 
FEnd
FBeg
  193    O VAL A  29  2686  CD2 LEU B 127 unk
3.312 19.607 -20.011 0.759 18.273 -24.469  0.20
1.472927 19.830490 -21.864319 
1.652593 19.541124 -21.880621 
2.470677 20.078183 -22.509828 
FEnd
FBeg
  193    O VAL A  29  2685  CD1 LEU B 127 unk
3.312 19.607 -20.011 2.471 17.016 -23.316  1.40
1.652593 19.541124 -21.880621 
2.470677 20.078183 -22.509828 
2.474435 20.079519 -22.511831 
3.360492 18.833779 -21.760685 
2.083986 18.974779 -21.546401 
FEnd
FBeg
  191   CA VAL A  29  2685  CD1 LEU B 127 ali
3.101 17.291 -19.744 2.471 17.016 -23.316  7.23
3.360492 18.833779 -21.760685 
2.083986 18.974779 -21.546401 
1.646321 17.419732 -21.349489 
1.811785 16.894815 -21.338260 
3.662566 15.096651 -21.526249 
4.124948 15.556161 -21.643177 
4.530338 16.757917 -21.807197 
4.262449 17.684248 -21.831265 
FEnd
FBeg
  215   CG MET A  32  2685  CD1 LEU B 127 ali
6.099 18.064 -23.362 2.471 17.016 -23.316  6.24
4.530338 16.757917 -21.807197 
4.803121 15.798706 -22.146208 
4.934891 15.261057 -24.002613 
4.713217 15.994967 -24.765579 
4.091067 18.189458 -23.838086 
4.262449 17.684248 -21.831265 
FEnd
FBeg
  215   CG MET A  32  2683   CB LEU B 127 ali
6.099 18.064 -23.362 2.962 18.107 -25.568  3.23
4.713217 15.994967 -24.765579 
4.091067 18.189458 -23.838086 
5.006752 18.949790 -25.125399 
5.184559 16.528177 -25.425449 
FEnd
FBeg
  217   CE MET A  32  2683   CB LEU B 127 ali
7.027 18.459 -26.000 2.962 18.107 -25.568  3.69
5.006752 18.949790 -25.125399 
5.184559 16.528177 -25.425449 
5.072598 16.748969 -26.299070 
4.920802 17.601009 -27.033176 
4.879336 19.595985 -25.797825 
4.897018 19.819220 -25.449548 
FEnd
FBeg
  217   CE MET A  32  2682    O LEU B 127 unk
7.027 18.459 -26.000 3.971 20.386 -27.080  3.36
4.879336 19.595985 -25.797825 
4.897018 19.819220 -25.449548 
5.687563 21.073863 -25.447890 
6.313860 21.657809 -26.178170 
6.377882 21.653131 -26.367676 
6.312840 21.109677 -27.153293 
5.649469 20.060649 -27.147936 
FEnd
FBeg
  217   CE MET A  32  2688   CA THR B 128 ali
7.027 18.459 -26.000 5.092 19.665 -29.453  5.25
6.312840 21.109677 -27.153293 
7.746355 19.741229 -28.434555 
7.645823 19.392437 -28.500039 
6.629739 18.416979 -28.271333 
5.758818 17.759605 -28.012880 
5.537888 17.825493 -27.866062 
5.392355 18.311078 -27.614912 
5.649469 20.060649 -27.147936 
FEnd
FBeg
  217   CE MET A  32  2687    N THR B 128 unk
7.027 18.459 -26.000 4.008 19.021 -28.836  0.12
5.537888 17.825493 -27.866062 
5.206490 17.800951 -27.518143 
5.392355 18.311078 -27.614912 
FEnd
FBeg
  217   CE MET A  32  2692  OG1 THR B 128 unk
7.027 18.459 -26.000 6.482 17.735 -29.678  2.68
6.629739 18.416979 -28.271333 
7.615935 18.932770 -28.518997 
8.004804 17.331772 -28.261469 
6.638594 16.893574 -27.972769 
5.758818 17.759605 -28.012880 
FEnd
FBeg
  217   CE MET A  32  2668  CG1 VAL B 124 ali
7.027 18.459 -26.000 7.892 14.706 -27.603  7.00
8.004804 17.331772 -28.261469 
10.543714 17.205103 -26.594878 
6.887793 15.968465 -25.672400 
6.326153 16.480333 -27.173871 
6.376781 16.590362 -27.404157 
6.638594 16.893574 -27.972769 
FEnd
FBeg
  217   CE MET A  32  2665    C VAL B 124 ali
7.027 18.459 -26.000 4.997 14.933 -28.131  0.05
6.326153 16.480333 -27.173871 
5.937712 16.575764 -26.961744 
6.376781 16.590362 -27.404157 
FEnd
FBeg
  216   SD MET A  32  2668  CG1 VAL B 124 unk
7.594 17.983 -24.391 7.892 14.706 -27.603  9.33
10.543714 17.205103 -26.594878 
6.887793 15.968465 -25.672400 
7.061227 15.638211 -25.319372 
11.625288 15.303987 -24.554944 
12.391597 15.352763 -24.533612 
11.784218 16.931723 -26.200875 
FEnd
FBeg
  216   SD MET A  32  2669  CG2 VAL B 124 unk
7.594 17.983 -24.391 7.465 13.104 -25.754  2.82
7.061227 15.638211 -25.319372 
11.625288 15.303987 -24.554944 
6.478409 15.359046 -24.264911 
6.391324 15.397540 -24.394465 
FEnd
FBeg
  215   CG MET A  32  2669  CG2 VAL B 124 ali
6.099 18.064 -23.362 7.465 13.104 -25.754  0.02
6.478409 15.359046 -24.264911 
6.391324 15.397540 -24.394465 
6.190245 15.246672 -24.196457 
FEnd
FBeg
  189  CD2 LEU A  28  2669  CG2 VAL B 124 ali
7.713 14.937 -21.701 7.465 13.104 -25.754  21.10
11.625288 15.303987 -24.554944 
6.478409 15.359046 -24.264911 
6.190245 15.246672 -24.196457 
6.090561 15.132120 -24.138550 
8.654123 12.448201 -23.081590 
11.725139 10.744528 -22.499004 
13.031211 12.281460 -23.274011 
12.339325 15.145681 -24.527040 
12.339231 15.145827 -24.527101 
FEnd
FBeg
  187   CG LEU A  28  2669  CG2 VAL B 124 ali
6.966 13.823 -21.021 7.465 13.104 -25.754  3.58
8.654123 12.448201 -23.081590 
9.930586 9.695417 -22.528831 
10.302298 9.539363 -22.465935 
11.671455 10.632503 -22.487646 
11.725139 10.744528 -22.499004 
FEnd
FBeg
  188  CD1 LEU A  28  2669  CG2 VAL B 124 ali
5.973 13.175 -21.955 7.465 13.104 -25.754  12.10
6.090561 15.132120 -24.138550 
5.312288 13.519158 -24.414061 
5.257101 12.194891 -24.410985 
7.163483 10.729927 -23.634903 
7.330114 10.645897 -23.567891 
9.930586 9.695417 -22.528831 
8.654123 12.448201 -23.081590 
FEnd
FBeg
  188  CD1 LEU A  28  2642    C GLY B 120 ali
5.973 13.175 -21.955 5.544 9.254 -25.805  0.01
7.163483 10.729927 -23.634903 
7.330114 10.645897 -23.567891 
7.004358 10.708716 -23.595569 
FEnd
FBeg
  188  CD1 LEU A  28  2643    O GLY B 120 unk
5.973 13.175 -21.955 5.411 10.465 -25.690  2.09
5.257101 12.194891 -24.410985 
7.163483 10.729927 -23.634903 
7.004358 10.708716 -23.595569 
4.829013 10.938704 -23.435121 
5.040094 12.145600 -24.342568 
FEnd
FBeg
  188  CD1 LEU A  28  2663    N VAL B 124 unk
5.973 13.175 -21.955 4.518 13.225 -26.534  0.98
5.312288 13.519158 -24.414061 
5.257101 12.194891 -24.410985 
5.040094 12.145600 -24.342568 
4.661105 12.937336 -24.213497 
4.616293 13.513021 -24.192972 
4.742498 14.142305 -24.226203 
FEnd
FBeg
  188  CD1 LEU A  28  2657    C LEU B 123 ali
5.973 13.175 -21.955 3.247 13.493 -26.286  0.21
4.616293 13.513021 -24.192972 
4.451303 14.823592 -23.992897 
4.543897 14.889067 -24.046370 
4.742498 14.142305 -24.226203 
FEnd
FBeg
  188  CD1 LEU A  28  2664   CA VAL B 124 ali
5.973 13.175 -21.955 5.513 14.237 -26.873  1.62
6.090561 15.132120 -24.138550 
5.312288 13.519158 -24.414061 
4.742498 14.142305 -24.226203 
4.543897 14.889067 -24.046370 
4.934891 15.261057 -24.002613 
6.018514 15.200177 -24.117115 
FEnd
FBeg
  189  CD2 LEU A  28  2664   CA VAL B 124 ali
7.713 14.937 -21.701 5.513 14.237 -26.873  0.01
6.190245 15.246672 -24.196457 
6.090561 15.132120 -24.138550 
6.018514 15.200177 -24.117115 
FEnd
FBeg
  216   SD MET A  32  2664   CA VAL B 124 unk
7.594 17.983 -24.391 5.513 14.237 -26.873  0.98
6.887793 15.968465 -25.672400 
7.061227 15.638211 -25.319372 
6.391324 15.397540 -24.394465 
5.862514 16.244533 -25.229428 
FEnd
FBeg
  217   CE MET A  32  2691   CB THR B 128 ali
7.027 18.459 -26.000 5.786 18.721 -30.396  0.23
7.645823 19.392437 -28.500039 
7.615935 18.932770 -28.518997 
6.629739 18.416979 -28.271333 
FEnd
FBeg
  217   CE MET A  32  2701   CE LYS B 129 ali
7.027 18.459 -26.000 6.224 24.929 -26.431  0.04
6.313860 21.657809 -26.178170 
6.713121 21.709736 -26.142524 
6.377882 21.653131 -26.367676 
FEnd
FBeg
  213    O MET A  32  2701   CE LYS B 129 unk
6.286 22.419 -23.469 6.224 24.929 -26.431  14.05
6.313860 21.657809 -26.178170 
6.713121 21.709736 -26.142524 
9.765232 22.973412 -25.135571 
9.625635 23.255883 -24.893283 
8.131712 24.168996 -24.088239 
6.592575 24.726489 -23.583603 
6.182436 24.637762 -23.650205 
3.437032 22.922772 -25.046022 
FEnd
FBeg
  219   CA GLY A  33  2701   CE LYS B 129 ali
4.553 23.668 -21.595 6.224 24.929 -26.431  5.44
6.182436 24.637762 -23.650205 
4.835118 25.669009 -23.846848 
3.646928 25.942757 -24.186027 
3.083893 23.360524 -25.053899 
3.257984 23.016899 -25.083346 
3.437032 22.922772 -25.046022 
FEnd
FBeg
  221    O GLY A  33  2701   CE LYS B 129 unk
5.018 25.975 -21.362 6.224 24.929 -26.431  0.72
4.835118 25.669009 -23.846848 
5.114150 25.768006 -23.800890 
4.085958 26.698085 -24.237438 
3.646928 25.942757 -24.186027 
FEnd
FBeg
  221    O GLY A  33  2702   NZ LYS B 129 hbd
5.018 25.975 -21.362 6.880 26.025 -25.641  6.22
5.114150 25.768006 -23.800890 
4.085958 26.698085 -24.237438 
3.700450 28.351918 -24.385866 
3.916854 29.467072 -24.278668 
4.364563 29.166375 -24.087362 
6.491100 27.045413 -23.186786 
6.517578 26.350000 -23.183390 
FEnd
FBeg
  220    C GLY A  33  2702   NZ LYS B 129 unk
5.380 24.840 -21.115 6.880 26.025 -25.641  1.77
6.517578 26.350000 -23.183390 
5.114150 25.768006 -23.800890 
6.592575 24.726489 -23.583603 
7.086302 24.746944 -23.414617 
7.059301 25.069911 -23.339007 
FEnd
FBeg
  225    O VAL A  34  2702   NZ LYS B 129 hbd
8.917 25.312 -21.868 6.880 26.025 -25.641  5.63
7.086302 24.746944 -23.414617 
8.131712 24.168996 -24.088239 
9.744008 23.871875 -25.014848 
10.156286 25.702219 -24.891544 
10.155518 25.712443 -24.889198 
8.193584 26.232687 -23.731659 
7.059301 25.069911 -23.339007 
FEnd
FBeg
  230   CA SER A  35  2702   NZ LYS B 129 unk
9.512 28.032 -22.082 6.880 26.025 -25.641  2.41
10.155518 25.712443 -24.889198 
10.314033 26.828924 -25.636033 
7.620721 26.663683 -23.551055 
8.193584 26.232687 -23.731659 
FEnd
FBeg
  224    C VAL A  34  2702   NZ LYS B 129 unk
8.372 26.104 -21.097 6.880 26.025 -25.641  1.85
6.491100 27.045413 -23.186786 
6.517578 26.350000 -23.183390 
7.059301 25.069911 -23.339007 
8.193584 26.232687 -23.731659 
7.620721 26.663683 -23.551055 
FEnd
FBeg
  233   CB SER A  35  2702   NZ LYS B 129 unk
8.787 29.086 -22.935 6.880 26.025 -25.641  45.19
4.364563 29.166375 -24.087362 
6.491100 27.045413 -23.186786 
7.620721 26.663683 -23.551055 
10.314033 26.828924 -25.636033 
11.284114 30.002087 -29.909129 
9.404676 32.390500 -31.286381 
6.225843 31.298088 -27.810435 
4.338997 29.887189 -24.884723 
FEnd
FBeg
  220    C GLY A  33  2701   CE LYS B 129 ali
5.380 24.840 -21.115 6.224 24.929 -26.431  0.50
6.592575 24.726489 -23.583603 
5.114150 25.768006 -23.800890 
4.835118 25.669009 -23.846848 
6.182436 24.637762 -23.650205 
FEnd
FBeg
  213    O MET A  32  2702   NZ LYS B 129 hbd
6.286 22.419 -23.469 6.880 26.025 -25.641  0.30
8.131712 24.168996 -24.088239 
6.592575 24.726489 -23.583603 
7.086302 24.746944 -23.414617 
FEnd
FBeg
  225    O VAL A  34  2701   CE LYS B 129 unk
8.917 25.312 -21.868 6.224 24.929 -26.431  0.60
9.625635 23.255883 -24.893283 
9.744008 23.871875 -25.014848 
8.131712 24.168996 -24.088239 
FEnd
FBeg
  213    O MET A  32  2682    O LEU B 127 unk
6.286 22.419 -23.469 3.971 20.386 -27.080  2.74
5.687563 21.073863 -25.447890 
6.313860 21.657809 -26.178170 
3.437032 22.922772 -25.046022 
3.408346 22.488722 -24.783261 
4.698303 21.394409 -24.994147 
FEnd
FBeg
  212    C MET A  32  2682    O LEU B 127 unk
5.938 21.818 -22.479 3.971 20.386 -27.080  0.86
3.408346 22.488722 -24.783261 
3.314633 22.383819 -24.710547 
3.223440 21.519828 -24.402655 
4.698303 21.394409 -24.994147 
FEnd
FBeg
  214   CB MET A  32  2682    O LEU B 127 unk
5.532 19.397 -22.978 3.971 20.386 -27.080  2.39
4.897018 19.819220 -25.449548 
5.687563 21.073863 -25.447890 
4.698303 21.394409 -24.994147 
3.223440 21.519828 -24.402655 
3.091084 21.313795 -24.401962 
FEnd
FBeg
  217   CE MET A  32  2681    C LEU B 127 ali
7.027 18.459 -26.000 3.553 19.411 -27.654  2.76
4.920802 17.601009 -27.033176 
4.879336 19.595985 -25.797825 
5.649469 20.060649 -27.147936 
5.392355 18.311078 -27.614912 
5.206490 17.800951 -27.518143 
FEnd
FBeg
  217   CE MET A  32  2666    O VAL B 124 unk
7.027 18.459 -26.000 4.884 16.180 -28.202  2.52
5.072598 16.748969 -26.299070 
4.920802 17.601009 -27.033176 
5.206490 17.800951 -27.518143 
5.537888 17.825493 -27.866062 
5.758818 17.759605 -28.012880 
6.638594 16.893574 -27.972769 
6.376781 16.590362 -27.404157 
5.937712 16.575764 -26.961744 
FEnd
FBeg
  217   CE MET A  32  2664   CA VAL B 124 ali
7.027 18.459 -26.000 5.513 14.237 -26.873  2.42
5.184559 16.528177 -25.425449 
5.072598 16.748969 -26.299070 
5.937712 16.575764 -26.961744 
6.326153 16.480333 -27.173871 
6.887793 15.968465 -25.672400 
5.862514 16.244533 -25.229428 
FEnd
FBeg
  214   CB MET A  32  2683   CB LEU B 127 ali
5.532 19.397 -22.978 2.962 18.107 -25.568  5.86
4.091067 18.189458 -23.838086 
5.006752 18.949790 -25.125399 
4.897018 19.819220 -25.449548 
3.091084 21.313795 -24.401962 
2.711665 20.618348 -23.679092 
2.810220 19.767243 -23.352976 
FEnd
FBeg
  214   CB MET A  32  2686  CD2 LEU B 127 ali
5.532 19.397 -22.978 0.759 18.273 -24.469  0.44
2.711665 20.618348 -23.679092 
2.810220 19.767243 -23.352976 
2.474433 20.079782 -22.513663 
FEnd
FBeg
  215   CG MET A  32  2664   CA VAL B 124 ali
6.099 18.064 -23.362 5.513 14.237 -26.873  2.20
4.934891 15.261057 -24.002613 
4.713217 15.994967 -24.765579 
5.184559 16.528177 -25.425449 
5.862514 16.244533 -25.229428 
6.391324 15.397540 -24.394465 
6.190245 15.246672 -24.196457 
6.018514 15.200177 -24.117115 
FEnd
FBeg
  184    C LEU A  28  2685  CD1 LEU B 127 ali
5.426 16.531 -19.566 2.471 17.016 -23.316  0.55
4.124948 15.556161 -21.643177 
4.144018 15.361783 -21.683344 
4.803121 15.798706 -22.146208 
4.530338 16.757917 -21.807197 
FEnd
FBeg
  190    N VAL A  29  2685  CD1 LEU B 127 unk
4.162 16.345 -19.266 2.471 17.016 -23.316  0.08
3.662566 15.096651 -21.526249 
3.697702 14.999627 -21.556994 
4.144018 15.361783 -21.683344 
4.124948 15.556161 -21.643177 
FEnd
FBeg
  194   CB VAL A  29  2685  CD1 LEU B 127 ali
1.751 16.876 -19.251 2.471 17.016 -23.316  0.12
1.646321 17.419732 -21.349489 
1.284610 17.081935 -21.425190 
1.811785 16.894815 -21.338260 
FEnd
FBeg
  214   CB MET A  32  2685  CD1 LEU B 127 ali
5.532 19.397 -22.978 2.471 17.016 -23.316  4.19
2.474435 20.079519 -22.511831 
3.360492 18.833779 -21.760685 
4.262449 17.684248 -21.831265 
4.091067 18.189458 -23.838086 
2.810220 19.767243 -23.352976 
2.474433 20.079782 -22.513663 
FEnd
FBeg
  195  CG1 VAL A  29  2685  CD1 LEU B 127 ali
0.755 17.988 -19.454 2.471 17.016 -23.316  2.96
0.078662 16.859655 -21.905084 
-0.031575 17.119888 -22.019562 
1.652593 19.541124 -21.880621 
2.083986 18.974779 -21.546401 
1.646321 17.419732 -21.349489 
1.284610 17.081935 -21.425190 
FEnd
FBeg
  196  CG2 VAL A  29  2338   CG TRP B  80 ali
1.364 15.513 -19.838 -2.694 16.241 -20.769  0.56
-0.832111 15.337507 -20.376826 
-0.733311 16.364916 -20.004080 
-0.471438 16.580317 -20.977088 
FEnd
FBeg
  196  CG2 VAL A  29  2340  CD2 TRP B  80 ali
1.364 15.513 -19.838 -2.647 15.734 -19.384  1.34
-0.543595 16.134117 -18.215624 
-0.733311 16.364916 -20.004080 
-0.832111 15.337507 -20.376826 
-0.847498 15.009972 -20.353334 
FEnd
FBeg
  195  CG1 VAL A  29  2343  CE3 TRP B  80 ali
0.755 17.988 -19.454 -2.288 14.534 -18.804  0.03
-0.484582 16.118581 -18.021906 
-0.543595 16.134117 -18.215624 
-0.619904 16.258767 -17.910494 
-0.616874 16.258393 -17.898292 
-0.484219 16.139803 -17.907439 
FEnd
FBeg
  194   CB VAL A  29  2343  CE3 TRP B  80 ali
1.751 16.876 -19.251 -2.288 14.534 -18.804  0.01
-0.438358 16.059313 -17.914761 
-0.484582 16.118581 -18.021906 
-0.484219 16.139803 -17.907439 
FEnd
FBeg
  196  CG2 VAL A  29  2345  CZ3 TRP B  80 ali
1.364 15.513 -19.838 -2.322 14.392 -17.456  2.32
0.280280 13.064495 -18.212113 
0.391636 13.197234 -17.977327 
0.525201 13.855509 -17.460850 
0.309056 15.468701 -17.036133 
-0.438358 16.059313 -17.914761 
FEnd
FBeg
  155   CB LEU A  25  2343  CE3 TRP B  80 ali
2.342 10.780 -17.626 -2.288 14.534 -18.804  0.30
0.175689 12.716056 -18.911422 
0.280280 13.064495 -18.212113 
-0.255662 12.376507 -18.298104 
FEnd
FBeg
  157  CD1 LEU A  25  2343  CE3 TRP B  80 ali
0.936 9.649 -19.241 -2.288 14.534 -18.804  2.73
-0.137454 12.616739 -20.111450 
0.175689 12.716056 -18.911422 
-0.255662 12.376507 -18.298104 
-0.981331 11.903673 -18.366216 
-1.417954 11.736712 -19.721058 
-0.489633 12.416875 -20.475499 
FEnd
FBeg
  157  CD1 LEU A  25  2336    O TRP B  80 unk
0.936 9.649 -19.241 -3.140 12.570 -21.623  0.57
-1.417954 11.736712 -19.721058 
-0.489633 12.416875 -20.475499 
-0.515090 12.217809 -20.676048 
-1.173975 11.512712 -20.413234 
-1.419000 11.732485 -19.724452 
FEnd
FBeg
  196  CG2 VAL A  29  2661  CD1 LEU B 123 ali
1.364 15.513 -19.838 0.786 13.605 -23.562  4.19
2.215350 14.844137 -22.023084 
-0.375422 12.940332 -20.645553 
-0.558583 13.403158 -20.854254 
0.283542 15.889794 -22.258994 
2.246894 14.905525 -22.059432 
FEnd
FBeg
  196  CG2 VAL A  29  2660   CG LEU B 123 ali
1.364 15.513 -19.838 2.128 12.932 -23.534  0.00
2.351349 14.895216 -22.030641 
2.215350 14.844137 -22.023084 
2.246894 14.905525 -22.059432 
FEnd
FBeg
  196  CG2 VAL A  29  2685  CD1 LEU B 127 ali
1.364 15.513 -19.838 2.471 17.016 -23.316  4.87
3.689382 14.989562 -21.563992 
2.351349 14.895216 -22.030641 
2.246894 14.905525 -22.059432 
0.283542 15.889794 -22.258994 
0.078662 16.859655 -21.905084 
1.284610 17.081935 -21.425190 
1.811785 16.894815 -21.338260 
3.662566 15.096651 -21.526249 
3.697702 14.999627 -21.556994 
FEnd
FBeg
  188  CD1 LEU A  28  2685  CD1 LEU B 127 ali
5.973 13.175 -21.955 2.471 17.016 -23.316  2.59
3.779428 14.792432 -22.352028 
3.689382 14.989562 -21.563992 
3.697702 14.999627 -21.556994 
4.144018 15.361783 -21.683344 
4.803121 15.798706 -22.146208 
4.934891 15.261057 -24.002613 
4.543897 14.889067 -24.046370 
4.451303 14.823592 -23.992897 
FEnd
FBeg
  188  CD1 LEU A  28  2660   CG LEU B 123 ali
5.973 13.175 -21.955 2.128 12.932 -23.534  3.24
4.401893 12.177502 -23.465361 
3.779428 14.792432 -22.352028 
4.451303 14.823592 -23.992897 
4.616293 13.513021 -24.192972 
4.661105 12.937336 -24.213497 
FEnd
FBeg
  188  CD1 LEU A  28  2659   CB LEU B 123 ali
5.973 13.175 -21.955 2.304 11.846 -24.576  1.36
4.673544 10.804695 -23.149537 
4.401893 12.177502 -23.465361 
4.661105 12.937336 -24.213497 
5.040094 12.145600 -24.342568 
4.829013 10.938704 -23.435121 
FEnd
FBeg
  188  CD1 LEU A  28  2641   CA GLY B 120 ali
5.973 13.175 -21.955 5.262 8.312 -24.624  9.63
4.723066 10.319418 -22.278539 
4.673544 10.804695 -23.149537 
4.829013 10.938704 -23.435121 
7.004358 10.708716 -23.595569 
7.330114 10.645897 -23.567891 
9.930586 9.695417 -22.528831 
9.614819 9.472418 -22.038403 
7.229021 9.317089 -21.119832 
FEnd
FBeg
  152   CA LEU A  25  2662  CD2 LEU B 123 ali
3.634 11.572 -17.507 2.397 12.417 -22.174  1.69
2.768000 11.870091 -19.797425 
4.225488 12.052082 -20.150785 
4.134184 12.454769 -20.053674 
3.771190 12.979957 -19.862372 
2.398415 12.882924 -19.516083 
2.162983 12.807468 -19.467343 
FEnd
FBeg
  155   CB LEU A  25  2662  CD2 LEU B 123 ali
2.342 10.780 -17.626 2.397 12.417 -22.174  1.15
2.225099 11.587905 -19.905560 
2.768000 11.870091 -19.797425 
2.162983 12.807468 -19.467343 
2.052054 12.850591 -19.453163 
1.023666 12.588127 -19.560071 
FEnd
FBeg
  158  CD2 LEU A  25  2659   CB LEU B 123 ali
3.395 9.496 -19.562 2.304 11.846 -24.576  0.02
2.721613 9.165435 -22.746812 
2.567678 9.214979 -22.690097 
2.873859 9.292508 -22.720382 
FEnd
FBeg
  158  CD2 LEU A  25  2641   CA GLY B 120 ali
3.395 9.496 -19.562 5.262 8.312 -24.624  12.79
3.592570 7.253989 -21.978493 
2.721613 9.165435 -22.746812 
2.873859 9.292508 -22.720382 
4.723066 10.319418 -22.278539 
7.229021 9.317089 -21.119832 
7.143987 6.766143 -20.554529 
6.578334 6.672773 -20.741318 
FEnd
FBeg
  158  CD2 LEU A  25  2406   CB LEU B  87 ali
3.395 9.496 -19.562 0.357 5.329 -19.914  0.29
1.812304 7.578794 -21.156863 
2.169848 7.321212 -21.193433 
2.227893 7.235866 -20.684073 
1.906411 7.443855 -20.371651 
FEnd
FBeg
  157  CD1 LEU A  25  2662  CD2 LEU B 123 ali
0.936 9.649 -19.241 2.397 12.417 -22.174  6.76
1.690230 9.330436 -22.302464 
-0.515090 12.217809 -20.676048 
-0.489633 12.416875 -20.475499 
-0.137454 12.616739 -20.111450 
1.023666 12.588127 -19.560071 
2.225099 11.587905 -19.905560 
1.772292 9.304610 -22.285959 
FEnd
FBeg
  157  CD1 LEU A  25  2367   CB TYR B  83 ali
0.936 9.649 -19.241 -1.229 10.208 -23.169  5.36
0.522489 8.533569 -21.772242 
-0.952756 10.521200 -20.676267 
-1.173975 11.512712 -20.413234 
-0.515090 12.217809 -20.676048 
1.690230 9.330436 -22.302464 
0.525846 8.531887 -21.774332 
FEnd
FBeg
  157  CD1 LEU A  25  2365    C TYR B  83 ali
0.936 9.649 -19.241 -2.121 8.581 -21.419  3.13
-0.975977 9.410587 -20.099075 
-0.952756 10.521200 -20.676267 
0.522489 8.533569 -21.772242 
-0.539090 7.947324 -19.994760 
FEnd
FBeg
  157  CD1 LEU A  25  2375    N ALA B  84 unk
0.936 9.649 -19.241 -2.683 9.140 -20.366  1.69
-1.343859 10.769033 -19.530262 
-1.419000 11.732485 -19.724452 
-1.173975 11.512712 -20.413234 
-0.952756 10.521200 -20.676267 
-0.975977 9.410587 -20.099075 
FEnd
FBeg
  157  CD1 LEU A  25  2379   CB ALA B  84 ali
0.936 9.649 -19.241 -2.995 9.599 -17.968  6.52
-0.484174 8.342500 -16.970878 
-0.357701 9.959776 -16.516810 
-0.695910 11.770006 -17.490091 
-0.981331 11.903673 -18.366216 
-1.417954 11.736712 -19.721058 
-1.419000 11.732485 -19.724452 
-1.343859 10.769033 -19.530262 
FEnd
FBeg
  157  CD1 LEU A  25  2406   CB LEU B  87 ali
0.936 9.649 -19.241 0.357 5.329 -19.914  4.23
1.906411 7.443855 -20.371651 
-0.237658 7.337507 -17.844398 
-0.448894 7.674090 -19.823197 
0.771725 7.733223 -21.252909 
1.812304 7.578794 -21.156863 
FEnd
FBeg
  158  CD2 LEU A  25  2409  CD2 LEU B  87 ali
3.395 9.496 -19.562 2.238 5.809 -18.298  7.95
4.079096 7.727212 -17.556356 
5.388110 7.218165 -17.843006 
6.106837 6.737989 -18.585761 
6.292918 6.568009 -18.911251 
6.307600 6.470486 -19.182281 
2.227893 7.235866 -20.684073 
1.906411 7.443855 -20.371651 
1.994318 7.618582 -19.781519 
FEnd
FBeg
  138  CD1 LEU A  22  2409  CD2 LEU B  87 ali
-1.168 8.362 -14.071 2.238 5.809 -18.298  0.27
0.072019 7.671591 -16.911541 
0.360098 7.806293 -16.760772 
0.779096 7.821329 -16.432237 
0.788069 7.357327 -16.144760 
FEnd
FBeg
  157  CD1 LEU A  25  2419  CE2 PHE B  88 ali
0.936 9.649 -19.241 -0.904 5.045 -15.677  0.08
-0.302871 7.710886 -17.054326 
0.072019 7.671591 -16.911541 
-0.244646 7.455534 -17.354132 
FEnd
FBeg
  138  CD1 LEU A  22  2376   CA ALA B  84 ali
-1.168 8.362 -14.071 -2.612 8.604 -19.040  0.58
-1.853860 7.377088 -16.619862 
-1.917210 7.392088 -16.600722 
-0.484174 8.342500 -16.970878 
-0.302871 7.710886 -17.054326 
FEnd
FBeg
  138  CD1 LEU A  22  2378    O ALA B  84 unk
-1.168 8.362 -14.071 -2.926 6.372 -18.330  1.19
-3.914159 6.633023 -15.421765 
-4.455294 6.565790 -15.166985 
-4.669722 6.839933 -15.206568 
-4.526970 7.093997 -15.384202 
-3.512284 7.278152 -15.889083 
-1.917210 7.392088 -16.600722 
-1.853860 7.377088 -16.619862 
FEnd
FBeg
  133   CA LEU A  22  2420   CZ PHE B  88 ali
1.812 8.691 -13.633 0.299 4.556 -15.137  0.69
0.938887 6.597916 -14.432490 
1.274556 6.932753 -15.690747 
1.226905 7.026383 -15.900232 
0.937445 7.175395 -16.018723 
0.741394 7.109857 -15.641313 
0.634601 6.800003 -14.681987 
FEnd
FBeg
  130    C GLY A  21  2420   CZ PHE B  88 ali
3.620 7.423 -14.611 0.299 4.556 -15.137  0.89
1.274556 6.932753 -15.690747 
2.068742 5.833942 -14.715837 
2.197198 5.876844 -15.760712 
1.226905 7.026383 -15.900232 
FEnd
FBeg
  132    N LEU A  22  2420   CZ PHE B  88 unk
2.670 7.534 -13.712 0.299 4.556 -15.137  2.07
1.525888 5.721082 -13.576748 
2.130790 5.338136 -13.782929 
2.068742 5.833942 -14.715837 
1.274556 6.932753 -15.690747 
0.938887 6.597916 -14.432490 
FEnd
FBeg
  110    O ALA A  18  2420   CZ PHE B  88 unk
1.886 5.313 -11.887 0.299 4.556 -15.137  1.25
0.810314 4.656158 -12.979282 
2.438310 4.528275 -13.744458 
2.130790 5.338136 -13.782929 
1.525888 5.721082 -13.576748 
FEnd
FBeg
  139  CD2 LEU A  22  2419  CE2 PHE B  88 ali
-0.512 6.572 -12.515 -0.904 5.045 -15.677  8.11
-2.916292 3.500891 -12.819682 
-1.817329 3.683281 -13.044002 
0.107069 6.599106 -14.690691 
-4.465129 5.765959 -13.721521 
-4.462741 5.750234 -13.714223 
FEnd
FBeg
  106  CG2 THR A  17  2416  CD1 PHE B  88 ali
4.599 -0.020 -13.789 -0.266 2.343 -15.940  9.49
1.264662 0.367932 -13.860971 
1.177445 0.241806 -13.802266 
0.486382 -1.081361 -13.692839 
0.234376 -1.913909 -14.037470 
1.202482 -1.941819 -16.257733 
1.313652 -1.807109 -16.361184 
2.527784 -0.166442 -17.304865 
2.630699 0.402769 -16.912318 
2.624100 0.933458 -16.314401 
FEnd
FBeg
  111   CB ALA A  18  2418  CE1 PHE B  88 ali
0.456 2.358 -11.199 0.615 3.236 -15.246  3.51
0.050343 3.629925 -13.148243 
-1.897555 3.178026 -13.322813 
-1.950189 3.130901 -13.335104 
1.080362 0.493260 -13.788277 
FEnd
FBeg
  108   CA ALA A  18  2420   CZ PHE B  88 ali
1.778 2.897 -11.713 0.299 4.556 -15.137  1.75
2.552462 4.291688 -13.908398 
0.050343 3.629925 -13.148243 
-0.047146 4.149059 -12.854601 
0.810314 4.656158 -12.979282 
2.438310 4.528275 -13.744458 
FEnd
FBeg
  102    C THR A  17  2418  CE1 PHE B  88 ali
4.085 2.117 -11.916 0.615 3.236 -15.246  0.21
3.134274 2.368889 -14.501615 
3.161725 2.526938 -14.477110 
2.974459 2.799041 -14.190535 
2.698893 1.980825 -14.178333 
FEnd
FBeg
  106  CG2 THR A  17  2418  CE1 PHE B  88 ali
4.599 -0.020 -13.789 0.615 3.236 -15.246  3.32
2.624100 0.933458 -16.314401 
3.134274 2.368889 -14.501615 
2.698893 1.980825 -14.178333 
1.264662 0.367932 -13.860971 
FEnd
FBeg
  381   CZ PHE A  54  2418  CE1 PHE B  88 aro
5.724 2.231 -17.348 0.615 3.236 -15.246  0.16
2.689955 2.552016 -17.375785 
2.586339 1.659754 -17.201022 
2.495954 2.073327 -17.618443 
FEnd
FBeg
  129   CA GLY A  21  2418  CE1 PHE B  88 ali
4.420 6.148 -14.565 0.615 3.236 -15.246  1.75
2.753374 4.509331 -15.961619 
3.118817 4.072497 -16.135557 
3.285995 3.493292 -14.592924 
2.945795 3.818631 -14.083267 
2.552462 4.291688 -13.908398 
FEnd
FBeg
  129   CA GLY A  21  2420   CZ PHE B  88 ali
4.420 6.148 -14.565 0.299 4.556 -15.137  3.03
2.197198 5.876844 -15.760712 
2.753374 4.509331 -15.961619 
2.552462 4.291688 -13.908398 
2.438310 4.528275 -13.744458 
2.130790 5.338136 -13.782929 
2.068742 5.833942 -14.715837 
FEnd
FBeg
  130    C GLY A  21  2409  CD2 LEU B  87 ali
3.620 7.423 -14.611 2.238 5.809 -18.298  3.62
4.142546 7.052578 -17.004570 
2.388200 7.793143 -16.671173 
1.532868 7.818574 -16.361701 
1.226905 7.026383 -15.900232 
2.197198 5.876844 -15.760712 
FEnd
FBeg
  131    O GLY A  21  2409  CD2 LEU B  87 unk
3.820 8.279 -15.460 2.238 5.809 -18.298  1.54
5.442177 7.097729 -17.768326 
5.388110 7.218165 -17.843006 
4.079096 7.727212 -17.556356 
2.388200 7.793143 -16.671173 
4.142546 7.052578 -17.004570 
FEnd
FBeg
  158  CD2 LEU A  25  2408  CD1 LEU B  87 ali
3.395 9.496 -19.562 2.742 4.528 -20.320  7.12
7.071114 6.553641 -20.385035 
6.578334 6.672773 -20.741318 
3.592570 7.253989 -21.978493 
2.169848 7.321212 -21.193433 
2.227893 7.235866 -20.684073 
6.307600 6.470486 -19.182281 
6.779888 6.519637 -19.911288 
FEnd
FBeg
  380  CE2 PHE A  54  2613   CA GLY B 116 ali
6.938 2.572 -17.881 5.449 2.655 -23.499  14.12
5.124622 2.426059 -20.346523 
6.747835 5.426997 -20.732405 
7.449343 5.273147 -20.920607 
9.251802 3.748144 -21.420863 
9.280641 2.068083 -21.453327 
9.270319 2.053701 -21.450804 
7.598605 0.838104 -21.025690 
5.544216 0.719007 -20.482953 
FEnd
FBeg
  381   CZ PHE A  54  2409  CD2 LEU B  87 ali
5.724 2.231 -17.348 2.238 5.809 -18.298  2.26
3.619590 3.525601 -17.986613 
3.137648 3.206251 -17.420913 
5.127424 5.148471 -17.407332 
5.473013 5.424875 -17.634435 
5.227319 4.957528 -18.493044 
FEnd
FBeg
  381   CZ PHE A  54  2407   CG LEU B  87 ali
5.724 2.231 -17.348 1.691 4.856 -19.302  1.48
2.680366 1.779563 -18.393708 
2.418341 1.728705 -17.921216 
2.495954 2.073327 -17.618443 
2.689955 2.552016 -17.375785 
3.137648 3.206251 -17.420913 
3.619590 3.525601 -17.986613 
FEnd
FBeg
  381   CZ PHE A  54  2613   CA GLY B 116 ali
5.724 2.231 -17.348 5.449 2.655 -23.499  1.31
5.451521 0.711143 -20.479351 
3.990999 0.882260 -20.402258 
5.124622 2.426059 -20.346523 
5.544216 0.719007 -20.482953 
FEnd
FBeg
  380  CE2 PHE A  54  2593  CG1 VAL B 112 ali
6.938 2.572 -17.881 4.961 -2.846 -20.534  1.78
7.898082 -0.340509 -20.110660 
7.604297 -0.118460 -20.345206 
5.563528 0.683303 -20.461811 
6.352090 -0.205483 -19.234347 
FEnd
FBeg
  416  CD2 LEU A  58  2593  CG1 VAL B 112 ali
5.694 -2.991 -16.481 4.961 -2.846 -20.534  12.54
5.597338 -4.557797 -18.614949 
5.919502 -3.315822 -18.628780 
4.867785 -0.544020 -18.339409 
3.183276 -0.483402 -18.032591 
2.571964 -1.922849 -17.973531 
2.191522 -4.273519 -17.988824 
4.694580 -4.974550 -18.466591 
FEnd
FBeg
  415  CD1 LEU A  58  2595    N GLY B 113 unk
7.796 -3.548 -17.536 7.501 -2.597 -23.445  0.73
8.354954 -3.506518 -20.713271 
8.106537 -2.950747 -20.611423 
8.180527 -2.045568 -20.469436 
9.039384 -2.928434 -20.654403 
8.725461 -3.310304 -20.700189 
FEnd
FBeg
  415  CD1 LEU A  58  2570    O LEU B 109 unk
7.796 -3.548 -17.536 8.784 -5.053 -22.945  0.11
8.222781 -4.139960 -20.561165 
8.354954 -3.506518 -20.713271 
8.725461 -3.310304 -20.700189 
FEnd
FBeg
  415  CD1 LEU A  58  2568   CA LEU B 109 ali
7.796 -3.548 -17.536 8.885 -7.160 -21.835  0.01
7.882185 -4.793741 -20.272325 
7.997605 -4.652520 -20.361740 
7.976692 -4.821699 -20.224895 
FEnd
FBeg
  445  CD1 LEU A  62  2593  CG1 VAL B 112 ali
7.125 -6.639 -18.021 4.961 -2.846 -20.534  0.57
4.694580 -4.974550 -18.466591 
5.597338 -4.557797 -18.614949 
6.238768 -4.600305 -19.231457 
5.363339 -4.980559 -19.051544 
FEnd
FBeg
  416  CD2 LEU A  58  2594  CG2 VAL B 112 ali
5.694 -2.991 -16.481 4.183 -5.033 -21.401  2.03
4.079699 -5.363640 -18.116265 
4.694580 -4.974550 -18.466591 
2.191522 -4.273519 -17.988824 
1.856377 -4.670782 -17.721016 
2.425558 -5.339209 -17.618395 
FEnd
FBeg
  446  CD2 LEU A  62  2594  CG2 VAL B 112 ali
5.487 -8.101 -16.918 4.183 -5.033 -21.401  3.37
4.604089 -6.816228 -19.262896 
4.079699 -5.363640 -18.116265 
2.425558 -5.339209 -17.618395 
2.474306 -5.796625 -17.945613 
2.944184 -7.005105 -18.909329 
FEnd
FBeg
  446  CD2 LEU A  62  2565  CG2 ILE B 108 ali
5.487 -8.101 -16.918 4.789 -9.185 -20.774  13.00
2.944184 -7.005105 -18.909329 
4.604089 -6.816228 -19.262896 
7.130484 -9.436126 -18.983709 
7.003782 -10.397113 -18.690621 
6.270559 -11.075071 -18.367307 
3.483189 -10.476678 -18.030968 
2.968164 -8.833734 -18.399604 
FEnd
FBeg
  446  CD2 LEU A  62  2473  CD2 LEU B  95 ali
5.487 -8.101 -16.918 0.322 -10.172 -18.932  7.74
3.483189 -10.476678 -18.030968 
3.461287 -12.169766 -16.233794 
2.477808 -11.703962 -14.190603 
2.408980 -11.571373 -14.150429 
2.550865 -9.009544 -17.148635 
2.968164 -8.833734 -18.399604 
FEnd
FBeg
  446  CD2 LEU A  62  2566  CD1 ILE B 108 ali
5.487 -8.101 -16.918 4.145 -12.182 -20.779  6.68
6.270559 -11.075071 -18.367307 
4.603167 -13.129169 -15.616617 
4.555557 -13.164701 -15.562513 
4.337361 -13.121690 -15.532134 
3.461287 -12.169766 -16.233794 
3.483189 -10.476678 -18.030968 
FEnd
FBeg
  443   CB LEU A  62  2565  CG2 ILE B 108 ali
7.916 -8.259 -16.386 4.789 -9.185 -20.774  0.37
7.130484 -9.436126 -18.983709 
7.003782 -10.397113 -18.690621 
7.178986 -10.288684 -18.838357 
7.607591 -9.606823 -19.287685 
7.635707 -9.532321 -19.323444 
FEnd
FBeg
  443   CB LEU A  62  2563   CB ILE B 108 ali
7.916 -8.259 -16.386 5.506 -10.209 -21.644  0.07
7.178986 -10.288684 -18.838357 
7.607591 -9.606823 -19.287685 
7.458674 -10.134967 -19.023560 
FEnd
FBeg
  446  CD2 LEU A  62  2471   CG LEU B  95 ali
5.487 -8.101 -16.918 -0.010 -8.708 -18.837  3.33
2.474306 -5.796625 -17.945613 
2.944184 -7.005105 -18.909329 
2.968164 -8.833734 -18.399604 
2.550865 -9.009544 -17.148635 
FEnd
FBeg
  446  CD2 LEU A  62  2472  CD1 LEU B  95 ali
5.487 -8.101 -16.918 -0.451 -8.369 -17.428  12.36
2.425558 -5.339209 -17.618395 
2.474306 -5.796625 -17.945613 
2.550865 -9.009544 -17.148635 
2.408980 -11.571373 -14.150429 
2.312135 -10.011505 -13.842546 
2.306346 -9.745795 -13.914772 
2.295144 -7.659291 -14.880783 
2.350239 -5.414539 -16.701863 
FEnd
FBeg
  445  CD1 LEU A  62  2565  CG2 ILE B 108 ali
7.125 -6.639 -18.021 4.789 -9.185 -20.774  4.63
7.656289 -9.463373 -19.404672 
7.635707 -9.532321 -19.323444 
7.130484 -9.436126 -18.983709 
4.604089 -6.816228 -19.262896 
6.073950 -6.793250 -20.531366 
6.862540 -7.832192 -20.239685 
FEnd
FBeg
  445  CD1 LEU A  62  2542    O GLN B 105 unk
7.125 -6.639 -18.021 8.941 -10.977 -21.243  0.04
8.416718 -9.182309 -19.354491 
7.635707 -9.532321 -19.323444 
7.656289 -9.463373 -19.404672 
FEnd
FBeg
  445  CD1 LEU A  62  2568   CA LEU B 109 ali
7.125 -6.639 -18.021 8.885 -7.160 -21.835  6.10
8.928434 -7.180388 -19.463504 
8.377712 -8.881460 -19.485269 
6.923716 -7.561480 -20.336539 
6.483825 -6.394958 -20.698879 
6.541162 -6.270128 -20.689473 
7.882185 -4.793741 -20.272325 
7.976692 -4.821699 -20.224895 
FEnd
FBeg
  443   CB LEU A  62  2567    N LEU B 109 unk
7.916 -8.259 -16.386 8.009 -8.301 -22.108  0.00
8.424975 -9.179397 -19.354378 
8.416718 -9.182309 -19.354491 
8.424657 -9.178332 -19.354391 
FEnd
FBeg
  445  CD1 LEU A  62  2573  CD1 LEU B 109 ali
7.125 -6.639 -18.021 10.780 -5.732 -19.780  5.90
9.559394 -5.616950 -17.346281 
7.976692 -4.821699 -20.224895 
8.928434 -7.180388 -19.463504 
9.499581 -7.984087 -18.691141 
9.799965 -6.364767 -17.232001 
FEnd
FBeg
  415  CD1 LEU A  58  2573  CD1 LEU B 109 ali
7.796 -3.548 -17.536 10.780 -5.732 -19.780  12.35
10.687847 -3.669016 -17.741550 
10.974850 -2.210729 -18.779198 
10.931677 -1.665043 -19.367704 
10.671671 -1.382488 -19.988451 
9.039384 -2.928434 -20.654403 
8.725461 -3.310304 -20.700189 
8.222781 -4.139960 -20.561165 
7.997605 -4.652520 -20.361740 
7.976692 -4.821699 -20.224895 
9.559394 -5.616950 -17.346281 
FEnd
FBeg
  422   OG SER A  59  2573  CD1 LEU B 109 unk
12.632 -3.695 -16.405 10.780 -5.732 -19.780  11.83
13.302722 -5.451099 -18.100853 
14.375412 -2.378287 -20.544094 
13.959621 -1.930688 -20.586083 
11.543662 -1.821827 -19.326052 
10.974850 -2.210729 -18.779198 
10.687847 -3.669016 -17.741550 
11.463425 -4.552616 -17.633840 
FEnd
FBeg
  457  CD1 TYR A  64  2573  CD1 LEU B 109 ali
12.063 -9.336 -17.225 10.780 -5.732 -19.780  3.45
12.758116 -6.530459 -17.619708 
12.733475 -6.522660 -17.596333 
12.053080 -6.570506 -17.322162 
10.465524 -7.018830 -17.157357 
9.996815 -7.966070 -18.258140 
11.279406 -7.890013 -18.794912 
FEnd
FBeg
  421   CB SER A  59  2574  CD2 LEU B 109 ali
12.497 -4.540 -15.311 12.645 -7.043 -20.610  1.23
15.327974 -5.606433 -17.970915 
13.302722 -5.451099 -18.100853 
12.776136 -6.506520 -17.617029 
FEnd
FBeg
  422   OG SER A  59  2574  CD2 LEU B 109 unk
12.632 -3.695 -16.405 12.645 -7.043 -20.610  7.09
16.695244 -5.298494 -18.211867 
14.375412 -2.378287 -20.544094 
13.302722 -5.451099 -18.100853 
15.327974 -5.606433 -17.970915 
FEnd
FBeg
  457  CD1 TYR A  64  2574  CD2 LEU B 109 ali
12.063 -9.336 -17.225 12.645 -7.043 -20.610  2.51
13.271604 -8.697396 -18.999305 
13.289866 -8.695888 -18.995143 
13.293286 -8.688000 -18.989212 
12.860998 -6.641831 -17.677463 
12.758116 -6.530459 -17.619708 
11.279406 -7.890013 -18.794912 
FEnd
FBeg
  459  CE1 TYR A  64  2574  CD2 LEU B 109 ali
11.647 -10.084 -18.325 12.645 -7.043 -20.610  2.39
11.749010 -9.269103 -20.425174 
13.271604 -8.697396 -18.999305 
11.279406 -7.890013 -18.794912 
11.048141 -8.033857 -19.087356 
11.046485 -8.068653 -19.134386 
FEnd
FBeg
  462   OH TYR A  64  2549   CA GLY B 106 unk
12.303 -11.623 -20.123 10.958 -11.650 -22.891  38.79
10.870096 -10.553819 -20.632737 
11.097154 -11.650049 -20.732374 
15.124045 -16.627152 -22.640533 
16.170064 -17.030810 -23.144867 
20.848159 -17.167798 -25.416666 
14.756223 -10.044496 -22.526014 
13.264626 -9.856243 -21.803068 
FEnd
FBeg
  462   OH TYR A  64  2548    N GLY B 106 hbd
12.303 -11.623 -20.123 10.231 -12.566 -22.036  8.07
11.097154 -11.650049 -20.732374 
15.124045 -16.627152 -22.640533 
14.120988 -16.841328 -21.448530 
13.326606 -16.253407 -20.877934 
11.075746 -12.584602 -20.248504 
FEnd
FBeg
  462   OH TYR A  64  2543   CB GLN B 105 unk
12.303 -11.623 -20.123 9.271 -13.629 -19.273  8.56
13.326606 -16.253407 -20.877934 
14.136281 -16.661028 -18.951761 
12.217443 -13.666900 -18.730226 
10.771221 -11.868580 -19.644949 
10.729953 -11.821988 -19.682199 
11.075746 -12.584602 -20.248504 
FEnd
FBeg
  462   OH TYR A  64  2544   CG GLN B 105 unk
12.303 -11.623 -20.123 9.236 -12.715 -18.091  0.00
10.771221 -11.868580 -19.644949 
10.725796 -11.804622 -19.679140 
10.729953 -11.821988 -19.682199 
FEnd
FBeg
  461   CZ TYR A  64  2543   CB GLN B 105 ali
12.601 -10.834 -19.043 9.271 -13.629 -19.273  0.42
12.217443 -13.666900 -18.730226 
10.771221 -11.868580 -19.644949 
11.747437 -13.113235 -18.653593 
FEnd
FBeg
  461   CZ TYR A  64  2545   CD GLN B 105 aro
12.601 -10.834 -19.043 9.995 -13.338 -16.935  0.18
11.747437 -13.113235 -18.653593 
12.217443 -13.666900 -18.730226 
12.490745 -13.882328 -18.648255 
11.657004 -12.849457 -18.452060 
FEnd
FBeg
  461   CZ TYR A  64  2547  NE2 GLN B 105 unk
12.601 -10.834 -19.043 10.996 -12.628 -16.419  3.43
12.490745 -13.882328 -18.648255 
13.124535 -14.280097 -18.532542 
12.658629 -11.482324 -16.904711 
11.301543 -12.045360 -18.119730 
11.657004 -12.849457 -18.452060 
FEnd
FBeg
  460  CE2 TYR A  64  2547  NE2 GLN B 105 unk
13.911 -10.848 -18.644 10.996 -12.628 -16.419  19.78
13.124535 -14.280097 -18.532542 
12.658629 -11.482324 -16.904711 
12.665719 -11.469483 -16.885151 
12.685682 -11.469567 -16.859063 
15.311496 -14.393676 -15.758239 
16.396091 -16.133843 -15.729431 
17.400566 -19.000357 -16.706667 
14.636792 -16.905496 -18.651634 
14.281025 -16.374122 -18.692628 
FEnd
FBeg
  450    O GLY A  63  2547  NE2 GLN B 105 hbd
12.571 -11.597 -13.438 10.996 -12.628 -16.419  19.28
15.311496 -14.393676 -15.758239 
13.403749 -11.859339 -15.626807 
13.110489 -11.689048 -15.530760 
11.297553 -13.004754 -14.117856 
10.863583 -14.489314 -13.375124 
15.311540 -17.614585 -14.644288 
16.396091 -16.133843 -15.729431 
FEnd
FBeg
  448   CA GLY A  63  2547  NE2 GLN B 105 unk
10.394 -10.772 -13.061 10.996 -12.628 -16.419  4.30
11.297553 -13.004754 -14.117856 
10.706758 -10.856547 -15.411105 
10.545428 -11.028314 -15.345090 
9.472026 -12.463689 -14.744176 
10.009454 -13.847113 -13.883197 
10.863583 -14.489314 -13.375124 
FEnd
FBeg
  448   CA GLY A  63  2546  OE1 GLN B 105 unk
10.394 -10.772 -13.061 9.686 -14.451 -16.521  2.84
10.009454 -13.847113 -13.883197 
10.863583 -14.489314 -13.375124 
10.728684 -15.206258 -12.585198 
7.782181 -13.486938 -13.810416 
8.135761 -13.372160 -14.004810 
FEnd
FBeg
  441    C LEU A  62  2547  NE2 GLN B 105 unk
8.801 -9.928 -14.758 10.996 -12.628 -16.419  0.06
10.706758 -10.856547 -15.411105 
10.867788 -10.582719 -15.643420 
10.785969 -10.582686 -15.751597 
10.545428 -11.028314 -15.345090 
FEnd
FBeg
  449    C GLY A  63  2547  NE2 GLN B 105 unk
11.827 -10.647 -13.508 10.996 -12.628 -16.419  3.75
13.110489 -11.689048 -15.530760 
12.872839 -11.432905 -15.637229 
12.397230 -11.099272 -15.728502 
10.867788 -10.582719 -15.643420 
10.706758 -10.856547 -15.411105 
11.297553 -13.004754 -14.117856 
FEnd
FBeg
  456   CG TYR A  64  2547  NE2 GLN B 105 unk
13.407 -9.304 -16.832 10.996 -12.628 -16.419  0.62
12.872839 -11.432905 -15.637229 
13.303298 -11.749694 -15.673958 
12.706231 -11.451137 -16.756586 
12.397230 -11.099272 -15.728502 
FEnd
FBeg
  452   CA TYR A  64  2547  NE2 GLN B 105 unk
13.628 -9.299 -14.285 10.996 -12.628 -16.419  0.06
13.403749 -11.859339 -15.626807 
13.303298 -11.749694 -15.673958 
12.872839 -11.432905 -15.637229 
13.110489 -11.689048 -15.530760 
FEnd
FBeg
  458  CD2 TYR A  64  2547  NE2 GLN B 105 unk
14.314 -10.072 -17.544 10.996 -12.628 -16.419  2.18
12.685682 -11.469567 -16.859063 
12.706231 -11.451137 -16.756586 
13.303298 -11.749694 -15.673958 
13.403749 -11.859339 -15.626807 
15.311496 -14.393676 -15.758239 
FEnd
FBeg
  457  CD1 TYR A  64  2547  NE2 GLN B 105 unk
12.063 -9.336 -17.225 10.996 -12.628 -16.419  2.23
12.665719 -11.469483 -16.885151 
10.375351 -10.651282 -16.575352 
10.785969 -10.582686 -15.751597 
10.867788 -10.582719 -15.643420 
12.397230 -11.099272 -15.728502 
12.706231 -11.451137 -16.756586 
12.685682 -11.469567 -16.859063 
FEnd
FBeg
  462   OH TYR A  64  2547  NE2 GLN B 105 hbd
12.303 -11.623 -20.123 10.996 -12.628 -16.419  0.47
12.490745 -13.882328 -18.648255 
13.124535 -14.280097 -18.532542 
14.281025 -16.374122 -18.692628 
FEnd
FBeg
  462   OH TYR A  64  2545   CD GLN B 105 unk
12.303 -11.623 -20.123 9.995 -13.338 -16.935  0.99
14.136281 -16.661028 -18.951761 
14.556207 -16.936876 -18.796143 
14.611323 -16.937451 -18.756550 
14.281025 -16.374122 -18.692628 
12.490745 -13.882328 -18.648255 
12.217443 -13.666900 -18.730226 
FEnd
FBeg
  462   OH TYR A  64  2541    C GLN B 105 unk
12.303 -11.623 -20.123 9.247 -12.151 -21.278  1.13
10.870096 -10.553819 -20.632737 
11.097154 -11.650049 -20.732374 
11.075746 -12.584602 -20.248504 
10.729953 -11.821988 -19.682199 
10.725796 -11.804622 -19.679140 
FEnd
FBeg
  461   CZ TYR A  64  2541    C GLN B 105 ali
12.601 -10.834 -19.043 9.247 -12.151 -21.278  0.37
10.777564 -10.290429 -20.649082 
10.870096 -10.553819 -20.632737 
10.725796 -11.804622 -19.679140 
10.579964 -11.518351 -19.628982 
FEnd
FBeg
  459  CE1 TYR A  64  2571   CB LEU B 109 ali
11.647 -10.084 -18.325 10.275 -7.616 -21.367  5.22
8.848019 -9.340682 -19.174844 
9.741560 -8.129655 -18.595332 
11.005946 -8.045629 -19.097423 
11.046485 -8.068653 -19.134386 
11.749010 -9.269103 -20.425174 
10.855611 -10.125837 -20.717309 
10.752607 -10.152619 -20.692580 
FEnd
FBeg
  443   CB LEU A  62  2542    O GLN B 105 unk
7.916 -8.259 -16.386 8.941 -10.977 -21.243  0.88
8.749960 -9.780908 -18.949186 
8.848019 -9.340682 -19.174844 
8.424975 -9.179397 -19.354378 
8.416718 -9.182309 -19.354491 
7.635707 -9.532321 -19.323444 
7.607591 -9.606823 -19.287685 
7.458674 -10.134967 -19.023560 
FEnd
FBeg
  459  CE1 TYR A  64  2541    C GLN B 105 ali
11.647 -10.084 -18.325 9.247 -12.151 -21.278  1.10
10.579964 -11.518351 -19.628982 
9.571066 -10.579345 -19.466290 
10.748605 -10.236742 -20.663125 
10.777564 -10.290429 -20.649082 
FEnd
FBeg
  461   CZ TYR A  64  2544   CG GLN B 105 ali
12.601 -10.834 -19.043 9.236 -12.715 -18.091  1.39
11.301543 -12.045360 -18.119730 
11.657004 -12.849457 -18.452060 
11.747437 -13.113235 -18.653593 
10.771221 -11.868580 -19.644949 
10.725796 -11.804622 -19.679140 
10.579964 -11.518351 -19.628982 
FEnd
FBeg
  459  CE1 TYR A  64  2547  NE2 GLN B 105 unk
11.647 -10.084 -18.325 10.996 -12.628 -16.419  2.56
10.082555 -10.819852 -16.900353 
11.301543 -12.045360 -18.119730 
12.658629 -11.482324 -16.904711 
12.665719 -11.469483 -16.885151 
10.375351 -10.651282 -16.575352 
FEnd
FBeg
  443   CB LEU A  62  2544   CG GLN B 105 ali
7.916 -8.259 -16.386 9.236 -12.715 -18.091  4.39
6.758795 -11.134773 -16.952420 
9.330650 -10.180236 -17.455979 
8.749960 -9.780908 -18.949186 
7.458674 -10.134967 -19.023560 
7.178986 -10.288684 -18.838357 
7.003782 -10.397113 -18.690621 
6.580468 -11.173784 -16.988524 
FEnd
FBeg
  440   CA LEU A  62  2544   CG GLN B 105 ali
7.771 -8.865 -15.015 9.236 -12.715 -18.091  0.06
6.103611 -11.657386 -16.610347 
6.758795 -11.134773 -16.952420 
6.580468 -11.173784 -16.988524 
FEnd
FBeg
  446  CD2 LEU A  62  2544   CG GLN B 105 ali
5.487 -8.101 -16.918 9.236 -12.715 -18.091  2.86
4.603167 -13.129169 -15.616617 
6.103611 -11.657386 -16.610347 
6.580468 -11.173784 -16.988524 
7.003782 -10.397113 -18.690621 
6.270559 -11.075071 -18.367307 
FEnd
FBeg
  442    O LEU A  62  2547  NE2 GLN B 105 hbd
9.015 -10.797 -15.584 10.996 -12.628 -16.419  2.50
9.472026 -12.463689 -14.744176 
9.653316 -11.506602 -16.412789 
10.082555 -10.819852 -16.900353 
10.375351 -10.651282 -16.575352 
10.785969 -10.582686 -15.751597 
10.545428 -11.028314 -15.345090 
FEnd
FBeg
  448   CA GLY A  63  2545   CD GLN B 105 ali
10.394 -10.772 -13.061 9.995 -13.338 -16.935  1.41
8.135761 -13.372160 -14.004810 
10.009454 -13.847113 -13.883197 
9.472026 -12.463689 -14.744176 
FEnd
FBeg
    9   CA GLY A   6  2037   NZ LYS B  41 unk
2.835 -14.653 -8.324 -1.586 -15.667 -11.768  31.14
-2.228457 -15.064915 -6.743137 
-1.888358 -18.022442 -6.308947 
-0.917760 -19.364492 -7.159753 
0.169504 -18.833894 -8.711675 
1.030040 -17.324991 -10.260588 
1.709798 -11.582829 -12.823818 
0.817220 -11.895589 -11.585947 
-0.277030 -12.740188 -9.932607 
FEnd

+-+CCS_record::Boundary loops before union-find
Start boundary loop loop_id 0  init_edge IE_A_B
xyz 6.29292 6.56801 -18.9113
xyz 6.3076 6.47049 -19.1823
xyz 6.77989 6.51964 -19.9113
xyz 6.23523 6.34047 -19.118
xyz 5.60046 5.5983 -17.7247
xyz 6.0653 6.46358 -18.075
xyz 5.44218 7.09773 -17.7683
xyz 5.38811 7.21817 -17.843
xyz 6.10684 6.73799 -18.5858
End loop
Boundary info init_edge IE_A_B [total exposed]: 7.525006 7.525006
Start boundary loop loop_id 1  init_edge IE_A_B
xyz -0.766259 11.5998 -15.8047
xyz -3.77423 11.8626 -14.311
xyz -3.87706 11.2875 -14.4454
xyz -4.72813 6.83558 -15.0766
xyz -4.66972 6.83993 -15.2066
xyz -4.45529 6.56579 -15.167
xyz -3.91416 6.63302 -15.4218
xyz -4.46352 5.77873 -13.7476
xyz -4.46513 5.76596 -13.7215
xyz -4.46274 5.75023 -13.7142
xyz -2.91629 3.50089 -12.8197
xyz -2.13661 3.12496 -13.282
xyz -2.0222 3.11282 -13.3241
xyz -2.74078 1.52299 -13.2096
xyz -2.4191 0.186049 -13.2544
xyz -0.673549 -1.63375 -13.5144
xyz 0.486382 -1.08136 -13.6928
xyz 0.234376 -1.91391 -14.0375
xyz 1.20248 -1.94182 -16.2577
xyz 1.31365 -1.80711 -16.3612
xyz 2.52778 -0.166442 -17.3049
xyz 2.6307 0.402769 -16.9123
xyz 2.6241 0.933458 -16.3144
xyz 2.58634 1.65975 -17.201
xyz 2.49595 2.07333 -17.6184
xyz 2.41834 1.72871 -17.9212
xyz 2.68037 1.77956 -18.3937
xyz 3.54836 0.927054 -19.9235
xyz 3.83702 0.832554 -20.2862
xyz 3.18328 -0.483402 -18.0326
xyz 2.57196 -1.92285 -17.9735
xyz 2.19152 -4.27352 -17.9888
xyz 1.85638 -4.67078 -17.721
xyz 2.42556 -5.33921 -17.6184
xyz 2.35024 -5.41454 -16.7019
xyz 2.29514 -7.65929 -14.8808
xyz 2.30635 -9.7458 -13.9148
xyz 2.31213 -10.0115 -13.8425
xyz 2.40898 -11.5714 -14.1504
xyz 2.47781 -11.704 -14.1906
xyz 3.46129 -12.1698 -16.2338
xyz 4.33736 -13.1217 -15.5321
xyz 4.55556 -13.1647 -15.5625
xyz 4.60317 -13.1292 -15.6166
xyz 4.57475 -13.1876 -15.5744
xyz 5.38576 -13.5675 -15.2123
xyz 6.40076 -13.3642 -15.2783
xyz 8.13576 -13.3722 -14.0048
xyz 7.78218 -13.4869 -13.8104
xyz 10.7287 -15.2063 -12.5852
xyz 10.8636 -14.4893 -13.3751
xyz 15.3115 -17.6146 -14.6443
xyz 16.3961 -16.1338 -15.7294
xyz 17.4006 -19.0004 -16.7067
xyz 14.6368 -16.9055 -18.6516
xyz 14.281 -16.3741 -18.6926
xyz 14.6113 -16.9375 -18.7565
xyz 14.5562 -16.9369 -18.7961
xyz 14.1363 -16.661 -18.9518
xyz 13.3266 -16.2534 -20.8779
xyz 14.121 -16.8413 -21.4485
xyz 15.124 -16.6272 -22.6405
xyz 16.1701 -17.0308 -23.1449
xyz 20.8482 -17.1678 -25.4167
xyz 14.7562 -10.0445 -22.526
xyz 25.9203 -10.3145 -30.2376
xyz 28.2869 -9.91174 -30.9821
xyz 20.8173 -7.92946 -22.3356
xyz 17.5692 -5.95556 -18.6174
xyz 17.3885 -5.4522 -18.4253
xyz 16.6952 -5.29849 -18.2119
xyz 14.3754 -2.37829 -20.5441
xyz 13.9596 -1.93069 -20.5861
xyz 11.5437 -1.82183 -19.3261
xyz 10.9748 -2.21073 -18.7792
xyz 10.9317 -1.66504 -19.3677
xyz 10.6717 -1.38249 -19.9885
xyz 9.03938 -2.92843 -20.6544
xyz 8.18053 -2.04557 -20.4694
xyz 8.10044 -1.00865 -20.1509
xyz 7.89808 -0.340509 -20.1107
xyz 7.6043 -0.11846 -20.3452
xyz 5.56353 0.683303 -20.4618
xyz 5.45152 0.711143 -20.4794
xyz 5.54422 0.719007 -20.483
xyz 7.5986 0.838104 -21.0257
xyz 9.27032 2.0537 -21.4508
xyz 9.28064 2.06808 -21.4533
xyz 9.2518 3.74814 -21.4209
xyz 7.44934 5.27315 -20.9206
xyz 6.74783 5.427 -20.7324
xyz 7.07111 6.55364 -20.385
xyz 6.57833 6.67277 -20.7413
xyz 7.14399 6.76614 -20.5545
xyz 7.22902 9.31709 -21.1198
xyz 9.61482 9.47242 -22.0384
xyz 9.93059 9.69542 -22.5288
xyz 10.3023 9.53936 -22.4659
xyz 11.6715 10.6325 -22.4876
xyz 11.7251 10.7445 -22.499
xyz 13.0312 12.2815 -23.274
xyz 12.3393 15.1457 -24.527
xyz 12.3392 15.1458 -24.5271
xyz 11.6253 15.304 -24.5549
xyz 12.3916 15.3528 -24.5336
xyz 11.7842 16.9317 -26.2009
xyz 10.5437 17.2051 -26.5949
xyz 8.0048 17.3318 -28.2615
xyz 7.61593 18.9328 -28.519
xyz 7.64582 19.3924 -28.5
xyz 7.74635 19.7412 -28.4346
xyz 6.31284 21.1097 -27.1533
xyz 6.37788 21.6531 -26.3677
xyz 6.71312 21.7097 -26.1425
xyz 9.76523 22.9734 -25.1356
xyz 9.62564 23.2559 -24.8933
xyz 9.74401 23.8719 -25.0148
xyz 10.1563 25.7022 -24.8915
xyz 10.1555 25.7124 -24.8892
xyz 10.314 26.8289 -25.636
xyz 11.2841 30.0021 -29.9091
xyz 9.40468 32.3905 -31.2864
xyz 6.22584 31.2981 -27.8104
xyz 4.339 29.8872 -24.8847
xyz 4.36456 29.1664 -24.0874
xyz 3.91685 29.4671 -24.2787
xyz 3.70045 28.3519 -24.3859
xyz 4.08596 26.6981 -24.2374
xyz 3.64693 25.9428 -24.186
xyz 3.08389 23.3605 -25.0539
xyz 3.25798 23.0169 -25.0833
xyz 3.43703 22.9228 -25.046
xyz 3.40835 22.4887 -24.7833
xyz 3.31463 22.3838 -24.7105
xyz 3.22344 21.5198 -24.4027
xyz 3.09108 21.3138 -24.402
xyz 2.71166 20.6183 -23.6791
xyz 2.47443 20.0798 -22.5137
xyz 2.47444 20.0795 -22.5118
xyz 2.47068 20.0782 -22.5098
xyz 1.47293 19.8305 -21.8643
xyz 0.635956 19.8784 -21.8623
xyz -0.0569854 20.9343 -20.4427
xyz -0.0398801 21.4188 -19.7655
xyz -1.52847 22.0139 -16.5514
xyz -1.52749 22.1055 -16.3627
xyz -1.50376 21.3369 -16.3892
xyz -2.74774 22.5497 -15.6187
xyz -3.71091 22.522 -14.7438
xyz -4.21627 17.4761 -12.8368
xyz -4.47414 14.7586 -10.6689
xyz -4.64133 13.9025 -10.134
xyz -4.00097 13.2191 -10.6554
xyz -3.85129 13.1757 -10.8221
xyz -2.85717 12.9855 -11.9674
xyz -1.96191 12.5742 -13.6613
xyz -0.566907 11.9056 -15.3279
xyz -0.507351 11.9151 -15.3992
xyz -0.540687 11.8719 -15.3969
End loop
Boundary info init_edge IE_A_B [total exposed]: 263.000074 263.000074
Start boundary loop loop_id 2  init_edge IE_A_B
xyz -1.88836 -18.0224 -6.30895
xyz -0.91776 -19.3645 -7.15975
xyz 0.169504 -18.8339 -8.71168
xyz 1.03004 -17.325 -10.2606
xyz 1.7098 -11.5828 -12.8238
xyz 0.81722 -11.8956 -11.5859
xyz -0.27703 -12.7402 -9.93261
xyz -2.22846 -15.0649 -6.74314
End loop
Boundary info init_edge IE_A_B [total exposed]: 23.606276 23.606276
Voronoi Facets of interface MI_AWi_BWi
FBeg
 2692  OG1 THR B 128  3624    O HOH B 402 hbw
6.482 17.735 -29.678 9.317 18.454 -29.489  3.01
7.910527 18.134447 -29.900866 
7.615935 18.932770 -28.518997 
8.004804 17.331772 -28.261469 
8.219025 16.748994 -29.257752 
8.175962 17.298218 -30.701187 
FEnd
FBeg
 2693  CG2 THR B 128  3624    O HOH B 402 unk
6.759 19.426 -31.353 9.317 18.454 -29.489  8.33
8.175962 17.298218 -30.701187 
7.910527 18.134447 -29.900866 
7.760337 19.801631 -28.825390 
7.775484 19.854277 -28.818723 
9.720836 21.054062 -30.862725 
9.795453 20.940827 -31.024171 
9.650777 19.432550 -31.612134 
8.956185 17.625957 -31.600999 
FEnd
FBeg
 2732   CB TYR B 133  3624    O HOH B 402 unk
8.998 18.547 -34.299 9.317 18.454 -29.489  1.85
9.650777 19.432550 -31.612134 
11.007623 17.640338 -31.736772 
8.956185 17.625957 -31.600999 
FEnd
FBeg
 2735  CD2 TYR B 133  3624    O HOH B 402 unk
10.998 20.038 -33.966 9.317 18.454 -29.489  14.53
9.795453 20.940827 -31.024171 
10.831217 21.327198 -30.498566 
12.528640 21.688655 -29.733340 
14.089833 17.861855 -30.501106 
12.792743 17.387304 -31.156030 
11.007623 17.640338 -31.736772 
9.650777 19.432550 -31.612134 
FEnd
FBeg
 2780  CZ2 TRP B 137  3624    O HOH B 402 unk
11.039 13.848 -29.562 9.317 18.454 -29.489  26.49
14.089833 17.861855 -30.501106 
18.024758 19.286431 -27.564942 
17.871409 19.225909 -27.363589 
14.110748 17.787804 -25.335472 
11.784218 16.931723 -26.200875 
10.254437 16.395022 -28.423300 
12.792743 17.387304 -31.156030 
FEnd
FBeg
 2693  CG2 THR B 128  3623    O HOH B 401 unk
6.759 19.426 -31.353 8.134 21.994 -28.537  4.10
7.775484 19.854277 -28.818723 
9.720836 21.054062 -30.862725 
8.301798 21.879030 -30.922150 
7.790179 21.909736 -30.700337 
7.133586 20.969352 -29.522169 
FEnd
FBeg
 2688   CA THR B 128  3623    O HOH B 401 unk
5.092 19.665 -29.453 8.134 21.994 -28.537  3.06
7.133586 20.969352 -29.522169 
7.775484 19.854277 -28.818723 
7.746355 19.741229 -28.434555 
6.312840 21.109677 -27.153293 
5.997695 21.643665 -27.464411 
FEnd
FBeg
 2682    O LEU B 127  3623    O HOH B 401 hbw
3.971 20.386 -27.080 8.134 21.994 -28.537  0.53
6.312840 21.109677 -27.153293 
6.377882 21.653131 -26.367676 
6.036747 21.919549 -27.048352 
5.954667 21.826904 -27.385122 
5.997695 21.643665 -27.464411 
FEnd
FBeg
 2699   CG LYS B 129  3623    O HOH B 401 unk
4.775 24.392 -28.378 8.134 21.994 -28.537  0.74
6.036747 21.919549 -27.048352 
6.872743 23.154406 -28.011103 
6.443039 22.569073 -28.261079 
5.954667 21.826904 -27.385122 
FEnd
FBeg
 2698   CB LYS B 129  3623    O HOH B 401 unk
5.534 24.387 -29.671 8.134 21.994 -28.537  6.55
6.872743 23.154406 -28.011103 
9.920320 25.937428 -29.125679 
8.034618 23.227500 -30.520768 
7.716123 22.913011 -30.454177 
7.552048 22.825640 -30.262363 
6.443039 22.569073 -28.261079 
FEnd
FBeg
 2695   CA LYS B 129  3623    O HOH B 401 unk
5.004 23.323 -30.609 8.134 21.994 -28.537  0.02
7.716123 22.913011 -30.454177 
7.661781 22.774335 -30.461035 
7.552048 22.825640 -30.262363 
FEnd
FBeg
 2701   CE LYS B 129  3623    O HOH B 401 unk
6.224 24.929 -26.431 8.134 21.994 -28.537  16.74
6.377882 21.653131 -26.367676 
6.713121 21.709736 -26.142524 
9.765232 22.973412 -25.135571 
10.499257 24.176124 -26.146004 
10.547189 24.391727 -26.403006 
10.553666 26.179210 -28.888235 
9.920320 25.937428 -29.125679 
6.872743 23.154406 -28.011103 
6.036747 21.919549 -27.048352 
FEnd
FBeg
  213    O MET A  32  3623    O HOH B 401 hbw
6.286 22.419 -23.469 8.134 21.994 -28.537  2.60
6.713121 21.709736 -26.142524 
9.745430 21.562556 -25.024478 
10.162256 21.655490 -24.880279 
9.765232 22.973412 -25.135571 
FEnd
FBeg
  217   CE MET A  32  3623    O HOH B 401 unk
7.027 18.459 -26.000 8.134 21.994 -28.537  11.51
7.746355 19.741229 -28.434555 
11.463893 20.327604 -25.995395 
9.745430 21.562556 -25.024478 
6.713121 21.709736 -26.142524 
6.377882 21.653131 -26.367676 
6.312840 21.109677 -27.153293 
FEnd
FBeg
 2694    N LYS B 129  3623    O HOH B 401 hbw
5.370 22.007 -30.067 8.134 21.994 -28.537  4.48
7.790179 21.909736 -30.700337 
7.133586 20.969352 -29.522169 
5.997695 21.643665 -27.464411 
5.954667 21.826904 -27.385122 
6.443039 22.569073 -28.261079 
7.552048 22.825640 -30.262363 
7.661781 22.774335 -30.461035 
FEnd
FBeg
 2703    N VAL B 130  3623    O HOH B 401 hbw
6.434 22.860 -32.578 8.134 21.994 -28.537  0.60
8.301798 21.879030 -30.922150 
7.790179 21.909736 -30.700337 
7.661781 22.774335 -30.461035 
7.716123 22.913011 -30.454177 
8.034618 23.227500 -30.520768 
FEnd
FBeg
 2709  CG2 VAL B 130  3623    O HOH B 401 unk
9.246 23.577 -33.115 8.134 21.994 -28.537  19.96
9.720836 21.054062 -30.862725 
8.301798 21.879030 -30.922150 
8.034618 23.227500 -30.520768 
9.920320 25.937428 -29.125679 
10.553666 26.179210 -28.888235 
11.075979 26.236353 -28.741605 
13.873526 23.122024 -29.138964 
12.342922 21.936607 -29.920648 
10.831217 21.327198 -30.498566 
FEnd
FBeg
 2688   CA THR B 128  3624    O HOH B 402 unk
5.092 19.665 -29.453 9.317 18.454 -29.489  0.08
7.760337 19.801631 -28.825390 
7.645823 19.392437 -28.500039 
7.746355 19.741229 -28.434555 
7.775484 19.854277 -28.818723 
FEnd
FBeg
 2777  NE1 TRP B 137  3624    O HOH B 402 hbw
9.258 15.201 -30.725 9.317 18.454 -29.489  10.48
8.219025 16.748994 -29.257752 
8.175962 17.298218 -30.701187 
8.956185 17.625957 -31.600999 
11.007623 17.640338 -31.736772 
12.792743 17.387304 -31.156030 
10.254437 16.395022 -28.423300 
FEnd
FBeg
 2668  CG1 VAL B 124  3624    O HOH B 402 unk
7.892 14.706 -27.603 9.317 18.454 -29.489  5.04
8.004804 17.331772 -28.261469 
8.219025 16.748994 -29.257752 
10.254437 16.395022 -28.423300 
11.784218 16.931723 -26.200875 
10.543714 17.205103 -26.594878 
FEnd
FBeg
  217   CE MET A  32  3624    O HOH B 402 unk
7.027 18.459 -26.000 9.317 18.454 -29.489  10.59
7.615935 18.932770 -28.518997 
8.004804 17.331772 -28.261469 
10.543714 17.205103 -26.594878 
11.463893 20.327604 -25.995395 
7.746355 19.741229 -28.434555 
7.645823 19.392437 -28.500039 
FEnd
FBeg
 2691   CB THR B 128  3624    O HOH B 402 unk
5.786 18.721 -30.396 9.317 18.454 -29.489  0.83
7.910527 18.134447 -29.900866 
7.615935 18.932770 -28.518997 
7.645823 19.392437 -28.500039 
7.760337 19.801631 -28.825390 
FEnd
FBeg
 2237  OG1 THR B  67  3637    O HOH B 415 hbw
-2.195 22.588 -21.672 0.995 22.313 -22.554  18.91
0.466422 26.099822 -19.393812 
0.720749 24.407554 -17.946335 
0.671431 23.975712 -17.990061 
0.367808 22.264139 -18.554544 
-0.039880 21.418798 -19.765494 
-0.523352 21.909075 -21.666971 
-0.960741 22.913732 -23.562153 
0.167186 26.857765 -20.712403 
FEnd
FBeg
 2242    O MET B  68  3637    O HOH B 415 hbw
-1.534 24.701 -24.858 0.995 22.313 -22.554  10.84
-0.960741 22.913732 -23.562153 
0.167186 26.857765 -20.712403 
1.249331 26.257947 -22.521912 
1.771809 25.700685 -23.672993 
1.413883 24.251404 -24.782233 
0.745467 23.582111 -24.742236 
-0.836162 22.732318 -23.886926 
FEnd
FBeg
 2253  CG2 VAL B  69  3637    O HOH B 415 unk
-0.702 21.527 -26.473 0.995 22.313 -22.554  6.22
0.745467 23.582111 -24.742236 
1.436157 23.518398 -25.028539 
2.349154 21.721962 -25.063588 
2.265731 21.317977 -24.946441 
2.157868 21.219979 -24.880079 
0.202034 20.902614 -23.969516 
-0.836162 22.732318 -23.886926 
FEnd
FBeg
 2686  CD2 LEU B 127  3637    O HOH B 415 unk
0.759 18.273 -24.469 0.995 22.313 -22.554  5.84
2.157868 21.219979 -24.880079 
2.711665 20.618348 -23.679092 
2.474433 20.079782 -22.513663 
2.470677 20.078183 -22.509828 
1.472927 19.830490 -21.864319 
0.635956 19.878408 -21.862264 
0.202034 20.902614 -23.969516 
FEnd
FBeg
  193    O VAL A  29  3637    O HOH B 415 hbw
3.312 19.607 -20.011 0.995 22.313 -22.554  6.35
2.470677 20.078183 -22.509828 
2.474435 20.079519 -22.511831 
2.956628 20.784556 -22.200942 
2.710164 21.498367 -21.216818 
1.782469 22.546643 -19.256100 
0.744403 22.005846 -18.885748 
1.472927 19.830490 -21.864319 
FEnd
FBeg
  218    N GLY A  33  3637    O HOH B 415 hbw
5.170 22.340 -21.528 0.995 22.313 -22.554  0.96
2.956628 20.784556 -22.200942 
3.178072 21.261953 -23.114608 
3.217484 21.629746 -23.284660 
2.710164 21.498367 -21.216818 
FEnd
FBeg
  212    C MET A  32  3637    O HOH B 415 unk
5.938 21.818 -22.479 0.995 22.313 -22.554  0.72
3.178072 21.261953 -23.114608 
3.223440 21.519828 -24.402655 
3.314633 22.383819 -24.710547 
3.217484 21.629746 -23.284660 
FEnd
FBeg
 2685  CD1 LEU B 127  3637    O HOH B 415 unk
2.471 17.016 -23.316 0.995 22.313 -22.554  0.00
2.474433 20.079782 -22.513663 
2.474435 20.079519 -22.511831 
2.470677 20.078183 -22.509828 
FEnd
FBeg
  214   CB MET A  32  3637    O HOH B 415 unk
5.532 19.397 -22.978 0.995 22.313 -22.554  1.77
2.711665 20.618348 -23.679092 
3.091084 21.313795 -24.401962 
3.223440 21.519828 -24.402655 
3.178072 21.261953 -23.114608 
2.956628 20.784556 -22.200942 
2.474435 20.079519 -22.511831 
2.474433 20.079782 -22.513663 
FEnd
FBeg
 2683   CB LEU B 127  3637    O HOH B 415 unk
2.962 18.107 -25.568 0.995 22.313 -22.554  0.64
2.265731 21.317977 -24.946441 
3.091084 21.313795 -24.401962 
2.711665 20.618348 -23.679092 
2.157868 21.219979 -24.880079 
FEnd
FBeg
 2252  CG1 VAL B  69  3637    O HOH B 415 unk
1.027 22.437 -28.076 0.995 22.313 -22.554  2.24
1.436157 23.518398 -25.028539 
1.754175 23.929661 -25.017461 
2.679439 23.903944 -25.012677 
2.969479 23.509054 -25.019863 
3.188408 22.942293 -25.031322 
2.349154 21.721962 -25.063588 
FEnd
FBeg
 2248   CA VAL B  69  3637    O HOH B 415 unk
-0.843 23.863 -27.333 0.995 22.313 -22.554  0.42
1.413883 24.251404 -24.782233 
1.754175 23.929661 -25.017461 
1.436157 23.518398 -25.028539 
0.745467 23.582111 -24.742236 
FEnd
FBeg
 2238  CG2 THR B  67  3637    O HOH B 415 unk
-2.223 20.497 -22.774 0.995 22.313 -22.554  6.88
-0.523352 21.909075 -21.666971 
-0.960741 22.913732 -23.562153 
-0.836162 22.732318 -23.886926 
0.202034 20.902614 -23.969516 
0.635956 19.878408 -21.862264 
-0.056985 20.934346 -20.442707 
FEnd
FBeg
 2236   CB THR B  67  3637    O HOH B 415 unk
-2.936 21.388 -21.793 0.995 22.313 -22.554  0.66
-0.039880 21.418798 -19.765494 
-0.523352 21.909075 -21.666971 
-0.056985 20.934346 -20.442707 
FEnd
FBeg
  195  CG1 VAL A  29  3637    O HOH B 415 unk
0.755 17.988 -19.454 0.995 22.313 -22.554  3.58
0.367808 22.264139 -18.554544 
-0.039880 21.418798 -19.765494 
-0.056985 20.934346 -20.442707 
0.635956 19.878408 -21.862264 
1.472927 19.830490 -21.864319 
0.744403 22.005846 -18.885748 
FEnd
FBeg
  219   CA GLY A  33  3637    O HOH B 415 unk
4.553 23.668 -21.595 0.995 22.313 -22.554  27.50
0.466422 26.099822 -19.393812 
0.720749 24.407554 -17.946335 
0.864021 24.102739 -18.047210 
1.782469 22.546643 -19.256100 
2.710164 21.498367 -21.216818 
3.217484 21.629746 -23.284660 
3.314633 22.383819 -24.710547 
3.188408 22.942293 -25.031322 
2.969479 23.509054 -25.019863 
2.703188 24.098346 -24.864524 
1.771809 25.700685 -23.672993 
1.249331 26.257947 -22.521912 
FEnd

+-+CCS_record::Boundary loops before union-find
Start boundary loop loop_id 3  init_edge IE_B_Wi
xyz 9.74543 21.5626 -25.0245
xyz 10.1623 21.6555 -24.8803
xyz 9.76523 22.9734 -25.1356
xyz 10.4993 24.1761 -26.146
xyz 10.5472 24.3917 -26.403
xyz 10.5537 26.1792 -28.8882
xyz 11.076 26.2364 -28.7416
xyz 13.8735 23.122 -29.139
xyz 12.3429 21.9366 -29.9206
xyz 10.8312 21.3272 -30.4986
xyz 9.72084 21.0541 -30.8627
xyz 9.79545 20.9408 -31.0242
xyz 10.8312 21.3272 -30.4986
xyz 12.5286 21.6887 -29.7333
xyz 14.0898 17.8619 -30.5011
xyz 18.0248 19.2864 -27.5649
xyz 17.8714 19.2259 -27.3636
xyz 14.1107 17.7878 -25.3355
xyz 11.7842 16.9317 -26.2009
xyz 10.5437 17.2051 -26.5949
xyz 11.4639 20.3276 -25.9954
End loop
Boundary info init_edge IE_B_Wi [total exposed]: 43.762474 43.762474
Start boundary loop loop_id 4  init_edge IE_B_Wi
xyz 2.96948 23.5091 -25.0199
xyz 2.70319 24.0983 -24.8645
xyz 1.77181 25.7007 -23.673
xyz 1.41388 24.2514 -24.7822
xyz 1.75417 23.9297 -25.0175
xyz 2.67944 23.9039 -25.0127
End loop
Boundary info init_edge IE_B_Wi [total exposed]: 6.667939 6.667939
Start boundary loop loop_id 5  init_edge IE_B_Wi
xyz 0.367808 22.2641 -18.5545
xyz 0.744403 22.0058 -18.8857
xyz 1.78247 22.5466 -19.2561
xyz 0.864021 24.1027 -18.0472
xyz 0.720749 24.4076 -17.9463
xyz 0.671431 23.9757 -17.9901
End loop
Boundary info init_edge IE_B_Wi [total exposed]: 6.581916 6.581916
Start boundary loop loop_id 6  init_edge IE_B_Wi
xyz 2.26573 21.318 -24.9464
xyz 3.09108 21.3138 -24.402
xyz 3.22344 21.5198 -24.4027
xyz 3.31463 22.3838 -24.7105
xyz 3.18841 22.9423 -25.0313
xyz 2.34915 21.722 -25.0636
End loop
Boundary info init_edge IE_B_Wi [total exposed]: 4.721928 4.721928
Start boundary loop loop_id 7  init_edge IE_B_Wi
xyz 0.466422 26.0998 -19.3938
xyz 0.167186 26.8578 -20.7124
xyz 1.24933 26.2579 -22.5219
End loop
Boundary info init_edge IE_B_Wi [total exposed]: 6.970589 6.970589
+-+Surf_areas::Interface areas<Areas altogether before UFind>: IE_A_B: 1053.98 IE_A_Wi: 32.79 IE_B_Wi: 90.03 
+-+Surf_areas::Chem Interface areas<Areas altogether before UFind>: ali: 679.37 aro: 52.61 hbd: 42.47 hbw: 29.38 hbdp: 0.00 elu: 0.00 elf: 0.00 hbwp: 0.00 ssb: 0.00 unk: 372.98 
+++UnionFindAlgo::processing merged ccs...

+-+MCC_record::Boundary nets of merged cc after union-find
Start boundary net with  1 loops
Start boundary loop loop_id 5
Start boundary loop auf loop_id 5  init_edge IE_B_Wi
xyz 0.367808 22.2641 -18.5545
xyz 0.744403 22.0058 -18.8857
xyz 1.78247 22.5466 -19.2561
xyz 0.864021 24.1027 -18.0472
xyz 0.720749 24.4076 -17.9463
xyz 0.671431 23.9757 -17.9901
End loop. Loop info [total exposed]: 6.58192 6.58192
End net. Net info [total exposed]: 6.58192 6.58192
Start boundary net with  1 loops
Start boundary loop loop_id 4
Start boundary loop auf loop_id 4  init_edge IE_B_Wi
xyz 2.96948 23.5091 -25.0199
xyz 2.70319 24.0983 -24.8645
xyz 1.77181 25.7007 -23.673
xyz 1.41388 24.2514 -24.7822
xyz 1.75417 23.9297 -25.0175
xyz 2.67944 23.9039 -25.0127
End loop. Loop info [total exposed]: 6.66794 6.66794
End net. Net info [total exposed]: 6.66794 6.66794
Start boundary net with  1 loops
Start boundary loop loop_id 7
Start boundary loop auf loop_id 7  init_edge IE_B_Wi
xyz 0.466422 26.0998 -19.3938
xyz 0.167186 26.8578 -20.7124
xyz 1.24933 26.2579 -22.5219
End loop. Loop info [total exposed]: 6.97059 6.97059
End net. Net info [total exposed]: 6.97059 6.97059
Start boundary net with  1 loops
Start boundary loop loop_id 0
Start boundary loop auf loop_id 0  init_edge IE_A_B
xyz 6.29292 6.56801 -18.9113
xyz 6.3076 6.47049 -19.1823
xyz 6.77989 6.51964 -19.9113
xyz 6.23523 6.34047 -19.118
xyz 5.60046 5.5983 -17.7247
xyz 6.0653 6.46358 -18.075
xyz 5.44218 7.09773 -17.7683
xyz 5.38811 7.21817 -17.843
xyz 6.10684 6.73799 -18.5858
End loop. Loop info [total exposed]: 7.52501 7.52501
End net. Net info [total exposed]: 7.52501 7.52501
Start boundary net with  3 loops
Start boundary loop loop_id 1
Start boundary loop auf loop_id 1  init_edge IE_A_B
xyz -0.766259 11.5998 -15.8047
xyz -3.77423 11.8626 -14.311
xyz -3.87706 11.2875 -14.4454
xyz -4.72813 6.83558 -15.0766
xyz -4.66972 6.83993 -15.2066
xyz -4.45529 6.56579 -15.167
xyz -3.91416 6.63302 -15.4218
xyz -4.46352 5.77873 -13.7476
xyz -4.46513 5.76596 -13.7215
xyz -4.46274 5.75023 -13.7142
xyz -2.91629 3.50089 -12.8197
xyz -2.13661 3.12496 -13.282
xyz -2.0222 3.11282 -13.3241
xyz -2.74078 1.52299 -13.2096
xyz -2.4191 0.186049 -13.2544
xyz -0.673549 -1.63375 -13.5144
xyz 0.486382 -1.08136 -13.6928
xyz 0.234376 -1.91391 -14.0375
xyz 1.20248 -1.94182 -16.2577
xyz 1.31365 -1.80711 -16.3612
xyz 2.52778 -0.166442 -17.3049
xyz 2.6307 0.402769 -16.9123
xyz 2.6241 0.933458 -16.3144
xyz 2.58634 1.65975 -17.201
xyz 2.49595 2.07333 -17.6184
xyz 2.41834 1.72871 -17.9212
xyz 2.68037 1.77956 -18.3937
xyz 3.54836 0.927054 -19.9235
xyz 3.83702 0.832554 -20.2862
xyz 3.18328 -0.483402 -18.0326
xyz 2.57196 -1.92285 -17.9735
xyz 2.19152 -4.27352 -17.9888
xyz 1.85638 -4.67078 -17.721
xyz 2.42556 -5.33921 -17.6184
xyz 2.35024 -5.41454 -16.7019
xyz 2.29514 -7.65929 -14.8808
xyz 2.30635 -9.7458 -13.9148
xyz 2.31213 -10.0115 -13.8425
xyz 2.40898 -11.5714 -14.1504
xyz 2.47781 -11.704 -14.1906
xyz 3.46129 -12.1698 -16.2338
xyz 4.33736 -13.1217 -15.5321
xyz 4.55556 -13.1647 -15.5625
xyz 4.60317 -13.1292 -15.6166
xyz 4.57475 -13.1876 -15.5744
xyz 5.38576 -13.5675 -15.2123
xyz 6.40076 -13.3642 -15.2783
xyz 8.13576 -13.3722 -14.0048
xyz 7.78218 -13.4869 -13.8104
xyz 10.7287 -15.2063 -12.5852
xyz 10.8636 -14.4893 -13.3751
xyz 15.3115 -17.6146 -14.6443
xyz 16.3961 -16.1338 -15.7294
xyz 17.4006 -19.0004 -16.7067
xyz 14.6368 -16.9055 -18.6516
xyz 14.281 -16.3741 -18.6926
xyz 14.6113 -16.9375 -18.7565
xyz 14.5562 -16.9369 -18.7961
xyz 14.1363 -16.661 -18.9518
xyz 13.3266 -16.2534 -20.8779
xyz 14.121 -16.8413 -21.4485
xyz 15.124 -16.6272 -22.6405
xyz 16.1701 -17.0308 -23.1449
xyz 20.8482 -17.1678 -25.4167
xyz 14.7562 -10.0445 -22.526
xyz 25.9203 -10.3145 -30.2376
xyz 28.2869 -9.91174 -30.9821
xyz 20.8173 -7.92946 -22.3356
xyz 17.5692 -5.95556 -18.6174
xyz 17.3885 -5.4522 -18.4253
xyz 16.6952 -5.29849 -18.2119
xyz 14.3754 -2.37829 -20.5441
xyz 13.9596 -1.93069 -20.5861
xyz 11.5437 -1.82183 -19.3261
xyz 10.9748 -2.21073 -18.7792
xyz 10.9317 -1.66504 -19.3677
xyz 10.6717 -1.38249 -19.9885
xyz 9.03938 -2.92843 -20.6544
xyz 8.18053 -2.04557 -20.4694
xyz 8.10044 -1.00865 -20.1509
xyz 7.89808 -0.340509 -20.1107
xyz 7.6043 -0.11846 -20.3452
xyz 5.56353 0.683303 -20.4618
xyz 5.45152 0.711143 -20.4794
xyz 5.54422 0.719007 -20.483
xyz 7.5986 0.838104 -21.0257
xyz 9.27032 2.0537 -21.4508
xyz 9.28064 2.06808 -21.4533
xyz 9.2518 3.74814 -21.4209
xyz 7.44934 5.27315 -20.9206
xyz 6.74783 5.427 -20.7324
xyz 7.07111 6.55364 -20.385
xyz 6.57833 6.67277 -20.7413
xyz 7.14399 6.76614 -20.5545
xyz 7.22902 9.31709 -21.1198
xyz 9.61482 9.47242 -22.0384
xyz 9.93059 9.69542 -22.5288
xyz 10.3023 9.53936 -22.4659
xyz 11.6715 10.6325 -22.4876
xyz 11.7251 10.7445 -22.499
xyz 13.0312 12.2815 -23.274
xyz 12.3393 15.1457 -24.527
xyz 12.3392 15.1458 -24.5271
xyz 11.6253 15.304 -24.5549
xyz 12.3916 15.3528 -24.5336
xyz 11.7842 16.9317 -26.2009
xyz 10.5437 17.2051 -26.5949
xyz 8.0048 17.3318 -28.2615
xyz 7.61593 18.9328 -28.519
xyz 7.64582 19.3924 -28.5
xyz 7.74635 19.7412 -28.4346
xyz 6.31284 21.1097 -27.1533
xyz 6.37788 21.6531 -26.3677
xyz 6.71312 21.7097 -26.1425
xyz 9.76523 22.9734 -25.1356
xyz 9.62564 23.2559 -24.8933
xyz 9.74401 23.8719 -25.0148
xyz 10.1563 25.7022 -24.8915
xyz 10.1555 25.7124 -24.8892
xyz 10.314 26.8289 -25.636
xyz 11.2841 30.0021 -29.9091
xyz 9.40468 32.3905 -31.2864
xyz 6.22584 31.2981 -27.8104
xyz 4.339 29.8872 -24.8847
xyz 4.36456 29.1664 -24.0874
xyz 3.91685 29.4671 -24.2787
xyz 3.70045 28.3519 -24.3859
xyz 4.08596 26.6981 -24.2374
xyz 3.64693 25.9428 -24.186
xyz 3.08389 23.3605 -25.0539
xyz 3.25798 23.0169 -25.0833
xyz 3.43703 22.9228 -25.046
xyz 3.40835 22.4887 -24.7833
xyz 3.31463 22.3838 -24.7105
xyz 3.22344 21.5198 -24.4027
xyz 3.09108 21.3138 -24.402
xyz 2.71166 20.6183 -23.6791
xyz 2.47443 20.0798 -22.5137
xyz 2.47444 20.0795 -22.5118
xyz 2.47068 20.0782 -22.5098
xyz 1.47293 19.8305 -21.8643
xyz 0.635956 19.8784 -21.8623
xyz -0.0569854 20.9343 -20.4427
xyz -0.0398801 21.4188 -19.7655
xyz -1.52847 22.0139 -16.5514
xyz -1.52749 22.1055 -16.3627
xyz -1.50376 21.3369 -16.3892
xyz -2.74774 22.5497 -15.6187
xyz -3.71091 22.522 -14.7438
xyz -4.21627 17.4761 -12.8368
xyz -4.47414 14.7586 -10.6689
xyz -4.64133 13.9025 -10.134
xyz -4.00097 13.2191 -10.6554
xyz -3.85129 13.1757 -10.8221
xyz -2.85717 12.9855 -11.9674
xyz -1.96191 12.5742 -13.6613
xyz -0.566907 11.9056 -15.3279
xyz -0.507351 11.9151 -15.3992
xyz -0.540687 11.8719 -15.3969
End loop. Loop info [total exposed]: 263 240.618
Start boundary loop loop_id 3
Start boundary loop auf loop_id 3  init_edge IE_B_Wi
xyz 9.74543 21.5626 -25.0245
xyz 10.1623 21.6555 -24.8803
xyz 9.76523 22.9734 -25.1356
xyz 10.4993 24.1761 -26.146
xyz 10.5472 24.3917 -26.403
xyz 10.5537 26.1792 -28.8882
xyz 11.076 26.2364 -28.7416
xyz 13.8735 23.122 -29.139
xyz 12.3429 21.9366 -29.9206
xyz 10.8312 21.3272 -30.4986
xyz 9.72084 21.0541 -30.8627
xyz 9.79545 20.9408 -31.0242
xyz 10.8312 21.3272 -30.4986
xyz 12.5286 21.6887 -29.7333
xyz 14.0898 17.8619 -30.5011
xyz 18.0248 19.2864 -27.5649
xyz 17.8714 19.2259 -27.3636
xyz 14.1107 17.7878 -25.3355
xyz 11.7842 16.9317 -26.2009
xyz 10.5437 17.2051 -26.5949
xyz 11.4639 20.3276 -25.9954
End loop. Loop info [total exposed]: 43.7625 42.4325
Start boundary loop loop_id 6
Start boundary loop auf loop_id 6  init_edge IE_B_Wi
xyz 2.26573 21.318 -24.9464
xyz 3.09108 21.3138 -24.402
xyz 3.22344 21.5198 -24.4027
xyz 3.31463 22.3838 -24.7105
xyz 3.18841 22.9423 -25.0313
xyz 2.34915 21.722 -25.0636
End loop. Loop info [total exposed]: 4.72193 3.55531
End net. Net info [total exposed]: 311.484 286.606
+-+Surf_areas::Interface areas<for merged connected component>: IE_A_B: 1022.84 IE_A_Wi: 32.79 IE_B_Wi: 90.03 
+-+Surf_areas::Chem Interface areas<for merged connected component>: ali: 679.37 aro: 52.61 hbd: 42.47 hbw: 29.38 hbdp: 0.00 elu: 0.00 elf: 0.00 hbwp: 0.00 ssb: 0.00 unk: 341.83 
+-+MCC_record::dump_stats::Nb loops_before - nets_after uf merge: 7 5

+-+MCC_record::Boundary nets of merged cc after union-find
Start boundary net with  1 loops
Start boundary loop loop_id 2
Start boundary loop auf loop_id 2  init_edge IE_A_B
xyz -1.88836 -18.0224 -6.30895
xyz -0.91776 -19.3645 -7.15975
xyz 0.169504 -18.8339 -8.71168
xyz 1.03004 -17.325 -10.2606
xyz 1.7098 -11.5828 -12.8238
xyz 0.81722 -11.8956 -11.5859
xyz -0.27703 -12.7402 -9.93261
xyz -2.22846 -15.0649 -6.74314
End loop. Loop info [total exposed]: 23.6063 23.6063
End net. Net info [total exposed]: 23.6063 23.6063
+-+Surf_areas::Interface areas<for merged connected component>: IE_A_B: 31.14 
+-+Surf_areas::Chem Interface areas<for merged connected component>: ali: 0.00 aro: 0.00 hbd: 0.00 hbw: 0.00 hbdp: 0.00 elu: 0.00 elf: 0.00 hbwp: 0.00 ssb: 0.00 unk: 31.14 
+-+MCC_record::dump_stats::Nb loops_before - nets_after uf merge: 1 1
