Begin VSO per interface edge
436 1859  2
436 1861  3
437 1861  3
438 1859  1
439 1859  2
439 1861  2
440 1859  2
440 1861  2
440 1906  2
440 1948  1
441 1859  1
441 1905  1
441 1906  1
441 1948  1
442 1859  2
442 1861  1
442 1902  1
442 1905  1
442 1906  1
444 1859  2
445 1859  3
445 1861  4
448 1834  3
448 1857  3
448 1859  3
448 1870  2
449 1834  4
449 1835  4
450 1834  3
450 1835  4
450 1869  3
450 1870  2
451 1859  2
451 1870  1
452 1835  4
478 1860  2
478 1861  3
479 1858  2
479 1860  1
480 1860  2
480 1861  3
483 1860  1
483 1861  2
488 1860  3
488 1861  4
489 1858  2
489 1860  2
489 1861  3
492 1856  4
492 1857  4
492 1858  3
492 1859  4
492 1860  3
492 1861  4
494 1819  2
494 1820  1
494 1821  2
494 1828  3
494 1829  2
494 1834  3
494 1855  2
494 1856  3
494 1857  4
494 1858  2
494 1894  1
495 1821  2
495 1828  2
495 1829  2
495 1832  1
495 1834  2
495 1835  2
497 1858  1
502 1858  1
512 1821  1
512 1828  1
513 1821  1
513 1822  2
513 1824  1
514 1821  1
514 1822  2
514 1823  1
514 1824  2
516 1824  1
539 1789  1
539 1790  1
539 1791  2
540 1789  1
540 1790  1
540 1791  2
541 1785  1
541 1788  2
541 1789  1
541 1790  1
541 1795  1
541 1824  1
541 3508  1
565 1791  1
574 1791  1
1134 1791  1
1135 1791  1
1153 1791  1
1154 1791  2
1155 1791  1
1158 1791  1
1162 3749  1
1163 3749  1
1164 1799  1
1164 3749  2
1165 1789  1
1165 1791  2
1166 1799  2
1166 2825  1
1166 2826  2
1166 2828  2
1166 3749  2
1167 1786  2
1167 1787  1
1167 1789  1
1167 1791  1
1167 1799  2
1167 2825  1
1167 2826  1
1167 2827  1
1167 2828  2
1168 1799  2
1168 2826  2
1168 2828  2
1168 3749  2
1169 1799  2
1169 1800  3
1169 2794  3
1169 2798  2
1169 2826  2
1169 2827  2
1169 2828  3
1170 1787  1
1170 1799  2
1170 1800  2
1170 1810  1
1170 1812  1
1170 2798  1
1170 2824  1
1170 2827  1
1171 1799  2
1171 1800  2
1171 2790  2
1171 2794  2
1171 2797  2
1171 2798  2
1171 2799  1
1171 2826  3
1171 2828  2
1171 3749  2
1190 3749  1
1191 3749  1
1208 3749  2
1209 3629  2
1209 3749  1
1210 1835  3
1211 1835  3
1211 3629  2
1212 1799  1
1212 1835  1
1212 3749  2
1213 2790  1
1213 3629  2
1213 3749  2
1214 1796  1
1214 1797  2
1214 1798  2
1214 1799  1
1214 1832  1
1214 1837  2
1214 2799  1
1214 3629  2
1214 3749  3
1215 1832  1
1215 1833  2
1215 1835  2
1215 1837  2
1215 1869  3
1215 3629  2
1225 1835  2
1226 1835  3
1229 1832  1
1229 1834  3
1229 1835  2
1230 1834  3
1230 1835  3
1257 3866  1
1260 3625  3
1260 3794  1
1260 3866  2
1262 1835  3
1262 1869  2
1262 2757  1
1262 2759  2
1262 3625  2
1262 3629  1
1262 3866  1
1263 3629  1
1263 3794  1
1271 1869  3
1271 1870  2
1272 2714  1
1272 3625  2
1272 3866  2
1273 1869  2
1273 1870  1
1273 2714  1
1273 2758  2
1273 2759  3
1273 3625  2
1274 2714  2
1274 3625  3
1307 2713  1
1307 2714  1
1307 2715  2
1307 3625  3
1308 2714  1
1308 2715  2
1308 3625  2
1309 2713  1
1309 2715  2
1309 3625  2
1309 3866  1
1798 3629  3
1833 3629  3
1837 3629  3
1838 3629  3
1841 3629  3
1843 3629  3
1869 3629  2
2713 3866  2
2715 3866  2
2746 3794  1
2746 3866  2
2751 3629  2
2753 3629  3
2754 3629  2
2757 3629  1
2757 3866  1
2788 3629  2
2788 3794  1
2789 3794  1
2790 3629  2
2790 3749  1
2790 3794  1
2799 3629  2
2828 3749  1
3625 3866  2
End VSO per interface edge

Voronoi Facets of interface MI_AB
FBeg
 1158  CG2 THR A 112  1791   CE MET B   1 ali
25.176 35.256 20.674 22.689 40.839 20.574  2.53
23.787732 37.945627 18.536824 
24.479884 38.258267 18.777676 
23.619069 37.904095 20.412749 
22.372565 37.348303 20.383422 
22.348469 37.327307 19.810495 
22.361351 37.332459 19.777713 
23.621970 37.873639 18.640230 
FEnd
FBeg
  565  OE1 GLU A  53  1791   CE MET B   1 unk
21.157 36.677 16.896 22.689 40.839 20.574  4.89
22.361351 37.332459 19.777713 
21.927765 40.632722 16.223760 
22.219318 40.774180 15.942245 
22.671803 40.415169 16.160026 
23.621970 37.873639 18.640230 
FEnd
FBeg
  540  OE1 GLN A  51  1791   CE MET B   1 unk
19.618 38.789 19.045 22.689 40.839 20.574  10.60
22.348469 37.327307 19.810495 
20.452117 38.699079 21.780126 
20.406578 39.359866 20.985643 
20.464882 40.271803 19.645864 
21.927765 40.632722 16.223760 
22.361351 37.332459 19.777713 
FEnd
FBeg
  540  OE1 GLN A  51  1790   SD MET B   1 hbd
19.618 38.789 19.045 21.794 42.210 20.336  5.54
20.464882 40.271803 19.645864 
21.927765 40.632722 16.223760 
21.679035 40.991048 15.693476 
21.149124 41.558830 15.082093 
20.240163 42.303250 14.641532 
FEnd
FBeg
  539   CD GLN A  51  1790   SD MET B   1 unk
18.456 39.163 19.249 21.794 42.210 20.336  1.89
20.240163 42.303250 14.641532 
20.464882 40.271803 19.645864 
20.371572 40.264288 19.953469 
20.291262 40.375378 19.888686 
19.948247 42.698933 14.428808 
FEnd
FBeg
  541  NE2 GLN A  51  1790   SD MET B   1 hbd
18.158 40.355 19.775 21.794 42.210 20.336  18.77
20.291262 40.375378 19.888686 
18.883757 43.430407 18.909381 
18.536805 44.385653 17.999462 
18.599440 45.809476 12.885505 
18.728001 45.520242 13.008641 
19.948247 42.698933 14.428808 
FEnd
FBeg
  541  NE2 GLN A  51  3508  OXT ASN B 166 hbd
18.158 40.355 19.775 15.858 45.384 21.147  29.21
18.536805 44.385653 17.999462 
18.599440 45.809476 12.885505 
15.230962 44.349628 12.589642 
14.494990 42.965523 16.429240 
15.943439 42.413408 20.881150 
17.412780 43.327640 19.993260 
FEnd
FBeg
  541  NE2 GLN A  51  1785   CA MET B   1 unk
18.158 40.355 19.775 18.500 43.019 23.084  7.75
15.943439 42.413408 20.881150 
15.783344 41.016887 22.022004 
15.978502 40.535535 22.389359 
18.317005 39.984643 22.591175 
18.180047 42.230564 20.797190 
17.412780 43.327640 19.993260 
FEnd
FBeg
  541  NE2 GLN A  51  1795    N SER B   2 hbd
18.158 40.355 19.775 18.005 41.590 24.919  4.44
15.978502 40.535535 22.389359 
16.042522 38.791774 22.809915 
16.883019 38.388870 22.931645 
18.926886 38.800804 22.893537 
18.317005 39.984643 22.591175 
FEnd
FBeg
  541  NE2 GLN A  51  1824  ND2 ASN B   4 hbd
18.158 40.355 19.775 12.857 42.599 21.778  8.85
14.494990 42.965523 16.429240 
14.368356 42.028442 17.143930 
15.002560 39.984763 21.111943 
15.783344 41.016887 22.022004 
15.943439 42.413408 20.881150 
FEnd
FBeg
  516  OE1 GLN A  49  1824  ND2 ASN B   4 hbd
10.089 40.232 18.184 12.857 42.599 21.778  13.12
14.494990 42.965523 16.429240 
14.368356 42.028442 17.143930 
13.870347 40.624060 18.452406 
11.974568 41.379533 19.414930 
9.839245 43.750627 19.497900 
9.810251 43.858910 19.448915 
13.690810 43.841666 16.471573 
FEnd
FBeg
  514   CG GLN A  49  1824  ND2 ASN B   4 unk
9.642 39.749 20.483 12.857 42.599 21.778  2.77
11.974568 41.379533 19.414930 
11.597242 41.243260 20.651596 
10.337499 42.804962 20.342115 
9.839245 43.750627 19.497900 
FEnd
FBeg
  514   CG GLN A  49  1823  OD1 ASN B   4 unk
9.642 39.749 20.483 10.935 42.596 22.909  17.96
10.337499 42.804962 20.342115 
9.839245 43.750627 19.497900 
9.833788 43.753496 19.497442 
7.716130 44.277033 20.011713 
5.737008 43.275856 22.241456 
9.040258 40.109574 24.196650 
9.905555 40.584534 23.178085 
FEnd
FBeg
  514   CG GLN A  49  1821   CB ASN B   4 ali
9.642 39.749 20.483 12.651 41.091 23.665  1.25
9.040258 40.109574 24.196650 
9.055939 40.024087 24.217876 
9.178879 39.781349 24.203994 
9.609596 39.475520 23.925677 
10.594869 40.443485 22.585735 
9.905555 40.584534 23.178085 
FEnd
FBeg
  513   CB GLN A  49  1821   CB ASN B   4 ali
10.863 38.891 20.761 12.651 41.091 23.665  9.06
9.609596 39.475520 23.925677 
10.594869 40.443485 22.585735 
12.759376 40.455944 21.243604 
14.475005 39.657083 20.792485 
14.484217 39.574597 20.849302 
11.843101 38.231920 23.492624 
FEnd
FBeg
  512    O GLN A  49  1821   CB ASN B   4 unk
12.675 36.943 21.582 12.651 41.091 23.665  7.71
14.484217 39.574597 20.849302 
16.033233 38.525970 22.955342 
15.984078 38.393904 23.217767 
15.949180 38.358606 23.287656 
13.081935 37.949576 24.069146 
12.766317 37.963356 24.038068 
11.843101 38.231920 23.492624 
FEnd
FBeg
  495  CD2 LEU A  47  1821   CB ASN B   4 ali
12.273 34.939 24.776 12.651 41.091 23.665  0.02
13.081935 37.949576 24.069146 
12.817875 37.985467 24.178046 
12.766317 37.963356 24.038068 
FEnd
FBeg
  495  CD2 LEU A  47  1828    N LEU B   5 unk
12.273 34.939 24.776 13.593 39.717 26.402  0.58
13.081935 37.949576 24.069146 
12.817875 37.985467 24.178046 
12.817553 37.833832 24.623884 
13.571499 37.647138 24.560426 
14.157755 37.666686 24.027057 
FEnd
FBeg
  495  CD2 LEU A  47  1832   CB LEU B   5 ali
12.273 34.939 24.776 14.570 37.674 27.401  7.87
13.571499 37.647138 24.560426 
12.729751 36.680757 26.303873 
14.351718 35.389637 26.229799 
15.182769 35.405578 25.485980 
16.051212 36.062292 24.041818 
15.998760 36.252168 23.889883 
15.851615 36.651071 23.603024 
14.157755 37.666686 24.027057 
FEnd
FBeg
 1229   CB MET A 117  1832   CB LEU B   5 ali
16.269 32.652 26.139 14.570 37.674 27.401  1.25
15.182769 35.405578 25.485980 
16.051212 36.062292 24.041818 
16.889464 36.119624 24.942189 
16.874328 36.066783 25.132087 
FEnd
FBeg
 1229   CB MET A 117  1835  CD2 LEU B   5 ali
16.269 32.652 26.139 15.573 35.685 28.479  5.06
16.874328 36.066783 25.132087 
15.182769 35.405578 25.485980 
14.278555 34.423795 26.489576 
14.268942 34.300298 26.646789 
14.672209 33.692409 27.554652 
16.810737 34.996686 26.500184 
17.053927 35.733793 25.617113 
FEnd
FBeg
 1212   CB LEU A 116  1835  CD2 LEU B   5 ali
19.636 36.363 27.440 15.573 35.685 28.479  0.05
17.053927 35.733793 25.617113 
16.874328 36.066783 25.132087 
16.892456 36.140372 25.250997 
17.077807 35.719830 25.701387 
FEnd
FBeg
 1215  CD2 LEU A 116  1835  CD2 LEU B   5 ali
17.452 36.722 28.674 15.573 35.685 28.479  10.97
16.892456 36.140372 25.250997 
15.953024 37.282094 28.231643 
15.846804 37.025589 30.619252 
16.460114 35.804153 31.204993 
16.803462 35.281969 30.673473 
17.168129 34.880100 29.296695 
17.236342 35.149508 27.206714 
17.077807 35.719830 25.701387 
FEnd
FBeg
 1210    C LEU A 116  1835  CD2 LEU B   5 ali
18.597 34.322 28.402 15.573 35.685 28.479  1.12
17.168129 34.880100 29.296695 
16.815195 34.102031 29.208821 
17.064903 34.747093 27.597119 
17.236342 35.149508 27.206714 
FEnd
FBeg
 1211    O LEU A 116  1835  CD2 LEU B   5 unk
18.051 34.446 29.497 15.573 35.685 28.479  1.34
16.803462 35.281969 30.673473 
16.398077 33.729641 29.770930 
16.815195 34.102031 29.208821 
17.168129 34.880100 29.296695 
FEnd
FBeg
 1262  CD1 LEU A 120  1835  CD2 LEU B   5 ali
17.262 33.177 32.034 15.573 35.685 28.479  4.28
16.460114 35.804153 31.204993 
14.378678 33.940586 30.879175 
14.634864 33.601525 30.518258 
15.117824 33.102826 29.936976 
16.398077 33.729641 29.770930 
16.803462 35.281969 30.673473 
FEnd
FBeg
  452  OE2 GLU A  43  1835  CD2 LEU B   5 unk
13.712 31.231 30.754 15.573 35.685 28.479  0.17
14.634864 33.601525 30.518258 
14.853943 33.074665 29.665983 
15.117824 33.102826 29.936976 
FEnd
FBeg
  450   CD GLU A  43  1835  CD2 LEU B   5 ali
12.595 31.488 30.308 15.573 35.685 28.479  0.67
14.378678 33.940586 30.879175 
14.238240 34.007440 30.803921 
14.208342 33.581277 29.777327 
14.843967 33.075189 29.650941 
14.853943 33.074665 29.665983 
14.634864 33.601525 30.518258 
FEnd
FBeg
  449   CG GLU A  43  1835  CD2 LEU B   5 ali
12.411 31.632 28.806 15.573 35.685 28.479  0.79
14.208342 33.581277 29.777327 
14.201952 33.449049 28.076637 
14.366487 33.332908 28.228134 
14.843967 33.075189 29.650941 
FEnd
FBeg
  449   CG GLU A  43  1834  CD1 LEU B   5 ali
12.411 31.632 28.806 13.179 35.865 28.474  3.22
14.208342 33.581277 29.777327 
14.201952 33.449049 28.076637 
13.218522 33.553379 27.131915 
12.535388 33.903299 30.013142 
FEnd
FBeg
  448   CB GLU A  43  1834  CD1 LEU B   5 ali
11.158 32.430 28.412 13.179 35.865 28.474  6.85
13.218522 33.553379 27.131915 
12.535388 33.903299 30.013142 
12.302426 34.035987 30.255631 
11.175483 34.705192 29.914212 
10.618626 35.072599 27.710406 
11.175228 34.754928 27.166965 
13.133978 33.605956 26.974786 
FEnd
FBeg
  494  CD1 LEU A  47  1834  CD1 LEU B   5 ali
10.335 36.375 25.263 13.179 35.865 28.474  3.11
10.618626 35.072599 27.710406 
10.649930 35.743173 27.789187 
10.706815 36.011031 27.781347 
11.415785 37.193271 27.341183 
12.435960 36.728761 26.363830 
11.175228 34.754928 27.166965 
FEnd
FBeg
  494  CD1 LEU A  47  1829   CA LEU B   5 ali
10.335 36.375 25.263 13.415 38.662 27.391  3.85
11.415785 37.193271 27.341183 
12.435960 36.728761 26.363830 
12.817553 37.833832 24.623884 
12.399652 38.151408 24.887439 
11.214670 38.514637 26.212175 
11.050573 38.453803 26.515063 
FEnd
FBeg
  494  CD1 LEU A  47  1820    O ASN B   4 unk
10.335 36.375 25.263 11.419 40.297 26.638  2.77
11.214670 38.514637 26.212175 
10.290621 39.352695 24.550215 
9.178879 39.781349 24.203994 
9.031713 39.807959 24.244113 
9.034626 39.428330 25.324657 
11.050573 38.453803 26.515063 
FEnd
FBeg
  494  CD1 LEU A  47  1894  NH2 ARG B  11 unk
10.335 36.375 25.263 6.914 40.826 26.836  2.79
9.031713 39.807959 24.244113 
7.810223 39.006479 23.855473 
7.398494 38.557647 24.230062 
7.172489 38.264941 24.566789 
7.984965 38.568499 25.474824 
9.034626 39.428330 25.324657 
FEnd
FBeg
  494  CD1 LEU A  47  1858  CD2 PHE B   8 ali
10.335 36.375 25.263 7.426 36.578 27.798  5.46
7.172489 38.264941 24.566789 
7.399310 36.781988 24.945827 
8.852972 35.149194 26.744707 
9.128958 35.067978 27.067914 
8.934298 36.938851 26.694718 
7.984965 38.568499 25.474824 
FEnd
FBeg
  492   CB LEU A  47  1858  CD2 PHE B   8 ali
9.968 33.934 24.963 7.426 36.578 27.798  0.21
8.852972 35.149194 26.744707 
9.128958 35.067978 27.067914 
9.026770 34.645416 27.370380 
9.003885 34.614641 27.378562 
8.756674 34.712315 27.065807 
FEnd
FBeg
  492   CB LEU A  47  1860  CE2 PHE B   8 ali
9.968 33.934 24.963 6.668 35.412 28.033  0.10
9.003885 34.614641 27.378562 
8.756674 34.712315 27.065807 
8.695077 34.246800 27.223709 
8.995391 34.561915 27.394815 
9.001806 34.576469 27.394705 
FEnd
FBeg
  492   CB LEU A  47  1859  CE1 PHE B   8 ali
9.968 33.934 24.963 8.164 34.766 29.806  0.12
8.995391 34.561915 27.394815 
9.037711 34.084512 27.492595 
9.275153 34.176048 27.565316 
9.419962 34.346981 27.589891 
9.001806 34.576469 27.394705 
FEnd
FBeg
  448   CB GLU A  43  1859  CE1 PHE B   8 ali
11.158 32.430 28.412 8.164 34.766 29.806  3.34
9.275153 34.176048 27.565316 
9.419962 34.346981 27.589891 
10.604688 34.172942 30.426064 
10.372132 33.568752 30.939059 
9.906711 33.021227 30.856955 
9.599647 32.974312 30.276069 
FEnd
FBeg
  444    N GLU A  43  1859  CE1 PHE B   8 unk
9.450 30.955 29.434 8.164 34.766 29.806  1.42
9.906711 33.021227 30.856955 
9.506987 32.826408 31.470966 
8.532400 32.581397 30.611872 
8.426551 32.635275 29.693987 
9.599647 32.974312 30.276069 
FEnd
FBeg
  436    C GLU A  42  1859  CE1 PHE B   8 ali
8.213 30.501 29.550 8.164 34.766 29.806  0.68
8.532400 32.581397 30.611872 
7.673545 32.591807 30.274045 
7.568550 32.597586 30.157678 
8.117800 32.653634 29.329036 
8.426551 32.635275 29.693987 
FEnd
FBeg
  436    C GLU A  42  1861   CZ PHE B   8 ali
8.213 30.501 29.550 7.039 34.510 29.043  1.47
7.568550 32.597586 30.157678 
8.117800 32.653634 29.329036 
7.549335 32.368718 28.392447 
6.534007 32.179024 29.243559 
FEnd
FBeg
  439   CG GLU A  42  1861   CZ PHE B   8 ali
5.968 31.516 31.626 7.039 34.510 29.043  4.07
6.534007 32.179024 29.243559 
7.568550 32.597586 30.157678 
6.863025 33.489303 30.898748 
5.272322 33.592671 30.359004 
4.812711 33.445237 29.997540 
5.071469 32.859878 29.426330 
6.162736 32.161815 29.069669 
FEnd
FBeg
  480   CB GLN A  46  1861   CZ PHE B   8 ali
4.839 32.226 26.782 7.039 34.510 29.043  4.87
5.071469 32.859878 29.426330 
4.695660 34.088211 28.551172 
6.862928 33.398493 27.139110 
7.131554 33.030889 27.249074 
7.411547 32.483668 27.529422 
7.385920 32.438065 27.600425 
6.162736 32.161815 29.069669 
FEnd
FBeg
  488    N LEU A  47  1861   CZ PHE B   8 unk
7.744 32.885 25.167 7.039 34.510 29.043  1.03
7.131554 33.030889 27.249074 
7.141749 33.444305 27.077605 
8.131742 33.858626 27.083971 
8.538277 33.670087 27.236959 
7.411547 32.483668 27.529422 
FEnd
FBeg
  489   CA LEU A  47  1861   CZ PHE B   8 ali
8.472 34.019 24.630 7.039 34.510 29.043  0.17
8.131742 33.858626 27.083971 
8.695077 34.246800 27.223709 
8.659631 33.780923 27.264034 
8.538277 33.670087 27.236959 
FEnd
FBeg
  488    N LEU A  47  1860  CE2 PHE B   8 unk
7.744 32.885 25.167 6.668 35.412 28.033  0.48
7.141749 33.444305 27.077605 
8.131742 33.858626 27.083971 
7.190783 34.166755 26.459018 
FEnd
FBeg
  478    C GLN A  46  1860  CE2 PHE B   8 ali
6.426 32.864 25.038 6.668 35.412 28.033  2.35
7.190783 34.166755 26.459018 
7.141749 33.444305 27.077605 
6.862928 33.398493 27.139110 
5.217606 34.738440 26.132091 
6.418415 35.235739 25.611987 
FEnd
FBeg
  479    O GLN A  46  1860  CE2 PHE B   8 unk
5.815 33.761 24.485 6.668 35.412 28.033  4.49
5.217606 34.738440 26.132091 
2.919285 36.087349 26.056956 
2.772485 36.295023 25.995612 
2.925698 36.446842 25.888130 
5.418102 36.517888 25.255854 
6.369397 35.910348 25.309854 
6.418415 35.235739 25.611987 
FEnd
FBeg
  479    O GLN A  46  1858  CD2 PHE B   8 unk
5.815 33.761 24.485 7.426 36.578 27.798  0.32
5.418102 36.517888 25.255854 
6.369397 35.910348 25.309854 
6.348532 36.310967 24.979360 
6.222344 36.428230 24.941013 
FEnd
FBeg
  502   CG GLN A  48  1858  CD2 PHE B   8 ali
5.096 36.273 21.933 7.426 36.578 27.798  4.13
6.222344 36.428230 24.941013 
5.418102 36.517888 25.255854 
3.463311 37.930381 25.958983 
3.862337 38.142851 25.789412 
6.952806 38.236201 24.556801 
FEnd
FBeg
  483  OE1 GLN A  46  1860  CE2 PHE B   8 unk
3.057 33.063 28.722 6.668 35.412 28.033  12.38
2.919285 36.087349 26.056956 
4.695660 34.088211 28.551172 
4.036115 35.558232 30.106271 
3.164494 36.973157 30.362056 
2.623912 37.490867 29.293926 
2.583971 37.507907 29.142694 
2.008695 37.552734 26.280541 
2.462875 36.788579 26.055637 
2.772485 36.295023 25.995612 
FEnd
FBeg
  478    C GLN A  46  1861   CZ PHE B   8 ali
6.426 32.864 25.038 7.039 34.510 29.043  0.06
6.862928 33.398493 27.139110 
7.141749 33.444305 27.077605 
7.131554 33.030889 27.249074 
FEnd
FBeg
  480   CB GLN A  46  1860  CE2 PHE B   8 ali
4.839 32.226 26.782 6.668 35.412 28.033  6.15
4.695660 34.088211 28.551172 
6.862928 33.398493 27.139110 
5.217606 34.738440 26.132091 
2.919285 36.087349 26.056956 
FEnd
FBeg
  483  OE1 GLN A  46  1861   CZ PHE B   8 unk
3.057 33.063 28.722 7.039 34.510 29.043  2.32
4.812711 33.445237 29.997540 
4.036115 35.558232 30.106271 
4.695660 34.088211 28.551172 
5.071469 32.859878 29.426330 
FEnd
FBeg
  442  OE2 GLU A  42  1861   CZ PHE B   8 unk
4.866 33.549 32.198 7.039 34.510 29.043  5.01
5.272322 33.592671 30.359004 
6.186114 34.957674 31.404150 
6.009029 35.556111 31.464465 
4.673519 36.702118 30.893705 
4.036115 35.558232 30.106271 
4.812711 33.445237 29.997540 
FEnd
FBeg
  442  OE2 GLU A  42  1905   CB SER B  12 unk
4.866 33.549 32.198 6.745 36.683 34.094  1.65
6.009029 35.556111 31.464465 
4.673519 36.702118 30.893705 
4.546495 36.788223 30.877262 
4.395670 35.986272 32.352323 
6.103769 35.452253 31.542248 
FEnd
FBeg
  442  OE2 GLU A  42  1906   OG SER B  12 hbd
4.866 33.549 32.198 6.245 35.378 33.900  6.23
4.395670 35.986272 32.352323 
2.800545 34.911561 34.799634 
3.829910 33.922100 35.028912 
6.299257 35.181998 31.674280 
6.103769 35.452253 31.542248 
FEnd
FBeg
  440   CD GLU A  42  1906   OG SER B  12 unk
5.740 32.712 32.527 6.245 35.378 33.900  5.67
3.829910 33.922100 35.028912 
6.299257 35.181998 31.674280 
8.020835 34.378440 32.601365 
4.250304 33.736341 35.234981 
FEnd
FBeg
  440   CD GLU A  42  1948  NE2 GLN B  16 unk
5.740 32.712 32.527 3.194 33.189 38.151  6.67
4.250304 33.736341 35.234981 
3.829910 33.922100 35.028912 
1.901233 31.641016 34.349265 
3.870034 29.580756 35.415288 
4.317541 29.653264 35.611726 
FEnd
FBeg
  441  OE1 GLU A  42  1948  NE2 GLN B  16 hbd
6.444 32.819 33.561 3.194 33.189 38.151  15.14
4.317541 29.653264 35.611726 
4.250304 33.736341 35.234981 
6.104319 33.706292 36.550159 
7.507718 32.674237 37.627045 
7.515261 29.687332 37.873160 
FEnd
FBeg
  441  OE1 GLU A  42  1906   OG SER B  12 hbd
6.444 32.819 33.561 6.245 35.378 33.900  11.02
8.020835 34.378440 32.601365 
8.409041 34.384646 32.782403 
8.255775 33.794543 37.146928 
7.926051 33.745803 37.321298 
6.104319 33.706292 36.550159 
4.250304 33.736341 35.234981 
FEnd
FBeg
  441  OE1 GLU A  42  1905   CB SER B  12 unk
6.444 32.819 33.561 6.745 36.683 34.094  3.90
8.409041 34.384646 32.782403 
8.255775 33.794543 37.146928 
9.793062 33.784189 36.353842 
8.779546 34.335864 32.926820 
FEnd
FBeg
  441  OE1 GLU A  42  1859  CE1 PHE B   8 unk
6.444 32.819 33.561 8.164 34.766 29.806  0.69
8.020835 34.378440 32.601365 
8.409041 34.384646 32.782403 
8.779546 34.335864 32.926820 
9.122416 33.568700 32.686093 
8.474272 33.548167 32.378560 
FEnd
FBeg
  440   CD GLU A  42  1859  CE1 PHE B   8 aro
5.740 32.712 32.527 8.164 34.766 29.806  3.55
6.299257 35.181998 31.674280 
8.020835 34.378440 32.601365 
8.474272 33.548167 32.378560 
7.726925 33.224693 31.468606 
6.863025 33.489303 30.898748 
6.186114 34.957674 31.404150 
FEnd
FBeg
  442  OE2 GLU A  42  1902   CA SER B  12 unk
4.866 33.549 32.198 5.648 37.660 34.513  8.20
4.546495 36.788223 30.877262 
3.970359 36.987891 30.717306 
1.594684 37.086573 31.344562 
2.551307 35.084122 34.577391 
2.648204 34.962886 34.759950 
2.800545 34.911561 34.799634 
4.395670 35.986272 32.352323 
FEnd
FBeg
  442  OE2 GLU A  42  1859  CE1 PHE B   8 unk
4.866 33.549 32.198 8.164 34.766 29.806  0.10
6.186114 34.957674 31.404150 
6.009029 35.556111 31.464465 
6.103769 35.452253 31.542248 
6.299257 35.181998 31.674280 
FEnd
FBeg
  440   CD GLU A  42  1861   CZ PHE B   8 aro
5.740 32.712 32.527 7.039 34.510 29.043  1.34
6.863025 33.489303 30.898748 
6.186114 34.957674 31.404150 
5.272322 33.592671 30.359004 
FEnd
FBeg
  437    O GLU A  42  1861   CZ PHE B   8 unk
7.415 30.622 28.625 7.039 34.510 29.043  0.86
7.549335 32.368718 28.392447 
6.534007 32.179024 29.243559 
6.162736 32.161815 29.069669 
7.385920 32.438065 27.600425 
FEnd
FBeg
  445   CA GLU A  43  1861   CZ PHE B   8 ali
9.868 31.617 28.206 7.039 34.510 29.043  2.71
8.117800 32.653634 29.329036 
7.549335 32.368718 28.392447 
7.385920 32.438065 27.600425 
7.411547 32.483668 27.529422 
8.538277 33.670087 27.236959 
8.659631 33.780923 27.264034 
9.037711 34.084512 27.492595 
FEnd
FBeg
  439   CG GLU A  42  1859  CE1 PHE B   8 ali
5.968 31.516 31.626 8.164 34.766 29.806  0.77
7.673545 32.591807 30.274045 
7.726925 33.224693 31.468606 
6.863025 33.489303 30.898748 
7.568550 32.597586 30.157678 
FEnd
FBeg
  438   CB GLU A  42  1859  CE1 PHE B   8 ali
7.285 30.850 31.920 8.164 34.766 29.806  3.14
9.506987 32.826408 31.470966 
9.578937 33.185966 32.166934 
9.122416 33.568700 32.686093 
8.474272 33.548167 32.378560 
7.726925 33.224693 31.468606 
7.673545 32.591807 30.274045 
8.532400 32.581397 30.611872 
FEnd
FBeg
  451  OE1 GLU A  43  1859  CE1 PHE B   8 unk
11.645 31.617 31.073 8.164 34.766 29.806  0.74
10.372132 33.568752 30.939059 
9.578937 33.185966 32.166934 
9.506987 32.826408 31.470966 
9.906711 33.021227 30.856955 
FEnd
FBeg
  451  OE1 GLU A  43  1870  CD2 LEU B   9 unk
11.645 31.617 31.073 11.814 35.578 32.417  7.46
10.372132 33.568752 30.939059 
9.578937 33.185966 32.166934 
10.270395 32.239549 34.869242 
10.281973 32.229136 34.898477 
12.419566 32.864010 32.758604 
12.636510 32.942544 32.499871 
11.329958 33.585617 30.768916 
FEnd
FBeg
  450   CD GLU A  43  1870  CD2 LEU B   9 ali
12.595 31.488 30.308 11.814 35.578 32.417  4.11
12.636510 32.942544 32.499871 
11.329958 33.585617 30.768916 
12.302426 34.035987 30.255631 
13.997937 34.056324 30.844069 
14.187006 33.742237 31.523197 
14.170635 33.733601 31.533882 
FEnd
FBeg
 1271  ND1 HIS A 121  1870  CD2 LEU B   9 unk
14.522 31.639 33.492 11.814 35.578 32.417  0.12
12.419566 32.864010 32.758604 
12.636510 32.942544 32.499871 
14.170635 33.733601 31.533882 
FEnd
FBeg
 1273  CE1 HIS A 121  1870  CD2 LEU B   9 ali
14.579 32.696 34.324 11.814 35.578 32.417  11.82
10.281973 32.229136 34.898477 
12.419566 32.864010 32.758604 
14.170635 33.733601 31.533882 
14.187006 33.742237 31.523197 
13.589421 35.011219 34.307428 
11.666920 34.167813 35.820287 
10.193323 32.834026 35.941167 
FEnd
FBeg
 1273  CE1 HIS A 121  2714  CE1 HIS B  93 aro
14.579 32.696 34.324 14.226 33.440 38.230  4.40
11.666920 34.167813 35.820287 
10.193323 32.834026 35.941167 
10.134004 31.020416 36.281256 
10.418291 31.126620 36.286719 
12.876952 33.300393 36.094865 
12.275101 34.161966 35.876364 
FEnd
FBeg
 1273  CE1 HIS A 121  3625   ZN ZN B 169 unk
14.579 32.696 34.324 15.599 33.952 36.467  8.27
12.876952 33.300393 36.094865 
16.873795 32.696384 34.546501 
16.887225 32.852740 34.448469 
15.961660 34.768169 33.766387 
14.309186 34.974678 34.431878 
12.275101 34.161966 35.876364 
FEnd
FBeg
 1273  CE1 HIS A 121  2759  NE2 HIS B  97 aro
14.579 32.696 34.324 15.601 35.908 35.865  0.47
15.961660 34.768169 33.766387 
15.741952 34.943868 33.545878 
14.292431 35.074677 34.234556 
14.309186 34.974678 34.431878 
FEnd
FBeg
 1262  CD1 LEU A 120  2759  NE2 HIS B  97 unk
17.262 33.177 32.034 15.601 35.908 35.865  0.41
15.961660 34.768169 33.766387 
15.741952 34.943868 33.545878 
16.123690 35.298685 33.458450 
16.916760 34.871886 34.106551 
FEnd
FBeg
 1262  CD1 LEU A 120  2757  CD2 HIS B  97 ali
17.262 33.177 32.034 16.432 36.948 35.533  4.19
16.123690 35.298685 33.458450 
16.916760 34.871886 34.106551 
17.657745 34.758691 34.404315 
19.218240 35.553992 33.917356 
19.232232 35.978119 33.463578 
16.978599 36.138132 32.756540 
FEnd
FBeg
 1262  CD1 LEU A 120  3625   ZN ZN B 169 unk
17.262 33.177 32.034 15.599 33.952 36.467  2.22
16.887225 32.852740 34.448469 
15.961660 34.768169 33.766387 
16.916760 34.871886 34.106551 
17.657745 34.758691 34.404315 
17.602384 33.742028 34.561285 
FEnd
FBeg
 1260   CB LEU A 120  3625   ZN ZN B 169 unk
18.823 31.749 33.395 15.599 33.952 36.467  1.13
16.873795 32.696384 34.546501 
16.887225 32.852740 34.448469 
17.602384 33.742028 34.561285 
17.522283 31.990667 35.733160 
17.138931 32.242818 35.150017 
FEnd
FBeg
 1272  CD2 HIS A 121  3625   ZN ZN B 169 unk
15.202 30.971 35.439 15.599 33.952 36.467  3.15
17.522283 31.990667 35.733160 
17.519788 31.675075 36.649280 
17.352635 31.633550 36.834246 
15.591353 31.567630 37.705584 
15.010512 31.779736 37.314832 
17.138931 32.242818 35.150017 
FEnd
FBeg
 1308  NH1 ARG A 124  3625   ZN ZN B 169 unk
16.651 29.954 38.291 15.599 33.952 36.467  1.46
17.352635 31.633550 36.834246 
17.081366 31.945158 37.673711 
16.857668 32.193352 38.346741 
16.153688 31.968514 38.259945 
15.591353 31.567630 37.705584 
FEnd
FBeg
 1308  NH1 ARG A 124  2714  CE1 HIS B  93 unk
16.651 29.954 38.291 14.226 33.440 38.230  10.52
16.153688 31.968514 38.259945 
15.591353 31.567630 37.705584 
12.433334 29.385245 38.531841 
12.370050 29.362924 39.772024 
15.840913 31.796924 40.888068 
15.957969 31.877081 40.815432 
16.303050 32.100890 39.887135 
FEnd
FBeg
 1307   CZ ARG A 124  2714  CE1 HIS B  93 aro
17.906 29.873 38.738 14.226 33.440 38.230  0.11
15.957969 31.877081 40.815432 
16.303050 32.100890 39.887135 
16.313127 32.152050 40.173366 
16.095043 32.002704 40.704531 
FEnd
FBeg
 1307   CZ ARG A 124  2713  CD2 HIS B  93 aro
17.906 29.873 38.738 15.433 34.978 39.158  1.39
16.313127 32.152050 40.173366 
16.095043 32.002704 40.704531 
17.292942 32.437353 42.474812 
16.843172 32.430581 39.908842 
FEnd
FBeg
 1309  NH2 ARG A 124  2713  CD2 HIS B  93 unk
18.706 30.924 38.595 15.433 34.978 39.158  7.06
17.292942 32.437353 42.474812 
16.843172 32.430581 39.908842 
17.994288 33.491158 38.963943 
18.553023 33.884094 39.382728 
18.880291 33.766155 42.134550 
17.820485 32.819710 42.788444 
17.571955 32.603638 42.899485 
FEnd
FBeg
 1309  NH2 ARG A 124  2715  NE2 HIS B  93 hbd
18.706 30.924 38.595 15.355 34.096 38.073  1.60
16.843172 32.430581 39.908842 
17.994288 33.491158 38.963943 
17.625286 33.006951 38.390415 
16.867654 32.199536 38.347704 
FEnd
FBeg
 1307   CZ ARG A 124  2715  NE2 HIS B  93 aro
17.906 29.873 38.738 15.355 34.096 38.073  0.60
16.303050 32.100890 39.887135 
16.313127 32.152050 40.173366 
16.843172 32.430581 39.908842 
16.867654 32.199536 38.347704 
16.857668 32.193352 38.346741 
FEnd
FBeg
 1308  NH1 ARG A 124  2715  NE2 HIS B  93 hbd
16.651 29.954 38.291 15.355 34.096 38.073  0.59
16.857668 32.193352 38.346741 
16.153688 31.968514 38.259945 
16.303050 32.100890 39.887135 
FEnd
FBeg
 1307   CZ ARG A 124  3625   ZN ZN B 169 unk
17.906 29.873 38.738 15.599 33.952 36.467  0.00
17.081366 31.945158 37.673711 
16.867654 32.199536 38.347704 
16.857668 32.193352 38.346741 
FEnd
FBeg
 1309  NH2 ARG A 124  3625   ZN ZN B 169 unk
18.706 30.924 38.595 15.599 33.952 36.467  1.18
17.519788 31.675075 36.649280 
17.625286 33.006951 38.390415 
16.867654 32.199536 38.347704 
17.081366 31.945158 37.673711 
17.352635 31.633550 36.834246 
FEnd
FBeg
 1274  NE2 HIS A 121  3625   ZN ZN B 169 unk
14.989 32.338 35.522 15.599 33.952 36.467  6.12
12.876952 33.300393 36.094865 
16.873795 32.696384 34.546501 
17.138931 32.242818 35.150017 
15.010512 31.779736 37.314832 
FEnd
FBeg
 1274  NE2 HIS A 121  2714  CE1 HIS B  93 aro
14.989 32.338 35.522 14.226 33.440 38.230  4.67
10.418291 31.126620 36.286719 
12.876952 33.300393 36.094865 
15.010512 31.779736 37.314832 
FEnd
FBeg
 1272  CD2 HIS A 121  2714  CE1 HIS B  93 aro
15.202 30.971 35.439 14.226 33.440 38.230  9.65
10.134004 31.020416 36.281256 
10.418291 31.126620 36.286719 
15.010512 31.779736 37.314832 
15.591353 31.567630 37.705584 
12.433334 29.385245 38.531841 
12.021638 29.447774 38.332558 
10.610434 29.955955 37.389514 
10.040378 30.744647 36.492469 
10.106033 30.945378 36.337855 
FEnd
FBeg
 1273  CE1 HIS A 121  2758  CE1 HIS B  97 aro
14.579 32.696 34.324 14.440 36.412 36.219  1.38
13.589421 35.011219 34.307428 
11.666920 34.167813 35.820287 
12.275101 34.161966 35.876364 
14.309186 34.974678 34.431878 
14.292431 35.074677 34.234556 
FEnd
FBeg
 1273  CE1 HIS A 121  1869  CD1 LEU B   9 ali
14.579 32.696 34.324 14.008 36.756 32.351  3.36
14.187006 33.742237 31.523197 
13.589421 35.011219 34.307428 
14.292431 35.074677 34.234556 
15.741952 34.943868 33.545878 
14.224911 33.744330 31.516533 
14.189769 33.741997 31.521904 
FEnd
FBeg
 1271  ND1 HIS A 121  1869  CD1 LEU B   9 unk
14.522 31.639 33.492 14.008 36.756 32.351  0.00
14.224911 33.744330 31.516533 
14.189769 33.741997 31.521904 
14.219960 33.740966 31.503681 
FEnd
FBeg
  445   CA GLU A  43  1859  CE1 PHE B   8 ali
9.868 31.617 28.206 8.164 34.766 29.806  2.78
9.037711 34.084512 27.492595 
9.275153 34.176048 27.565316 
9.599647 32.974312 30.276069 
8.426551 32.635275 29.693987 
8.117800 32.653634 29.329036 
FEnd
FBeg
  492   CB LEU A  47  1861   CZ PHE B   8 ali
9.968 33.934 24.963 7.039 34.510 29.043  0.20
8.695077 34.246800 27.223709 
8.659631 33.780923 27.264034 
9.037711 34.084512 27.492595 
8.995391 34.561915 27.394815 
FEnd
FBeg
  489   CA LEU A  47  1860  CE2 PHE B   8 ali
8.472 34.019 24.630 6.668 35.412 28.033  2.94
8.756674 34.712315 27.065807 
8.695077 34.246800 27.223709 
8.131742 33.858626 27.083971 
7.190783 34.166755 26.459018 
6.418415 35.235739 25.611987 
6.369397 35.910348 25.309854 
FEnd
FBeg
  492   CB LEU A  47  1857  CD1 PHE B   8 ali
9.968 33.934 24.963 8.920 35.936 29.562  0.37
9.026770 34.645416 27.370380 
9.003885 34.614641 27.378562 
9.001806 34.576469 27.394705 
9.419962 34.346981 27.589891 
10.185710 34.850435 27.545227 
9.705989 34.940831 27.396560 
FEnd
FBeg
  492   CB LEU A  47  1856   CG PHE B   8 ali
9.968 33.934 24.963 8.562 36.848 28.559  0.17
9.128958 35.067978 27.067914 
9.026770 34.645416 27.370380 
9.705989 34.940831 27.396560 
FEnd
FBeg
  489   CA LEU A  47  1858  CD2 PHE B   8 ali
8.472 34.019 24.630 7.426 36.578 27.798  3.01
7.399310 36.781988 24.945827 
8.852972 35.149194 26.744707 
8.756674 34.712315 27.065807 
6.369397 35.910348 25.309854 
6.348532 36.310967 24.979360 
FEnd
FBeg
  497    N GLN A  48  1858  CD2 PHE B   8 unk
7.823 35.327 22.666 7.426 36.578 27.798  1.23
7.172489 38.264941 24.566789 
7.399310 36.781988 24.945827 
6.348532 36.310967 24.979360 
6.222344 36.428230 24.941013 
6.952806 38.236201 24.556801 
FEnd
FBeg
  494  CD1 LEU A  47  1819    C ASN B   4 ali
10.335 36.375 25.263 12.530 40.465 26.105  2.51
12.399652 38.151408 24.887439 
12.562037 38.172812 24.360147 
10.290621 39.352695 24.550215 
11.214670 38.514637 26.212175 
FEnd
FBeg
  494  CD1 LEU A  47  1855   CB PHE B   8 ali
10.335 36.375 25.263 9.350 38.118 28.358  8.11
10.706815 36.011031 27.781347 
11.415785 37.193271 27.341183 
11.050573 38.453803 26.515063 
9.034626 39.428330 25.324657 
7.984965 38.568499 25.474824 
8.934298 36.938851 26.694718 
FEnd
FBeg
  494  CD1 LEU A  47  1856   CG PHE B   8 ali
10.335 36.375 25.263 8.562 36.848 28.559  2.34
10.649930 35.743173 27.789187 
10.706815 36.011031 27.781347 
8.934298 36.938851 26.694718 
9.128958 35.067978 27.067914 
9.705989 34.940831 27.396560 
FEnd
FBeg
  494  CD1 LEU A  47  1857  CD1 PHE B   8 ali
10.335 36.375 25.263 8.920 35.936 29.562  0.40
10.618626 35.072599 27.710406 
10.649930 35.743173 27.789187 
9.705989 34.940831 27.396560 
10.185710 34.850435 27.545227 
FEnd
FBeg
  448   CB GLU A  43  1857  CD1 PHE B   8 ali
11.158 32.430 28.412 8.920 35.936 29.562  3.04
11.175483 34.705192 29.914212 
10.618626 35.072599 27.710406 
10.185710 34.850435 27.545227 
9.419962 34.346981 27.589891 
10.604688 34.172942 30.426064 
FEnd
FBeg
  448   CB GLU A  43  1870  CD2 LEU B   9 ali
11.158 32.430 28.412 11.814 35.578 32.417  1.57
12.302426 34.035987 30.255631 
11.175483 34.705192 29.914212 
10.604688 34.172942 30.426064 
10.372132 33.568752 30.939059 
11.329958 33.585617 30.768916 
FEnd
FBeg
 1230   CG MET A 117  1834  CD1 LEU B   5 ali
14.987 31.809 26.144 13.179 35.865 28.474  1.13
14.201952 33.449049 28.076637 
13.218522 33.553379 27.131915 
13.133978 33.605956 26.974786 
14.230896 34.357391 26.517881 
14.268942 34.300298 26.646789 
FEnd
FBeg
  450   CD GLU A  43  1834  CD1 LEU B   5 ali
12.595 31.488 30.308 13.179 35.865 28.474  1.38
14.238240 34.007440 30.803921 
14.208342 33.581277 29.777327 
12.535388 33.903299 30.013142 
12.302426 34.035987 30.255631 
13.997937 34.056324 30.844069 
FEnd
FBeg
  450   CD GLU A  43  1869  CD1 LEU B   9 ali
12.595 31.488 30.308 14.008 36.756 32.351  0.16
14.378678 33.940586 30.879175 
14.238240 34.007440 30.803921 
13.997937 34.056324 30.844069 
14.187006 33.742237 31.523197 
14.189769 33.741997 31.521904 
14.219960 33.740966 31.503681 
FEnd
FBeg
 1262  CD1 LEU A 120  1869  CD1 LEU B   9 ali
17.262 33.177 32.034 14.008 36.756 32.351  6.11
16.460114 35.804153 31.204993 
14.378678 33.940586 30.879175 
14.219960 33.740966 31.503681 
14.224911 33.744330 31.516533 
15.741952 34.943868 33.545878 
16.123690 35.298685 33.458450 
16.978599 36.138132 32.756540 
16.567738 35.893149 31.304975 
FEnd
FBeg
 1215  CD2 LEU A 116  1869  CD1 LEU B   9 ali
17.452 36.722 28.674 14.008 36.756 32.351  0.46
15.846804 37.025589 30.619252 
16.460114 35.804153 31.204993 
16.567738 35.893149 31.304975 
15.826593 37.739155 30.593725 
FEnd
FBeg
 1215  CD2 LEU A 116  1833   CG LEU B   5 ali
17.452 36.722 28.674 14.455 36.632 28.531  2.58
15.953024 37.282094 28.231643 
15.846804 37.025589 30.619252 
15.826593 37.739155 30.593725 
15.818341 38.747343 30.132161 
15.839869 38.818048 29.636467 
FEnd
FBeg
 1215  CD2 LEU A 116  1837    N LEU B   6 unk
17.452 36.722 28.674 13.908 40.381 29.042  0.45
15.818341 38.747343 30.132161 
16.438591 39.389255 29.722943 
16.201233 39.220096 29.119026 
15.839869 38.818048 29.636467 
FEnd
FBeg
 1214  CD1 LEU A 116  1837    N LEU B   6 unk
18.577 38.660 27.689 13.908 40.381 29.042  0.13
16.438591 39.389255 29.722943 
16.201233 39.220096 29.119026 
16.187255 39.332902 28.927303 
16.519136 39.561474 29.781831 
FEnd
FBeg
 1214  CD1 LEU A 116  1798    O SER B   2 unk
18.577 38.660 27.689 16.254 41.274 27.892  3.40
16.187255 39.332902 28.927303 
16.519136 39.561474 29.781831 
17.181511 40.128819 30.056009 
17.853713 40.778257 29.385546 
17.596947 40.605120 28.676730 
16.438677 39.660397 27.587309 
16.251444 39.505076 27.444775 
FEnd
FBeg
 1214  CD1 LEU A 116  1796   CA SER B   2 ali
18.577 38.660 27.689 17.873 40.898 26.175  9.17
16.438677 39.660397 27.587309 
17.548371 40.473280 28.272916 
19.449152 38.349097 24.249089 
16.950512 37.587173 24.284662 
16.251444 39.505076 27.444775 
FEnd
FBeg
 1214  CD1 LEU A 116  1797    C SER B   2 ali
18.577 38.660 27.689 16.820 41.724 26.900  0.24
17.596947 40.605120 28.676730 
17.548371 40.473280 28.272916 
16.438677 39.660397 27.587309 
FEnd
FBeg
 1214  CD1 LEU A 116  1799   CB SER B   2 ali
18.577 38.660 27.689 19.256 40.658 26.955  14.25
17.853713 40.778257 29.385546 
19.355563 40.362125 29.642121 
20.449264 39.842937 29.240602 
20.615932 39.720792 29.062292 
21.199846 38.952281 27.510512 
21.185898 38.833209 27.173487 
21.052946 38.548587 26.275735 
19.948886 38.241040 24.417241 
19.449152 38.349097 24.249089 
17.548371 40.473280 28.272916 
17.596947 40.605120 28.676730 
FEnd
FBeg
 1212   CB LEU A 116  1799   CB SER B   2 ali
19.636 36.363 27.440 19.256 40.658 26.955  0.66
21.052946 38.548587 26.275735 
19.948886 38.241040 24.417241 
20.439379 38.281579 24.391935 
20.978240 38.450156 25.462598 
FEnd
FBeg
 1164    O ARG A 113  1799   CB SER B   2 unk
23.154 36.880 25.588 19.256 40.658 26.955  0.84
20.439379 38.281579 24.391935 
20.671616 38.724692 23.829519 
21.033440 39.039118 23.992277 
21.051950 38.928759 24.350062 
20.978240 38.450156 25.462598 
FEnd
FBeg
 1166   CG ARG A 113  1799   CB SER B   2 ali
23.753 39.368 26.698 19.256 40.658 26.955  0.72
21.185898 38.833209 27.173487 
21.052946 38.548587 26.275735 
20.978240 38.450156 25.462598 
21.051950 38.928759 24.350062 
FEnd
FBeg
 1167   CD ARG A 113  1799   CB SER B   2 ali
23.029 40.717 26.778 19.256 40.658 26.955  7.37
21.199846 38.952281 27.510512 
21.185898 38.833209 27.173487 
21.051950 38.928759 24.350062 
21.033440 39.039118 23.992277 
21.028839 40.334941 24.326138 
21.041684 40.971725 24.812199 
21.077617 41.822547 25.861775 
21.090631 41.766687 26.120561 
21.172415 40.365450 27.396826 
FEnd
FBeg
 1170  NH1 ARG A 113  1799   CB SER B   2 unk
21.582 42.914 27.325 19.256 40.658 26.955  0.52
21.077617 41.822547 25.861775 
19.941662 42.853310 26.718069 
20.176676 42.571077 26.961521 
21.090631 41.766687 26.120561 
FEnd
FBeg
 1170  NH1 ARG A 113  1800   OG SER B   2 hbd
21.582 42.914 27.325 19.672 41.710 27.773  1.18
19.941662 42.853310 26.718069 
20.176676 42.571077 26.961521 
19.801534 43.571323 28.050304 
19.302618 44.116167 27.387501 
19.283046 44.078158 27.201909 
FEnd
FBeg
 1170  NH1 ARG A 113  1810  CD2 TYR B   3 unk
21.582 42.914 27.325 17.514 46.332 27.054  1.14
19.302618 44.116167 27.387501 
19.972605 44.921939 27.493123 
20.876955 45.875372 25.943063 
20.877075 45.874875 25.935007 
19.283046 44.078158 27.201909 
FEnd
FBeg
 1170  NH1 ARG A 113  1812  CE2 TYR B   3 unk
21.582 42.914 27.325 18.212 47.138 27.957  1.73
19.972605 44.921939 27.493123 
21.382916 45.963911 28.049232 
20.876955 45.875372 25.943063 
FEnd
FBeg
 1170  NH1 ARG A 113  2798  CG1 VAL B 101 unk
21.582 42.914 27.325 19.245 44.460 30.355  4.43
19.801534 43.571323 28.050304 
21.735872 44.424753 29.106788 
21.844968 44.869654 28.963930 
21.765817 45.952746 28.350254 
21.382916 45.963911 28.049232 
19.972605 44.921939 27.493123 
19.302618 44.116167 27.387501 
FEnd
FBeg
 1170  NH1 ARG A 113  2824   CB GLU B 104 unk
21.582 42.914 27.325 24.721 44.429 29.594  1.81
21.844968 44.869654 28.963930 
23.402629 45.384407 26.465318 
22.559388 45.830447 27.334064 
21.765817 45.952746 28.350254 
FEnd
FBeg
 1170  NH1 ARG A 113  2827  OE1 GLU B 104 elf
21.582 42.914 27.325 22.992 42.846 28.190  8.40
21.735872 44.424753 29.106788 
22.825317 42.642722 27.190838 
24.753090 44.655386 24.206679 
23.402629 45.384407 26.465318 
21.844968 44.869654 28.963930 
FEnd
FBeg
 1167   CD ARG A 113  2827  OE1 GLU B 104 unk
23.029 40.717 26.778 22.992 42.846 28.190  5.85
22.825317 42.642722 27.190838 
24.753090 44.655386 24.206679 
25.813992 44.436460 24.564574 
25.421230 43.137552 26.512762 
22.987997 42.390577 27.575283 
FEnd
FBeg
 1167   CD ARG A 113  2826   CD GLU B 104 ali
23.029 40.717 26.778 23.581 42.236 29.110  7.42
25.421230 43.137552 26.512762 
22.987997 42.390577 27.575283 
22.801161 41.182414 28.406473 
23.150384 40.649508 28.670929 
24.241259 40.389468 28.582094 
26.021730 41.409429 27.496271 
25.655481 43.009627 26.540640 
FEnd
FBeg
 1167   CD ARG A 113  2825   CG GLU B 104 ali
23.029 40.717 26.778 24.661 42.949 29.890  1.15
26.021730 41.409429 27.496271 
26.277312 41.560993 27.253532 
26.570414 42.893265 26.144287 
25.655481 43.009627 26.540640 
FEnd
FBeg
 1166   CG ARG A 113  2825   CG GLU B 104 ali
23.753 39.368 26.698 24.661 42.949 29.890  5.08
26.021730 41.409429 27.496271 
26.277312 41.560993 27.253532 
27.784717 40.154642 28.402474 
27.814621 38.502641 30.247293 
27.543894 38.605863 30.208503 
25.784838 40.155038 28.970918 
FEnd
FBeg
 1166   CG ARG A 113  2828  OE2 GLU B 104 unk
23.753 39.368 26.698 23.324 41.053 29.417  4.65
27.543894 38.605863 30.208503 
25.784838 40.155038 28.970918 
24.241259 40.389468 28.582094 
23.214351 39.827280 28.768465 
23.005762 39.385823 29.009131 
FEnd
FBeg
 1168   NE ARG A 113  2828  OE2 GLU B 104 elf
22.228 40.800 28.003 23.324 41.053 29.417  2.28
23.214351 39.827280 28.768465 
23.005762 39.385823 29.009131 
21.400965 39.710218 30.194977 
21.584525 40.150031 29.974005 
22.538018 40.894348 29.101770 
23.150384 40.649508 28.670929 
FEnd
FBeg
 1169   CZ ARG A 113  2828  OE2 GLU B 104 unk
21.532 41.933 28.209 23.324 41.053 29.417  0.72
21.584525 40.150031 29.974005 
22.023854 41.276166 30.142650 
22.538018 40.894348 29.101770 
FEnd
FBeg
 1171  NH2 ARG A 113  2828  OE2 GLU B 104 elf
20.786 42.059 29.311 23.324 41.053 29.417  1.15
21.400965 39.710218 30.194977 
21.398808 39.712945 30.272504 
22.016605 41.361225 31.123454 
22.074413 41.498421 31.041416 
22.023854 41.276166 30.142650 
21.584525 40.150031 29.974005 
FEnd
FBeg
 1171  NH2 ARG A 113  2826   CD GLU B 104 unk
20.786 42.059 29.311 23.581 42.236 29.110  1.17
22.074413 41.498421 31.041416 
22.023854 41.276166 30.142650 
21.837011 43.760396 29.732126 
FEnd
FBeg
 1171  NH2 ARG A 113  2794   CA VAL B 101 unk
20.786 42.059 29.311 20.887 43.677 32.088  3.08
22.016605 41.361225 31.123454 
22.074413 41.498421 31.041416 
21.837011 43.760396 29.732126 
21.705176 43.961206 29.619920 
20.636607 43.020045 30.207145 
20.558986 42.599285 30.455121 
21.353217 41.175932 31.255542 
FEnd
FBeg
 1171  NH2 ARG A 113  2799  CG2 VAL B 101 unk
20.786 42.059 29.311 18.920 42.260 31.520  6.62
20.558986 42.599285 30.455121 
20.175438 42.763615 30.116175 
18.981222 42.422282 29.138449 
19.091947 41.144156 29.348279 
19.355563 40.362125 29.642121 
20.216786 39.414094 30.455881 
20.260145 39.388283 30.494856 
21.353217 41.175932 31.255542 
FEnd
FBeg
 1171  NH2 ARG A 113  1800   OG SER B   2 hbd
20.786 42.059 29.311 19.672 41.710 27.773  1.70
18.981222 42.422282 29.138449 
19.761455 43.250498 28.385376 
19.917176 41.312264 28.712405 
19.091947 41.144156 29.348279 
FEnd
FBeg
 1171  NH2 ARG A 113  2797   CB VAL B 101 unk
20.786 42.059 29.311 19.416 43.692 31.653  0.12
20.636607 43.020045 30.207145 
20.175438 42.763615 30.116175 
20.558986 42.599285 30.455121 
FEnd
FBeg
 1171  NH2 ARG A 113  2798  CG1 VAL B 101 unk
20.786 42.059 29.311 19.245 44.460 30.355  3.09
21.705176 43.961206 29.619920 
19.761455 43.250498 28.385376 
18.981222 42.422282 29.138449 
20.175438 42.763615 30.116175 
20.636607 43.020045 30.207145 
FEnd
FBeg
 1169   CZ ARG A 113  2794   CA VAL B 101 ali
21.532 41.933 28.209 20.887 43.677 32.088  0.03
21.837011 43.760396 29.732126 
21.705176 43.961206 29.619920 
21.854926 44.146233 29.561632 
FEnd
FBeg
 1171  NH2 ARG A 113  2790  CG2 THR B 100 unk
20.786 42.059 29.311 22.260 39.522 33.155  1.78
21.398808 39.712945 30.272504 
22.016605 41.361225 31.123454 
21.353217 41.175932 31.255542 
20.260145 39.388283 30.494856 
20.507170 39.315930 30.352380 
FEnd
FBeg
 1213   CG LEU A 116  2790  CG2 THR B 100 ali
18.828 37.296 28.335 22.260 39.522 33.155  0.16
20.260145 39.388283 30.494856 
20.507170 39.315930 30.352380 
20.477765 38.441754 30.777035 
20.239203 39.375239 30.515792 
FEnd
FBeg
 1166   CG ARG A 113  2826   CD GLU B 104 ali
23.753 39.368 26.698 23.581 42.236 29.110  1.55
24.241259 40.389468 28.582094 
26.021730 41.409429 27.496271 
25.784838 40.155038 28.970918 
FEnd
FBeg
 1167   CD ARG A 113  2828  OE2 GLU B 104 unk
23.029 40.717 26.778 23.324 41.053 29.417  0.45
23.150384 40.649508 28.670929 
23.214351 39.827280 28.768465 
24.241259 40.389468 28.582094 
FEnd
FBeg
 1168   NE ARG A 113  2826   CD GLU B 104 unk
22.228 40.800 28.003 23.581 42.236 29.110  0.25
22.801161 41.182414 28.406473 
23.150384 40.649508 28.670929 
22.538018 40.894348 29.101770 
FEnd
FBeg
 1169   CZ ARG A 113  2826   CD GLU B 104 aro
21.532 41.933 28.209 23.581 42.236 29.110  5.50
22.987997 42.390577 27.575283 
22.801161 41.182414 28.406473 
22.538018 40.894348 29.101770 
22.023854 41.276166 30.142650 
21.837011 43.760396 29.732126 
21.854926 44.146233 29.561632 
21.872218 44.214885 29.499220 
FEnd
FBeg
 1169   CZ ARG A 113  2827  OE1 GLU B 104 unk
21.532 41.933 28.209 22.992 42.846 28.190  1.35
21.735872 44.424753 29.106788 
22.825317 42.642722 27.190838 
22.987997 42.390577 27.575283 
21.872218 44.214885 29.499220 
FEnd
FBeg
 1169   CZ ARG A 113  2798  CG1 VAL B 101 ali
21.532 41.933 28.209 19.245 44.460 30.355  1.45
19.801534 43.571323 28.050304 
21.735872 44.424753 29.106788 
21.872218 44.214885 29.499220 
21.854926 44.146233 29.561632 
21.705176 43.961206 29.619920 
19.761455 43.250498 28.385376 
FEnd
FBeg
 1169   CZ ARG A 113  1800   OG SER B   2 unk
21.532 41.933 28.209 19.672 41.710 27.773  1.90
20.176676 42.571077 26.961521 
19.801534 43.571323 28.050304 
19.761455 43.250498 28.385376 
19.917176 41.312264 28.712405 
FEnd
FBeg
 1170  NH1 ARG A 113  1787    O MET B   1 hbd
21.582 42.914 27.325 19.895 42.870 25.140  12.70
21.077617 41.822547 25.861775 
19.941662 42.853310 26.718069 
19.283046 44.078158 27.201909 
20.877075 45.874875 25.935007 
22.177668 45.714614 24.934069 
22.789126 45.460726 24.467086 
23.225997 43.659719 24.166053 
FEnd
FBeg
 1167   CD ARG A 113  1787    O MET B   1 unk
23.029 40.717 26.778 19.895 42.870 25.140  3.22
21.041684 40.971725 24.812199 
21.077617 41.822547 25.861775 
23.225997 43.659719 24.166053 
22.890091 43.114593 24.092226 
21.300213 41.003570 24.359409 
FEnd
FBeg
 1167   CD ARG A 113  1786    C MET B   1 ali
23.029 40.717 26.778 18.872 42.516 24.531  0.18
21.028839 40.334941 24.326138 
21.041684 40.971725 24.812199 
21.300213 41.003570 24.359409 
FEnd
FBeg
 1167   CD ARG A 113  1789   CG MET B   1 ali
23.029 40.717 26.778 20.443 42.020 21.685  4.68
21.033440 39.039118 23.992277 
21.028839 40.334941 24.326138 
21.300213 41.003570 24.359409 
22.890091 43.114593 24.092226 
23.737406 43.668934 23.803821 
23.692402 43.078294 23.675561 
22.482400 40.757686 23.696239 
21.114037 39.053310 23.954984 
FEnd
FBeg
 1165   CB ARG A 113  1789   CG MET B   1 ali
24.607 39.245 25.427 20.443 42.020 21.685  0.61
22.482400 40.757686 23.696239 
21.114037 39.053310 23.954984 
21.336304 38.891762 23.587850 
21.450198 38.964862 23.515321 
FEnd
FBeg
 1165   CB ARG A 113  1791   CE MET B   1 ali
24.607 39.245 25.427 22.689 40.839 20.574  9.67
21.450198 38.964862 23.515321 
22.482400 40.757686 23.696239 
25.496145 44.080076 23.596410 
25.411505 40.656654 22.505416 
23.707861 39.470372 22.789087 
FEnd
FBeg
 1154    C THR A 112  1791   CE MET B   1 ali
25.444 37.454 22.964 22.689 40.839 20.574  2.72
25.411505 40.656654 22.505416 
23.707861 39.470372 22.789087 
23.985899 38.503513 21.099206 
25.456334 40.280574 21.921091 
FEnd
FBeg
 1134    O ASP A 110  1791   CE MET B   1 unk
27.975 40.512 21.190 22.689 40.839 20.574  9.71
25.496145 44.080076 23.596410 
25.411505 40.656654 22.505416 
25.456334 40.280574 21.921091 
25.764930 39.626393 18.925711 
25.834772 40.215508 18.639107 
25.862646 40.759370 18.688622 
25.506955 44.248528 23.593066 
25.506281 44.249149 23.599179 
FEnd
FBeg
 1135   CB ASP A 110  1791   CE MET B   1 ali
28.847 42.677 19.713 22.689 40.839 20.574  9.80
25.862646 40.759370 18.688622 
25.070835 42.267707 16.245359 
24.945513 42.558733 15.970301 
25.506955 44.248528 23.593066 
FEnd
FBeg
 1167   CD ARG A 113  1791   CE MET B   1 ali
23.029 40.717 26.778 22.689 40.839 20.574  1.64
23.692402 43.078294 23.675561 
25.506281 44.249149 23.599179 
25.496145 44.080076 23.596410 
22.482400 40.757686 23.696239 
FEnd
FBeg
 1168   NE ARG A 113  1799   CB SER B   2 unk
22.228 40.800 28.003 19.256 40.658 26.955  1.21
20.615932 39.720792 29.062292 
21.199846 38.952281 27.510512 
21.172415 40.365450 27.396826 
FEnd
FBeg
 1169   CZ ARG A 113  1799   CB SER B   2 ali
21.532 41.933 28.209 19.256 40.658 26.955  5.26
20.449264 39.842937 29.240602 
20.615932 39.720792 29.062292 
21.172415 40.365450 27.396826 
21.090631 41.766687 26.120561 
20.176676 42.571077 26.961521 
19.917176 41.312264 28.712405 
FEnd
FBeg
 1171  NH2 ARG A 113  1799   CB SER B   2 unk
20.786 42.059 29.311 19.256 40.658 26.955  1.35
19.355563 40.362125 29.642121 
20.449264 39.842937 29.240602 
19.917176 41.312264 28.712405 
19.091947 41.144156 29.348279 
FEnd
FBeg
 1214  CD1 LEU A 116  2799  CG2 VAL B 101 ali
18.577 38.660 27.689 18.920 42.260 31.520  2.48
17.181511 40.128819 30.056009 
20.127970 39.405390 30.472012 
20.216786 39.414094 30.455881 
19.355563 40.362125 29.642121 
17.853713 40.778257 29.385546 
FEnd
FBeg
 1214  CD1 LEU A 116  1832   CB LEU B   5 ali
18.577 38.660 27.689 14.570 37.674 27.401  5.23
16.201233 39.220096 29.119026 
16.187255 39.332902 28.927303 
16.251444 39.505076 27.444775 
16.950512 37.587173 24.284662 
17.088005 36.882166 24.785357 
17.064629 36.808966 25.361208 
FEnd
FBeg
 1215  CD2 LEU A 116  1832   CB LEU B   5 ali
17.452 36.722 28.674 14.570 37.674 27.401  4.78
16.892456 36.140372 25.250997 
15.953024 37.282094 28.231643 
15.839869 38.818048 29.636467 
16.201233 39.220096 29.119026 
17.064629 36.808966 25.361208 
FEnd
FBeg
 1225    N MET A 117  1835  CD2 LEU B   5 unk
18.103 33.572 27.412 15.573 35.685 28.479  0.70
16.810737 34.996686 26.500184 
17.053927 35.733793 25.617113 
17.077807 35.719830 25.701387 
17.236342 35.149508 27.206714 
17.064903 34.747093 27.597119 
FEnd
FBeg
 1226   CA MET A 117  1835  CD2 LEU B   5 ali
16.867 32.788 27.520 15.573 35.685 28.479  7.31
14.672209 33.692409 27.554652 
16.810737 34.996686 26.500184 
17.064903 34.747093 27.597119 
16.815195 34.102031 29.208821 
16.398077 33.729641 29.770930 
15.117824 33.102826 29.936976 
14.853943 33.074665 29.665983 
14.843967 33.075189 29.650941 
14.366487 33.332908 28.228134 
FEnd
FBeg
 1230   CG MET A 117  1835  CD2 LEU B   5 ali
14.987 31.809 26.144 15.573 35.685 28.479  0.47
14.268942 34.300298 26.646789 
14.672209 33.692409 27.554652 
14.366487 33.332908 28.228134 
14.201952 33.449049 28.076637 
FEnd
FBeg
 1229   CB MET A 117  1834  CD1 LEU B   5 ali
16.269 32.652 26.139 13.179 35.865 28.474  0.01
14.278555 34.423795 26.489576 
14.230896 34.357391 26.517881 
14.268942 34.300298 26.646789 
FEnd
FBeg
  495  CD2 LEU A  47  1835  CD2 LEU B   5 ali
12.273 34.939 24.776 15.573 35.685 28.479  0.54
14.351718 35.389637 26.229799 
14.278555 34.423795 26.489576 
15.182769 35.405578 25.485980 
FEnd
FBeg
  495  CD2 LEU A  47  1834  CD1 LEU B   5 ali
12.273 34.939 24.776 13.179 35.865 28.474  6.22
12.729751 36.680757 26.303873 
12.435960 36.728761 26.363830 
11.175228 34.754928 27.166965 
13.133978 33.605956 26.974786 
14.230896 34.357391 26.517881 
14.278555 34.423795 26.489576 
14.351718 35.389637 26.229799 
FEnd
FBeg
  495  CD2 LEU A  47  1829   CA LEU B   5 ali
12.273 34.939 24.776 13.415 38.662 27.391  1.10
12.817553 37.833832 24.623884 
12.435960 36.728761 26.363830 
12.729751 36.680757 26.303873 
13.571499 37.647138 24.560426 
FEnd
FBeg
  494  CD1 LEU A  47  1828    N LEU B   5 unk
10.335 36.375 25.263 13.593 39.717 26.402  0.21
12.817875 37.985467 24.178046 
12.817553 37.833832 24.623884 
12.399652 38.151408 24.887439 
12.562037 38.172812 24.360147 
FEnd
FBeg
  512    O GLN A  49  1828    N LEU B   5 hbd
12.675 36.943 21.582 13.593 39.717 26.402  0.90
15.949180 38.358606 23.287656 
13.081935 37.949576 24.069146 
14.157755 37.666686 24.027057 
15.991879 38.217870 23.360520 
FEnd
FBeg
  513   CB GLN A  49  1822   CG ASN B   4 ali
10.863 38.891 20.761 12.067 42.151 22.733  1.74
10.594869 40.443485 22.585735 
12.759376 40.455944 21.243604 
11.597242 41.243260 20.651596 
FEnd
FBeg
  494  CD1 LEU A  47  1821   CB ASN B   4 ali
10.335 36.375 25.263 12.651 41.091 23.665  2.74
9.178879 39.781349 24.203994 
9.609596 39.475520 23.925677 
11.843101 38.231920 23.492624 
12.766317 37.963356 24.038068 
12.817875 37.985467 24.178046 
12.562037 38.172812 24.360147 
10.290621 39.352695 24.550215 
FEnd
FBeg
  514   CG GLN A  49  1822   CG ASN B   4 ali
9.642 39.749 20.483 12.067 42.151 22.733  3.78
11.597242 41.243260 20.651596 
10.337499 42.804962 20.342115 
9.905555 40.584534 23.178085 
10.594869 40.443485 22.585735 
FEnd
FBeg
  513   CB GLN A  49  1824  ND2 ASN B   4 unk
10.863 38.891 20.761 12.857 42.599 21.778  5.94
13.870347 40.624060 18.452406 
14.475005 39.657083 20.792485 
12.759376 40.455944 21.243604 
11.597242 41.243260 20.651596 
11.974568 41.379533 19.414930 
FEnd
FBeg
  541  NE2 GLN A  51  1788   CB MET B   1 unk
18.158 40.355 19.775 19.789 43.324 22.270  2.64
18.883757 43.430407 18.909381 
18.536805 44.385653 17.999462 
17.412780 43.327640 19.993260 
18.180047 42.230564 20.797190 
FEnd
FBeg
  541  NE2 GLN A  51  1789   CG MET B   1 unk
18.158 40.355 19.775 20.443 42.020 21.685  9.91
20.291262 40.375378 19.888686 
18.883757 43.430407 18.909381 
18.180047 42.230564 20.797190 
18.317005 39.984643 22.591175 
18.926886 38.800804 22.893537 
19.029802 38.780610 22.788020 
FEnd
FBeg
  539   CD GLN A  51  1789   CG MET B   1 ali
18.456 39.163 19.249 20.443 42.020 21.685  2.10
20.371572 40.264288 19.953469 
20.291262 40.375378 19.888686 
19.029802 38.780610 22.788020 
19.143763 38.758810 22.720632 
20.340925 38.712618 21.798303 
20.406578 39.359866 20.985643 
FEnd
FBeg
  539   CD GLN A  51  1791   CE MET B   1 ali
18.456 39.163 19.249 22.689 40.839 20.574  0.15
20.406578 39.359866 20.985643 
20.371572 40.264288 19.953469 
20.464882 40.271803 19.645864 
FEnd
FBeg
  540  OE1 GLN A  51  1789   CG MET B   1 unk
19.618 38.789 19.045 20.443 42.020 21.685  0.06
20.452117 38.699079 21.780126 
20.406578 39.359866 20.985643 
20.340925 38.712618 21.798303 
FEnd
FBeg
  574  OD1 ASP A  54  1791   CE MET B   1 unk
19.593 36.124 20.877 22.689 40.839 20.574  2.53
22.372565 37.348303 20.383422 
21.094957 38.341472 22.783820 
20.860076 38.497941 22.818668 
20.452117 38.699079 21.780126 
22.348469 37.327307 19.810495 
FEnd
FBeg
 1155    O THR A 112  1791   CE MET B   1 unk
24.213 37.301 22.849 22.689 40.839 20.574  7.67
23.619069 37.904095 20.412749 
23.985899 38.503513 21.099206 
23.707861 39.470372 22.789087 
21.450198 38.964862 23.515321 
21.030243 38.533145 23.125255 
21.094957 38.341472 22.783820 
22.372565 37.348303 20.383422 
FEnd
FBeg
 1153   CA THR A 112  1791   CE MET B   1 ali
26.339 37.286 21.726 22.689 40.839 20.574  6.76
24.479884 38.258267 18.777676 
25.294987 39.050494 18.638488 
25.764930 39.626393 18.925711 
25.456334 40.280574 21.921091 
23.985899 38.503513 21.099206 
23.619069 37.904095 20.412749 
FEnd

+-+CCS_record::Boundary loops before union-find
Start boundary loop loop_id 0  init_edge IE_A_B
xyz 24.4799 38.2583 18.7777
xyz 25.295 39.0505 18.6385
xyz 25.7649 39.6264 18.9257
xyz 25.8348 40.2155 18.6391
xyz 25.8626 40.7594 18.6886
xyz 25.0708 42.2677 16.2454
xyz 24.9455 42.5587 15.9703
xyz 25.507 44.2485 23.5931
xyz 25.5063 44.2491 23.5992
xyz 23.6924 43.0783 23.6756
xyz 23.7374 43.6689 23.8038
xyz 22.8901 43.1146 24.0922
xyz 23.226 43.6597 24.1661
xyz 22.7891 45.4607 24.4671
xyz 22.1777 45.7146 24.9341
xyz 20.8771 45.8749 25.935
xyz 20.877 45.8754 25.9431
xyz 21.3829 45.9639 28.0492
xyz 21.7658 45.9527 28.3503
xyz 22.5594 45.8304 27.3341
xyz 23.4026 45.3844 26.4653
xyz 24.7531 44.6554 24.2067
xyz 25.814 44.4365 24.5646
xyz 25.4212 43.1376 26.5128
xyz 25.6555 43.0096 26.5406
xyz 26.5704 42.8933 26.1443
xyz 26.2773 41.561 27.2535
xyz 27.7847 40.1546 28.4025
xyz 27.8146 38.5026 30.2473
xyz 27.5439 38.6059 30.2085
xyz 23.0058 39.3858 29.0091
xyz 21.401 39.7102 30.195
xyz 21.3988 39.7129 30.2725
xyz 20.5072 39.3159 30.3524
xyz 20.4778 38.4418 30.777
xyz 20.2392 39.3752 30.5158
xyz 20.2601 39.3883 30.4949
xyz 20.2168 39.4141 30.4559
xyz 20.128 39.4054 30.472
xyz 17.1815 40.1288 30.056
xyz 16.5191 39.5615 29.7818
xyz 16.4386 39.3893 29.7229
xyz 15.8183 38.7473 30.1322
xyz 15.8266 37.7392 30.5937
xyz 16.5677 35.8931 31.305
xyz 16.9786 36.1381 32.7565
xyz 19.2322 35.9781 33.4636
xyz 19.2182 35.554 33.9174
xyz 17.6577 34.7587 34.4043
xyz 17.6024 33.742 34.5613
xyz 17.5223 31.9907 35.7332
xyz 17.5198 31.6751 36.6493
xyz 17.6253 33.007 38.3904
xyz 17.9943 33.4912 38.9639
xyz 18.553 33.8841 39.3827
xyz 18.8803 33.7662 42.1345
xyz 17.8205 32.8197 42.7884
xyz 17.572 32.6036 42.8995
xyz 17.2929 32.4374 42.4748
xyz 16.095 32.0027 40.7045
xyz 15.958 31.8771 40.8154
xyz 15.8409 31.7969 40.8881
xyz 12.3701 29.3629 39.772
xyz 12.4333 29.3852 38.5318
xyz 12.0216 29.4478 38.3326
xyz 10.6104 29.956 37.3895
xyz 10.0404 30.7446 36.4925
xyz 10.106 30.9454 36.3379
xyz 10.134 31.0204 36.2813
xyz 10.1933 32.834 35.9412
xyz 10.282 32.2291 34.8985
xyz 10.2704 32.2395 34.8692
xyz 9.57894 33.186 32.1669
xyz 9.12242 33.5687 32.6861
xyz 8.77955 34.3359 32.9268
xyz 9.79306 33.7842 36.3538
xyz 8.25577 33.7945 37.1469
xyz 7.92605 33.7458 37.3213
xyz 6.10432 33.7063 36.5502
xyz 7.50772 32.6742 37.627
xyz 7.51526 29.6873 37.8732
xyz 4.31754 29.6533 35.6117
xyz 3.87003 29.5808 35.4153
xyz 1.90123 31.641 34.3493
xyz 3.82991 33.9221 35.0289
xyz 2.80055 34.9116 34.7996
xyz 2.6482 34.9629 34.76
xyz 2.55131 35.0841 34.5774
xyz 1.59468 37.0866 31.3446
xyz 3.97036 36.9879 30.7173
xyz 4.5465 36.7882 30.8773
xyz 4.67352 36.7021 30.8937
xyz 4.03611 35.5582 30.1063
xyz 3.16449 36.9732 30.3621
xyz 2.62391 37.4909 29.2939
xyz 2.58397 37.5079 29.1427
xyz 2.00869 37.5527 26.2805
xyz 2.46287 36.7886 26.0556
xyz 2.77249 36.295 25.9956
xyz 2.9257 36.4468 25.8881
xyz 5.4181 36.5179 25.2559
xyz 3.46331 37.9304 25.959
xyz 3.86234 38.1429 25.7894
xyz 6.95281 38.2362 24.5568
xyz 7.17249 38.2649 24.5668
xyz 7.39849 38.5576 24.2301
xyz 7.81022 39.0065 23.8555
xyz 9.03171 39.808 24.2441
xyz 9.17888 39.7813 24.204
xyz 9.05594 40.0241 24.2179
xyz 9.04026 40.1096 24.1967
xyz 5.73701 43.2759 22.2415
xyz 7.71613 44.277 20.0117
xyz 9.83379 43.7535 19.4974
xyz 9.83924 43.7506 19.4979
xyz 9.81025 43.8589 19.4489
xyz 13.6908 43.8417 16.4716
xyz 14.495 42.9655 16.4292
xyz 15.231 44.3496 12.5896
xyz 18.5994 45.8095 12.8855
xyz 18.728 45.5202 13.0086
xyz 19.9482 42.6989 14.4288
xyz 20.2402 42.3032 14.6415
xyz 21.1491 41.5588 15.0821
xyz 21.679 40.991 15.6935
xyz 21.9278 40.6327 16.2238
xyz 22.2193 40.7742 15.9422
xyz 22.6718 40.4152 16.16
xyz 23.622 37.8736 18.6402
xyz 23.7877 37.9456 18.5368
End loop
Boundary info init_edge IE_A_B [total exposed]: 191.795585 191.795585
Start boundary loop loop_id 1  init_edge IE_A_B
xyz 15.9492 38.3586 23.2877
xyz 15.9919 38.2179 23.3605
xyz 14.1578 37.6667 24.0271
xyz 15.8516 36.6511 23.603
xyz 15.9988 36.2522 23.8899
xyz 16.0512 36.0623 24.0418
xyz 16.8895 36.1196 24.9422
xyz 16.8743 36.0668 25.1321
xyz 16.8925 36.1404 25.251
xyz 17.0646 36.809 25.3612
xyz 17.088 36.8822 24.7854
xyz 16.9505 37.5872 24.2847
xyz 19.4492 38.3491 24.2491
xyz 19.9489 38.241 24.4172
xyz 20.4394 38.2816 24.3919
xyz 20.6716 38.7247 23.8295
xyz 21.0334 39.0391 23.9923
xyz 21.114 39.0533 23.955
xyz 21.3363 38.8918 23.5879
xyz 21.4502 38.9649 23.5153
xyz 21.0302 38.5331 23.1253
xyz 21.095 38.3415 22.7838
xyz 20.8601 38.4979 22.8187
xyz 20.4521 38.6991 21.7801
xyz 20.3409 38.7126 21.7983
xyz 19.1438 38.7588 22.7206
xyz 19.0298 38.7806 22.788
xyz 18.9269 38.8008 22.8935
xyz 16.883 38.3889 22.9316
xyz 16.0425 38.7918 22.8099
xyz 15.9785 40.5355 22.3894
xyz 15.7833 41.0169 22.022
xyz 15.0026 39.9848 21.1119
xyz 14.3684 42.0284 17.1439
xyz 13.8703 40.6241 18.4524
xyz 14.475 39.6571 20.7925
xyz 14.4842 39.5746 20.8493
xyz 16.0332 38.526 22.9553
xyz 15.9841 38.3939 23.2178
End loop
Boundary info init_edge IE_A_B [total exposed]: 38.178963 38.178963
Voronoi Facets of interface MI_AWi_BWi
FBeg
 2790  CG2 THR B 100  3794    O HOH B 197 unk
22.260 39.522 33.155 22.287 35.885 34.720  21.41
21.353868 37.539054 34.482669 
25.524256 38.093288 35.698739 
26.366264 37.769342 34.931375 
27.818310 36.754642 32.548199 
20.777837 36.389631 31.821392 
19.599847 37.169308 33.653654 
FEnd
FBeg
 2788   CB THR B 100  3794    O HOH B 197 unk
21.550 40.083 34.407 22.287 35.885 34.720  0.65
19.599847 37.169308 33.653654 
19.490654 37.159553 33.779930 
19.578124 37.216341 34.335620 
21.353868 37.539054 34.482669 
FEnd
FBeg
 2788   CB THR B 100  3629    O HOH A 175 unk
21.550 40.083 34.407 17.894 37.823 31.071  1.57
19.599847 37.169308 33.653654 
19.490654 37.159553 33.779930 
19.088861 37.814327 33.776682 
18.747709 39.358782 33.104255 
18.790211 39.460015 32.989095 
19.292853 39.395077 32.482230 
FEnd
FBeg
 2799  CG2 VAL B 101  3629    O HOH A 175 unk
18.920 42.260 31.520 17.894 37.823 31.071  7.57
18.790211 39.460015 32.989095 
19.292853 39.395077 32.482230 
20.239203 39.375239 30.515792 
20.127970 39.405390 30.472012 
17.181511 40.128819 30.056009 
17.016052 40.155509 30.170341 
16.663250 40.100793 31.517221 
16.991743 39.932203 32.432587 
17.926032 39.667718 32.911298 
18.001893 39.648779 32.925104 
FEnd
FBeg
 2754   CB HIS B  97  3629    O HOH A 175 unk
16.131 39.503 35.440 17.894 37.823 31.071  3.37
16.991743 39.932203 32.432587 
15.937931 39.314447 32.244892 
16.534298 38.025673 32.981110 
18.075068 38.227001 33.525433 
17.926032 39.667718 32.911298 
FEnd
FBeg
 1869  CD1 LEU B   9  3629    O HOH A 175 unk
14.008 36.756 32.351 17.894 37.823 31.071  6.72
15.937931 39.314447 32.244892 
15.857177 39.351397 32.030529 
15.563527 38.625784 30.534161 
15.826593 37.739155 30.593725 
16.567738 35.893149 31.304975 
16.978599 36.138132 32.756540 
16.534298 38.025673 32.981110 
FEnd
FBeg
 1262  CD1 LEU A 120  3629    O HOH A 175 unk
17.262 33.177 32.034 17.894 37.823 31.071  4.90
16.567738 35.893149 31.304975 
17.732211 35.707876 31.175349 
19.180930 35.592200 31.568036 
19.715236 35.768852 32.770950 
19.232232 35.978119 33.463578 
16.978599 36.138132 32.756540 
FEnd
FBeg
 1263  CD2 LEU A 120  3629    O HOH A 175 unk
19.482 32.516 31.145 17.894 37.823 31.071  1.24
19.180930 35.592200 31.568036 
19.749442 35.758140 31.268719 
20.716982 36.052975 31.650289 
20.732919 36.058431 31.699567 
19.715236 35.768852 32.770950 
FEnd
FBeg
 1263  CD2 LEU A 120  3794    O HOH B 197 unk
19.482 32.516 31.145 22.287 35.885 34.720  9.10
20.732919 36.058431 31.699567 
19.715236 35.768852 32.770950 
19.760180 35.027082 33.434714 
22.332942 32.866843 33.451846 
22.353065 32.858360 33.444051 
22.728411 32.842422 33.164568 
23.319906 33.684500 31.906917 
22.548951 34.842755 31.420307 
FEnd
FBeg
 1260   CB LEU A 120  3794    O HOH B 197 unk
18.823 31.749 33.395 22.287 35.885 34.720  5.16
19.760180 35.027082 33.434714 
22.332942 32.866843 33.451846 
21.455290 32.844712 35.815409 
19.438088 35.140404 33.923038 
FEnd
FBeg
 1260   CB LEU A 120  3866    O HOH B 221 unk
18.823 31.749 33.395 18.315 33.797 36.421  10.70
21.455290 32.844712 35.815409 
19.438088 35.140404 33.923038 
17.602384 33.742028 34.561285 
17.522283 31.990667 35.733160 
17.916780 31.392389 36.204303 
19.126148 31.602833 36.264901 
FEnd
FBeg
 1257   CA LEU A 120  3866    O HOH B 221 unk
19.578 30.430 33.663 18.315 33.797 36.421  1.61
19.126148 31.602833 36.264901 
21.455290 32.844712 35.815409 
22.101500 32.349256 36.716194 
FEnd
FBeg
 1309  NH2 ARG A 124  3866    O HOH B 221 hbw
18.706 30.924 38.595 18.315 33.797 36.421  13.23
17.916780 31.392389 36.204303 
19.126148 31.602833 36.264901 
22.101500 32.349256 36.716194 
22.136174 33.276790 37.935720 
18.553023 33.884094 39.382728 
17.994288 33.491158 38.963943 
17.625286 33.006951 38.390415 
17.519788 31.675075 36.649280 
FEnd
FBeg
 2715  NE2 HIS B  93  3866    O HOH B 221 hbw
15.355 34.096 38.073 18.315 33.797 36.421  0.48
17.994288 33.491158 38.963943 
17.700508 34.357585 38.280741 
17.625286 33.006951 38.390415 
FEnd
FBeg
 2713  CD2 HIS B  93  3866    O HOH B 221 unk
15.433 34.978 39.158 18.315 33.797 36.421  1.16
18.553023 33.884094 39.382728 
17.754674 35.426682 37.876467 
17.700508 34.357585 38.280741 
17.994288 33.491158 38.963943 
FEnd
FBeg
 2746  ND2 ASN B  96  3866    O HOH B 221 hbw
19.751 36.787 38.722 18.315 33.797 36.421  11.52
22.136174 33.276790 37.935720 
19.587022 36.261965 35.647545 
17.764131 35.699282 37.516338 
17.754674 35.426682 37.876467 
18.553023 33.884094 39.382728 
FEnd
FBeg
 2757  CD2 HIS B  97  3866    O HOH B 221 unk
16.432 36.948 35.533 18.315 33.797 36.421  5.24
19.587022 36.261965 35.647545 
19.218240 35.553992 33.917356 
17.657745 34.758691 34.404315 
17.764131 35.699282 37.516338 
FEnd
FBeg
 2746  ND2 ASN B  96  3794    O HOH B 197 hbw
19.751 36.787 38.722 22.287 35.885 34.720  12.30
22.136174 33.276790 37.935720 
19.587022 36.261965 35.647545 
19.700998 36.953762 35.563848 
22.504177 37.110248 37.304905 
23.674002 35.611424 38.384019 
23.117732 33.087443 38.600393 
FEnd
FBeg
 1272  CD2 HIS A 121  3866    O HOH B 221 unk
15.202 30.971 35.439 18.315 33.797 36.421  0.28
17.522283 31.990667 35.733160 
17.916780 31.392389 36.204303 
17.519788 31.675075 36.649280 
FEnd
FBeg
 3625   ZN ZN B 169  3866    O HOH B 221 unk
15.599 33.952 36.467 18.315 33.797 36.421  10.90
17.602384 33.742028 34.561285 
17.522283 31.990667 35.733160 
17.519788 31.675075 36.649280 
17.625286 33.006951 38.390415 
17.700508 34.357585 38.280741 
17.754674 35.426682 37.876467 
17.764131 35.699282 37.516338 
17.657745 34.758691 34.404315 
FEnd
FBeg
 1262  CD1 LEU A 120  3866    O HOH B 221 unk
17.262 33.177 32.034 18.315 33.797 36.421  1.35
19.438088 35.140404 33.923038 
17.602384 33.742028 34.561285 
17.657745 34.758691 34.404315 
19.218240 35.553992 33.917356 
FEnd
FBeg
 1209   CA LEU A 116  3629    O HOH A 175 unk
19.914 35.043 28.097 17.894 37.823 31.071  0.58
19.749442 35.758140 31.268719 
19.427094 35.912422 30.905555 
20.578103 36.436390 31.197555 
20.716982 36.052975 31.650289 
FEnd
FBeg
 1209   CA LEU A 116  3749    O HOH B 182 unk
19.914 35.043 28.097 22.728 37.739 29.517  7.25
20.578103 36.436390 31.197555 
20.716982 36.052975 31.650289 
22.015967 35.041745 30.996018 
22.815034 35.101239 29.299559 
23.000069 35.571705 28.039654 
22.961535 35.679657 27.911060 
22.495991 36.258862 27.733952 
21.042947 36.838393 29.513141 
FEnd
FBeg
 1213   CG LEU A 116  3749    O HOH B 182 unk
18.828 37.296 28.335 22.728 37.739 29.517  5.37
21.042947 36.838393 29.513141 
20.578103 36.436390 31.197555 
20.477765 38.441754 30.777035 
20.507170 39.315930 30.352380 
20.566927 39.333084 30.148786 
21.302480 38.471882 28.044601 
FEnd
FBeg
 1214  CD1 LEU A 116  3749    O HOH B 182 unk
18.577 38.660 27.689 22.728 37.739 29.517  0.43
20.566927 39.333084 30.148786 
20.745316 39.395459 29.775127 
21.368345 38.598992 27.959078 
21.370633 38.517583 27.912866 
21.302480 38.471882 28.044601 
FEnd
FBeg
 1166   CG ARG A 113  3749    O HOH B 182 unk
23.753 39.368 26.698 22.728 37.739 29.517  11.91
21.368345 38.598992 27.959078 
23.005762 39.385823 29.009131 
27.543894 38.605863 30.208503 
27.814621 38.502641 30.247293 
24.850704 36.964544 28.280789 
23.290107 36.904809 27.678830 
22.221307 37.247228 27.488082 
21.370633 38.517583 27.912866 
FEnd
FBeg
 1163    C ARG A 113  3749    O HOH B 182 unk
24.367 36.770 25.364 22.728 37.739 29.517  5.63
24.850704 36.964544 28.280789 
26.432681 35.625919 29.217458 
26.320470 35.117638 29.291768 
25.354067 34.690537 29.010026 
24.321967 34.957481 28.540419 
23.219688 35.533156 27.971080 
23.290107 36.904809 27.678830 
FEnd
FBeg
 1162   CA ARG A 113  3749    O HOH B 182 unk
25.344 37.954 25.406 22.728 37.739 29.517  4.27
27.814621 38.502641 30.247293 
28.045630 38.406768 30.389279 
26.432681 35.625919 29.217458 
24.850704 36.964544 28.280789 
FEnd
FBeg
 2828  OE2 GLU B 104  3749    O HOH B 182 hbw
23.324 41.053 29.417 22.728 37.739 29.517  7.79
23.005762 39.385823 29.009131 
21.400965 39.710218 30.194977 
21.398808 39.712945 30.272504 
26.885843 38.761510 31.444670 
27.543894 38.605863 30.208503 
FEnd
FBeg
 1168   NE ARG A 113  3749    O HOH B 182 hbw
22.228 40.800 28.003 22.728 37.739 29.517  2.86
20.745316 39.395459 29.775127 
21.400965 39.710218 30.194977 
23.005762 39.385823 29.009131 
21.368345 38.598992 27.959078 
FEnd
FBeg
 1171  NH2 ARG A 113  3749    O HOH B 182 hbw
20.786 42.059 29.311 22.728 37.739 29.517  0.31
20.507170 39.315930 30.352380 
21.398808 39.712945 30.272504 
21.400965 39.710218 30.194977 
20.745316 39.395459 29.775127 
20.566927 39.333084 30.148786 
FEnd
FBeg
 1212   CB LEU A 116  3749    O HOH B 182 unk
19.636 36.363 27.440 22.728 37.739 29.517  3.08
22.495991 36.258862 27.733952 
21.042947 36.838393 29.513141 
21.302480 38.471882 28.044601 
21.370633 38.517583 27.912866 
22.221307 37.247228 27.488082 
FEnd
FBeg
 1164    O ARG A 113  3749    O HOH B 182 hbw
23.154 36.880 25.588 22.728 37.739 29.517  1.08
22.961535 35.679657 27.911060 
22.495991 36.258862 27.733952 
22.221307 37.247228 27.488082 
23.290107 36.904809 27.678830 
23.219688 35.533156 27.971080 
23.081314 35.586695 27.944371 
FEnd
FBeg
 1208    N LEU A 116  3749    O HOH B 182 hbw
20.617 34.173 27.156 22.728 37.739 29.517  0.01
23.000069 35.571705 28.039654 
22.961535 35.679657 27.911060 
23.081314 35.586695 27.944371 
FEnd
FBeg
 1190    C LYS A 115  3749    O HOH B 182 unk
21.312 33.114 27.582 22.728 37.739 29.517  1.57
22.815034 35.101239 29.299559 
23.000069 35.571705 28.039654 
23.081314 35.586695 27.944371 
23.219688 35.533156 27.971080 
24.321967 34.957481 28.540419 
24.641731 34.700410 28.920868 
FEnd
FBeg
 1191    O LYS A 115  3749    O HOH B 182 hbw
21.503 32.863 28.769 22.728 37.739 29.517  8.68
22.015967 35.041745 30.996018 
22.815034 35.101239 29.299559 
24.641731 34.700410 28.920868 
26.391332 34.110293 29.902350 
26.566738 34.016599 30.225854 
26.240768 34.005976 30.828941 
25.459114 34.113649 31.407164 
22.548951 34.842755 31.420307 
FEnd
FBeg
 1211    O LEU A 116  3629    O HOH A 175 hbw
18.051 34.446 29.497 17.894 37.823 31.071  0.89
17.732211 35.707876 31.175349 
19.149702 35.946744 30.804250 
19.427094 35.912422 30.905555 
19.749442 35.758140 31.268719 
19.180930 35.592200 31.568036 
FEnd
FBeg
 1215  CD2 LEU A 116  3629    O HOH A 175 unk
17.452 36.722 28.674 17.894 37.823 31.071  8.47
15.826593 37.739155 30.593725 
15.818341 38.747343 30.132161 
16.438591 39.389255 29.722943 
17.773590 38.659534 29.811951 
19.149702 35.946744 30.804250 
17.732211 35.707876 31.175349 
16.567738 35.893149 31.304975 
FEnd
FBeg
 1837    N LEU B   6  3629    O HOH A 175 hbw
13.908 40.381 29.042 17.894 37.823 31.071  0.39
15.818341 38.747343 30.132161 
15.625411 38.679236 30.425311 
16.540580 39.738826 29.963294 
16.519136 39.561474 29.781831 
16.438591 39.389255 29.722943 
FEnd
FBeg
 1833   CG LEU B   5  3629    O HOH A 175 unk
14.455 36.632 28.531 17.894 37.823 31.071  0.23
15.563527 38.625784 30.534161 
15.625411 38.679236 30.425311 
15.818341 38.747343 30.132161 
15.826593 37.739155 30.593725 
FEnd
FBeg
 1838   CA LEU B   6  3629    O HOH A 175 unk
13.763 41.060 30.312 17.894 37.823 31.071  2.09
15.857177 39.351397 32.030529 
16.372005 39.895253 31.547932 
16.606170 39.840469 30.039797 
16.540580 39.738826 29.963294 
15.625411 38.679236 30.425311 
15.563527 38.625784 30.534161 
FEnd
FBeg
 1843  CD1 LEU B   6  3629    O HOH A 175 unk
14.946 42.281 32.950 17.894 37.823 31.071  0.79
16.663250 40.100793 31.517221 
16.372005 39.895253 31.547932 
15.857177 39.351397 32.030529 
15.937931 39.314447 32.244892 
16.991743 39.932203 32.432587 
FEnd
FBeg
 1841   CB LEU B   6  3629    O HOH A 175 unk
14.694 42.259 30.413 17.894 37.823 31.071  0.64
17.016052 40.155509 30.170341 
16.606170 39.840469 30.039797 
16.372005 39.895253 31.547932 
16.663250 40.100793 31.517221 
FEnd
FBeg
 1798    O SER B   2  3629    O HOH A 175 hbw
16.254 41.274 27.892 17.894 37.823 31.071  0.16
17.181511 40.128819 30.056009 
16.519136 39.561474 29.781831 
16.540580 39.738826 29.963294 
16.606170 39.840469 30.039797 
17.016052 40.155509 30.170341 
FEnd
FBeg
 1214  CD1 LEU A 116  3629    O HOH A 175 unk
18.577 38.660 27.689 17.894 37.823 31.071  2.89
20.127970 39.405390 30.472012 
17.773590 38.659534 29.811951 
16.438591 39.389255 29.722943 
16.519136 39.561474 29.781831 
17.181511 40.128819 30.056009 
FEnd
FBeg
 1213   CG LEU A 116  3629    O HOH A 175 unk
18.828 37.296 28.335 17.894 37.823 31.071  6.85
20.239203 39.375239 30.515792 
20.477765 38.441754 30.777035 
20.578103 36.436390 31.197555 
19.427094 35.912422 30.905555 
19.149702 35.946744 30.804250 
17.773590 38.659534 29.811951 
20.127970 39.405390 30.472012 
FEnd
FBeg
 2753    O HIS B  97  3629    O HOH A 175 hbw
18.507 41.579 34.599 17.894 37.823 31.071  0.06
18.747709 39.358782 33.104255 
18.790211 39.460015 32.989095 
18.001893 39.648779 32.925104 
FEnd
FBeg
 2751   CA HIS B  97  3629    O HOH A 175 unk
17.513 39.877 35.982 17.894 37.823 31.071  1.40
19.088861 37.814327 33.776682 
18.747709 39.358782 33.104255 
18.001893 39.648779 32.925104 
17.926032 39.667718 32.911298 
18.075068 38.227001 33.525433 
FEnd
FBeg
 2757  CD2 HIS B  97  3629    O HOH A 175 unk
16.432 36.948 35.533 17.894 37.823 31.071  5.53
19.490654 37.159553 33.779930 
19.088861 37.814327 33.776682 
18.075068 38.227001 33.525433 
16.534298 38.025673 32.981110 
16.978599 36.138132 32.756540 
19.232232 35.978119 33.463578 
FEnd
FBeg
 2790  CG2 THR B 100  3629    O HOH A 175 unk
22.260 39.522 33.155 17.894 37.823 31.071  6.65
20.777837 36.389631 31.821392 
19.599847 37.169308 33.653654 
19.292853 39.395077 32.482230 
20.239203 39.375239 30.515792 
20.477765 38.441754 30.777035 
FEnd
FBeg
 2790  CG2 THR B 100  3749    O HOH B 182 unk
22.260 39.522 33.155 22.728 37.739 29.517  22.25
27.818310 36.754642 32.548199 
20.777837 36.389631 31.821392 
20.477765 38.441754 30.777035 
20.507170 39.315930 30.352380 
21.398808 39.712945 30.272504 
26.885843 38.761510 31.444670 
28.531930 38.112863 31.974331 
28.688889 37.494479 32.297595 
FEnd
FBeg
 2789  OG1 THR B 100  3794    O HOH B 197 hbw
21.631 39.147 35.483 22.287 35.885 34.720  12.10
21.353868 37.539054 34.482669 
19.578124 37.216341 34.335620 
19.700998 36.953762 35.563848 
22.504177 37.110248 37.304905 
24.488997 37.435942 37.618967 
25.520303 37.969116 36.226206 
25.524256 38.093288 35.698739 
FEnd

+-+CCS_record::Boundary loops before union-find
Start boundary loop loop_id 2  init_edge IE_B_Wi
xyz 25.5243 38.0933 35.6987
xyz 26.3663 37.7693 34.9314
xyz 27.8183 36.7546 32.5482
xyz 28.6889 37.4945 32.2976
xyz 28.5319 38.1129 31.9743
xyz 26.8858 38.7615 31.4447
xyz 27.5439 38.6059 30.2085
xyz 27.8146 38.5026 30.2473
xyz 28.0456 38.4068 30.3893
xyz 26.4327 35.6259 29.2175
xyz 26.3205 35.1176 29.2918
xyz 25.3541 34.6905 29.01
xyz 24.322 34.9575 28.5404
xyz 24.6417 34.7004 28.9209
xyz 26.3913 34.1103 29.9023
xyz 26.5667 34.0166 30.2259
xyz 26.2408 34.006 30.8289
xyz 25.4591 34.1136 31.4072
xyz 22.549 34.8428 31.4203
xyz 22.016 35.0417 30.996
xyz 20.717 36.053 31.6503
xyz 20.7329 36.0584 31.6996
xyz 22.549 34.8428 31.4203
xyz 23.3199 33.6845 31.9069
xyz 22.7284 32.8424 33.1646
xyz 22.3531 32.8584 33.4441
xyz 22.3329 32.8668 33.4518
xyz 21.4553 32.8447 35.8154
xyz 22.1015 32.3493 36.7162
xyz 22.1362 33.2768 37.9357
xyz 23.1177 33.0874 38.6004
xyz 23.674 35.6114 38.384
xyz 22.5042 37.1102 37.3049
xyz 24.489 37.4359 37.619
xyz 25.5203 37.9691 36.2262
End loop
Boundary info init_edge IE_B_Wi [total exposed]: 47.740821 47.740821
Start boundary loop loop_id 3  init_edge IE_B_Wi
xyz 19.701 36.9538 35.5638
xyz 19.587 36.262 35.6475
xyz 19.2182 35.554 33.9174
xyz 19.4381 35.1404 33.923
xyz 19.7602 35.0271 33.4347
xyz 19.7152 35.7689 32.771
xyz 19.2322 35.9781 33.4636
xyz 19.4907 37.1596 33.7799
xyz 19.5781 37.2163 34.3356
End loop
Boundary info init_edge IE_B_Wi [total exposed]: 8.619628 8.619628
+-+Surf_areas::Interface areas<Areas altogether before UFind>: IE_A_B: 727.72 IE_A_Wi: 59.85 IE_B_Wi: 71.48 
+-+Surf_areas::Chem Interface areas<Areas altogether before UFind>: ali: 293.75 aro: 33.06 hbd: 130.99 hbw: 35.93 hbdp: 0.00 elu: 0.00 elf: 11.82 hbwp: 0.00 ssb: 0.00 unk: 353.49 
+++UnionFindAlgo::processing merged ccs...

+-+MCC_record::Boundary nets of merged cc after union-find
Start boundary net with  2 loops
Start boundary loop loop_id 0
Start boundary loop auf loop_id 0  init_edge IE_A_B
xyz 24.4799 38.2583 18.7777
xyz 25.295 39.0505 18.6385
xyz 25.7649 39.6264 18.9257
xyz 25.8348 40.2155 18.6391
xyz 25.8626 40.7594 18.6886
xyz 25.0708 42.2677 16.2454
xyz 24.9455 42.5587 15.9703
xyz 25.507 44.2485 23.5931
xyz 25.5063 44.2491 23.5992
xyz 23.6924 43.0783 23.6756
xyz 23.7374 43.6689 23.8038
xyz 22.8901 43.1146 24.0922
xyz 23.226 43.6597 24.1661
xyz 22.7891 45.4607 24.4671
xyz 22.1777 45.7146 24.9341
xyz 20.8771 45.8749 25.935
xyz 20.877 45.8754 25.9431
xyz 21.3829 45.9639 28.0492
xyz 21.7658 45.9527 28.3503
xyz 22.5594 45.8304 27.3341
xyz 23.4026 45.3844 26.4653
xyz 24.7531 44.6554 24.2067
xyz 25.814 44.4365 24.5646
xyz 25.4212 43.1376 26.5128
xyz 25.6555 43.0096 26.5406
xyz 26.5704 42.8933 26.1443
xyz 26.2773 41.561 27.2535
xyz 27.7847 40.1546 28.4025
xyz 27.8146 38.5026 30.2473
xyz 27.5439 38.6059 30.2085
xyz 23.0058 39.3858 29.0091
xyz 21.401 39.7102 30.195
xyz 21.3988 39.7129 30.2725
xyz 20.5072 39.3159 30.3524
xyz 20.4778 38.4418 30.777
xyz 20.2392 39.3752 30.5158
xyz 20.2601 39.3883 30.4949
xyz 20.2168 39.4141 30.4559
xyz 20.128 39.4054 30.472
xyz 17.1815 40.1288 30.056
xyz 16.5191 39.5615 29.7818
xyz 16.4386 39.3893 29.7229
xyz 15.8183 38.7473 30.1322
xyz 15.8266 37.7392 30.5937
xyz 16.5677 35.8931 31.305
xyz 16.9786 36.1381 32.7565
xyz 19.2322 35.9781 33.4636
xyz 19.2182 35.554 33.9174
xyz 17.6577 34.7587 34.4043
xyz 17.6024 33.742 34.5613
xyz 17.5223 31.9907 35.7332
xyz 17.5198 31.6751 36.6493
xyz 17.6253 33.007 38.3904
xyz 17.9943 33.4912 38.9639
xyz 18.553 33.8841 39.3827
xyz 18.8803 33.7662 42.1345
xyz 17.8205 32.8197 42.7884
xyz 17.572 32.6036 42.8995
xyz 17.2929 32.4374 42.4748
xyz 16.095 32.0027 40.7045
xyz 15.958 31.8771 40.8154
xyz 15.8409 31.7969 40.8881
xyz 12.3701 29.3629 39.772
xyz 12.4333 29.3852 38.5318
xyz 12.0216 29.4478 38.3326
xyz 10.6104 29.956 37.3895
xyz 10.0404 30.7446 36.4925
xyz 10.106 30.9454 36.3379
xyz 10.134 31.0204 36.2813
xyz 10.1933 32.834 35.9412
xyz 10.282 32.2291 34.8985
xyz 10.2704 32.2395 34.8692
xyz 9.57894 33.186 32.1669
xyz 9.12242 33.5687 32.6861
xyz 8.77955 34.3359 32.9268
xyz 9.79306 33.7842 36.3538
xyz 8.25577 33.7945 37.1469
xyz 7.92605 33.7458 37.3213
xyz 6.10432 33.7063 36.5502
xyz 7.50772 32.6742 37.627
xyz 7.51526 29.6873 37.8732
xyz 4.31754 29.6533 35.6117
xyz 3.87003 29.5808 35.4153
xyz 1.90123 31.641 34.3493
xyz 3.82991 33.9221 35.0289
xyz 2.80055 34.9116 34.7996
xyz 2.6482 34.9629 34.76
xyz 2.55131 35.0841 34.5774
xyz 1.59468 37.0866 31.3446
xyz 3.97036 36.9879 30.7173
xyz 4.5465 36.7882 30.8773
xyz 4.67352 36.7021 30.8937
xyz 4.03611 35.5582 30.1063
xyz 3.16449 36.9732 30.3621
xyz 2.62391 37.4909 29.2939
xyz 2.58397 37.5079 29.1427
xyz 2.00869 37.5527 26.2805
xyz 2.46287 36.7886 26.0556
xyz 2.77249 36.295 25.9956
xyz 2.9257 36.4468 25.8881
xyz 5.4181 36.5179 25.2559
xyz 3.46331 37.9304 25.959
xyz 3.86234 38.1429 25.7894
xyz 6.95281 38.2362 24.5568
xyz 7.17249 38.2649 24.5668
xyz 7.39849 38.5576 24.2301
xyz 7.81022 39.0065 23.8555
xyz 9.03171 39.808 24.2441
xyz 9.17888 39.7813 24.204
xyz 9.05594 40.0241 24.2179
xyz 9.04026 40.1096 24.1967
xyz 5.73701 43.2759 22.2415
xyz 7.71613 44.277 20.0117
xyz 9.83379 43.7535 19.4974
xyz 9.83924 43.7506 19.4979
xyz 9.81025 43.8589 19.4489
xyz 13.6908 43.8417 16.4716
xyz 14.495 42.9655 16.4292
xyz 15.231 44.3496 12.5896
xyz 18.5994 45.8095 12.8855
xyz 18.728 45.5202 13.0086
xyz 19.9482 42.6989 14.4288
xyz 20.2402 42.3032 14.6415
xyz 21.1491 41.5588 15.0821
xyz 21.679 40.991 15.6935
xyz 21.9278 40.6327 16.2238
xyz 22.2193 40.7742 15.9422
xyz 22.6718 40.4152 16.16
xyz 23.622 37.8736 18.6402
xyz 23.7877 37.9456 18.5368
End loop. Loop info [total exposed]: 191.796 159.663
Start boundary loop loop_id 2
Start boundary loop auf loop_id 2  init_edge IE_B_Wi
xyz 25.5243 38.0933 35.6987
xyz 26.3663 37.7693 34.9314
xyz 27.8183 36.7546 32.5482
xyz 28.6889 37.4945 32.2976
xyz 28.5319 38.1129 31.9743
xyz 26.8858 38.7615 31.4447
xyz 27.5439 38.6059 30.2085
xyz 27.8146 38.5026 30.2473
xyz 28.0456 38.4068 30.3893
xyz 26.4327 35.6259 29.2175
xyz 26.3205 35.1176 29.2918
xyz 25.3541 34.6905 29.01
xyz 24.322 34.9575 28.5404
xyz 24.6417 34.7004 28.9209
xyz 26.3913 34.1103 29.9023
xyz 26.5667 34.0166 30.2259
xyz 26.2408 34.006 30.8289
xyz 25.4591 34.1136 31.4072
xyz 22.549 34.8428 31.4203
xyz 22.016 35.0417 30.996
xyz 20.717 36.053 31.6503
xyz 20.7329 36.0584 31.6996
xyz 22.549 34.8428 31.4203
xyz 23.3199 33.6845 31.9069
xyz 22.7284 32.8424 33.1646
xyz 22.3531 32.8584 33.4441
xyz 22.3329 32.8668 33.4518
xyz 21.4553 32.8447 35.8154
xyz 22.1015 32.3493 36.7162
xyz 22.1362 33.2768 37.9357
xyz 23.1177 33.0874 38.6004
xyz 23.674 35.6114 38.384
xyz 22.5042 37.1102 37.3049
xyz 24.489 37.4359 37.619
xyz 25.5203 37.9691 36.2262
End loop. Loop info [total exposed]: 47.7408 47.4485
End net. Net info [total exposed]: 239.536 207.112
Start boundary net with  1 loops
Start boundary loop loop_id 3
Start boundary loop auf loop_id 3  init_edge IE_B_Wi
xyz 19.701 36.9538 35.5638
xyz 19.587 36.262 35.6475
xyz 19.2182 35.554 33.9174
xyz 19.4381 35.1404 33.923
xyz 19.7602 35.0271 33.4347
xyz 19.7152 35.7689 32.771
xyz 19.2322 35.9781 33.4636
xyz 19.4907 37.1596 33.7799
xyz 19.5781 37.2163 34.3356
End loop. Loop info [total exposed]: 8.61963 8.61963
End net. Net info [total exposed]: 8.61963 8.61963
Start boundary net with  1 loops
Start boundary loop loop_id 1
Start boundary loop auf loop_id 1  init_edge IE_A_B
xyz 15.9492 38.3586 23.2877
xyz 15.9919 38.2179 23.3605
xyz 14.1578 37.6667 24.0271
xyz 15.8516 36.6511 23.603
xyz 15.9988 36.2522 23.8899
xyz 16.0512 36.0623 24.0418
xyz 16.8895 36.1196 24.9422
xyz 16.8743 36.0668 25.1321
xyz 16.8925 36.1404 25.251
xyz 17.0646 36.809 25.3612
xyz 17.088 36.8822 24.7854
xyz 16.9505 37.5872 24.2847
xyz 19.4492 38.3491 24.2491
xyz 19.9489 38.241 24.4172
xyz 20.4394 38.2816 24.3919
xyz 20.6716 38.7247 23.8295
xyz 21.0334 39.0391 23.9923
xyz 21.114 39.0533 23.955
xyz 21.3363 38.8918 23.5879
xyz 21.4502 38.9649 23.5153
xyz 21.0302 38.5331 23.1253
xyz 21.095 38.3415 22.7838
xyz 20.8601 38.4979 22.8187
xyz 20.4521 38.6991 21.7801
xyz 20.3409 38.7126 21.7983
xyz 19.1438 38.7588 22.7206
xyz 19.0298 38.7806 22.788
xyz 18.9269 38.8008 22.8935
xyz 16.883 38.3889 22.9316
xyz 16.0425 38.7918 22.8099
xyz 15.9785 40.5355 22.3894
xyz 15.7833 41.0169 22.022
xyz 15.0026 39.9848 21.1119
xyz 14.3684 42.0284 17.1439
xyz 13.8703 40.6241 18.4524
xyz 14.475 39.6571 20.7925
xyz 14.4842 39.5746 20.8493
xyz 16.0332 38.526 22.9553
xyz 15.9841 38.3939 23.2178
End loop. Loop info [total exposed]: 38.179 38.179
End net. Net info [total exposed]: 38.179 38.179
+-+Surf_areas::Interface areas<for merged connected component>: IE_A_B: 727.72 IE_A_Wi: 59.85 IE_B_Wi: 71.48 
+-+Surf_areas::Chem Interface areas<for merged connected component>: ali: 293.75 aro: 33.06 hbd: 130.99 hbw: 35.93 hbdp: 0.00 elu: 0.00 elf: 11.82 hbwp: 0.00 ssb: 0.00 unk: 353.49 
+-+MCC_record::dump_stats::Nb loops_before - nets_after uf merge: 4 3
