Begin VSO per interface edge
310 1240  2
310 1241  2
310 1242  1
310 1285  4
310 1286  2
310 1287  3
311 1285  3
311 1287  4
312 1285  3
313 1234  4
313 1235  3
313 1239  2
313 1240  3
313 1285  3
313 1287  3
314 1282  1
314 1285  2
314 1294  1
314 1315  2
315 1208  3
315 1209  2
315 1210  2
315 1211  2
315 1231  4
315 1233  3
315 1234  3
315 1235  2
315 1238  2
315 1239  1
315 1285  4
315 1287  4
316 1208  3
316 1211  3
316 1233  3
316 1285  3
316 1294  2
316 1315  3
317 1239  2
317 1240  2
317 1242  1
318 1239  1
318 1240  2
318 1242  2
321 1239  2
321 1242  1
324 1239  1
324 1242  1
346 1211  2
347 1211  2
347 1315  2
348 1211  1
349 1156  4
349 1158  5
349 1176  4
349 1177  3
349 1178  4
349 1179  3
349 1180  3
349 1181  2
349 1211  2
349 1315  3
349 1317  3
350 1157  3
350 1158  4
350 1183  2
350 1186  2
350 1187  2
350 1188  1
350 1211  1
351 1154  4
351 1156  4
351 1157  4
351 1158  4
351 1176  4
351 1177  3
351 1178  5
351 1182  4
351 1183  3
351 1186  3
351 1187  3
351 1211  2
369 1158  4
370 1156  5
370 1158  4
371 1156  4
371 1158  5
373 1312  2
373 1315  2
374 1156  3
374 1180  2
374 1181  1
374 1312  2
374 1315  2
375 1158  4
376 1157  2
376 1158  3
378 1157  1
379 1157  2
380 1157  2
380 1158  3
380 1187  1
381 1157  1
401 1122  2
401 1123  3
402 1122  1
402 1155  1
403 1122  2
404 1122  2
404 1123  3
404 1153  3
404 1154  4
404 1155  2
404 1156  4
404 1157  2
404 1158  3
405 1155  1
405 1157  1
426 1121  5
426 1122  3
426 1123  4
427 1122  2
432 1120  2
432 1122  1
432 1125  2
432 1131  1
433 1115  3
433 1117  3
433 1120  3
433 1124  2
433 1125  3
433 1131  2
434 1113  1
434 1117  2
434 1120  3
434 1124  1
434 1352  1
435 1124  1
435 1125  2
435 1128  1
435 1131  1
458 1352  2
459 1352  2
459 1355  1
460 1352  1
473 1342  2
474 1342  1
475 1119  3
475 1121  3
475 1340  2
475 1342  2
475 1345  2
475 1348  1
476 1117  3
476 1119  3
476 1345  3
476 1348  2
476 1350  2
477 1348  1
477 1350  1
477 1352  1
478 1117  4
478 1118  4
478 1119  4
478 1120  3
478 1121  4
478 1122  2
478 1123  3
478 1350  3
479 1117  3
479 1350  2
479 1352  2
480 1117  3
480 1118  4
480 1120  3
480 1350  3
480 1352  2
483 1342  2
484 1121  4
484 1332  4
484 1335  4
484 1338  3
484 1340  3
484 1342  2
487 1121  4
487 1123  4
487 1335  5
487 1340  3
489 1326  2
489 1328  3
489 1332  4
489 1338  4
489 1342  3
489 1343  3
490 1326  1
492 1326  1
492 1328  2
493 1328  2
493 1338  3
493 1342  2
493 1343  2
494 1328  2
494 1342  2
494 1343  1
495 1326  1
495 1328  1
496 1342  1
497 1326  2
497 1328  3
497 1329  3
497 1332  3
498 1326  1
499 1324  2
499 1326  1
499 1329  2
500 1319  2
500 1324  3
500 1326  2
500 1329  2
500 1332  3
503 1181  1
503 1329  2
503 1330  3
503 1332  3
503 1333  2
503 1334  3
503 1335  4
505 1121  5
505 1154  4
505 1180  3
505 1181  2
505 1332  4
505 1333  3
505 1334  4
505 1335  4
506 1121  5
508 1121  5
508 1123  4
508 1154  4
508 1156  4
508 1158  4
508 1180  3
508 1335  5
512 1307  1
512 1319  1
512 1329  1
515 1307  2
515 1319  2
515 1322  3
515 1324  2
515 1326  1
516 1307  2
517 1304  3
517 1306  2
517 1307  2
517 1319  3
517 1322  2
517 1324  1
519 1297  2
519 1298  1
519 1299  1
519 1302  1
519 1304  2
519 1305  1
519 1306  1
519 1307  2
519 1322  1
521 1296  3
521 1297  3
521 1299  2
521 1300  2
521 1301  1
521 1302  1
521 1304  3
522 1181  1
522 1307  2
522 1310  2
523 1310  3
524 1310  3
524 1312  2
525 1290  4
525 1291  3
525 1296  3
525 1304  3
525 1307  3
525 1310  3
525 1312  2
526 1181  2
526 1310  3
526 1312  2
527 1312  2
528 1291  1
528 1312  1
528 1313  1
528 1315  1
531 1291  3
531 1296  3
532 1291  3
533 1282  1
533 1285  2
533 1291  2
533 1294  1
533 1312  2
535 1281  2
535 1282  2
535 1290  3
535 1291  3
535 1296  3
535 1300  2
535 1301  1
535 1303  2
535 1434  1
535 1435  1
536 1296  2
536 1300  1
538 1282  2
538 1283  3
538 1285  3
541 1282  1
541 1283  2
541 1284  1
542 1284  1
543 1283  2
543 1284  1
543 1285  3
543 1286  2
543 1287  3
545 1241  1
545 1266  1
545 1284  1
545 1286  1
End VSO per interface edge

Voronoi Facets of interface MI_AB
FBeg
  435  OE2 GLU A  58  1131  ND2 ASN B  44 hbd
52.458 40.869 30.933 51.666 41.340 27.316  68.24
52.363199 46.757117 29.996793 
53.257831 47.697803 29.923393 
59.330239 49.043120 28.768928 
63.487219 49.522669 27.921136 
60.088514 44.258506 27.979846 
55.400700 41.190304 28.606782 
51.810785 40.066253 29.246479 
50.509229 40.360579 29.569802 
50.440015 40.500955 29.603237 
51.210104 45.103316 30.033926 
FEnd
FBeg
  432   CG GLU A  58  1131  ND2 ASN B  44 unk
50.668 41.020 32.520 51.666 41.340 27.316  9.73
50.440015 40.500955 29.603237 
51.210104 45.103316 30.033926 
50.861292 45.276461 29.977679 
48.422820 43.260675 29.386087 
48.217050 43.005408 29.330929 
47.774857 42.333259 29.204795 
47.884635 41.879119 29.197923 
48.694611 40.870553 29.291238 
48.955884 40.695770 29.330597 
50.372658 40.390943 29.583555 
FEnd
FBeg
  432   CG GLU A  58  1125   CA ASN B  44 ali
50.668 41.020 32.520 51.025 38.423 27.391  0.53
48.955884 40.695770 29.330597 
50.372658 40.390943 29.583555 
50.151334 39.768682 29.883224 
FEnd
FBeg
  433   CD GLU A  58  1125   CA ASN B  44 ali
51.919 40.341 32.034 51.025 38.423 27.391  1.16
50.372658 40.390943 29.583555 
50.151334 39.768682 29.883224 
50.569519 39.189870 30.041807 
51.901995 39.296331 29.741263 
50.509229 40.360579 29.569802 
FEnd
FBeg
  433   CD GLU A  58  1124    N ASN B  44 unk
51.919 40.341 32.034 51.330 37.423 28.389  3.07
50.569519 39.189870 30.041807 
51.901995 39.296331 29.741263 
53.924214 38.267703 30.237957 
52.652042 37.920689 30.721331 
51.010219 38.524623 30.503156 
50.981551 38.550439 30.487122 
FEnd
FBeg
  433   CD GLU A  58  1115    C PHE B  43 ali
51.919 40.341 32.034 50.358 36.661 28.900  0.00
51.010219 38.524623 30.503156 
50.994161 38.529848 30.505019 
50.981551 38.550439 30.487122 
FEnd
FBeg
  433   CD GLU A  58  1117   CB PHE B  43 ali
51.919 40.341 32.034 50.432 36.033 31.299  1.90
52.652042 37.920689 30.721331 
50.840985 38.221280 32.623502 
50.994161 38.529848 30.505019 
51.010219 38.524623 30.503156 
FEnd
FBeg
  434  OE1 GLU A  58  1117   CB PHE B  43 unk
52.405 39.409 32.644 50.432 36.033 31.299  3.68
52.652042 37.920689 30.721331 
50.840985 38.221280 32.623502 
50.839476 38.219317 32.630642 
52.638082 37.097942 32.806935 
53.542904 37.079385 31.526215 
53.132372 37.635243 30.733209 
FEnd
FBeg
  434  OE1 GLU A  58  1113    N PHE B  43 hbd
52.405 39.409 32.644 52.041 35.050 29.777  0.48
53.542904 37.079385 31.526215 
53.132372 37.635243 30.733209 
53.625376 37.694049 30.581207 
53.923940 37.132097 31.397694 
FEnd
FBeg
  434  OE1 GLU A  58  1352  CE1 TYR B  70 unk
52.405 39.409 32.644 53.329 34.495 33.368  2.96
52.638082 37.097942 32.806935 
53.542904 37.079385 31.526215 
53.923940 37.132097 31.397694 
54.252539 37.211451 31.516915 
54.822432 37.532696 32.969978 
54.039865 37.482061 33.625048 
52.826546 37.163863 33.013838 
FEnd
FBeg
  480  NE2 HIS A  63  1352  CE1 TYR B  70 aro
50.863 37.264 34.732 53.329 34.495 33.368  0.18
52.826546 37.163863 33.013838 
52.638082 37.097942 32.806935 
51.806169 36.135637 33.256440 
FEnd
FBeg
  479  CE1 HIS A  63  1352  CE1 TYR B  70 aro
51.734 36.570 35.454 53.329 34.495 33.368  9.53
54.039865 37.482061 33.625048 
52.826546 37.163863 33.013838 
51.806169 36.135637 33.256440 
51.532395 35.794645 33.386300 
53.446605 34.564239 36.073864 
54.353983 34.512258 36.819371 
54.646802 36.242646 35.322004 
54.585069 36.634932 34.884584 
FEnd
FBeg
  458   CG ASP A  61  1352  CE1 TYR B  70 aro
55.103 38.688 36.878 53.329 34.495 33.368  0.29
54.646802 36.242646 35.322004 
55.538569 36.373239 34.715288 
54.585069 36.634932 34.884584 
FEnd
FBeg
  460  OD2 ASP A  61  1352  CE1 TYR B  70 unk
55.568 37.529 37.312 53.329 34.495 33.368  4.47
54.353983 34.512258 36.819371 
54.521231 33.870287 37.218274 
55.611782 33.532487 36.859030 
55.846854 35.323746 35.347619 
55.555708 36.371145 34.707169 
55.538569 36.373239 34.715288 
54.646802 36.242646 35.322004 
FEnd
FBeg
  477  ND1 HIS A  63  1352  CE1 TYR B  70 aro
51.106 35.647 36.154 53.329 34.495 33.368  0.50
53.446605 34.564239 36.073864 
54.455027 33.761081 37.210605 
54.521231 33.870287 37.218274 
54.353983 34.512258 36.819371 
FEnd
FBeg
  477  ND1 HIS A  63  1350  CD1 TYR B  70 aro
51.106 35.647 36.154 52.248 33.735 33.790  8.25
53.446605 34.564239 36.073864 
54.455027 33.761081 37.210605 
53.015693 32.389996 37.624224 
50.606355 33.632353 35.455505 
50.956477 35.048908 34.478934 
FEnd
FBeg
  476   CG HIS A  63  1350  CD1 TYR B  70 aro
49.760 35.777 35.860 52.248 33.735 33.790  2.17
50.606355 33.632353 35.455505 
50.956477 35.048908 34.478934 
50.793934 35.251287 34.083927 
49.829465 34.621732 33.545740 
49.814351 34.606444 33.542655 
49.668516 34.353539 33.616855 
49.859041 33.955632 34.238379 
FEnd
FBeg
  476   CG HIS A  63  1348   CB TYR B  70 ali
49.760 35.777 35.860 50.941 31.621 34.031  0.28
49.859041 33.955632 34.238379 
50.606355 33.632353 35.455505 
50.580669 33.582922 35.551241 
49.701287 33.796762 34.497513 
FEnd
FBeg
  475   CB HIS A  63  1348   CB TYR B  70 ali
48.735 34.957 36.549 50.941 31.621 34.031  6.96
50.580669 33.582922 35.551241 
49.701287 33.796762 34.497513 
48.944487 32.340539 35.763779 
49.059936 31.727263 36.677429 
49.890865 31.523465 37.675402 
51.233672 31.923373 38.322004 
51.435648 32.156024 38.190723 
FEnd
FBeg
  475   CB HIS A  63  1342  CG1 VAL B  69 ali
48.735 34.957 36.549 47.840 28.786 36.034  0.75
49.059936 31.727263 36.677429 
49.890865 31.523465 37.675402 
48.271619 31.793287 37.256285 
48.074224 31.832360 37.131139 
48.074194 31.832387 37.130868 
FEnd
FBeg
  484    O PRO A  64  1342  CG1 VAL B  69 unk
45.417 32.471 36.665 47.840 28.786 36.034  1.66
48.074224 31.832360 37.131139 
48.074194 31.832387 37.130868 
46.557600 31.012584 36.094839 
45.721724 30.417585 36.359883 
45.874353 30.463350 36.678707 
47.875850 31.643834 37.470375 
47.970999 31.727129 37.349304 
FEnd
FBeg
  483    C PRO A  64  1342  CG1 VAL B  69 ali
44.936 32.520 37.808 47.840 28.786 36.034  2.15
45.874353 30.463350 36.678707 
46.002880 30.383867 37.056403 
47.536571 30.777166 38.739188 
47.875850 31.643834 37.470375 
FEnd
FBeg
  493   CG GLU A  65  1342  CG1 VAL B  69 ali
44.930 28.637 38.721 47.840 28.786 36.034  11.09
46.002880 30.383867 37.056403 
45.326756 29.499232 36.275111 
45.243891 29.005094 36.157968 
46.868748 26.695877 37.789625 
47.764362 28.053678 38.834860 
48.332679 30.219071 39.570419 
47.536571 30.777166 38.739188 
FEnd
FBeg
  496  OE2 GLU A  65  1342  CG1 VAL B  69 unk
46.179 27.693 40.535 47.840 28.786 36.034  14.06
47.764362 28.053678 38.834860 
48.298064 25.241982 38.349034 
49.638020 24.084092 38.562341 
51.000817 25.511676 39.411920 
49.785467 29.917825 40.033387 
48.332679 30.219071 39.570419 
FEnd
FBeg
  494   CD GLU A  65  1342  CG1 VAL B  69 ali
45.198 27.635 39.793 47.840 28.786 36.034  2.04
46.868748 26.695877 37.789625 
48.298064 25.241982 38.349034 
47.764362 28.053678 38.834860 
FEnd
FBeg
  494   CD GLU A  65  1343  CG2 VAL B  69 ali
45.198 27.635 39.793 46.579 27.125 34.939  6.25
46.868748 26.695877 37.789625 
48.298064 25.241982 38.349034 
48.254948 22.666982 38.607317 
45.785868 25.008591 37.658817 
45.528636 26.006974 37.480735 
FEnd
FBeg
  494   CD GLU A  65  1328   CZ PHE B  67 aro
45.198 27.635 39.793 43.281 26.426 35.784  0.53
45.785868 25.008591 37.658817 
44.553595 26.186934 37.892703 
45.528636 26.006974 37.480735 
FEnd
FBeg
  493   CG GLU A  65  1328   CZ PHE B  67 ali
44.930 28.637 38.721 43.281 26.426 35.784  5.22
44.553595 26.186934 37.892703 
45.528636 26.006974 37.480735 
44.556178 28.754684 35.958228 
43.664820 28.410959 36.717446 
43.012190 26.880940 38.235682 
FEnd
FBeg
  492   CB GLU A  65  1328   CZ PHE B  67 ali
43.614 29.371 38.895 43.281 26.426 35.784  1.09
43.664820 28.410959 36.717446 
42.916520 28.406870 36.801415 
42.729281 26.834566 38.309864 
43.012190 26.880940 38.235682 
FEnd
FBeg
  492   CB GLU A  65  1326  CE1 PHE B  67 ali
43.614 29.371 38.895 41.913 26.634 35.831  4.55
42.916520 28.406870 36.801415 
42.729281 26.834566 38.309864 
41.243442 26.760990 39.200462 
40.472061 27.744426 38.750218 
40.627684 27.952692 38.477784 
42.258095 28.552029 37.037276 
FEnd
FBeg
  489   CA GLU A  65  1326  CE1 PHE B  67 ali
43.493 30.486 37.871 41.913 26.634 35.831  0.70
42.258095 28.552029 37.037276 
42.916520 28.406870 36.801415 
42.972677 29.068220 35.509135 
42.452751 28.938291 36.157159 
FEnd
FBeg
  497    N TRP A  66  1326  CE1 PHE B  67 unk
41.580 30.984 36.436 41.913 26.634 35.831  1.74
42.972677 29.068220 35.509135 
42.969624 29.099761 35.280675 
42.571799 29.129776 34.845895 
41.098316 28.849092 36.053008 
40.881123 28.783955 36.401809 
40.819150 28.737631 36.700770 
42.452751 28.938291 36.157159 
FEnd
FBeg
  498   CA TRP A  66  1326  CE1 PHE B  67 ali
40.191 31.274 36.193 41.913 26.634 35.831  0.55
40.881123 28.783955 36.401809 
39.294721 28.086311 37.797611 
39.403971 28.114916 37.950663 
39.791305 28.269470 37.812142 
40.819150 28.737631 36.700770 
FEnd
FBeg
  499    C TRP A  66  1326  CE1 PHE B  67 ali
39.604 30.424 35.101 41.913 26.634 35.831  2.04
41.098316 28.849092 36.053008 
40.397302 28.385223 35.862013 
39.372280 27.883991 36.501886 
39.037304 27.906473 37.678142 
39.294721 28.086311 37.797611 
40.881123 28.783955 36.401809 
FEnd
FBeg
  515   CB PHE A  67  1326  CE1 PHE B  67 ali
37.210 28.448 34.457 41.913 26.634 35.831  4.90
39.372280 27.883991 36.501886 
37.339389 23.670619 37.897542 
37.260636 23.570352 38.034725 
37.073974 23.396406 38.443992 
38.724402 27.420154 38.107106 
39.037304 27.906473 37.678142 
FEnd
FBeg
  515   CB PHE A  67  1324  CD1 PHE B  67 ali
37.210 28.448 34.457 41.190 26.587 34.636  9.45
39.372280 27.883991 36.501886 
37.339389 23.670619 37.897542 
39.025025 26.872599 33.707889 
39.428831 27.724124 33.582420 
39.592503 28.084322 33.688087 
39.537625 28.111376 35.189546 
FEnd
FBeg
  500    O TRP A  66  1324  CD1 PHE B  67 unk
40.297 29.604 34.549 41.190 26.587 34.636  4.47
39.592503 28.084322 33.688087 
39.537625 28.111376 35.189546 
40.397302 28.385223 35.862013 
42.463651 28.960137 34.589217 
41.323811 28.595085 33.629633 
FEnd
FBeg
  500    O TRP A  66  1319   CA PHE B  67 unk
40.297 29.604 34.549 40.750 27.716 31.469  2.35
41.323811 28.595085 33.629633 
39.592503 28.084322 33.688087 
39.558042 28.181492 33.623455 
40.066963 30.448117 32.308894 
FEnd
FBeg
  512   CA PHE A  67  1319   CA PHE B  67 ali
37.644 29.785 33.834 40.750 27.716 31.469  3.76
39.558042 28.181492 33.623455 
40.066963 30.448117 32.308894 
39.856260 30.933314 31.607703 
39.572724 30.822283 31.332463 
38.591269 27.984134 32.526431 
FEnd
FBeg
  512   CA PHE A  67  1307    O TRP B  66 unk
37.644 29.785 33.834 38.178 28.361 30.888  4.67
39.572724 30.822283 31.332463 
38.591269 27.984134 32.526431 
38.452540 28.011325 32.488141 
37.368460 28.396265 32.105571 
36.679561 28.837866 31.767243 
39.064651 31.082783 31.114452 
FEnd
FBeg
  522    N ASN A  68  1307    O TRP B  66 hbd
36.207 30.877 32.339 38.178 28.361 30.888  3.10
36.679561 28.837866 31.767243 
39.064651 31.082783 31.114452 
38.954738 31.090051 30.952546 
36.851212 29.785065 30.357987 
36.082587 28.639125 31.300941 
FEnd
FBeg
  525    O ASN A  68  1307    O TRP B  66 unk
34.856 29.949 30.110 38.178 28.361 30.888  0.77
36.851212 29.785065 30.357987 
36.777519 29.543551 30.179688 
35.944324 28.159590 30.912522 
35.997986 28.398823 31.171693 
36.082587 28.639125 31.300941 
FEnd
FBeg
  525    O ASN A  68  1304    N TRP B  66 hbd
34.856 29.949 30.110 36.770 27.950 28.511  4.57
36.777519 29.543551 30.179688 
35.944324 28.159590 30.912522 
35.769641 28.025129 30.871524 
35.134678 27.690143 30.530259 
34.853145 27.592376 30.315489 
35.176148 29.713363 28.050558 
FEnd
FBeg
  525    O ASN A  68  1296   CA GLU B  65 unk
34.856 29.949 30.110 34.656 27.140 27.451  3.11
34.853145 27.592376 30.315489 
34.479501 27.612709 30.322113 
33.913185 28.200122 29.744159 
34.209412 29.823041 28.007407 
34.823275 30.014583 27.758888 
34.881536 30.020881 27.747852 
35.176148 29.713363 28.050558 
FEnd
FBeg
  525    O ASN A  68  1290    C PRO B  64 unk
34.856 29.949 30.110 34.122 28.614 25.473  0.00
34.823275 30.014583 27.758888 
34.863133 30.066795 27.737547 
34.881536 30.020881 27.747852 
FEnd
FBeg
  525    O ASN A  68  1291    O PRO B  64 unk
34.856 29.949 30.110 33.365 29.413 26.014  0.53
34.209412 29.823041 28.007407 
34.296545 30.719993 27.858315 
34.560883 31.034163 27.720980 
34.640619 30.915454 27.707489 
34.863133 30.066795 27.737547 
34.823275 30.014583 27.758888 
FEnd
FBeg
  525    O ASN A  68  1312  NE1 TRP B  66 hbd
34.856 29.949 30.110 37.338 31.883 27.762  0.16
34.560883 31.034163 27.720980 
34.559897 31.044008 27.728048 
35.072930 31.339992 28.514156 
35.278933 31.305743 28.703705 
34.640619 30.915454 27.707489 
FEnd
FBeg
  524    C ASN A  68  1312  NE1 TRP B  66 unk
34.268 30.707 30.886 37.338 31.883 27.762  0.10
35.072930 31.339992 28.514156 
35.278933 31.305743 28.703705 
35.597589 31.466905 29.077520 
35.401851 31.596966 28.934126 
FEnd
FBeg
  526   CB ASN A  68  1312  NE1 TRP B  66 unk
35.521 32.886 31.152 37.338 31.883 27.762  4.65
35.597589 31.466905 29.077520 
38.407259 32.330195 30.328049 
38.386979 32.569565 30.246357 
37.861678 33.504274 29.688249 
36.962700 34.114891 29.025744 
35.888898 32.473528 28.935830 
35.401851 31.596966 28.934126 
FEnd
FBeg
  527   CG ASN A  68  1312  NE1 TRP B  66 aro
34.564 33.565 30.186 37.338 31.883 27.762  0.40
36.962700 34.114891 29.025744 
36.849773 34.389297 28.706103 
35.888898 32.473528 28.935830 
FEnd
FBeg
  373   SD MET A  50  1312  NE1 TRP B  66 hbd
37.591 35.901 31.122 37.338 31.883 27.762  1.63
37.861678 33.504274 29.688249 
38.493462 34.329972 28.653280 
36.857109 34.703485 28.329834 
36.849773 34.389297 28.706103 
36.962700 34.114891 29.025744 
FEnd
FBeg
  373   SD MET A  50  1315  CZ2 TRP B  66 unk
37.591 35.901 31.122 38.042 33.347 25.891  0.68
38.493462 34.329972 28.653280 
36.857109 34.703485 28.329834 
36.811815 34.800210 28.278704 
37.712615 34.932417 28.291819 
38.711802 34.720804 28.481284 
FEnd
FBeg
  374   CE MET A  50  1315  CZ2 TRP B  66 ali
39.202 35.181 31.531 38.042 33.347 25.891  0.06
38.711802 34.720804 28.481284 
38.493462 34.329972 28.653280 
38.583527 34.282653 28.650143 
38.878879 34.705020 28.452053 
FEnd
FBeg
  374   CE MET A  50  1181   CE MET B  50 ali
39.202 35.181 31.531 41.163 32.648 29.054  12.90
38.583527 34.282653 28.650143 
38.878879 34.705020 28.452053 
40.207833 35.492977 28.698392 
41.934702 34.546573 31.033326 
40.977617 33.162501 31.690981 
39.540805 31.832199 31.913858 
39.121589 31.817853 31.596642 
38.641552 32.038240 30.991236 
38.386979 32.569565 30.246357 
FEnd
FBeg
  503  CD1 TRP A  66  1181   CE MET B  50 ali
41.637 32.991 34.157 41.163 32.648 29.054  1.83
40.977617 33.162501 31.690981 
39.540805 31.832199 31.913858 
39.999268 31.261620 31.909625 
40.668866 31.460947 31.834031 
41.558132 32.735600 31.665753 
FEnd
FBeg
  503  CD1 TRP A  66  1333   CB ASN B  68 ali
41.637 32.991 34.157 43.641 31.195 31.143  4.13
40.668866 31.460947 31.834031 
41.558132 32.735600 31.665753 
43.605527 32.317680 33.276093 
43.705301 32.118048 33.461390 
42.919653 31.307713 33.421882 
42.274569 31.100404 33.116501 
FEnd
FBeg
  503  CD1 TRP A  66  1330   CA ASN B  68 ali
41.637 32.991 34.157 43.790 29.821 31.761  0.20
42.919653 31.307713 33.421882 
42.493604 30.845464 33.650616 
42.274569 31.100404 33.116501 
FEnd
FBeg
  503  CD1 TRP A  66  1332    O ASN B  68 unk
41.637 32.991 34.157 44.284 30.436 33.924  3.64
43.705301 32.118048 33.461390 
43.750456 32.161363 33.499399 
44.096072 32.468806 34.054459 
44.330434 32.660649 34.613247 
43.683013 31.915028 35.434432 
42.197020 30.493111 34.145055 
42.493604 30.845464 33.650616 
42.919653 31.307713 33.421882 
FEnd
FBeg
  484    O PRO A  64  1332    O ASN B  68 unk
45.417 32.471 36.665 44.284 30.436 33.924  2.89
44.330434 32.660649 34.613247 
43.683013 31.915028 35.434432 
43.711827 31.833150 35.483310 
45.124424 30.645101 35.781453 
45.529502 31.516599 34.966986 
45.286444 32.453151 34.372131 
44.449243 32.716331 34.522797 
FEnd
FBeg
  484    O PRO A  64  1335  OD1 ASN B  68 hbd
45.417 32.471 36.665 44.778 32.995 32.199  1.48
45.286444 32.453151 34.372131 
44.449243 32.716331 34.522797 
45.009462 34.024626 34.596144 
46.064319 34.033099 34.446208 
46.070291 34.029197 34.444896 
FEnd
FBeg
  484    O PRO A  64  1121  CE1 PHE B  43 unk
45.417 32.471 36.665 46.758 36.050 32.127  0.00
46.064319 34.033099 34.446208 
46.076455 34.032328 34.449187 
46.070291 34.029197 34.444896 
FEnd
FBeg
  487   CD PRO A  64  1121  CE1 PHE B  43 ali
45.474 35.603 37.243 46.758 36.050 32.127  4.20
46.064319 34.033099 34.446208 
46.076455 34.032328 34.449187 
46.370808 34.117583 34.530512 
46.887585 36.375035 34.857451 
46.773840 36.791199 34.865265 
46.483098 36.929465 34.804376 
45.162320 36.617047 34.445594 
44.950566 34.997583 34.250951 
44.966861 34.900737 34.246579 
45.079083 34.667125 34.254333 
FEnd
FBeg
  505  NE1 TRP A  66  1121  CE1 PHE B  43 aro
42.329 33.969 33.531 46.758 36.050 32.127  0.23
44.966861 34.900737 34.246579 
44.863909 34.965245 34.017425 
44.417226 35.060626 32.749709 
45.079083 34.667125 34.254333 
FEnd
FBeg
  506  CE2 TRP A  66  1121  CE1 PHE B  43 aro
41.983 35.161 34.022 46.758 36.050 32.127  0.01
44.950566 34.997583 34.250951 
44.863909 34.965245 34.017425 
44.966861 34.900737 34.246579 
FEnd
FBeg
  508  CZ2 TRP A  66  1121  CE1 PHE B  43 aro
42.398 36.432 33.692 46.758 36.050 32.127  4.09
45.162320 36.617047 34.445594 
44.003859 36.111268 31.341642 
43.885322 35.368666 31.192668 
44.417226 35.060626 32.749709 
44.863909 34.965245 34.017425 
44.950566 34.997583 34.250951 
FEnd
FBeg
  508  CZ2 TRP A  66  1335  OD1 ASN B  68 unk
42.398 36.432 33.692 44.778 32.995 32.199  0.29
43.885322 35.368666 31.192668 
44.417226 35.060626 32.749709 
43.562982 35.193579 31.081886 
FEnd
FBeg
  508  CZ2 TRP A  66  1154  CD1 PHE B  47 aro
42.398 36.432 33.692 43.675 37.225 28.723  0.86
44.003859 36.111268 31.341642 
43.885322 35.368666 31.192668 
43.562982 35.193579 31.081886 
43.455194 35.198359 31.054948 
43.128062 35.306599 30.988151 
43.821513 37.045261 31.443836 
FEnd
FBeg
  508  CZ2 TRP A  66  1156  CE1 PHE B  47 aro
42.398 36.432 33.692 42.414 37.610 29.173  4.97
43.128062 35.306599 30.988151 
42.222087 35.278503 30.977620 
41.187320 37.105649 31.450251 
41.509783 37.931406 31.666649 
41.638506 37.980693 31.679953 
42.254808 38.105564 31.714686 
43.817019 37.079039 31.452625 
43.821513 37.045261 31.443836 
FEnd
FBeg
  404   CB ALA A  54  1156  CE1 PHE B  47 ali
44.342 39.718 32.409 42.414 37.610 29.173  1.61
42.254808 38.105564 31.714686 
43.817019 37.079039 31.452625 
43.832916 37.097336 31.431235 
43.919789 38.543429 30.437460 
FEnd
FBeg
  404   CB ALA A  54  1158   CZ PHE B  47 ali
44.342 39.718 32.409 42.132 38.974 29.273  3.05
43.919789 38.543429 30.437460 
42.254808 38.105564 31.714686 
42.151688 38.187366 31.767949 
42.218734 40.239104 31.233936 
42.434560 40.450338 31.031726 
43.896282 38.822681 30.387775 
43.946807 38.640586 30.395370 
43.931502 38.557400 30.425891 
FEnd
FBeg
  404   CB ALA A  54  1153   CG PHE B  47 ali
44.342 39.718 32.409 44.624 38.193 28.394  0.85
43.946807 38.640586 30.395370 
45.608140 39.036174 30.361802 
45.536687 38.836951 30.432453 
44.635444 37.961063 30.701837 
43.931502 38.557400 30.425891 
FEnd
FBeg
  404   CB ALA A  54  1122  CE2 PHE B  43 ali
44.342 39.718 32.409 47.438 38.348 31.677  4.70
45.608140 39.036174 30.361802 
46.532159 41.179917 30.257752 
46.570431 39.991238 32.644335 
46.334139 39.067914 33.373017 
45.536687 38.836951 30.432453 
FEnd
FBeg
  401   CA ALA A  54  1122  CE2 PHE B  43 ali
44.613 40.587 33.598 47.438 38.348 31.677  1.00
46.570431 39.991238 32.644335 
46.334139 39.067914 33.373017 
46.713763 38.932297 34.089354 
47.071115 39.424737 34.040915 
46.899269 39.833151 33.312177 
FEnd
FBeg
  403    O ALA A  54  1122  CE2 PHE B  43 unk
46.787 41.541 33.620 47.438 38.348 31.677  3.35
47.071115 39.424737 34.040915 
48.060239 39.613431 34.062232 
48.353848 39.889195 33.707433 
47.705020 41.660415 30.579335 
46.899269 39.833151 33.312177 
FEnd
FBeg
  427    N GLU A  58  1122  CE2 PHE B  43 unk
49.605 41.101 35.610 47.438 38.348 31.677  0.34
48.060239 39.613431 34.062232 
48.463744 39.188513 34.137341 
48.853936 39.224901 33.896883 
48.353848 39.889195 33.707433 
FEnd
FBeg
  478  CD2 HIS A  63  1122  CE2 PHE B  43 aro
49.609 36.776 34.962 47.438 38.348 31.677  1.45
48.463744 39.188513 34.137341 
47.545023 38.124185 34.235186 
48.108170 37.258716 33.448852 
48.898172 39.186456 33.849251 
48.853936 39.224901 33.896883 
FEnd
FBeg
  478  CD2 HIS A  63  1120  CD2 PHE B  43 aro
49.609 36.776 34.962 48.723 37.870 31.443  2.31
48.108170 37.258716 33.448852 
48.898172 39.186456 33.849251 
49.556957 38.870027 33.585012 
49.973110 37.559201 33.072720 
48.156681 37.160588 33.406131 
48.118040 37.174869 33.420300 
FEnd
FBeg
  478  CD2 HIS A  63  1119  CD1 PHE B  43 aro
49.609 36.776 34.962 48.056 35.601 31.911  3.30
48.156681 37.160588 33.406131 
49.571328 35.587702 33.291806 
49.812570 34.616686 33.542968 
48.533122 34.907897 34.082073 
47.673403 35.502864 34.290548 
48.104581 37.162383 33.431959 
48.118040 37.174869 33.420300 
FEnd
FBeg
  475   CB HIS A  63  1119  CD1 PHE B  43 ali
48.735 34.957 36.549 48.056 35.601 31.911  1.79
48.533122 34.907897 34.082073 
47.673403 35.502864 34.290548 
47.146580 34.040471 34.164617 
47.968170 33.812379 34.012666 
48.997560 34.185993 33.913841 
FEnd
FBeg
  478  CD2 HIS A  63  1117   CB PHE B  43 ali
49.609 36.776 34.962 50.432 36.033 31.299  1.79
49.571328 35.587702 33.291806 
50.100199 37.234455 33.076606 
50.869930 35.503490 33.600656 
49.829465 34.621732 33.545740 
49.812570 34.616686 33.542968 
FEnd
FBeg
  478  CD2 HIS A  63  1118   CG PHE B  43 aro
49.609 36.776 34.962 49.039 36.512 31.541  1.93
49.973110 37.559201 33.072720 
50.100199 37.234455 33.076606 
49.571328 35.587702 33.291806 
48.156681 37.160588 33.406131 
FEnd
FBeg
  480  NE2 HIS A  63  1118   CG PHE B  43 aro
50.863 37.264 34.732 49.039 36.512 31.541  0.05
49.973110 37.559201 33.072720 
50.100199 37.234455 33.076606 
50.201534 37.602201 32.932018 
FEnd
FBeg
  480  NE2 HIS A  63  1120  CD2 PHE B  43 aro
50.863 37.264 34.732 48.723 37.870 31.443  1.03
49.556957 38.870027 33.585012 
49.973110 37.559201 33.072720 
50.201534 37.602201 32.932018 
50.839476 38.219317 32.630642 
50.835689 38.225557 32.634256 
50.599944 38.482463 32.834980 
FEnd
FBeg
  478  CD2 HIS A  63  1123   CZ PHE B  43 aro
49.609 36.776 34.962 46.467 37.410 32.014  0.99
47.545023 38.124185 34.235186 
48.108170 37.258716 33.448852 
48.118040 37.174869 33.420300 
48.104581 37.162383 33.431959 
46.863759 37.003934 34.720360 
FEnd
FBeg
  426   CB ALA A  57  1123   CZ PHE B  43 ali
47.200 39.021 36.763 46.467 37.410 32.014  2.77
46.863759 37.003934 34.720360 
47.545023 38.124185 34.235186 
46.713763 38.932297 34.089354 
45.081019 37.634292 34.781687 
46.483098 36.929465 34.804376 
FEnd
FBeg
  426   CB ALA A  57  1122  CE2 PHE B  43 ali
47.200 39.021 36.763 47.438 38.348 31.677  1.46
46.713763 38.932297 34.089354 
47.545023 38.124185 34.235186 
48.463744 39.188513 34.137341 
48.060239 39.613431 34.062232 
47.071115 39.424737 34.040915 
FEnd
FBeg
  401   CA ALA A  54  1123   CZ PHE B  43 ali
44.613 40.587 33.598 46.467 37.410 32.014  1.00
46.334139 39.067914 33.373017 
46.713763 38.932297 34.089354 
45.081019 37.634292 34.781687 
45.055463 37.623634 34.773151 
45.029117 37.636402 34.716705 
FEnd
FBeg
  402    C ALA A  54  1122  CE2 PHE B  43 ali
45.600 41.698 33.375 47.438 38.348 31.677  3.33
46.532159 41.179917 30.257752 
46.570431 39.991238 32.644335 
46.899269 39.833151 33.312177 
47.705020 41.660415 30.579335 
47.623448 41.995366 29.830211 
47.454548 41.989578 29.658804 
FEnd
FBeg
  402    C ALA A  54  1155  CD2 PHE B  47 ali
45.600 41.698 33.375 44.304 39.543 28.466  1.13
47.454548 41.989578 29.658804 
46.532159 41.179917 30.257752 
45.447838 41.878880 30.237180 
46.286923 42.165957 29.889634 
FEnd
FBeg
  405    N LEU A  55  1155  CD2 PHE B  47 unk
45.073 42.880 33.079 44.304 39.543 28.466  0.78
45.447838 41.878880 30.237180 
46.286923 42.165957 29.889634 
45.849666 42.456589 29.752286 
44.927224 42.550193 29.838347 
44.874929 42.011404 30.236820 
FEnd
FBeg
  405    N LEU A  55  1157  CE2 PHE B  47 unk
45.073 42.880 33.079 43.034 39.951 28.851  0.48
44.927224 42.550193 29.838347 
44.874929 42.011404 30.236820 
44.172581 42.117591 30.501973 
44.364948 42.687822 30.014167 
FEnd
FBeg
  378    O THR A  51  1157  CE2 PHE B  47 unk
42.557 43.035 32.268 43.034 39.951 28.851  0.83
44.172581 42.117591 30.501973 
44.364948 42.687822 30.014167 
44.150897 42.834693 29.851729 
43.464679 42.478107 30.077770 
43.387398 41.706180 30.763682 
FEnd
FBeg
  376   CA THR A  51  1157  CE2 PHE B  47 ali
40.705 42.203 31.123 43.034 39.951 28.851  3.88
43.464679 42.478107 30.077770 
42.699669 42.256123 29.513597 
41.527129 41.264638 29.294398 
41.171796 40.875167 29.316192 
42.434560 40.450338 31.031726 
43.387398 41.706180 30.763682 
FEnd
FBeg
  380  OG1 THR A  51  1157  CE2 PHE B  47 unk
40.570 42.195 28.779 43.034 39.951 28.851  7.13
41.527129 41.264638 29.294398 
42.502691 42.320139 28.804955 
43.423650 43.253769 26.385835 
41.574934 41.226594 26.472706 
40.868108 40.492450 27.781025 
41.171796 40.875167 29.316192 
FEnd
FBeg
  380  OG1 THR A  51  1158   CZ PHE B  47 unk
40.570 42.195 28.779 42.132 38.974 29.273  1.57
40.868108 40.492450 27.781025 
41.171796 40.875167 29.316192 
39.683079 40.166745 29.404351 
39.460132 40.043207 29.303796 
FEnd
FBeg
  350  CE2 PHE A  47  1158   CZ PHE B  47 aro
38.882 39.757 26.499 42.132 38.974 29.273  1.19
39.460132 40.043207 29.303796 
40.868108 40.492450 27.781025 
41.128805 40.068104 27.355817 
39.308950 39.578594 29.349777 
39.311950 39.788013 29.405372 
FEnd
FBeg
  371   CB MET A  50  1158   CZ PHE B  47 ali
38.754 38.295 32.013 42.132 38.974 29.273  3.96
39.308950 39.578594 29.349777 
39.439862 38.896556 29.342156 
39.824195 37.762846 29.535034 
41.499766 37.954337 31.648210 
41.180097 38.543247 31.400044 
39.894297 39.672256 30.094631 
39.311950 39.788013 29.405372 
FEnd
FBeg
  369    C MET A  50  1158   CZ PHE B  47 ali
40.038 40.310 32.491 42.132 38.974 29.273  1.92
41.180097 38.543247 31.400044 
41.790750 40.096623 31.152498 
40.381653 39.968835 30.288632 
39.894297 39.672256 30.094631 
FEnd
FBeg
  349  CE1 PHE A  47  1158   CZ PHE B  47 aro
38.660 37.446 27.210 42.132 38.974 29.273  0.61
39.439862 38.896556 29.342156 
40.281311 37.922419 28.647523 
39.824195 37.762846 29.535034 
FEnd
FBeg
  349  CE1 PHE A  47  1156  CE1 PHE B  47 aro
38.660 37.446 27.210 42.414 37.610 29.173  3.78
40.281311 37.922419 28.647523 
39.824195 37.762846 29.535034 
39.795787 37.186033 29.637550 
40.324805 35.630528 28.755822 
40.789900 35.814966 27.850975 
41.087449 36.597919 27.216537 
FEnd
FBeg
  351   CZ PHE A  47  1156  CE1 PHE B  47 aro
39.423 38.483 26.680 42.414 37.610 29.173  3.10
41.087449 36.597919 27.216537 
40.281311 37.922419 28.647523 
42.311126 38.505640 26.416465 
42.342328 38.232248 26.283295 
42.253558 37.937610 26.286621 
42.206273 37.802698 26.296108 
FEnd
FBeg
  351   CZ PHE A  47  1178   CB MET B  50 ali
39.423 38.483 26.680 42.690 34.857 25.905  1.31
42.206273 37.802698 26.296108 
41.087449 36.597919 27.216537 
40.586993 36.388554 26.086425 
41.949723 37.604612 26.141415 
FEnd
FBeg
  351   CZ PHE A  47  1176    C MET B  50 ali
39.423 38.483 26.680 41.638 36.128 23.868  2.42
40.586993 36.388554 26.086425 
39.898249 36.549255 25.409321 
39.884165 37.359734 24.719465 
41.369809 37.750360 25.562558 
41.949723 37.604612 26.141415 
FEnd
FBeg
  351   CZ PHE A  47  1183   CA THR B  51 ali
39.423 38.483 26.680 41.438 38.434 23.152  4.70
39.884165 37.359734 24.719465 
39.625329 37.430404 24.570650 
39.217562 38.824966 24.318387 
40.799714 39.623628 25.210933 
41.448656 39.231275 25.587023 
42.064884 38.366490 25.950989 
41.369809 37.750360 25.562558 
FEnd
FBeg
  351   CZ PHE A  47  1186   CB THR B  51 ali
39.423 38.483 26.680 42.210 39.754 23.197  0.20
40.799714 39.623628 25.210933 
41.194681 39.847876 25.608806 
41.448656 39.231275 25.587023 
FEnd
FBeg
  350  CE2 PHE A  47  1186   CB THR B  51 ali
38.882 39.757 26.499 42.210 39.754 23.197  0.62
40.799714 39.623628 25.210933 
41.194681 39.847876 25.608806 
41.101601 40.694230 25.514224 
40.383922 39.881098 24.791634 
FEnd
FBeg
  350  CE2 PHE A  47  1188  CG2 THR B  51 ali
38.882 39.757 26.499 41.305 40.910 22.795  13.72
41.101601 40.694230 25.514224 
40.383922 39.881098 24.791634 
38.919568 39.654136 23.763065 
37.678298 40.944049 23.352610 
37.670859 41.963603 23.665115 
38.665921 44.514895 25.110222 
41.297713 41.856558 26.004328 
FEnd
FBeg
  350  CE2 PHE A  47  1211   CB ALA B  54 ali
38.882 39.757 26.499 37.264 37.317 23.724  4.08
38.919568 39.654136 23.763065 
39.217562 38.824966 24.318387 
37.635359 38.344210 25.663630 
37.583047 38.355552 25.684159 
37.582526 38.355926 25.684133 
37.400680 41.084007 23.391416 
37.467052 41.058970 23.374731 
37.678298 40.944049 23.352610 
FEnd
FBeg
  348  CD2 PHE A  47  1211   CB ALA B  54 ali
37.582 40.025 26.921 37.264 37.317 23.724  6.36
37.582526 38.355926 25.684133 
37.400680 41.084007 23.391416 
36.014230 41.261053 23.379358 
35.618187 41.243995 23.433201 
35.314709 41.151321 23.541886 
35.142863 40.904341 23.768182 
35.480912 39.477145 24.943455 
37.555713 38.358534 25.684591 
FEnd
FBeg
  346   CG PHE A  47  1211   CB ALA B  54 ali
36.826 39.015 27.513 37.264 37.317 23.724  1.53
35.480912 39.477145 24.943455 
35.539206 39.064552 25.135093 
36.272536 37.820694 25.777286 
37.555713 38.358534 25.684591 
FEnd
FBeg
  316   CZ PHE A  43  1211   CB ALA B  54 ali
34.466 36.621 25.571 37.264 37.317 23.724  7.32
35.539206 39.064552 25.135093 
35.186474 36.518756 23.641417 
36.101798 34.681378 24.335656 
36.924669 35.741018 25.981516 
36.272536 37.820694 25.777286 
FEnd
FBeg
  316   CZ PHE A  43  1315  CZ2 TRP B  66 aro
34.466 36.621 25.571 38.042 33.347 25.891  3.75
36.101798 34.681378 24.335656 
36.924669 35.741018 25.981516 
36.565531 35.414746 26.656708 
34.980005 33.547188 25.267513 
35.628802 34.126977 23.949162 
FEnd
FBeg
  316   CZ PHE A  43  1294   CD PRO B  64 ali
34.466 36.621 25.571 34.683 31.046 23.226  1.51
34.980005 33.547188 25.267513 
34.168336 33.630386 24.994608 
34.370095 34.052102 24.010691 
35.335123 34.213144 23.717130 
35.628802 34.126977 23.949162 
FEnd
FBeg
  316   CZ PHE A  43  1233   CB ALA B  57 ali
34.466 36.621 25.571 33.573 33.669 21.016  0.99
34.370095 34.052102 24.010691 
34.065077 34.834964 23.563133 
34.671784 35.199945 23.207652 
35.335123 34.213144 23.717130 
FEnd
FBeg
  315  CE2 PHE A  43  1233   CB ALA B  57 ali
33.579 37.252 24.705 33.573 33.669 21.016  1.64
34.065077 34.834964 23.563133 
34.671784 35.199945 23.207652 
34.308892 35.936192 22.493151 
33.722170 36.175947 22.261239 
33.205167 36.050828 22.383604 
33.003731 35.952192 22.479733 
FEnd
FBeg
  315  CE2 PHE A  43  1285  CD2 HIS B  63 aro
33.579 37.252 24.705 31.408 34.568 24.064  3.22
33.003731 35.952192 22.479733 
34.065077 34.834964 23.563133 
32.883135 35.403027 25.187648 
32.334825 36.432985 22.732068 
32.398257 36.433759 22.513989 
32.675555 36.218058 22.477996 
FEnd
FBeg
  315  CE2 PHE A  43  1287  NE2 HIS B  63 aro
33.579 37.252 24.705 30.468 35.530 23.794  0.02
32.334825 36.432985 22.732068 
32.291998 36.624420 22.516462 
32.398257 36.433759 22.513989 
FEnd
FBeg
  313  CD2 PHE A  43  1287  NE2 HIS B  63 aro
32.230 37.323 25.036 30.468 35.530 23.794  4.27
32.334825 36.432985 22.732068 
32.291998 36.624420 22.516462 
32.257807 36.662742 22.509646 
31.752276 37.087390 22.613794 
31.371230 37.300221 22.847125 
29.962471 37.761824 24.179315 
30.794670 36.403397 24.959768 
31.223379 35.975051 24.969946 
FEnd
FBeg
  311   CG PHE A  43  1287  NE2 HIS B  63 aro
31.769 36.891 26.273 30.468 35.530 23.794  0.20
30.794670 36.403397 24.959768 
30.800184 35.670757 25.359103 
31.223379 35.975051 24.969946 
FEnd
FBeg
  311   CG PHE A  43  1285  CD2 HIS B  63 aro
31.769 36.891 26.273 31.408 34.568 24.064  2.33
30.800184 35.670757 25.359103 
31.223379 35.975051 24.969946 
32.767367 35.384170 25.338998 
32.744821 35.347057 25.381711 
30.976526 34.414960 26.650890 
FEnd
FBeg
  310   CB PHE A  43  1285  CD2 HIS B  63 ali
30.328 37.096 26.669 31.408 34.568 24.064  0.89
30.976526 34.414960 26.650890 
30.800184 35.670757 25.359103 
30.000578 34.983565 25.694476 
30.864901 34.379118 26.639394 
30.963499 34.387679 26.671964 
FEnd
FBeg
  538   CA TYR A  70  1285  CD2 HIS B  63 ali
29.985 32.901 28.810 31.408 34.568 24.064  0.74
30.864901 34.379118 26.639394 
30.614292 33.786349 26.356048 
31.227114 33.472494 26.429551 
31.820679 33.462300 26.603941 
31.982736 33.600458 26.701057 
30.963499 34.387679 26.671964 
FEnd
FBeg
  533    O VAL A  69  1285  CD2 HIS B  63 unk
31.941 31.363 27.734 31.408 34.568 24.064  0.10
31.820679 33.462300 26.603941 
32.779539 33.431798 26.438046 
32.726094 33.461917 26.472111 
31.982736 33.600458 26.701057 
FEnd
FBeg
  533    O VAL A  69  1282   CB HIS B  63 unk
31.941 31.363 27.734 31.339 31.953 24.146  8.90
31.820679 33.462300 26.603941 
32.779539 33.431798 26.438046 
33.890794 32.892748 26.162958 
34.018761 32.748391 26.117750 
33.779338 31.956929 26.027775 
30.604341 29.521703 26.160040 
29.777494 29.921564 26.364521 
30.400883 31.693462 26.551294 
FEnd
FBeg
  541   CB TYR A  70  1282   CB HIS B  63 ali
28.620 32.475 28.269 31.339 31.953 24.146  6.73
29.777494 29.921564 26.364521 
30.400883 31.693462 26.551294 
30.127930 33.008022 26.204857 
29.115547 32.497113 25.601904 
27.705972 30.615089 24.910607 
27.728280 30.553186 24.933156 
28.435312 29.627418 25.516631 
28.963698 29.384286 25.895869 
FEnd
FBeg
  541   CB TYR A  70  1284  ND1 HIS B  63 unk
28.620 32.475 28.269 29.483 33.598 23.452  1.46
29.115547 32.497113 25.601904 
27.705972 30.615089 24.910607 
27.024962 31.235292 24.933189 
27.943857 32.091707 25.297474 
29.116172 32.502734 25.603326 
FEnd
FBeg
  543  CD1 TYR A  70  1284  ND1 HIS B  63 aro
28.247 34.533 26.933 29.483 33.598 23.452  4.98
27.943857 32.091707 25.297474 
29.116172 32.502734 25.603326 
29.497802 34.073704 25.316867 
27.407434 33.830176 24.640051 
26.023944 32.723352 24.446109 
26.032842 32.468404 24.517748 
26.122167 32.367239 24.576637 
FEnd
FBeg
  545  CE1 TYR A  70  1284  ND1 HIS B  63 aro
27.466 35.590 26.472 29.483 33.598 23.452  0.98
27.407434 33.830176 24.640051 
26.082553 33.664312 23.864593 
25.878533 33.294992 23.971937 
25.982606 32.748582 24.401858 
26.023944 32.723352 24.446109 
FEnd
FBeg
  545  CE1 TYR A  70  1266  OD1 ASP B  61 unk
27.466 35.590 26.472 25.985 34.777 20.860  1.00
26.082553 33.664312 23.864593 
25.878533 33.294992 23.971937 
25.886197 36.112877 23.561692 
26.361169 37.002852 23.307419 
FEnd
FBeg
  545  CE1 TYR A  70  1286  CE1 HIS B  63 aro
27.466 35.590 26.472 29.343 34.922 23.408  10.28
27.407434 33.830176 24.640051 
26.082553 33.664312 23.864593 
26.361169 37.002852 23.307419 
26.580544 37.414049 23.352160 
28.273521 37.583180 24.352401 
29.273503 35.544546 25.409442 
FEnd
FBeg
  310   CB PHE A  43  1286  CE1 HIS B  63 ali
30.328 37.096 26.669 29.343 34.922 23.408  0.76
28.273521 37.583180 24.352401 
29.273503 35.544546 25.409442 
29.493260 35.371183 25.458638 
28.756216 37.490690 24.268261 
FEnd
FBeg
  310   CB PHE A  43  1241  OE1 GLU B  58 unk
30.328 37.096 26.669 29.737 38.069 22.209  0.97
28.756216 37.490690 24.268261 
28.273521 37.583180 24.352401 
27.741473 38.557263 24.635411 
27.755981 38.559203 24.633911 
29.864220 37.753882 24.178856 
FEnd
FBeg
  310   CB PHE A  43  1240   CD GLU B  58 ali
30.328 37.096 26.669 30.177 39.222 22.207  2.75
27.755981 38.559203 24.633911 
29.142596 39.351355 24.964421 
30.408359 39.345499 24.918796 
29.962471 37.761824 24.179315 
29.864220 37.753882 24.178856 
FEnd
FBeg
  317    N ASN A  44  1240   CD GLU B  58 unk
30.365 40.458 27.264 30.177 39.222 22.207  1.07
29.142596 39.351355 24.964421 
30.408359 39.345499 24.918796 
31.029593 39.812623 24.781530 
30.886106 40.267963 24.675573 
30.593467 40.429758 24.646907 
FEnd
FBeg
  317    N ASN A  44  1242  OE2 GLU B  58 hbd
30.365 40.458 27.264 29.483 40.272 22.602  2.84
30.593467 40.429758 24.646907 
29.142596 39.351355 24.964421 
28.228027 39.330652 25.138274 
27.676044 39.786644 25.224510 
27.567529 40.543619 25.214839 
30.183633 40.663515 24.715117 
FEnd
FBeg
  318   CA ASN A  44  1242  OE2 GLU B  58 unk
31.067 41.713 27.181 29.483 40.272 22.602  0.22
30.183633 40.663515 24.715117 
30.593467 40.429758 24.646907 
30.772635 40.590527 24.534334 
30.863632 41.069072 24.352259 
FEnd
FBeg
  318   CA ASN A  44  1239   CG GLU B  58 ali
31.067 41.713 27.181 31.621 39.617 21.949  6.04
30.772635 40.590527 24.534334 
30.863632 41.069072 24.352259 
32.156506 42.074427 24.086401 
34.666811 42.417537 24.214755 
34.489669 41.691957 24.486674 
34.150393 41.137109 24.673028 
33.062611 40.431645 24.840463 
31.400617 39.991103 24.840966 
30.886106 40.267963 24.675573 
FEnd
FBeg
  315  CE2 PHE A  43  1239   CG GLU B  58 ali
33.579 37.252 24.705 31.621 39.617 21.949  7.68
34.150393 41.137109 24.673028 
33.062611 40.431645 24.840463 
32.329560 37.160834 22.554486 
32.673167 37.298696 22.428674 
33.839980 38.447699 22.585703 
34.703226 39.797704 23.130886 
35.090986 40.611712 23.553925 
35.142863 40.904341 23.768182 
34.607992 41.182227 24.386643 
FEnd
FBeg
  315  CE2 PHE A  43  1209    C ALA B  54 ali
33.579 37.252 24.705 36.334 37.651 21.412  1.31
34.703226 39.797704 23.130886 
35.090986 40.611712 23.553925 
35.034921 37.630369 23.145782 
34.712793 37.072482 22.808685 
FEnd
FBeg
  315  CE2 PHE A  43  1238   CB GLU B  58 ali
33.579 37.252 24.705 32.271 39.135 20.646  0.45
32.673167 37.298696 22.428674 
33.839980 38.447699 22.585703 
33.331714 37.315626 22.224313 
32.904253 37.232249 22.323382 
FEnd
FBeg
  315  CE2 PHE A  43  1235   CA GLU B  58 ali
33.579 37.252 24.705 31.657 37.849 20.110  0.17
32.329560 37.160834 22.554486 
32.673167 37.298696 22.428674 
32.904253 37.232249 22.323382 
32.293778 36.693976 22.508797 
FEnd
FBeg
  324  ND2 ASN A  44  1239   CG GLU B  58 unk
30.775 44.568 25.260 31.621 39.617 21.949  18.08
32.156506 42.074427 24.086401 
34.666811 42.417537 24.214755 
35.083791 42.846663 23.679618 
34.299406 43.672196 22.244764 
31.401857 45.509387 18.757219 
30.404890 45.724954 18.180142 
30.985215 42.166290 23.649758 
FEnd
FBeg
  324  ND2 ASN A  44  1242  OE2 GLU B  58 hbd
30.775 44.568 25.260 29.483 40.272 22.602  92.19
30.404890 45.724954 18.180142 
30.985215 42.166290 23.649758 
24.413962 44.305443 23.386499 
20.499314 47.404986 20.279685 
19.708045 48.186467 19.401233 
16.443428 51.835064 15.091043 
25.122117 48.690355 15.955152 
27.302862 47.635472 16.600094 
30.327824 45.867284 17.987560 
FEnd
FBeg
  321   CB ASN A  44  1239   CG GLU B  58 ali
30.133 42.761 26.602 31.621 39.617 21.949  0.81
30.863632 41.069072 24.352259 
32.156506 42.074427 24.086401 
30.985215 42.166290 23.649758 
FEnd
FBeg
  321   CB ASN A  44  1242  OE2 GLU B  58 unk
30.133 42.761 26.602 29.483 40.272 22.602  14.37
27.567529 40.543619 25.214839 
30.183633 40.663515 24.715117 
30.863632 41.069072 24.352259 
30.985215 42.166290 23.649758 
24.413962 44.305443 23.386499 
25.059125 43.007462 24.089329 
FEnd
FBeg
  318   CA ASN A  44  1240   CD GLU B  58 ali
31.067 41.713 27.181 30.177 39.222 22.207  0.04
30.886106 40.267963 24.675573 
30.772635 40.590527 24.534334 
30.593467 40.429758 24.646907 
FEnd
FBeg
  317    N ASN A  44  1239   CG GLU B  58 unk
30.365 40.458 27.264 31.621 39.617 21.949  0.10
31.029593 39.812623 24.781530 
30.886106 40.267963 24.675573 
31.400617 39.991103 24.840966 
FEnd
FBeg
  310   CB PHE A  43  1242  OE2 GLU B  58 unk
30.328 37.096 26.669 29.483 40.272 22.602  0.60
27.741473 38.557263 24.635411 
27.602981 38.792645 24.848000 
28.228027 39.330652 25.138274 
29.142596 39.351355 24.964421 
27.755981 38.559203 24.633911 
FEnd
FBeg
  545  CE1 TYR A  70  1241  OE1 GLU B  58 unk
27.466 35.590 26.472 29.737 38.069 22.209  1.51
26.580544 37.414049 23.352160 
27.184591 38.547040 24.332801 
27.741473 38.557263 24.635411 
28.273521 37.583180 24.352401 
FEnd
FBeg
  543  CD1 TYR A  70  1286  CE1 HIS B  63 aro
28.247 34.533 26.933 29.343 34.922 23.408  2.07
29.497802 34.073704 25.316867 
27.407434 33.830176 24.640051 
29.273503 35.544546 25.409442 
29.493260 35.371183 25.458638 
29.818577 34.748641 25.491085 
29.770432 34.360730 25.433308 
FEnd
FBeg
  543  CD1 TYR A  70  1287  NE2 HIS B  63 aro
28.247 34.533 26.933 30.468 35.530 23.794  0.12
29.493260 35.371183 25.458638 
30.000578 34.983565 25.694476 
29.818577 34.748641 25.491085 
FEnd
FBeg
  543  CD1 TYR A  70  1283   CG HIS B  63 aro
28.247 34.533 26.933 30.809 33.349 23.853  1.82
29.116172 32.502734 25.603326 
29.497802 34.073704 25.316867 
29.770432 34.360730 25.433308 
30.614292 33.786349 26.356048 
30.106316 33.074242 26.207249 
FEnd
FBeg
  542   CG TYR A  70  1284  ND1 HIS B  63 aro
27.749 33.595 27.833 29.483 33.598 23.452  1.07
27.024962 31.235292 24.933189 
27.943857 32.091707 25.297474 
26.122167 32.367239 24.576637 
26.115406 32.179105 24.573832 
FEnd
FBeg
  541   CB TYR A  70  1283   CG HIS B  63 ali
28.620 32.475 28.269 30.809 33.349 23.853  0.05
30.127930 33.008022 26.204857 
29.115547 32.497113 25.601904 
29.116172 32.502734 25.603326 
30.106316 33.074242 26.207249 
FEnd
FBeg
  535  CG1 VAL A  69  1282   CB HIS B  63 ali
30.833 28.338 29.169 31.339 31.953 24.146  0.73
30.604341 29.521703 26.160040 
29.777494 29.921564 26.364521 
28.963698 29.384286 25.895869 
29.147412 29.246148 25.814959 
30.540351 29.403199 26.068307 
FEnd
FBeg
  535  CG1 VAL A  69  1291    O PRO B  64 unk
30.833 28.338 29.169 33.365 29.413 26.014  3.66
30.540351 29.403199 26.068307 
30.604341 29.521703 26.160040 
31.765078 29.541677 27.098378 
32.278160 29.449274 27.478660 
32.868235 28.910297 27.768571 
32.280005 28.104084 27.021795 
31.174263 27.741069 26.010708 
FEnd
FBeg
  535  CG1 VAL A  69  1290    C PRO B  64 ali
30.833 28.338 29.169 34.122 28.614 25.473  0.04
32.280005 28.104084 27.021795 
32.248827 28.050154 26.990024 
31.174103 27.736481 26.010224 
31.174263 27.741069 26.010708 
FEnd
FBeg
  535  CG1 VAL A  69  1300   CG GLU B  65 ali
30.833 28.338 29.169 32.613 25.694 28.063  13.79
32.248827 28.050154 26.990024 
33.229055 27.693636 29.419896 
30.555116 25.362899 30.688300 
29.569969 25.782459 28.099803 
29.565446 25.930380 27.738905 
30.489044 27.340693 25.853856 
31.174103 27.736481 26.010224 
FEnd
FBeg
  535  CG1 VAL A  69  1303  OE2 GLU B  65 unk
30.833 28.338 29.169 31.125 23.926 27.357  0.07
29.569969 25.782459 28.099803 
29.292452 25.552053 28.616093 
29.513774 25.896688 27.812613 
29.565446 25.930380 27.738905 
FEnd
FBeg
  535  CG1 VAL A  69  1435  NE2 HIS B  80 unk
30.833 28.338 29.169 26.938 25.244 26.769  14.37
29.292452 25.552053 28.616093 
28.302159 24.368709 31.748783 
28.213000 24.449185 31.789735 
26.940369 26.636142 31.035757 
26.016271 28.679103 29.901773 
26.905449 28.805394 28.295901 
29.513774 25.896688 27.812613 
FEnd
FBeg
  535  CG1 VAL A  69  1301   CD GLU B  65 ali
30.833 28.338 29.169 32.086 24.290 28.036  3.92
30.555116 25.362899 30.688300 
28.302159 24.368709 31.748783 
29.292452 25.552053 28.616093 
29.569969 25.782459 28.099803 
FEnd
FBeg
  536  CG2 VAL A  69  1300   CG GLU B  65 ali
31.879 28.357 31.409 32.613 25.694 28.063  4.30
33.229055 27.693636 29.419896 
30.555116 25.362899 30.688300 
31.610846 24.955942 31.243779 
33.939979 26.991659 30.134535 
FEnd
FBeg
  521   CZ PHE A  67  1300   CG GLU B  65 ali
34.662 25.666 32.314 32.613 25.694 28.063  3.86
31.610846 24.955942 31.243779 
32.335444 24.690710 30.892773 
34.190426 24.580310 29.997936 
34.148246 26.653979 30.031926 
33.939979 26.991659 30.134535 
FEnd
FBeg
  521   CZ PHE A  67  1299   CB GLU B  65 ali
34.662 25.666 32.314 34.046 25.732 27.523  1.83
34.190426 24.580310 29.997936 
34.148246 26.653979 30.031926 
34.990023 26.283493 29.918591 
35.036060 26.211322 29.911678 
35.013734 24.071154 29.885066 
FEnd
FBeg
  519  CE1 PHE A  67  1299   CB GLU B  65 ali
36.040 25.654 32.123 34.046 25.732 27.523  2.23
35.036060 26.211322 29.911678 
35.013734 24.071154 29.885066 
35.814729 23.439212 29.527136 
36.439034 23.916570 29.264608 
36.401142 24.167301 29.285285 
FEnd
FBeg
  519  CE1 PHE A  67  1297    C GLU B  65 ali
36.040 25.654 32.123 36.114 27.023 27.817  3.97
36.401142 24.167301 29.285285 
35.036060 26.211322 29.911678 
35.091201 27.253649 30.244011 
36.809939 26.253345 29.955523 
37.498895 24.807925 29.507822 
FEnd
FBeg
  519  CE1 PHE A  67  1305   CA TRP B  66 ali
36.040 25.654 32.123 38.237 27.802 28.569  1.89
36.809939 26.253345 29.955523 
36.856731 26.875953 30.360746 
38.613007 24.259738 29.865222 
38.307700 24.038462 29.542751 
37.498895 24.807925 29.507822 
FEnd
FBeg
  519  CE1 PHE A  67  1306    C TRP B  66 ali
36.040 25.654 32.123 38.848 27.947 29.969  2.37
36.856731 26.875953 30.360746 
36.674814 27.343189 30.620982 
36.729684 27.322380 30.670360 
38.484627 25.473806 30.990276 
38.661793 24.245136 29.913276 
38.613007 24.259738 29.865222 
FEnd
FBeg
  519  CE1 PHE A  67  1322   CB PHE B  67 ali
36.040 25.654 32.123 40.919 26.347 32.135  10.86
38.484627 25.473806 30.990276 
38.896643 22.518514 34.139625 
39.234614 20.135732 34.331659 
39.128888 20.906239 32.821305 
38.981068 21.971021 31.431531 
38.699913 23.976413 29.932929 
38.661793 24.245136 29.913276 
FEnd
FBeg
  517  CD1 PHE A  67  1322   CB PHE B  67 ali
36.839 26.538 32.848 40.919 26.347 32.135  8.12
38.484627 25.473806 30.990276 
38.896643 22.518514 34.139625 
39.025025 26.872599 33.707889 
38.940673 27.418885 33.078857 
38.674668 26.734701 31.739979 
FEnd
FBeg
  517  CD1 PHE A  67  1319   CA PHE B  67 ali
36.839 26.538 32.848 40.750 27.716 31.469  0.72
38.940673 27.418885 33.078857 
38.674668 26.734701 31.739979 
38.563996 27.383351 31.980204 
38.584122 27.954536 32.525213 
FEnd
FBeg
  517  CD1 PHE A  67  1306    C TRP B  66 ali
36.839 26.538 32.848 38.848 27.947 29.969  2.47
36.729684 27.322380 30.670360 
38.484627 25.473806 30.990276 
38.674668 26.734701 31.739979 
38.563996 27.383351 31.980204 
FEnd
FBeg
  519  CE1 PHE A  67  1307    O TRP B  66 unk
36.040 25.654 32.123 38.178 28.361 30.888  0.01
36.674814 27.343189 30.620982 
36.511863 27.503295 30.689822 
36.729684 27.322380 30.670360 
FEnd
FBeg
  519  CE1 PHE A  67  1298    O GLU B  65 unk
36.040 25.654 32.123 36.733 26.161 27.245  1.29
36.439034 23.916570 29.264608 
36.401142 24.167301 29.285285 
37.498895 24.807925 29.507822 
38.307700 24.038462 29.542751 
38.297171 23.774033 29.513772 
37.046091 23.753539 29.333905 
FEnd
FBeg
  519  CE1 PHE A  67  1302  OE1 GLU B  65 unk
36.040 25.654 32.123 32.820 23.474 28.766  3.51
35.013734 24.071154 29.885066 
35.814729 23.439212 29.527136 
35.910074 22.763772 29.874306 
35.745879 20.330730 31.611791 
35.278078 20.387472 32.023653 
FEnd
FBeg
  521   CZ PHE A  67  1297    C GLU B  65 ali
34.662 25.666 32.314 36.114 27.023 27.817  0.08
34.990023 26.283493 29.918591 
34.994370 27.328637 30.235374 
35.091201 27.253649 30.244011 
35.036060 26.211322 29.911678 
FEnd
FBeg
  521   CZ PHE A  67  1302  OE1 GLU B  65 unk
34.662 25.666 32.314 32.820 23.474 28.766  24.58
32.335444 24.690710 30.892773 
34.190426 24.580310 29.997936 
35.013734 24.071154 29.885066 
35.278078 20.387472 32.023653 
29.226670 21.433056 34.519362 
30.264000 23.958757 32.420406 
30.615186 24.208702 32.083663 
FEnd
FBeg
  521   CZ PHE A  67  1301   CD GLU B  65 aro
34.662 25.666 32.314 32.086 24.290 28.036  0.49
31.610846 24.955942 31.243779 
32.335444 24.690710 30.892773 
30.615186 24.208702 32.083663 
FEnd
FBeg
  535  CG1 VAL A  69  1296   CA GLU B  65 ali
30.833 28.338 29.169 34.656 27.140 27.451  1.61
32.868235 28.910297 27.768571 
33.304055 27.986759 29.382388 
33.229055 27.693636 29.419896 
32.248827 28.050154 26.990024 
32.280005 28.104084 27.021795 
FEnd
FBeg
  532    C VAL A  69  1291    O PRO B  64 unk
31.527 31.138 28.913 33.365 29.413 26.014  0.21
31.765078 29.541677 27.098378 
32.278160 29.449274 27.478660 
32.895903 29.948705 27.573139 
FEnd
FBeg
  535  CG1 VAL A  69  1281    O HIS B  63 unk
30.833 28.338 29.169 31.786 28.895 23.584  2.17
29.147412 29.246148 25.814959 
30.540351 29.403199 26.068307 
31.174263 27.741069 26.010708 
31.174103 27.736481 26.010224 
30.489044 27.340693 25.853856 
FEnd
FBeg
  535  CG1 VAL A  69  1434  CE1 HIS B  80 ali
30.833 28.338 29.169 27.449 25.884 25.675  9.28
28.963698 29.384286 25.895869 
29.147412 29.246148 25.814959 
30.489044 27.340693 25.853856 
29.565446 25.930380 27.738905 
29.513774 25.896688 27.812613 
26.905449 28.805394 28.295901 
FEnd
FBeg
  533    O VAL A  69  1294   CD PRO B  64 unk
31.941 31.363 27.734 34.683 31.046 23.226  0.27
34.018761 32.748391 26.117750 
34.390716 32.083215 26.390767 
33.779338 31.956929 26.027775 
FEnd
FBeg
  314  CE1 PHE A  43  1282   CB HIS B  63 ali
34.008 36.112 26.778 31.339 31.953 24.146  0.68
32.779539 33.431798 26.438046 
33.890794 32.892748 26.162958 
34.035908 32.855810 26.074173 
33.970717 33.365761 25.334471 
FEnd
FBeg
  538   CA TYR A  70  1282   CB HIS B  63 ali
29.985 32.901 28.810 31.339 31.953 24.146  1.40
31.227114 33.472494 26.429551 
31.820679 33.462300 26.603941 
30.400883 31.693462 26.551294 
30.127930 33.008022 26.204857 
FEnd
FBeg
  538   CA TYR A  70  1283   CG HIS B  63 ali
29.985 32.901 28.810 30.809 33.349 23.853  0.35
30.614292 33.786349 26.356048 
31.227114 33.472494 26.429551 
30.127930 33.008022 26.204857 
30.106316 33.074242 26.207249 
FEnd
FBeg
  543  CD1 TYR A  70  1285  CD2 HIS B  63 aro
28.247 34.533 26.933 31.408 34.568 24.064  1.03
30.000578 34.983565 25.694476 
29.818577 34.748641 25.491085 
29.770432 34.360730 25.433308 
30.614292 33.786349 26.356048 
30.864901 34.379118 26.639394 
FEnd
FBeg
  312  CD1 PHE A  43  1285  CD2 HIS B  63 aro
32.690 36.342 27.153 31.408 34.568 24.064  2.34
32.744821 35.347057 25.381711 
30.976526 34.414960 26.650890 
30.963499 34.387679 26.671964 
31.982736 33.600458 26.701057 
32.726094 33.461917 26.472111 
FEnd
FBeg
  314  CE1 PHE A  43  1285  CD2 HIS B  63 aro
34.008 36.112 26.778 31.408 34.568 24.064  2.52
32.767367 35.384170 25.338998 
32.744821 35.347057 25.381711 
32.726094 33.461917 26.472111 
32.779539 33.431798 26.438046 
33.970717 33.365761 25.334471 
34.168336 33.630386 24.994608 
32.865747 35.389048 25.241976 
FEnd
FBeg
  310   CB PHE A  43  1287  NE2 HIS B  63 unk
30.328 37.096 26.669 30.468 35.530 23.794  4.00
29.962471 37.761824 24.179315 
29.864220 37.753882 24.178856 
28.756216 37.490690 24.268261 
29.493260 35.371183 25.458638 
30.000578 34.983565 25.694476 
30.800184 35.670757 25.359103 
30.794670 36.403397 24.959768 
FEnd
FBeg
  313  CD2 PHE A  43  1240   CD GLU B  58 aro
32.230 37.323 25.036 30.177 39.222 22.207  2.92
31.371230 37.300221 22.847125 
29.962471 37.761824 24.179315 
30.408359 39.345499 24.918796 
31.029593 39.812623 24.781530 
FEnd
FBeg
  313  CD2 PHE A  43  1239   CG GLU B  58 ali
32.230 37.323 25.036 31.621 39.617 21.949  5.58
31.752276 37.087390 22.613794 
31.371230 37.300221 22.847125 
31.029593 39.812623 24.781530 
31.400617 39.991103 24.840966 
33.062611 40.431645 24.840463 
32.329560 37.160834 22.554486 
FEnd
FBeg
  313  CD2 PHE A  43  1235   CA GLU B  58 ali
32.230 37.323 25.036 31.657 37.849 20.110  0.15
32.257807 36.662742 22.509646 
31.752276 37.087390 22.613794 
32.329560 37.160834 22.554486 
32.293778 36.693976 22.508797 
FEnd
FBeg
  313  CD2 PHE A  43  1234    N GLU B  58 unk
32.230 37.323 25.036 32.597 36.765 20.058  0.00
32.291998 36.624420 22.516462 
32.257807 36.662742 22.509646 
32.293778 36.693976 22.508797 
FEnd
FBeg
  313  CD2 PHE A  43  1285  CD2 HIS B  63 aro
32.230 37.323 25.036 31.408 34.568 24.064  2.33
32.883135 35.403027 25.187648 
32.334825 36.432985 22.732068 
31.223379 35.975051 24.969946 
32.767367 35.384170 25.338998 
32.865747 35.389048 25.241976 
FEnd
FBeg
  315  CE2 PHE A  43  1231    C ALA B  57 ali
33.579 37.252 24.705 32.191 35.508 20.007  0.05
33.205167 36.050828 22.383604 
33.003731 35.952192 22.479733 
32.675555 36.218058 22.477996 
FEnd
FBeg
  315  CE2 PHE A  43  1234    N GLU B  58 unk
33.579 37.252 24.705 32.597 36.765 20.058  1.18
33.722170 36.175947 22.261239 
33.205167 36.050828 22.383604 
32.675555 36.218058 22.477996 
32.398257 36.433759 22.513989 
32.291998 36.624420 22.516462 
32.293778 36.693976 22.508797 
32.904253 37.232249 22.323382 
33.331714 37.315626 22.224313 
FEnd
FBeg
  315  CE2 PHE A  43  1210    O ALA B  54 unk
33.579 37.252 24.705 35.092 37.660 21.299  3.46
34.308892 35.936192 22.493151 
33.722170 36.175947 22.261239 
33.331714 37.315626 22.224313 
33.839980 38.447699 22.585703 
34.703226 39.797704 23.130886 
34.712793 37.072482 22.808685 
FEnd
FBeg
  315  CE2 PHE A  43  1208   CA ALA B  54 ali
33.579 37.252 24.705 37.010 36.680 22.373  1.85
34.671784 35.199945 23.207652 
34.308892 35.936192 22.493151 
34.712793 37.072482 22.808685 
35.034921 37.630369 23.145782 
35.186474 36.518756 23.641417 
FEnd
FBeg
  316   CZ PHE A  43  1285  CD2 HIS B  63 aro
34.466 36.621 25.571 31.408 34.568 24.064  2.25
34.168336 33.630386 24.994608 
32.865747 35.389048 25.241976 
32.883135 35.403027 25.187648 
34.065077 34.834964 23.563133 
34.370095 34.052102 24.010691 
FEnd
FBeg
  314  CE1 PHE A  43  1294   CD PRO B  64 ali
34.008 36.112 26.778 34.683 31.046 23.226  1.00
34.980005 33.547188 25.267513 
34.168336 33.630386 24.994608 
33.970717 33.365761 25.334471 
34.035908 32.855810 26.074173 
34.762442 32.986509 26.025830 
FEnd
FBeg
  314  CE1 PHE A  43  1315  CZ2 TRP B  66 aro
34.008 36.112 26.778 38.042 33.347 25.891  3.44
36.565531 35.414746 26.656708 
34.980005 33.547188 25.267513 
34.762442 32.986509 26.025830 
36.487080 34.895680 27.917976 
FEnd
FBeg
  316   CZ PHE A  43  1208   CA ALA B  54 ali
34.466 36.621 25.571 37.010 36.680 22.373  2.19
35.186474 36.518756 23.641417 
36.101798 34.681378 24.335656 
35.628802 34.126977 23.949162 
35.335123 34.213144 23.717130 
34.671784 35.199945 23.207652 
FEnd
FBeg
  315  CE2 PHE A  43  1211   CB ALA B  54 ali
33.579 37.252 24.705 37.264 37.317 23.724  4.80
35.142863 40.904341 23.768182 
35.090986 40.611712 23.553925 
35.034921 37.630369 23.145782 
35.186474 36.518756 23.641417 
35.539206 39.064552 25.135093 
35.480912 39.477145 24.943455 
FEnd
FBeg
  347  CD1 PHE A  47  1211   CB ALA B  54 ali
37.372 37.737 27.656 37.264 37.317 23.724  1.78
37.583047 38.355552 25.684159 
37.582526 38.355926 25.684133 
37.555713 38.358534 25.684591 
36.272536 37.820694 25.777286 
36.924669 35.741018 25.981516 
37.099289 35.770879 25.973530 
FEnd
FBeg
  349  CE1 PHE A  47  1211   CB ALA B  54 ali
38.660 37.446 27.210 37.264 37.317 23.724  3.88
37.635359 38.344210 25.663630 
37.583047 38.355552 25.684159 
37.099289 35.770879 25.973530 
38.430335 35.741369 25.441593 
38.988226 35.910287 25.211930 
39.346247 36.765077 25.036925 
FEnd
FBeg
  349  CE1 PHE A  47  1177    O MET B  50 unk
38.660 37.446 27.210 40.439 35.988 23.728  0.87
38.988226 35.910287 25.211930 
39.346247 36.765077 25.036925 
39.898249 36.549255 25.409321 
39.958933 35.601828 25.837036 
FEnd
FBeg
  349  CE1 PHE A  47  1317  CH2 TRP B  66 aro
38.660 37.446 27.210 38.906 33.399 24.831  1.08
38.430335 35.741369 25.441593 
38.988226 35.910287 25.211930 
39.958933 35.601828 25.837036 
39.999927 35.577118 25.883311 
39.956686 35.120701 26.655265 
FEnd
FBeg
  350  CE2 PHE A  47  1187  OG1 THR B  51 unk
38.882 39.757 26.499 42.817 39.960 24.443  1.49
41.194681 39.847876 25.608806 
41.101601 40.694230 25.514224 
41.297713 41.856558 26.004328 
41.574934 41.226594 26.472706 
41.627772 40.153843 26.467915 
FEnd
FBeg
  350  CE2 PHE A  47  1183   CA THR B  51 ali
38.882 39.757 26.499 41.438 38.434 23.152  1.33
39.217562 38.824966 24.318387 
40.799714 39.623628 25.210933 
40.383922 39.881098 24.791634 
38.919568 39.654136 23.763065 
FEnd
FBeg
  351   CZ PHE A  47  1211   CB ALA B  54 ali
39.423 38.483 26.680 37.264 37.317 23.724  2.59
39.625329 37.430404 24.570650 
39.346247 36.765077 25.036925 
37.635359 38.344210 25.663630 
39.217562 38.824966 24.318387 
FEnd
FBeg
  351   CZ PHE A  47  1177    O MET B  50 unk
39.423 38.483 26.680 40.439 35.988 23.728  0.43
39.898249 36.549255 25.409321 
39.346247 36.765077 25.036925 
39.625329 37.430404 24.570650 
39.884165 37.359734 24.719465 
FEnd
FBeg
  349  CE1 PHE A  47  1176    C MET B  50 ali
38.660 37.446 27.210 41.638 36.128 23.868  0.48
40.586993 36.388554 26.086425 
39.898249 36.549255 25.409321 
39.958933 35.601828 25.837036 
39.999927 35.577118 25.883311 
FEnd
FBeg
  351   CZ PHE A  47  1182    N THR B  51 unk
39.423 38.483 26.680 42.221 37.284 23.575  0.54
42.253558 37.937610 26.286621 
42.206273 37.802698 26.296108 
41.949723 37.604612 26.141415 
41.369809 37.750360 25.562558 
42.064884 38.366490 25.950989 
42.342690 38.202930 26.264487 
FEnd
FBeg
  351   CZ PHE A  47  1154  CD1 PHE B  47 aro
39.423 38.483 26.680 43.675 37.225 28.723  0.00
42.342328 38.232248 26.283295 
42.253558 37.937610 26.286621 
42.342690 38.202930 26.264487 
FEnd
FBeg
  351   CZ PHE A  47  1187  OG1 THR B  51 unk
39.423 38.483 26.680 42.817 39.960 24.443  1.61
42.311126 38.505640 26.416465 
42.342328 38.232248 26.283295 
42.342690 38.202930 26.264487 
42.064884 38.366490 25.950989 
41.448656 39.231275 25.587023 
41.194681 39.847876 25.608806 
41.627772 40.153843 26.467915 
42.276603 38.609743 26.432821 
FEnd
FBeg
  351   CZ PHE A  47  1157  CE2 PHE B  47 aro
39.423 38.483 26.680 43.034 39.951 28.851  0.85
41.627772 40.153843 26.467915 
41.128805 40.068104 27.355817 
42.276603 38.609743 26.432821 
FEnd
FBeg
  349  CE1 PHE A  47  1178   CB MET B  50 ali
38.660 37.446 27.210 42.690 34.857 25.905  2.56
40.789900 35.814966 27.850975 
40.400045 35.336367 27.596550 
39.979865 35.047339 26.872388 
39.956686 35.120701 26.655265 
39.999927 35.577118 25.883311 
40.586993 36.388554 26.086425 
41.087449 36.597919 27.216537 
FEnd
FBeg
  349  CE1 PHE A  47  1179   CG MET B  50 ali
38.660 37.446 27.210 42.406 33.511 26.607  0.27
40.400045 35.336367 27.596550 
40.071032 35.016026 27.643079 
39.884849 34.861623 27.494050 
39.979865 35.047339 26.872388 
FEnd
FBeg
  349  CE1 PHE A  47  1180   SD MET B  50 unk
38.660 37.446 27.210 42.546 33.632 28.430  0.71
40.324805 35.630528 28.755822 
40.207833 35.492977 28.698392 
40.071032 35.016026 27.643079 
40.400045 35.336367 27.596550 
40.789900 35.814966 27.850975 
FEnd
FBeg
  351   CZ PHE A  47  1158   CZ PHE B  47 aro
39.423 38.483 26.680 42.132 38.974 29.273  5.74
41.128805 40.068104 27.355817 
42.276603 38.609743 26.432821 
42.311126 38.505640 26.416465 
40.281311 37.922419 28.647523 
39.439862 38.896556 29.342156 
39.308950 39.578594 29.349777 
FEnd
FBeg
  375    N THR A  51  1158   CZ PHE B  47 unk
39.712 41.352 31.717 42.132 38.974 29.273  0.52
39.683079 40.166745 29.404351 
39.460132 40.043207 29.303796 
39.311950 39.788013 29.405372 
39.894297 39.672256 30.094631 
40.381653 39.968835 30.288632 
FEnd
FBeg
  350  CE2 PHE A  47  1157  CE2 PHE B  47 aro
38.882 39.757 26.499 43.034 39.951 28.851  1.05
41.574934 41.226594 26.472706 
41.627772 40.153843 26.467915 
41.128805 40.068104 27.355817 
40.868108 40.492450 27.781025 
FEnd
FBeg
  380  OG1 THR A  51  1187  OG1 THR B  51 hbd
40.570 42.195 28.779 42.817 39.960 24.443  2.30
43.423650 43.253769 26.385835 
41.574934 41.226594 26.472706 
41.297713 41.856558 26.004328 
42.724149 43.732108 25.776780 
FEnd
FBeg
  379   CB THR A  51  1157  CE2 PHE B  47 ali
40.272 42.987 29.893 43.034 39.951 28.851  0.55
42.699669 42.256123 29.513597 
42.502691 42.320139 28.804955 
41.527129 41.264638 29.294398 
FEnd
FBeg
  381  CG2 THR A  51  1157  CE2 PHE B  47 ali
41.106 44.247 29.775 43.034 39.951 28.851  6.02
44.150897 42.834693 29.851729 
44.626300 43.475291 27.865325 
44.211284 43.615432 26.347800 
43.423650 43.253769 26.385835 
42.502691 42.320139 28.804955 
42.699669 42.256123 29.513597 
43.464679 42.478107 30.077770 
FEnd
FBeg
  404   CB ALA A  54  1155  CD2 PHE B  47 ali
44.342 39.718 32.409 44.304 39.543 28.466  5.08
43.896282 38.822681 30.387775 
44.874929 42.011404 30.236820 
45.447838 41.878880 30.237180 
46.532159 41.179917 30.257752 
45.608140 39.036174 30.361802 
43.946807 38.640586 30.395370 
FEnd
FBeg
  404   CB ALA A  54  1157  CE2 PHE B  47 ali
44.342 39.718 32.409 43.034 39.951 28.851  4.38
42.434560 40.450338 31.031726 
43.387398 41.706180 30.763682 
44.172581 42.117591 30.501973 
44.874929 42.011404 30.236820 
43.896282 38.822681 30.387775 
FEnd
FBeg
  376   CA THR A  51  1158   CZ PHE B  47 ali
40.705 42.203 31.123 42.132 38.974 29.273  2.96
42.218734 40.239104 31.233936 
42.434560 40.450338 31.031726 
41.171796 40.875167 29.316192 
39.683079 40.166745 29.404351 
40.381653 39.968835 30.288632 
41.790750 40.096623 31.152498 
FEnd
FBeg
  370    O MET A  50  1158   CZ PHE B  47 unk
41.177 39.893 32.684 42.132 38.974 29.273  1.65
42.151688 38.187366 31.767949 
42.218734 40.239104 31.233936 
41.790750 40.096623 31.152498 
41.180097 38.543247 31.400044 
41.499766 37.954337 31.648210 
41.638506 37.980693 31.679953 
FEnd
FBeg
  404   CB ALA A  54  1154  CD1 PHE B  47 ali
44.342 39.718 32.409 43.675 37.225 28.723  0.67
43.832916 37.097336 31.431235 
43.919789 38.543429 30.437460 
43.931502 38.557400 30.425891 
44.635444 37.961063 30.701837 
FEnd
FBeg
  404   CB ALA A  54  1123   CZ PHE B  43 ali
44.342 39.718 32.409 46.467 37.410 32.014  8.37
43.817019 37.079039 31.452625 
43.832916 37.097336 31.431235 
44.635444 37.961063 30.701837 
45.536687 38.836951 30.432453 
46.334139 39.067914 33.373017 
45.029117 37.636402 34.716705 
FEnd
FBeg
  508  CZ2 TRP A  66  1158   CZ PHE B  47 aro
42.398 36.432 33.692 42.132 38.974 29.273  0.04
41.638506 37.980693 31.679953 
42.151688 38.187366 31.767949 
42.254808 38.105564 31.714686 
FEnd
FBeg
  370    O MET A  50  1156  CE1 PHE B  47 unk
41.177 39.893 32.684 42.414 37.610 29.173  0.00
41.509783 37.931406 31.666649 
41.638506 37.980693 31.679953 
41.499766 37.954337 31.648210 
FEnd
FBeg
  371   CB MET A  50  1156  CE1 PHE B  47 ali
38.754 38.295 32.013 42.414 37.610 29.173  1.80
41.187320 37.105649 31.450251 
41.509783 37.931406 31.666649 
41.499766 37.954337 31.648210 
39.824195 37.762846 29.535034 
39.795787 37.186033 29.637550 
FEnd
FBeg
  374   CE MET A  50  1156  CE1 PHE B  47 ali
39.202 35.181 31.531 42.414 37.610 29.173  5.17
42.222087 35.278503 30.977620 
41.187320 37.105649 31.450251 
39.795787 37.186033 29.637550 
40.324805 35.630528 28.755822 
FEnd
FBeg
  508  CZ2 TRP A  66  1180   SD MET B  50 unk
42.398 36.432 33.692 42.546 33.632 28.430  0.09
43.455194 35.198359 31.054948 
42.223392 35.236458 31.000030 
42.222087 35.278503 30.977620 
43.128062 35.306599 30.988151 
FEnd
FBeg
  505  NE1 TRP A  66  1180   SD MET B  50 hbd
42.329 33.969 33.531 42.546 33.632 28.430  1.62
43.455194 35.198359 31.054948 
42.223392 35.236458 31.000030 
41.934702 34.546573 31.033326 
42.580979 33.691497 31.117310 
42.982418 33.877224 31.122118 
43.146009 34.100819 31.114305 
43.542191 35.170572 31.060485 
FEnd
FBeg
  505  NE1 TRP A  66  1334   CG ASN B  68 aro
42.329 33.969 33.531 44.852 32.049 31.411  0.39
42.982418 33.877224 31.122118 
43.146009 34.100819 31.114305 
43.625445 32.318364 33.299179 
43.605527 32.317680 33.276093 
FEnd
FBeg
  505  NE1 TRP A  66  1154  CD1 PHE B  47 aro
42.329 33.969 33.531 43.675 37.225 28.723  0.00
43.562982 35.193579 31.081886 
43.455194 35.198359 31.054948 
43.542191 35.170572 31.060485 
FEnd
FBeg
  508  CZ2 TRP A  66  1123   CZ PHE B  43 aro
42.398 36.432 33.692 46.467 37.410 32.014  3.43
45.162320 36.617047 34.445594 
44.003859 36.111268 31.341642 
43.821513 37.045261 31.443836 
43.817019 37.079039 31.452625 
45.029117 37.636402 34.716705 
45.055463 37.623634 34.773151 
FEnd
FBeg
  487   CD PRO A  64  1123   CZ PHE B  43 ali
45.474 35.603 37.243 46.467 37.410 32.014  0.75
46.483098 36.929465 34.804376 
45.162320 36.617047 34.445594 
45.055463 37.623634 34.773151 
45.081019 37.634292 34.781687 
FEnd
FBeg
  426   CB ALA A  57  1121  CE1 PHE B  43 ali
47.200 39.021 36.763 46.758 36.050 32.127  0.04
46.773840 36.791199 34.865265 
46.863759 37.003934 34.720360 
46.483098 36.929465 34.804376 
FEnd
FBeg
  478  CD2 HIS A  63  1121  CE1 PHE B  43 aro
49.609 36.776 34.962 46.758 36.050 32.127  1.82
46.887585 36.375035 34.857451 
47.673403 35.502864 34.290548 
48.104581 37.162383 33.431959 
46.863759 37.003934 34.720360 
46.773840 36.791199 34.865265 
FEnd
FBeg
  475   CB HIS A  63  1121  CE1 PHE B  43 ali
48.735 34.957 36.549 46.758 36.050 32.127  1.91
46.370808 34.117583 34.530512 
47.146580 34.040471 34.164617 
47.673403 35.502864 34.290548 
46.887585 36.375035 34.857451 
FEnd
FBeg
  487   CD PRO A  64  1340    O VAL B  69 unk
45.474 35.603 37.243 47.410 31.582 34.451  0.04
46.076455 34.032328 34.449187 
46.370808 34.117583 34.530512 
46.389576 33.969993 34.756082 
FEnd
FBeg
  487   CD PRO A  64  1335  OD1 ASN B  68 unk
45.474 35.603 37.243 44.778 32.995 32.199  0.38
45.009462 34.024626 34.596144 
46.064319 34.033099 34.446208 
45.079083 34.667125 34.254333 
FEnd
FBeg
  505  NE1 TRP A  66  1335  OD1 ASN B  68 hbd
42.329 33.969 33.531 44.778 32.995 32.199  8.36
44.449243 32.716331 34.522797 
45.009462 34.024626 34.596144 
45.079083 34.667125 34.254333 
44.417226 35.060626 32.749709 
43.562982 35.193579 31.081886 
43.542191 35.170572 31.060485 
43.146009 34.100819 31.114305 
43.625445 32.318364 33.299179 
44.096072 32.468806 34.054459 
FEnd
FBeg
  489   CA GLU A  65  1332    O ASN B  68 unk
43.493 30.486 37.871 44.284 30.436 33.924  3.61
43.711827 31.833150 35.483310 
43.076335 29.123906 35.390275 
44.428488 28.912632 35.663930 
45.124424 30.645101 35.781453 
FEnd
FBeg
  489   CA GLU A  65  1338   CA VAL B  69 ali
43.493 30.486 37.871 46.762 29.430 34.080  1.33
44.428488 28.912632 35.663930 
45.124424 30.645101 35.781453 
45.721724 30.417585 36.359883 
45.326756 29.499232 36.275111 
44.822495 28.974618 35.986418 
44.459062 28.894952 35.695219 
FEnd
FBeg
  489   CA GLU A  65  1343  CG2 VAL B  69 ali
43.493 30.486 37.871 46.579 27.125 34.939  0.05
44.822495 28.974618 35.986418 
44.556178 28.754684 35.958228 
44.459062 28.894952 35.695219 
FEnd
FBeg
  505  NE1 TRP A  66  1332    O ASN B  68 hbd
42.329 33.969 33.531 44.284 30.436 33.924  0.05
44.096072 32.468806 34.054459 
44.330434 32.660649 34.613247 
44.449243 32.716331 34.522797 
FEnd
FBeg
  503  CD1 TRP A  66  1335  OD1 ASN B  68 unk
41.637 32.991 34.157 44.778 32.995 32.199  0.09
43.750456 32.161363 33.499399 
43.625445 32.318364 33.299179 
44.096072 32.468806 34.054459 
FEnd
FBeg
  503  CD1 TRP A  66  1334   CG ASN B  68 aro
41.637 32.991 34.157 44.852 32.049 31.411  0.01
43.605527 32.317680 33.276093 
43.625445 32.318364 33.299179 
43.750456 32.161363 33.499399 
43.705301 32.118048 33.461390 
FEnd
FBeg
  505  NE1 TRP A  66  1333   CB ASN B  68 unk
42.329 33.969 33.531 43.641 31.195 31.143  2.55
41.558132 32.735600 31.665753 
43.605527 32.317680 33.276093 
42.982418 33.877224 31.122118 
42.580979 33.691497 31.117310 
FEnd
FBeg
  503  CD1 TRP A  66  1329    N ASN B  68 unk
41.637 32.991 34.157 42.494 29.313 32.050  2.42
39.999268 31.261620 31.909625 
40.668866 31.460947 31.834031 
42.274569 31.100404 33.116501 
42.493604 30.845464 33.650616 
42.197020 30.493111 34.145055 
42.152967 30.486708 34.138314 
41.110579 30.788972 33.186700 
40.031630 31.211104 32.010969 
FEnd
FBeg
  499    C TRP A  66  1329    N ASN B  68 unk
39.604 30.424 35.101 42.494 29.313 32.050  0.53
41.110579 30.788972 33.186700 
40.031630 31.211104 32.010969 
40.071412 30.503359 32.306373 
FEnd
FBeg
  497    N TRP A  66  1329    N ASN B  68 hbd
41.580 30.984 36.436 42.494 29.313 32.050  0.01
42.197020 30.493111 34.145055 
42.152967 30.486708 34.138314 
42.239269 30.267881 34.239669 
FEnd
FBeg
  505  NE1 TRP A  66  1181   CE MET B  50 unk
42.329 33.969 33.531 41.163 32.648 29.054  1.45
41.934702 34.546573 31.033326 
40.977617 33.162501 31.690981 
41.558132 32.735600 31.665753 
42.580979 33.691497 31.117310 
FEnd
FBeg
  374   CE MET A  50  1180   SD MET B  50 unk
39.202 35.181 31.531 42.546 33.632 28.430  1.44
40.207833 35.492977 28.698392 
40.324805 35.630528 28.755822 
42.222087 35.278503 30.977620 
42.223392 35.236458 31.000030 
41.934702 34.546573 31.033326 
FEnd
FBeg
  349  CE1 PHE A  47  1181   CE MET B  50 ali
38.660 37.446 27.210 41.163 32.648 29.054  1.01
38.878879 34.705020 28.452053 
40.207833 35.492977 28.698392 
40.071032 35.016026 27.643079 
39.884849 34.861623 27.494050 
FEnd
FBeg
  349  CE1 PHE A  47  1315  CZ2 TRP B  66 aro
38.660 37.446 27.210 38.042 33.347 25.891  6.25
37.712615 34.932417 28.291819 
38.711802 34.720804 28.481284 
38.878879 34.705020 28.452053 
39.884849 34.861623 27.494050 
39.979865 35.047339 26.872388 
39.956686 35.120701 26.655265 
38.430335 35.741369 25.441593 
37.099289 35.770879 25.973530 
FEnd
FBeg
  347  CD1 PHE A  47  1315  CZ2 TRP B  66 aro
37.372 37.737 27.656 38.042 33.347 25.891  2.00
36.811815 34.800210 28.278704 
37.712615 34.932417 28.291819 
37.099289 35.770879 25.973530 
36.924669 35.741018 25.981516 
36.565531 35.414746 26.656708 
36.487080 34.895680 27.917976 
FEnd
FBeg
  528  OD1 ASN A  68  1315  CZ2 TRP B  66 unk
34.645 33.377 28.957 38.042 33.347 25.891  1.12
36.857109 34.703485 28.329834 
36.811815 34.800210 28.278704 
36.487080 34.895680 27.917976 
34.762442 32.986509 26.025830 
34.806476 32.864337 26.075814 
34.966656 32.957551 26.252374 
FEnd
FBeg
  528  OD1 ASN A  68  1313  CE2 TRP B  66 unk
34.645 33.377 28.957 37.962 32.151 26.595  0.01
34.806476 32.864337 26.075814 
34.966656 32.957551 26.252374 
34.798248 32.761946 26.117405 
FEnd
FBeg
  374   CE MET A  50  1312  NE1 TRP B  66 unk
39.202 35.181 31.531 37.338 31.883 27.762  0.84
38.386979 32.569565 30.246357 
38.583527 34.282653 28.650143 
38.493462 34.329972 28.653280 
37.861678 33.504274 29.688249 
FEnd
FBeg
  526   CB ASN A  68  1181   CE MET B  50 ali
35.521 32.886 31.152 41.163 32.648 29.054  0.16
38.407259 32.330195 30.328049 
38.386979 32.569565 30.246357 
38.641552 32.038240 30.991236 
38.552017 31.876260 30.768830 
FEnd
FBeg
  526   CB ASN A  68  1310  CD1 TRP B  66 ali
35.521 32.886 31.152 37.578 30.592 28.114  2.55
35.597589 31.466905 29.077520 
38.407259 32.330195 30.328049 
38.552017 31.876260 30.768830 
36.826841 30.991670 30.268687 
36.250385 30.993974 29.876634 
FEnd
FBeg
  523   CA ASN A  68  1310  CD1 TRP B  66 ali
35.037 31.584 31.856 37.578 30.592 28.114  0.18
36.826841 30.991670 30.268687 
36.250385 30.993974 29.876634 
36.327392 30.816608 29.975945 
36.570954 30.532634 30.216616 
FEnd
FBeg
  524    C ASN A  68  1310  CD1 TRP B  66 ali
34.268 30.707 30.886 37.578 30.592 28.114  0.31
35.278933 31.305743 28.703705 
35.597589 31.466905 29.077520 
36.250385 30.993974 29.876634 
36.327392 30.816608 29.975945 
FEnd
FBeg
  528  OD1 ASN A  68  1312  NE1 TRP B  66 hbd
34.645 33.377 28.957 37.338 31.883 27.762  8.05
34.559897 31.044008 27.728048 
35.072930 31.339992 28.514156 
35.401851 31.596966 28.934126 
35.888898 32.473528 28.935830 
36.849773 34.389297 28.706103 
36.857109 34.703485 28.329834 
34.966656 32.957551 26.252374 
34.798248 32.761946 26.117405 
34.520567 32.022230 26.416432 
34.552939 31.122345 27.614431 
FEnd
FBeg
  528  OD1 ASN A  68  1291    O PRO B  64 hbd
34.645 33.377 28.957 33.365 29.413 26.014  0.10
34.520567 32.022230 26.416432 
34.552939 31.122345 27.614431 
34.390716 32.083215 26.390767 
FEnd
FBeg
  533    O VAL A  69  1312  NE1 TRP B  66 hbd
31.941 31.363 27.734 37.338 31.883 27.762  0.00
34.560883 31.034163 27.720980 
34.559897 31.044008 27.728048 
34.552939 31.122345 27.614431 
FEnd
FBeg
  533    O VAL A  69  1291    O PRO B  64 unk
31.941 31.363 27.734 33.365 29.413 26.014  6.86
34.296545 30.719993 27.858315 
34.560883 31.034163 27.720980 
34.552939 31.122345 27.614431 
34.390716 32.083215 26.390767 
33.779338 31.956929 26.027775 
30.604341 29.521703 26.160040 
31.765078 29.541677 27.098378 
32.895903 29.948705 27.573139 
FEnd
FBeg
  531   CA VAL A  69  1291    O PRO B  64 unk
32.167 30.168 29.856 33.365 29.413 26.014  1.70
34.209412 29.823041 28.007407 
34.296545 30.719993 27.858315 
32.895903 29.948705 27.573139 
32.278160 29.449274 27.478660 
32.868235 28.910297 27.768571 
FEnd
FBeg
  531   CA VAL A  69  1296   CA GLU B  65 ali
32.167 30.168 29.856 34.656 27.140 27.451  2.45
33.913185 28.200122 29.744159 
34.209412 29.823041 28.007407 
32.868235 28.910297 27.768571 
33.304055 27.986759 29.382388 
FEnd
FBeg
  536  CG2 VAL A  69  1296   CA GLU B  65 ali
31.879 28.357 31.409 34.656 27.140 27.451  1.05
34.479501 27.612709 30.322113 
33.913185 28.200122 29.744159 
33.304055 27.986759 29.382388 
33.229055 27.693636 29.419896 
33.939979 26.991659 30.134535 
FEnd
FBeg
  521   CZ PHE A  67  1296   CA GLU B  65 ali
34.662 25.666 32.314 34.656 27.140 27.451  0.98
34.853145 27.592376 30.315489 
34.479501 27.612709 30.322113 
33.939979 26.991659 30.134535 
34.148246 26.653979 30.031926 
34.990023 26.283493 29.918591 
34.994370 27.328637 30.235374 
FEnd
FBeg
  521   CZ PHE A  67  1304    N TRP B  66 unk
34.662 25.666 32.314 36.770 27.950 28.511  0.09
35.134678 27.690143 30.530259 
34.853145 27.592376 30.315489 
34.994370 27.328637 30.235374 
35.091201 27.253649 30.244011 
FEnd
FBeg
  519  CE1 PHE A  67  1304    N TRP B  66 unk
36.040 25.654 32.123 36.770 27.950 28.511  2.00
35.769641 28.025129 30.871524 
35.134678 27.690143 30.530259 
35.091201 27.253649 30.244011 
36.809939 26.253345 29.955523 
36.856731 26.875953 30.360746 
36.674814 27.343189 30.620982 
36.511863 27.503295 30.689822 
FEnd
FBeg
  517  CD1 PHE A  67  1304    N TRP B  66 unk
36.839 26.538 32.848 36.770 27.950 28.511  0.10
35.944324 28.159590 30.912522 
35.769641 28.025129 30.871524 
36.511863 27.503295 30.689822 
FEnd
FBeg
  525    O ASN A  68  1310  CD1 TRP B  66 unk
34.856 29.949 30.110 37.578 30.592 28.114  4.44
36.851212 29.785065 30.357987 
36.777519 29.543551 30.179688 
35.176148 29.713363 28.050558 
34.881536 30.020881 27.747852 
34.863133 30.066795 27.737547 
34.640619 30.915454 27.707489 
35.278933 31.305743 28.703705 
36.327392 30.816608 29.975945 
36.570954 30.532634 30.216616 
FEnd
FBeg
  522    N ASN A  68  1310  CD1 TRP B  66 unk
36.207 30.877 32.339 37.578 30.592 28.114  2.42
38.954738 31.090051 30.952546 
36.851212 29.785065 30.357987 
36.570954 30.532634 30.216616 
36.826841 30.991670 30.268687 
38.552017 31.876260 30.768830 
FEnd
FBeg
  522    N ASN A  68  1181   CE MET B  50 unk
36.207 30.877 32.339 41.163 32.648 29.054  0.57
39.064651 31.082783 31.114452 
38.954738 31.090051 30.952546 
38.552017 31.876260 30.768830 
38.641552 32.038240 30.991236 
39.121589 31.817853 31.596642 
FEnd
FBeg
  516   CG PHE A  67  1307    O TRP B  66 unk
36.293 27.538 33.652 38.178 28.361 30.888  0.46
37.368460 28.396265 32.105571 
36.679561 28.837866 31.767243 
36.082587 28.639125 31.300941 
35.997986 28.398823 31.171693 
FEnd
FBeg
  517  CD1 PHE A  67  1307    O TRP B  66 unk
36.839 26.538 32.848 38.178 28.361 30.888  3.35
38.452540 28.011325 32.488141 
37.368460 28.396265 32.105571 
35.997986 28.398823 31.171693 
35.944324 28.159590 30.912522 
36.511863 27.503295 30.689822 
36.729684 27.322380 30.670360 
38.563996 27.383351 31.980204 
38.584122 27.954536 32.525213 
FEnd
FBeg
  515   CB PHE A  67  1307    O TRP B  66 unk
37.210 28.448 34.457 38.178 28.361 30.888  0.00
38.591269 27.984134 32.526431 
38.452540 28.011325 32.488141 
38.584122 27.954536 32.525213 
FEnd
FBeg
  512   CA PHE A  67  1329    N ASN B  68 unk
37.644 29.785 33.834 42.494 29.313 32.050  0.24
40.066963 30.448117 32.308894 
39.856260 30.933314 31.607703 
39.999268 31.261620 31.909625 
40.031630 31.211104 32.010969 
40.071412 30.503359 32.306373 
FEnd
FBeg
  500    O TRP A  66  1329    N ASN B  68 hbd
40.297 29.604 34.549 42.494 29.313 32.050  4.48
42.463651 28.960137 34.589217 
41.323811 28.595085 33.629633 
40.066963 30.448117 32.308894 
40.071412 30.503359 32.306373 
41.110579 30.788972 33.186700 
42.152967 30.486708 34.138314 
42.239269 30.267881 34.239669 
42.560954 29.045704 34.664796 
FEnd
FBeg
  500    O TRP A  66  1332    O ASN B  68 unk
40.297 29.604 34.549 44.284 30.436 33.924  0.13
42.239269 30.267881 34.239669 
42.571799 29.129776 34.845895 
42.560954 29.045704 34.664796 
FEnd
FBeg
  515   CB PHE A  67  1319   CA PHE B  67 ali
37.210 28.448 34.457 40.750 27.716 31.469  0.66
39.428831 27.724124 33.582420 
38.940673 27.418885 33.078857 
38.584122 27.954536 32.525213 
38.591269 27.984134 32.526431 
39.558042 28.181492 33.623455 
39.592503 28.084322 33.688087 
FEnd
FBeg
  515   CB PHE A  67  1322   CB PHE B  67 ali
37.210 28.448 34.457 40.919 26.347 32.135  0.31
39.025025 26.872599 33.707889 
38.940673 27.418885 33.078857 
39.428831 27.724124 33.582420 
FEnd
FBeg
  517  CD1 PHE A  67  1324  CD1 PHE B  67 aro
36.839 26.538 32.848 41.190 26.587 34.636  15.11
37.339389 23.670619 37.897542 
39.025025 26.872599 33.707889 
38.896643 22.518514 34.139625 
37.320391 20.757817 38.023599 
FEnd
FBeg
  499    C TRP A  66  1324  CD1 PHE B  67 ali
39.604 30.424 35.101 41.190 26.587 34.636  0.67
40.397302 28.385223 35.862013 
39.372280 27.883991 36.501886 
39.537625 28.111376 35.189546 
FEnd
FBeg
  500    O TRP A  66  1326  CE1 PHE B  67 unk
40.297 29.604 34.549 41.913 26.634 35.831  1.10
42.571799 29.129776 34.845895 
42.560954 29.045704 34.664796 
42.463651 28.960137 34.589217 
40.397302 28.385223 35.862013 
41.098316 28.849092 36.053008 
FEnd
FBeg
  497    N TRP A  66  1332    O ASN B  68 hbd
41.580 30.984 36.436 44.284 30.436 33.924  3.07
42.969624 29.099761 35.280675 
42.571799 29.129776 34.845895 
42.239269 30.267881 34.239669 
42.197020 30.493111 34.145055 
43.683013 31.915028 35.434432 
43.711827 31.833150 35.483310 
43.076335 29.123906 35.390275 
FEnd
FBeg
  497    N TRP A  66  1328   CZ PHE B  67 unk
41.580 30.984 36.436 43.281 26.426 35.784  0.01
42.972677 29.068220 35.509135 
42.969624 29.099761 35.280675 
43.076335 29.123906 35.390275 
FEnd
FBeg
  490    C GLU A  65  1326  CE1 PHE B  67 ali
42.016 30.745 37.658 41.913 26.634 35.831  3.05
40.627684 27.952692 38.477784 
42.258095 28.552029 37.037276 
42.452751 28.938291 36.157159 
40.819150 28.737631 36.700770 
39.791305 28.269470 37.812142 
FEnd
FBeg
  495  OE1 GLU A  65  1326  CE1 PHE B  67 unk
44.293 26.686 39.806 41.913 26.634 35.831  16.38
42.729281 26.834566 38.309864 
41.243442 26.760990 39.200462 
40.738242 25.799939 39.515518 
39.680213 22.528969 40.191795 
39.888813 20.982466 40.087128 
40.906349 19.640430 39.495443 
41.565466 18.999625 39.109185 
FEnd
FBeg
  489   CA GLU A  65  1328   CZ PHE B  67 ali
43.493 30.486 37.871 43.281 26.426 35.784  1.78
44.556178 28.754684 35.958228 
44.459062 28.894952 35.695219 
44.428488 28.912632 35.663930 
43.076335 29.123906 35.390275 
42.972677 29.068220 35.509135 
42.916520 28.406870 36.801415 
43.664820 28.410959 36.717446 
FEnd
FBeg
  495  OE1 GLU A  65  1328   CZ PHE B  67 unk
44.293 26.686 39.806 43.281 26.426 35.784  30.81
45.785868 25.008591 37.658817 
44.553595 26.186934 37.892703 
43.012190 26.880940 38.235682 
42.729281 26.834566 38.309864 
41.565466 18.999625 39.109185 
45.106306 17.898411 38.289440 
46.371357 22.281203 37.687809 
FEnd
FBeg
  493   CG GLU A  65  1343  CG2 VAL B  69 ali
44.930 28.637 38.721 46.579 27.125 34.939  3.74
45.243891 29.005094 36.157968 
46.868748 26.695877 37.789625 
45.528636 26.006974 37.480735 
44.556178 28.754684 35.958228 
44.822495 28.974618 35.986418 
FEnd
FBeg
  493   CG GLU A  65  1338   CA VAL B  69 ali
44.930 28.637 38.721 46.762 29.430 34.080  0.11
45.326756 29.499232 36.275111 
45.243891 29.005094 36.157968 
44.822495 28.974618 35.986418 
FEnd
FBeg
  489   CA GLU A  65  1342  CG1 VAL B  69 ali
43.493 30.486 37.871 47.840 28.786 36.034  0.40
45.721724 30.417585 36.359883 
45.326756 29.499232 36.275111 
46.002880 30.383867 37.056403 
45.874353 30.463350 36.678707 
FEnd
FBeg
  484    O PRO A  64  1338   CA VAL B  69 unk
45.417 32.471 36.665 46.762 29.430 34.080  1.34
46.557600 31.012584 36.094839 
45.721724 30.417585 36.359883 
45.124424 30.645101 35.781453 
45.529502 31.516599 34.966986 
FEnd
FBeg
  484    O PRO A  64  1340    O VAL B  69 unk
45.417 32.471 36.665 47.410 31.582 34.451  6.69
48.074194 31.832387 37.130868 
46.557600 31.012584 36.094839 
45.529502 31.516599 34.966986 
45.286444 32.453151 34.372131 
46.070291 34.029197 34.444896 
46.076455 34.032328 34.449187 
46.389576 33.969993 34.756082 
FEnd
FBeg
  473    C HIS A  63  1342  CG1 VAL B  69 ali
47.364 34.523 38.576 47.840 28.786 36.034  0.03
48.271619 31.793287 37.256285 
48.074224 31.832360 37.131139 
47.970999 31.727129 37.349304 
FEnd
FBeg
  474    O HIS A  63  1342  CG1 VAL B  69 unk
47.794 33.625 39.327 47.840 28.786 36.034  7.57
49.890865 31.523465 37.675402 
48.271619 31.793287 37.256285 
47.970999 31.727129 37.349304 
47.875850 31.643834 37.470375 
47.536571 30.777166 38.739188 
48.332679 30.219071 39.570419 
49.785467 29.917825 40.033387 
51.129969 30.841106 38.695426 
51.140287 30.859005 38.669267 
FEnd
FBeg
  475   CB HIS A  63  1340    O VAL B  69 unk
48.735 34.957 36.549 47.410 31.582 34.451  5.81
48.944487 32.340539 35.763779 
49.059936 31.727263 36.677429 
48.074194 31.832387 37.130868 
46.389576 33.969993 34.756082 
46.370808 34.117583 34.530512 
47.146580 34.040471 34.164617 
47.968170 33.812379 34.012666 
FEnd
FBeg
  475   CB HIS A  63  1345   CA TYR B  70 ali
48.735 34.957 36.549 49.636 31.594 33.220  2.31
49.701287 33.796762 34.497513 
48.944487 32.340539 35.763779 
47.968170 33.812379 34.012666 
48.997560 34.185993 33.913841 
FEnd
FBeg
  476   CG HIS A  63  1345   CA TYR B  70 ali
49.760 35.777 35.860 49.636 31.594 33.220  0.44
49.668516 34.353539 33.616855 
49.859041 33.955632 34.238379 
49.701287 33.796762 34.497513 
48.997560 34.185993 33.913841 
FEnd
FBeg
  476   CG HIS A  63  1119  CD1 PHE B  43 aro
49.760 35.777 35.860 48.056 35.601 31.911  0.51
49.814351 34.606444 33.542655 
49.668516 34.353539 33.616855 
48.997560 34.185993 33.913841 
48.533122 34.907897 34.082073 
49.812570 34.616686 33.542968 
FEnd
FBeg
  476   CG HIS A  63  1117   CB PHE B  43 ali
49.760 35.777 35.860 50.432 36.033 31.299  0.00
49.829465 34.621732 33.545740 
49.814351 34.606444 33.542655 
49.812570 34.616686 33.542968 
FEnd
FBeg
  478  CD2 HIS A  63  1350  CD1 TYR B  70 aro
49.609 36.776 34.962 52.248 33.735 33.790  0.37
50.793934 35.251287 34.083927 
50.900181 35.482962 33.722035 
50.869930 35.503490 33.600656 
49.829465 34.621732 33.545740 
FEnd
FBeg
  480  NE2 HIS A  63  1350  CD1 TYR B  70 aro
50.863 37.264 34.732 52.248 33.735 33.790  0.03
50.900181 35.482962 33.722035 
51.256769 35.685715 33.486748 
50.869930 35.503490 33.600656 
FEnd
FBeg
  477  ND1 HIS A  63  1348   CB TYR B  70 unk
51.106 35.647 36.154 50.941 31.621 34.031  2.81
53.015693 32.389996 37.624224 
52.960578 32.373055 37.660634 
51.435648 32.156024 38.190723 
50.580669 33.582922 35.551241 
50.606355 33.632353 35.455505 
FEnd
FBeg
  479  CE1 HIS A  63  1350  CD1 TYR B  70 aro
51.734 36.570 35.454 52.248 33.735 33.790  2.50
51.532395 35.794645 33.386300 
53.446605 34.564239 36.073864 
50.956477 35.048908 34.478934 
50.793934 35.251287 34.083927 
50.900181 35.482962 33.722035 
51.256769 35.685715 33.486748 
FEnd
FBeg
  479  CE1 HIS A  63  1117   CB PHE B  43 ali
51.734 36.570 35.454 50.432 36.033 31.299  0.03
51.806169 36.135637 33.256440 
51.532395 35.794645 33.386300 
51.256769 35.685715 33.486748 
FEnd
FBeg
  459  OD1 ASP A  61  1352  CE1 TYR B  70 unk
54.972 38.987 35.678 53.329 34.495 33.368  1.87
54.822432 37.532696 32.969978 
54.039865 37.482061 33.625048 
54.585069 36.634932 34.884584 
55.538569 36.373239 34.715288 
55.555708 36.371145 34.707169 
FEnd
FBeg
  459  OD1 ASP A  61  1355   OH TYR B  70 hbd
54.972 38.987 35.678 55.501 34.568 32.500  28.33
55.555708 36.371145 34.707169 
54.822432 37.532696 32.969978 
57.065002 39.017201 31.279069 
58.187201 39.267231 31.118201 
62.657510 39.453566 31.603216 
65.473121 38.678935 33.149016 
FEnd
FBeg
  480  NE2 HIS A  63  1117   CB PHE B  43 unk
50.863 37.264 34.732 50.432 36.033 31.299  4.02
50.839476 38.219317 32.630642 
50.201534 37.602201 32.932018 
50.100199 37.234455 33.076606 
50.869930 35.503490 33.600656 
51.256769 35.685715 33.486748 
51.806169 36.135637 33.256440 
52.638082 37.097942 32.806935 
FEnd
FBeg
  434  OE1 GLU A  58  1120  CD2 PHE B  43 unk
52.405 39.409 32.644 48.723 37.870 31.443  0.00
50.840985 38.221280 32.623502 
50.839476 38.219317 32.630642 
50.835689 38.225557 32.634256 
FEnd
FBeg
  434  OE1 GLU A  58  1124    N ASN B  44 hbd
52.405 39.409 32.644 51.330 37.423 28.389  0.49
53.924214 38.267703 30.237957 
52.652042 37.920689 30.721331 
53.132372 37.635243 30.733209 
53.625376 37.694049 30.581207 
54.030016 38.244971 30.221837 
FEnd
FBeg
  435  OE2 GLU A  58  1124    N ASN B  44 hbd
52.458 40.869 30.933 51.330 37.423 28.389  0.89
51.901995 39.296331 29.741263 
53.924214 38.267703 30.237957 
54.030016 38.244971 30.221837 
54.208169 38.453687 29.860127 
52.357744 39.269684 29.575281 
FEnd
FBeg
  433   CD GLU A  58  1120  CD2 PHE B  43 aro
51.919 40.341 32.034 48.723 37.870 31.443  2.33
50.151334 39.768682 29.883224 
50.569519 39.189870 30.041807 
50.981551 38.550439 30.487122 
50.994161 38.529848 30.505019 
50.840985 38.221280 32.623502 
50.835689 38.225557 32.634256 
50.599944 38.482463 32.834980 
FEnd
FBeg
  432   CG GLU A  58  1120  CD2 PHE B  43 ali
50.668 41.020 32.520 48.723 37.870 31.443  7.54
48.694611 40.870553 29.291238 
48.955884 40.695770 29.330597 
50.151334 39.768682 29.883224 
50.599944 38.482463 32.834980 
49.556957 38.870027 33.585012 
48.898172 39.186456 33.849251 
FEnd
FBeg
  432   CG GLU A  58  1122  CE2 PHE B  43 ali
50.668 41.020 32.520 47.438 38.348 31.677  6.30
47.884635 41.879119 29.197923 
48.694611 40.870553 29.291238 
48.898172 39.186456 33.849251 
48.853936 39.224901 33.896883 
48.353848 39.889195 33.707433 
47.705020 41.660415 30.579335 
47.623448 41.995366 29.830211 
47.641350 42.075265 29.508371 
FEnd
FBeg
  433   CD GLU A  58  1131  ND2 ASN B  44 unk
51.919 40.341 32.034 51.666 41.340 27.316  0.01
50.509229 40.360579 29.569802 
50.440015 40.500955 29.603237 
50.372658 40.390943 29.583555 
FEnd
FBeg
  435  OE2 GLU A  58  1125   CA ASN B  44 unk
52.458 40.869 30.933 51.025 38.423 27.391  0.85
51.810785 40.066253 29.246479 
52.357744 39.269684 29.575281 
51.901995 39.296331 29.741263 
50.509229 40.360579 29.569802 
FEnd
FBeg
  435  OE2 GLU A  58  1128   CB ASN B  44 unk
52.458 40.869 30.933 52.295 39.087 26.887  9.18
55.400700 41.190304 28.606782 
57.462360 41.420686 28.422256 
55.881636 39.433204 29.361295 
55.269862 38.998855 29.577244 
54.208169 38.453687 29.860127 
52.357744 39.269684 29.575281 
51.810785 40.066253 29.246479 
FEnd

+-+CCS_record::Boundary loops before union-find
Start boundary loop loop_id 0  init_edge IE_A_B
xyz 53.2578 47.6978 29.9234
xyz 59.3302 49.0431 28.7689
xyz 63.4872 49.5227 27.9211
xyz 60.0885 44.2585 27.9798
xyz 55.4007 41.1903 28.6068
xyz 57.4624 41.4207 28.4223
xyz 55.8816 39.4332 29.3613
xyz 55.2699 38.9989 29.5772
xyz 54.2082 38.4537 29.8601
xyz 54.03 38.245 30.2218
xyz 53.6254 37.694 30.5812
xyz 53.9239 37.1321 31.3977
xyz 54.2525 37.2115 31.5169
xyz 54.8224 37.5327 32.97
xyz 57.065 39.0172 31.2791
xyz 58.1872 39.2672 31.1182
xyz 62.6575 39.4536 31.6032
xyz 65.4731 38.6789 33.149
xyz 55.5557 36.3711 34.7072
xyz 55.8469 35.3237 35.3476
xyz 55.6118 33.5325 36.859
xyz 54.5212 33.8703 37.2183
xyz 54.455 33.7611 37.2106
xyz 53.0157 32.39 37.6242
xyz 52.9606 32.3731 37.6606
xyz 51.4356 32.156 38.1907
xyz 51.2337 31.9234 38.322
xyz 49.8909 31.5235 37.6754
xyz 51.1403 30.859 38.6693
xyz 51.13 30.8411 38.6954
xyz 49.7855 29.9178 40.0334
xyz 51.0008 25.5117 39.4119
xyz 49.638 24.0841 38.5623
xyz 48.2981 25.242 38.349
xyz 48.2549 22.667 38.6073
xyz 45.7859 25.0086 37.6588
xyz 46.3714 22.2812 37.6878
xyz 45.1063 17.8984 38.2894
xyz 41.5655 18.9996 39.1092
xyz 40.9063 19.6404 39.4954
xyz 39.8888 20.9825 40.0871
xyz 39.6802 22.529 40.1918
xyz 40.7382 25.7999 39.5155
xyz 41.2434 26.761 39.2005
xyz 40.4721 27.7444 38.7502
xyz 40.6277 27.9527 38.4778
xyz 39.7913 28.2695 37.8121
xyz 39.404 28.1149 37.9507
xyz 39.2947 28.0863 37.7976
xyz 39.0373 27.9065 37.6781
xyz 38.7244 27.4202 38.1071
xyz 37.074 23.3964 38.444
xyz 37.2606 23.5704 38.0347
xyz 37.3394 23.6706 37.8975
xyz 37.3204 20.7578 38.0236
xyz 38.8966 22.5185 34.1396
xyz 39.2346 20.1357 34.3317
xyz 39.1289 20.9062 32.8213
xyz 38.9811 21.971 31.4315
xyz 38.6999 23.9764 29.9329
xyz 38.6618 24.2451 29.9133
xyz 38.613 24.2597 29.8652
xyz 38.3077 24.0385 29.5428
xyz 38.2972 23.774 29.5138
xyz 37.0461 23.7535 29.3339
xyz 36.439 23.9166 29.2646
xyz 35.8147 23.4392 29.5271
xyz 35.9101 22.7638 29.8743
xyz 35.7459 20.3307 31.6118
xyz 35.2781 20.3875 32.0237
xyz 29.2267 21.4331 34.5194
xyz 30.264 23.9588 32.4204
xyz 30.6152 24.2087 32.0837
xyz 31.6108 24.9559 31.2438
xyz 30.5551 25.3629 30.6883
xyz 28.3022 24.3687 31.7488
xyz 28.213 24.4492 31.7897
xyz 26.9404 26.6361 31.0358
xyz 26.0163 28.6791 29.9018
xyz 26.9054 28.8054 28.2959
xyz 28.9637 29.3843 25.8959
xyz 28.4353 29.6274 25.5166
xyz 27.7283 30.5532 24.9332
xyz 27.706 30.6151 24.9106
xyz 27.025 31.2353 24.9332
xyz 26.1154 32.1791 24.5738
xyz 26.1222 32.3672 24.5766
xyz 26.0328 32.4684 24.5177
xyz 26.0239 32.7234 24.4461
xyz 25.9826 32.7486 24.4019
xyz 25.8785 33.295 23.9719
xyz 25.8862 36.1129 23.5617
xyz 26.3612 37.0029 23.3074
xyz 26.5805 37.414 23.3522
xyz 27.1846 38.547 24.3328
xyz 27.7415 38.5573 24.6354
xyz 27.603 38.7926 24.848
xyz 28.228 39.3307 25.1383
xyz 27.676 39.7866 25.2245
xyz 27.5675 40.5436 25.2148
xyz 25.0591 43.0075 24.0893
xyz 24.414 44.3054 23.3865
xyz 20.4993 47.405 20.2797
xyz 19.708 48.1865 19.4012
xyz 16.4434 51.8351 15.091
xyz 25.1221 48.6904 15.9552
xyz 27.3029 47.6355 16.6001
xyz 30.3278 45.8673 17.9876
xyz 30.4049 45.725 18.1801
xyz 31.4019 45.5094 18.7572
xyz 34.2994 43.6722 22.2448
xyz 35.0838 42.8467 23.6796
xyz 34.6668 42.4175 24.2148
xyz 34.4897 41.692 24.4867
xyz 34.1504 41.1371 24.673
xyz 34.608 41.1822 24.3866
xyz 35.1429 40.9043 23.7682
xyz 35.3147 41.1513 23.5419
xyz 35.6182 41.244 23.4332
xyz 36.0142 41.2611 23.3794
xyz 37.4007 41.084 23.3914
xyz 37.4671 41.059 23.3747
xyz 37.6783 40.944 23.3526
xyz 37.6709 41.9636 23.6651
xyz 38.6659 44.5149 25.1102
xyz 41.2977 41.8566 26.0043
xyz 42.7241 43.7321 25.7768
xyz 43.4236 43.2538 26.3858
xyz 44.2113 43.6154 26.3478
xyz 44.6263 43.4753 27.8653
xyz 44.1509 42.8347 29.8517
xyz 44.3649 42.6878 30.0142
xyz 44.9272 42.5502 29.8383
xyz 45.8497 42.4566 29.7523
xyz 46.2869 42.166 29.8896
xyz 47.4545 41.9896 29.6588
xyz 47.6234 41.9954 29.8302
xyz 47.6413 42.0753 29.5084
xyz 47.8846 41.8791 29.1979
xyz 47.7749 42.3333 29.2048
xyz 48.2171 43.0054 29.3309
xyz 48.4228 43.2607 29.3861
xyz 50.8613 45.2765 29.9777
xyz 51.2101 45.1033 30.0339
xyz 52.3632 46.7571 29.9968
End loop
Boundary info init_edge IE_A_B [total exposed]: 258.710543 258.710543
Start boundary loop loop_id 1  init_edge IE_A_B
xyz 39.9993 31.2616 31.9096
xyz 39.5408 31.8322 31.9139
xyz 39.1216 31.8179 31.5966
xyz 39.0647 31.0828 31.1145
xyz 39.5727 30.8223 31.3325
xyz 39.8563 30.9333 31.6077
End loop
Boundary info init_edge IE_A_B [total exposed]: 3.628839 3.628839
Start boundary loop loop_id 2  init_edge IE_A_B
xyz 34.7624 32.9865 26.0258
xyz 34.8065 32.8643 26.0758
xyz 34.7982 32.7619 26.1174
xyz 34.5206 32.0222 26.4164
xyz 34.3907 32.0832 26.3908
xyz 34.0188 32.7484 26.1177
xyz 33.8908 32.8927 26.163
xyz 34.0359 32.8558 26.0742
End loop
Boundary info init_edge IE_A_B [total exposed]: 3.162056 3.162056
