Begin VSO per interface edge
1816 5697  1
1816 5877  1
1817 3466  2
1817 3468  2
1817 5877  1
1817 6009  1
1818 6009  1
1820 3449  2
1820 5697  1
1821 3449  2
1821 3450  2
1822 3449  1
1822 3450  1
1822 5697  1
1823 3447  3
1823 3449  2
1823 3450  2
1823 3451  2
1823 3455  2
1823 5697  2
1823 5974  2
1823 5975  1
1824 3447  3
1824 3454  3
1824 3455  3
1824 3461  3
1824 3464  2
1824 3466  3
1824 5877  2
1824 5974  2
1825 3455  2
1825 3461  3
1825 5697  2
1825 5877  2
1826 3461  3
1826 3464  2
1826 3466  2
1826 5877  2
1826 5974  2
1826 5975  1
1826 5976  1
1827 3450  2
1827 5975  1
1828 3450  1
1831 3450  1
1831 5975  1
1990 5778  1
1992 5778  1
1996 5778  1
1998 5778  1
1999 5778  1
2001 5933  2
2001 5981  3
2002 5933  2
2003 3495  1
2003 5778  1
2003 5981  2
2004 3489  3
2004 3493  2
2004 3494  3
2004 3495  2
2004 5933  3
2004 5981  2
2004 6008  2
2005 3485  2
2005 3489  3
2005 3494  3
2005 3495  2
2005 3505  3
2005 3506  2
2005 6008  3
2006 3485  1
2006 6008  2
2007 3485  2
2007 3495  1
2007 3501  1
2007 3502  1
2007 3505  2
2007 3506  1
2008 5778  1
2008 5981  2
2009 5933  1
2009 5981  2
2012 5933  1
2012 5981  1
2040 5933  1
2040 5976  1
2041 3468  2
2041 5933  2
2041 5976  2
2041 6008  3
2042 3468  1
2042 6008  2
2042 6009  1
2043 3466  2
2043 3468  2
2043 5976  1
2043 6009  2
3442 5974  1
3442 5975  1
3446 5974  2
3447 5974  2
3448 5974  1
3449 5697  1
3449 5974  3
3449 5975  2
3450 5975  2
3451 5974  2
3451 5975  1
3452 5697  1
3454 5974  2
3455 5697  1
3455 5877  2
3460 5974  2
3461 5877  3
3461 5974  2
3464 5974  1
3464 5976  1
3465 5877  3
3465 5976  1
3466 5877  2
3466 5974  2
3466 5976  2
3467 5877  3
3467 5976  1
3468 5877  2
3468 5933  2
3468 5976  2
3468 6008  2
3468 6009  2
3469 5933  1
3469 5976  1
3469 6008  1
3470 5877  2
3471 5877  2
3472 5877  1
3474 5877  1
3475 5877  2
3476 5697  1
3476 5877  1
3477 5697  1
3478 5697  1
3479 5877  2
3481 6008  2
3482 6008  1
3483 5877  2
3483 6008  2
3483 6009  2
3484 5877  1
3484 6009  1
3485 6008  2
3485 6009  1
3488 6008  1
3489 6008  2
3493 5981  1
3493 6008  1
3495 5778  1
3495 5981  2
3496 5981  1
3497 5981  1
5430 5974  1
End VSO per interface edge

Voronoi Facets of interface MI_AB
FBeg
 2007  OE2 GLU A 149  3495    O PRO B  55 unk
31.944 16.308 30.043 33.289 19.745 30.773  2.53
32.266527 17.945521 31.434080 
32.676070 17.975804 30.536932 
33.543798 17.826995 29.638797 
34.884305 17.383842 29.255419 
35.106992 17.214718 29.641401 
33.115225 17.667113 31.181187 
FEnd
FBeg
 2007  OE2 GLU A 149  3505    N GLY B  57 hbd
31.944 16.308 30.043 33.479 17.759 33.597  0.78
33.115225 17.667113 31.181187 
32.266527 17.945521 31.434080 
31.960235 17.525548 31.737833 
33.294006 16.912531 31.412045 
FEnd
FBeg
 2007  OE2 GLU A 149  3506   CA GLY B  57 unk
31.944 16.308 30.043 32.970 16.448 33.980  16.72
31.960235 17.525548 31.737833 
30.890530 15.298309 32.095804 
30.693063 13.767592 32.201697 
30.807523 11.620386 32.248223 
31.412210 10.991022 32.113019 
31.844133 11.174763 31.993924 
34.551586 14.069064 31.185428 
34.208447 15.715949 31.216288 
33.294006 16.912531 31.412045 
FEnd
FBeg
 2007  OE2 GLU A 149  3502    O SER B  56 unk
31.944 16.308 30.043 35.542 17.001 33.067  1.88
34.551586 14.069064 31.185428 
34.757146 13.926103 30.973611 
35.099618 16.642964 29.943520 
34.208447 15.715949 31.216288 
FEnd
FBeg
 2007  OE2 GLU A 149  3485  CG2 THR B  53 unk
31.944 16.308 30.043 29.579 16.908 34.306  0.13
30.890530 15.298309 32.095804 
30.660733 14.691163 32.053772 
30.693063 13.767592 32.201697 
FEnd
FBeg
 2006  OE1 GLU A 149  3485  CG2 THR B  53 unk
29.772 16.186 29.756 29.579 16.908 34.306  7.33
30.660733 14.691163 32.053772 
30.693063 13.767592 32.201697 
30.497754 12.152015 32.449775 
30.296034 11.874342 32.485280 
27.745795 15.636674 31.780093 
27.725375 15.808488 31.751963 
29.560930 16.722050 31.684857 
FEnd
FBeg
 2005   CD GLU A 149  3485  CG2 THR B  53 ali
30.871 16.747 29.568 29.579 16.908 34.306  2.90
30.890530 15.298309 32.095804 
30.660733 14.691163 32.053772 
29.560930 16.722050 31.684857 
30.688223 17.889930 31.952573 
31.210843 17.654416 32.103088 
FEnd
FBeg
 2005   CD GLU A 149  3489    O SER B  54 unk
30.871 16.747 29.568 30.992 19.492 33.443  0.80
30.688223 17.889930 31.952573 
31.210843 17.654416 32.103088 
31.457754 17.795828 31.995204 
31.724736 18.155582 31.732022 
31.326243 18.582263 31.442210 
30.862676 18.593654 31.448616 
FEnd
FBeg
 2004   CG GLU A 149  3489    O SER B  54 unk
30.891 18.026 28.741 30.992 19.492 33.443  0.17
31.326243 18.582263 31.442210 
30.862676 18.593654 31.448616 
30.787236 19.118233 31.286682 
31.058806 18.993786 31.319649 
FEnd
FBeg
 2004   CG GLU A 149  3494    C PRO B  55 ali
30.891 18.026 28.741 33.202 20.438 31.797  0.68
31.058806 18.993786 31.319649 
31.326243 18.582263 31.442210 
31.757484 18.438185 31.229814 
31.589479 19.694275 30.365472 
FEnd
FBeg
 2004   CG GLU A 149  3493   CA PRO B  55 ali
30.891 18.026 28.741 32.085 21.479 31.940  1.49
30.787236 19.118233 31.286682 
31.058806 18.993786 31.319649 
31.589479 19.694275 30.365472 
31.741752 20.220611 29.740510 
30.225194 19.906923 30.645147 
FEnd
FBeg
 2005   CD GLU A 149  3494    C PRO B  55 ali
30.871 16.747 29.568 33.202 20.438 31.797  0.26
31.724736 18.155582 31.732022 
32.092546 18.051252 31.520142 
31.757484 18.438185 31.229814 
31.326243 18.582263 31.442210 
FEnd
FBeg
 2005   CD GLU A 149  3506   CA GLY B  57 ali
30.871 16.747 29.568 32.970 16.448 33.980  1.08
31.960235 17.525548 31.737833 
30.890530 15.298309 32.095804 
31.210843 17.654416 32.103088 
31.457754 17.795828 31.995204 
FEnd
FBeg
 2005   CD GLU A 149  3505    N GLY B  57 unk
30.871 16.747 29.568 33.479 17.759 33.597  0.34
32.266527 17.945521 31.434080 
31.960235 17.525548 31.737833 
31.457754 17.795828 31.995204 
31.724736 18.155582 31.732022 
32.092546 18.051252 31.520142 
FEnd
FBeg
 2007  OE2 GLU A 149  3501    C SER B  56 unk
31.944 16.308 30.043 34.733 17.927 33.175  3.14
35.106992 17.214718 29.641401 
33.115225 17.667113 31.181187 
33.294006 16.912531 31.412045 
34.208447 15.715949 31.216288 
35.099618 16.642964 29.943520 
FEnd
FBeg
 2003   CB GLU A 149  3495    O PRO B  55 unk
31.745 17.919 27.485 33.289 19.745 30.773  6.56
33.543798 17.826995 29.638797 
32.498337 20.383098 28.710193 
33.584345 21.319936 27.679942 
35.269408 17.871111 28.803975 
34.884305 17.383842 29.255419 
FEnd
FBeg
 2004   CG GLU A 149  3495    O PRO B  55 unk
30.891 18.026 28.741 33.289 19.745 30.773  5.13
32.676070 17.975804 30.536932 
31.757484 18.438185 31.229814 
31.589479 19.694275 30.365472 
31.741752 20.220611 29.740510 
32.498337 20.383098 28.710193 
33.543798 17.826995 29.638797 
FEnd
FBeg
 2005   CD GLU A 149  3495    O PRO B  55 unk
30.871 16.747 29.568 33.289 19.745 30.773  0.42
32.266527 17.945521 31.434080 
32.092546 18.051252 31.520142 
31.757484 18.438185 31.229814 
32.676070 17.975804 30.536932 
FEnd
FBeg
 1822    O ASP A 124  3450   CG PRO B  49 unk
16.890 13.487 32.098 15.499 17.326 31.741  8.21
12.489315 13.901607 34.169016 
12.689336 13.814774 32.455910 
13.406147 13.985085 31.494392 
15.700009 14.769384 30.990649 
16.429055 15.124613 31.969971 
13.874177 14.407354 34.211654 
FEnd
FBeg
 1822    O ASP A 124  3449   CB PRO B  49 unk
16.890 13.487 32.098 16.475 17.353 32.862  6.20
16.429055 15.124613 31.969971 
13.874177 14.407354 34.211654 
16.630484 14.532330 35.076462 
17.466606 14.739272 34.483465 
17.370489 14.898920 33.623405 
17.247468 14.998577 33.052297 
FEnd
FBeg
 1821    C ASP A 124  3449   CB PRO B  49 ali
17.871 13.511 31.359 16.475 17.353 32.862  0.67
17.247468 14.998577 33.052297 
16.429055 15.124613 31.969971 
17.085846 15.591360 31.386894 
FEnd
FBeg
 1823   CB ASP A 124  3449   CB PRO B  49 ali
19.403 15.443 31.898 16.475 17.353 32.862  10.29
17.370489 14.898920 33.623405 
17.247468 14.998577 33.052297 
17.085846 15.591360 31.386894 
17.960719 17.338207 30.583110 
18.242536 17.696109 30.729966 
18.245204 17.699324 30.731698 
19.021619 17.729760 33.029633 
18.955704 17.226661 33.826233 
18.420901 15.975948 34.679922 
17.631835 14.880444 34.453808 
FEnd
FBeg
 1823   CB ASP A 124  3455    O ASP B  50 unk
19.403 15.443 31.898 20.218 17.506 35.431  0.93
18.955704 17.226661 33.826233 
18.420901 15.975948 34.679922 
19.154582 15.806637 34.609539 
19.310851 16.047040 34.433114 
19.151884 17.417377 33.669614 
FEnd
FBeg
 1824   CG ASP A 124  3455    O ASP B  50 unk
20.767 15.906 32.445 20.218 17.506 35.431  2.00
19.310851 16.047040 34.433114 
19.151884 17.417377 33.669614 
19.173962 17.444181 33.659311 
20.924518 17.487693 33.957849 
21.231176 17.145899 34.197376 
FEnd
FBeg
 1824   CG ASP A 124  3461   CA HIS B  51 ali
20.767 15.906 32.445 22.439 19.067 34.815  2.88
20.924518 17.487693 33.957849 
21.231176 17.145899 34.197376 
22.784889 16.707269 33.686279 
22.974082 16.782667 33.452243 
22.485663 17.375186 33.006541 
22.084783 17.695307 32.862393 
21.113552 18.216225 32.852805 
20.595405 18.160589 33.292554 
FEnd
FBeg
 1824   CG ASP A 124  3464   CB HIS B  51 ali
20.767 15.906 32.445 22.876 19.859 33.578  0.20
22.084783 17.695307 32.862393 
21.329913 18.199964 32.506798 
21.113552 18.216225 32.852805 
FEnd
FBeg
 1826  OD2 ASP A 124  3464   CB HIS B  51 unk
21.544 16.544 31.701 22.876 19.859 33.578  0.79
22.084783 17.695307 32.862393 
21.329913 18.199964 32.506798 
21.828014 18.564967 31.508687 
22.362396 17.572683 32.881955 
FEnd
FBeg
 1826  OD2 ASP A 124  3466  ND1 HIS B  51 hbd
21.544 16.544 31.701 24.148 18.356 31.997  7.50
21.828014 18.564967 31.508687 
22.362396 17.572683 32.881955 
22.485663 17.375186 33.006541 
23.410222 16.071417 32.854093 
23.637416 15.783971 32.615039 
23.653738 15.896141 31.784786 
22.656130 17.688823 29.586922 
21.934895 18.648487 30.057136 
FEnd
FBeg
 2043  NE2 GLN A 153  3466  ND1 HIS B  51 hbd
24.849 15.773 29.572 24.148 18.356 31.997  2.31
23.653738 15.896141 31.784786 
22.656130 17.688823 29.586922 
23.861380 17.896286 29.714346 
24.014435 15.841639 31.947106 
FEnd
FBeg
 2043  NE2 GLN A 153  3468  CE1 HIS B  51 unk
24.849 15.773 29.572 25.397 18.085 31.662  7.57
23.861380 17.896286 29.714346 
24.014435 15.841639 31.947106 
24.942120 15.509214 32.071602 
26.908392 15.514300 31.550417 
26.788676 15.954505 31.094842 
24.905548 18.020618 29.303025 
FEnd
FBeg
 2041   CD GLN A 153  3468  CE1 HIS B  51 aro
25.821 15.881 28.675 25.397 18.085 31.662  4.29
26.788676 15.954505 31.094842 
24.905548 18.020618 29.303025 
26.350350 18.649506 29.044078 
27.024978 18.618984 29.162362 
27.262425 17.543834 29.989382 
FEnd
FBeg
 2042  OE1 GLN A 153  3468  CE1 HIS B  51 unk
27.005 15.727 28.961 25.397 18.085 31.662  1.42
26.908392 15.514300 31.550417 
26.788676 15.954505 31.094842 
27.262425 17.543834 29.989382 
27.702938 15.814378 31.761467 
27.663206 15.748759 31.795099 
FEnd
FBeg
 1817   CB SER A 123  3468  CE1 HIS B  51 ali
23.683 13.161 31.286 25.397 18.085 31.662  0.35
24.014435 15.841639 31.947106 
24.942120 15.509214 32.071602 
24.270348 15.701163 32.620161 
24.167889 15.738142 32.602964 
FEnd
FBeg
 1817   CB SER A 123  3466  ND1 HIS B  51 unk
23.683 13.161 31.286 24.148 18.356 31.997  0.33
23.637416 15.783971 32.615039 
23.653738 15.896141 31.784786 
24.014435 15.841639 31.947106 
24.167889 15.738142 32.602964 
FEnd
FBeg
 1826  OD2 ASP A 124  3461   CA HIS B  51 unk
21.544 16.544 31.701 22.439 19.067 34.815  0.03
22.485663 17.375186 33.006541 
22.084783 17.695307 32.862393 
22.362396 17.572683 32.881955 
FEnd
FBeg
 1824   CG ASP A 124  3466  ND1 HIS B  51 aro
20.767 15.906 32.445 24.148 18.356 31.997  0.42
22.974082 16.782667 33.452243 
23.410222 16.071417 32.854093 
22.485663 17.375186 33.006541 
FEnd
FBeg
 1825  OD1 ASP A 124  3461   CA HIS B  51 unk
21.074 15.622 33.622 22.439 19.067 34.815  1.20
21.231176 17.145899 34.197376 
22.784889 16.707269 33.686279 
22.031756 16.444558 35.306620 
FEnd
FBeg
 1824   CG ASP A 124  3454    C ASP B  50 ali
20.767 15.906 32.445 20.159 18.727 35.599  1.05
19.173962 17.444181 33.659311 
20.924518 17.487693 33.957849 
20.595405 18.160589 33.292554 
19.398459 17.806019 33.378952 
FEnd
FBeg
 1824   CG ASP A 124  3447    C PRO B  49 ali
20.767 15.906 32.445 17.490 19.261 34.151  0.07
19.151884 17.417377 33.669614 
19.173962 17.444181 33.659311 
19.398459 17.806019 33.378952 
19.227596 17.715755 33.228259 
FEnd
FBeg
 1825  OD1 ASP A 124  3455    O ASP B  50 unk
21.074 15.622 33.622 20.218 17.506 35.431  3.77
19.154582 15.806637 34.609539 
19.310851 16.047040 34.433114 
21.231176 17.145899 34.197376 
22.031756 16.444558 35.306620 
21.732384 15.633284 36.009869 
FEnd
FBeg
 1823   CB ASP A 124  3447    C PRO B  49 ali
19.403 15.443 31.898 17.490 19.261 34.151  0.16
19.021619 17.729760 33.029633 
18.955704 17.226661 33.826233 
19.151884 17.417377 33.669614 
19.227596 17.715755 33.228259 
FEnd
FBeg
 1823   CB ASP A 124  3451   CD PRO B  49 ali
19.403 15.443 31.898 15.669 18.693 31.143  0.01
17.960719 17.338207 30.583110 
18.242536 17.696109 30.729966 
17.949261 17.308521 30.511993 
FEnd
FBeg
 1823   CB ASP A 124  3450   CG PRO B  49 ali
19.403 15.443 31.898 15.499 17.326 31.741  1.63
17.085846 15.591360 31.386894 
17.960719 17.338207 30.583110 
17.949261 17.308521 30.511993 
17.333764 15.958259 29.622532 
17.292362 15.883329 29.753377 
FEnd
FBeg
 1827    N LYS A 125  3450   CG PRO B  49 unk
17.811 13.148 30.080 15.499 17.326 31.741  0.11
17.333764 15.958259 29.622532 
17.292362 15.883329 29.753377 
16.890967 15.624519 29.845661 
16.977739 15.774264 29.589781 
17.178794 15.930106 29.477637 
FEnd
FBeg
 1831   CB LYS A 125  3450   CG PRO B  49 ali
16.555 13.245 27.963 15.499 17.326 31.741  11.00
16.977739 15.774264 29.589781 
11.244320 14.648062 29.203740 
11.020513 14.793663 28.983905 
11.176930 15.415775 28.355619 
12.160433 16.631082 27.317746 
15.655502 16.626131 28.300010 
17.178794 15.930106 29.477637 
FEnd
FBeg
 1820   CA ASP A 124  3449   CB PRO B  49 ali
19.244 13.913 31.914 16.475 17.353 32.862  0.10
17.466606 14.739272 34.483465 
17.370489 14.898920 33.623405 
17.631835 14.880444 34.453808 
FEnd
FBeg
 1821    C ASP A 124  3450   CG PRO B  49 ali
17.871 13.511 31.359 15.499 17.326 31.741  2.22
15.700009 14.769384 30.990649 
16.890967 15.624519 29.845661 
17.292362 15.883329 29.753377 
17.085846 15.591360 31.386894 
16.429055 15.124613 31.969971 
FEnd
FBeg
 1828   CA LYS A 125  3450   CG PRO B  49 ali
16.549 12.772 29.432 15.499 17.326 31.741  9.27
13.406147 13.985085 31.494392 
11.438200 14.324218 29.930617 
11.244320 14.648062 29.203740 
16.977739 15.774264 29.589781 
16.890967 15.624519 29.845661 
15.700009 14.769384 30.990649 
FEnd

+-+CCS_record::Boundary loops before union-find
Start boundary loop loop_id 0  init_edge IE_A_B
xyz 31.8441 11.1748 31.9939
xyz 34.5516 14.0691 31.1854
xyz 34.7571 13.9261 30.9736
xyz 35.0996 16.643 29.9435
xyz 35.107 17.2147 29.6414
xyz 34.8843 17.3838 29.2554
xyz 35.2694 17.8711 28.804
xyz 33.5843 21.3199 27.6799
xyz 32.4983 20.3831 28.7102
xyz 31.7418 20.2206 29.7405
xyz 30.2252 19.9069 30.6451
xyz 30.7872 19.1182 31.2867
xyz 30.8627 18.5937 31.4486
xyz 30.6882 17.8899 31.9526
xyz 29.5609 16.7221 31.6849
xyz 27.7254 15.8085 31.752
xyz 27.7458 15.6367 31.7801
xyz 30.296 11.8743 32.4853
xyz 30.4978 12.152 32.4498
xyz 30.6931 13.7676 32.2017
xyz 30.8075 11.6204 32.2482
xyz 31.4122 10.991 32.113
End loop
Boundary info init_edge IE_A_B [total exposed]: 34.616952 34.616952
Start boundary loop loop_id 1  init_edge IE_A_B
xyz 12.6893 13.8148 32.4559
xyz 13.4061 13.9851 31.4944
xyz 11.4382 14.3242 29.9306
xyz 11.2443 14.6481 29.2037
xyz 11.0205 14.7937 28.9839
xyz 11.1769 15.4158 28.3556
xyz 12.1604 16.6311 27.3177
xyz 15.6555 16.6261 28.3
xyz 17.1788 15.9301 29.4776
xyz 17.3338 15.9583 29.6225
xyz 17.9493 17.3085 30.512
xyz 18.2425 17.6961 30.73
xyz 18.2452 17.6993 30.7317
xyz 19.0216 17.7298 33.0296
xyz 19.2276 17.7158 33.2283
xyz 19.3985 17.806 33.379
xyz 20.5954 18.1606 33.2926
xyz 21.1136 18.2162 32.8528
xyz 21.3299 18.2 32.5068
xyz 21.828 18.565 31.5087
xyz 21.9349 18.6485 30.0571
xyz 22.6561 17.6888 29.5869
xyz 23.8614 17.8963 29.7143
xyz 24.9055 18.0206 29.303
xyz 26.3503 18.6495 29.0441
xyz 27.025 18.619 29.1624
xyz 27.2624 17.5438 29.9894
xyz 27.7029 15.8144 31.7615
xyz 27.6632 15.7488 31.7951
xyz 26.9084 15.5143 31.5504
xyz 24.9421 15.5092 32.0716
xyz 24.2703 15.7012 32.6202
xyz 24.1679 15.7381 32.603
xyz 23.6374 15.784 32.615
xyz 23.4102 16.0714 32.8541
xyz 22.9741 16.7827 33.4522
xyz 22.7849 16.7073 33.6863
xyz 22.0318 16.4446 35.3066
xyz 21.7324 15.6333 36.0099
xyz 19.1546 15.8066 34.6095
xyz 18.4209 15.9759 34.6799
xyz 17.6318 14.8804 34.4538
xyz 17.4666 14.7393 34.4835
xyz 16.6305 14.5323 35.0765
xyz 13.8742 14.4074 34.2117
xyz 12.4893 13.9016 34.169
End loop
Boundary info init_edge IE_A_B [total exposed]: 55.192951 55.192951
Voronoi Facets of interface MI_AWi_BWi
FBeg
 3484  OG1 THR B  53  6009    O HOH B1039 hbw
27.958 15.687 35.549 25.930 14.309 33.636  21.54
29.365030 9.279224 36.145361 
29.283317 9.234224 36.264402 
28.384516 9.878316 36.753272 
27.867768 10.407745 36.919719 
25.752244 13.834595 36.693939 
25.980829 15.558751 35.209644 
28.388484 14.268644 33.586560 
29.882199 12.194526 33.497110 
FEnd
FBeg
 3485  CG2 THR B  53  6009    O HOH B1039 unk
29.579 16.908 34.306 25.930 14.309 33.636  5.08
28.388484 14.268644 33.586560 
29.882199 12.194526 33.497110 
30.296034 11.874342 32.485280 
27.745795 15.636674 31.780093 
27.663206 15.748759 31.795099 
27.651682 15.759059 31.817913 
FEnd
FBeg
 3468  CE1 HIS B  51  6009    O HOH B1039 unk
25.397 18.085 31.662 25.930 14.309 33.636  4.16
27.663206 15.748759 31.795099 
26.908392 15.514300 31.550417 
24.942120 15.509214 32.071602 
24.270348 15.701163 32.620161 
25.679709 16.508136 33.783250 
27.651682 15.759059 31.817913 
FEnd
FBeg
 3468  CE1 HIS B  51  5877    O HOH B 700 unk
25.397 18.085 31.662 23.990 15.737 34.996  1.50
24.270348 15.701163 32.620161 
25.679709 16.508136 33.783250 
25.493614 17.190034 34.184949 
25.162393 17.274668 34.104772 
24.819546 17.161998 33.880736 
24.167889 15.738142 32.602964 
FEnd
FBeg
 1817   CB SER A 123  5877    O HOH B 700 unk
23.683 13.161 31.286 23.990 15.737 34.996  2.38
24.167889 15.738142 32.602964 
24.270348 15.701163 32.620161 
23.779747 13.619329 34.106258 
23.126627 13.747616 34.071228 
22.826906 14.158996 33.810393 
23.081394 15.008978 33.199158 
23.533742 15.711167 32.674168 
23.637416 15.783971 32.615039 
FEnd
FBeg
 1826  OD2 ASP A 124  5877    O HOH B 700 hbw
21.544 16.544 31.701 23.990 15.737 34.996  0.03
23.533742 15.711167 32.674168 
23.410222 16.071417 32.854093 
23.637416 15.783971 32.615039 
FEnd
FBeg
 1824   CG ASP A 124  5877    O HOH B 700 unk
20.767 15.906 32.445 23.990 15.737 34.996  1.04
23.081394 15.008978 33.199158 
22.784889 16.707269 33.686279 
22.974082 16.782667 33.452243 
23.410222 16.071417 32.854093 
23.533742 15.711167 32.674168 
FEnd
FBeg
 3461   CA HIS B  51  5877    O HOH B 700 unk
22.439 19.067 34.815 23.990 15.737 34.996  3.00
22.784889 16.707269 33.686279 
22.031756 16.444558 35.306620 
22.115464 16.508799 35.771223 
24.481991 17.543636 34.531014 
23.791263 17.184706 33.846393 
22.974082 16.782667 33.452243 
FEnd
FBeg
 3470    N LYS B  52  5877    O HOH B 700 hbw
23.784 18.146 36.613 23.990 15.737 34.996  6.13
22.115464 16.508799 35.771223 
21.930110 15.894242 36.663174 
22.151871 15.847006 36.761797 
22.585364 15.772311 36.928302 
24.091046 16.005814 36.772249 
25.061657 16.631085 35.964375 
25.214222 16.874443 35.621258 
25.077645 17.540562 34.611477 
25.011867 17.552574 34.585202 
24.481991 17.543636 34.531014 
FEnd
FBeg
 3479    N THR B  53  5877    O HOH B 700 hbw
26.677 18.295 36.320 23.990 15.737 34.996  0.91
25.214222 16.874443 35.621258 
25.789895 16.259772 35.640513 
25.475017 17.266322 34.334866 
25.077645 17.540562 34.611477 
FEnd
FBeg
 3472    C LYS B  52  5877    O HOH B 700 unk
26.175 17.861 37.474 23.990 15.737 34.996  1.93
25.061657 16.631085 35.964375 
25.005385 15.594612 36.902399 
25.315084 15.016233 37.125073 
25.740492 14.873614 36.872210 
25.895717 15.904611 35.851627 
25.789895 16.259772 35.640513 
25.214222 16.874443 35.621258 
FEnd
FBeg
 3471   CA LYS B  52  5877    O HOH B 700 unk
24.701 18.189 37.748 23.990 15.737 34.996  0.66
24.091046 16.005814 36.772249 
25.005385 15.594612 36.902399 
25.061657 16.631085 35.964375 
FEnd
FBeg
 3474   CB LYS B  52  5877    O HOH B 700 unk
24.147 17.311 38.866 23.990 15.737 34.996  3.86
22.585364 15.772311 36.928302 
22.576423 15.698064 36.958863 
23.763006 13.664455 37.737831 
25.315084 15.016233 37.125073 
25.005385 15.594612 36.902399 
24.091046 16.005814 36.772249 
FEnd
FBeg
 3475   CG LYS B  52  5877    O HOH B 700 unk
22.702 17.620 39.194 23.990 15.737 34.996  0.02
22.151871 15.847006 36.761797 
22.576423 15.698064 36.958863 
22.585364 15.772311 36.928302 
FEnd
FBeg
 3476   CD LYS B  52  5877    O HOH B 700 unk
22.012 16.410 39.766 23.990 15.737 34.996  2.53
21.930110 15.894242 36.663174 
21.871060 15.770043 36.656211 
22.817388 13.288962 37.398685 
23.579074 13.092328 37.742281 
23.763006 13.664455 37.737831 
22.576423 15.698064 36.958863 
22.151871 15.847006 36.761797 
FEnd
FBeg
 3476   CD LYS B  52  5697    O HOH A 698 unk
22.012 16.410 39.766 19.582 14.422 36.220  6.50
21.871060 15.770043 36.656211 
22.817388 13.288962 37.398685 
22.129749 11.567484 38.835025 
20.862240 13.970867 38.356209 
21.079130 16.034298 37.050754 
FEnd
FBeg
 3455    O ASP B  50  5697    O HOH A 698 hbw
20.218 17.506 35.431 19.582 14.422 36.220  6.37
21.079130 16.034298 37.050754 
21.871060 15.770043 36.656211 
21.732384 15.633284 36.009869 
19.154582 15.806637 34.609539 
18.420901 15.975948 34.679922 
18.115977 16.149842 35.113836 
18.205970 16.321011 35.855436 
19.686973 16.362131 37.209976 
FEnd
FBeg
 3452    N ASP B  50  5697    O HOH A 698 hbw
17.713 18.901 35.413 19.582 14.422 36.220  0.24
18.115977 16.149842 35.113836 
17.609994 15.999396 35.450683 
17.622654 16.016863 35.518303 
18.205970 16.321011 35.855436 
FEnd
FBeg
 3449   CB PRO B  49  5697    O HOH A 698 unk
16.475 17.353 32.862 19.582 14.422 36.220  1.82
18.420901 15.975948 34.679922 
17.631835 14.880444 34.453808 
17.466606 14.739272 34.483465 
16.630484 14.532330 35.076462 
17.609994 15.999396 35.450683 
18.115977 16.149842 35.113836 
FEnd
FBeg
 1822    O ASP A 124  5697    O HOH A 698 hbw
16.890 13.487 32.098 19.582 14.422 36.220  3.23
17.466606 14.739272 34.483465 
17.809698 12.924436 34.671061 
15.789278 12.759921 36.027876 
16.037197 13.624189 35.669921 
16.630484 14.532330 35.076462 
FEnd
FBeg
 1820   CA ASP A 124  5697    O HOH A 698 unk
19.244 13.913 31.914 19.582 14.422 36.220  4.38
17.631835 14.880444 34.453808 
19.568286 14.677866 34.325752 
20.212254 13.953215 34.360863 
19.166729 12.599697 34.602927 
17.809698 12.924436 34.671061 
17.466606 14.739272 34.483465 
FEnd
FBeg
 1816    O SER A 123  5697    O HOH A 698 hbw
21.231 12.616 33.244 19.582 14.422 36.220  5.46
20.212254 13.953215 34.360863 
22.079447 13.917944 35.416878 
22.212803 13.676233 35.637454 
20.585701 11.460732 36.080365 
19.166729 12.599697 34.602927 
FEnd
FBeg
 1823   CB ASP A 124  5697    O HOH A 698 unk
19.403 15.443 31.898 19.582 14.422 36.220  1.56
19.154582 15.806637 34.609539 
19.568286 14.677866 34.325752 
17.631835 14.880444 34.453808 
18.420901 15.975948 34.679922 
FEnd
FBeg
 1825  OD1 ASP A 124  5697    O HOH A 698 hbw
21.074 15.622 33.622 19.582 14.422 36.220  5.10
21.732384 15.633284 36.009869 
22.079447 13.917944 35.416878 
20.212254 13.953215 34.360863 
19.568286 14.677866 34.325752 
19.154582 15.806637 34.609539 
FEnd
FBeg
 3477   CE LYS B  52  5697    O HOH A 698 unk
20.510 16.609 39.831 19.582 14.422 36.220  3.13
20.862240 13.970867 38.356209 
21.079130 16.034298 37.050754 
19.686973 16.362131 37.209976 
19.576562 14.639631 38.281583 
FEnd
FBeg
 3478   NZ LYS B  52  5697    O HOH A 698 hbw
19.841 15.380 40.343 19.582 14.422 36.220  13.01
22.129749 11.567484 38.835025 
20.862240 13.970867 38.356209 
19.576562 14.639631 38.281583 
17.722530 10.530958 39.352721 
20.837989 9.706866 39.348495 
FEnd
FBeg
 3455    O ASP B  50  5877    O HOH B 700 hbw
20.218 17.506 35.431 23.990 15.737 34.996  0.63
22.031756 16.444558 35.306620 
21.732384 15.633284 36.009869 
21.871060 15.770043 36.656211 
21.930110 15.894242 36.663174 
22.115464 16.508799 35.771223 
FEnd
FBeg
 1825  OD1 ASP A 124  5877    O HOH B 700 hbw
21.074 15.622 33.622 23.990 15.737 34.996  6.23
22.826906 14.158996 33.810393 
22.079447 13.917944 35.416878 
21.732384 15.633284 36.009869 
22.031756 16.444558 35.306620 
22.784889 16.707269 33.686279 
23.081394 15.008978 33.199158 
FEnd
FBeg
 1816    O SER A 123  5877    O HOH B 700 hbw
21.231 12.616 33.244 23.990 15.737 34.996  0.79
23.126627 13.747616 34.071228 
22.212803 13.676233 35.637454 
22.079447 13.917944 35.416878 
22.826906 14.158996 33.810393 
FEnd
FBeg
 3466  ND1 HIS B  51  5877    O HOH B 700 hbw
24.148 18.356 31.997 23.990 15.737 34.996  2.22
24.819546 17.161998 33.880736 
24.167889 15.738142 32.602964 
23.637416 15.783971 32.615039 
23.410222 16.071417 32.854093 
22.974082 16.782667 33.452243 
23.791263 17.184706 33.846393 
FEnd
FBeg
 3465   CG HIS B  51  5877    O HOH B 700 unk
24.138 19.349 32.953 23.990 15.737 34.996  0.71
25.162393 17.274668 34.104772 
24.819546 17.161998 33.880736 
23.791263 17.184706 33.846393 
24.481991 17.543636 34.531014 
25.011867 17.552574 34.585202 
FEnd
FBeg
 3467  CD2 HIS B  51  5877    O HOH B 700 unk
25.436 19.670 33.174 23.990 15.737 34.996  0.15
25.493614 17.190034 34.184949 
25.162393 17.274668 34.104772 
25.011867 17.552574 34.585202 
25.077645 17.540562 34.611477 
25.475017 17.266322 34.334866 
FEnd
FBeg
 3483   CB THR B  53  5877    O HOH B 700 unk
28.195 16.937 34.907 23.990 15.737 34.996  1.73
25.679709 16.508136 33.783250 
25.493614 17.190034 34.184949 
25.475017 17.266322 34.334866 
25.789895 16.259772 35.640513 
25.895717 15.904611 35.851627 
25.980829 15.558751 35.209644 
FEnd
FBeg
 1817   CB SER A 123  6009    O HOH B1039 unk
23.683 13.161 31.286 25.930 14.309 33.636  7.93
24.942120 15.509214 32.071602 
26.255896 14.440890 31.337296 
25.410969 11.901888 33.385519 
23.779747 13.619329 34.106258 
24.270348 15.701163 32.620161 
FEnd
FBeg
 1818   OG SER A 123  6009    O HOH B1039 hbw
24.939 12.547 31.043 25.930 14.309 33.636  12.79
26.255896 14.440890 31.337296 
26.778491 14.382492 31.177252 
28.262910 13.457968 31.238166 
30.266929 11.093720 32.078823 
26.537844 10.893412 33.640129 
25.410969 11.901888 33.385519 
FEnd
FBeg
 2043  NE2 GLN A 153  6009    O HOH B1039 hbw
24.849 15.773 29.572 25.930 14.309 33.636  1.48
26.908392 15.514300 31.550417 
26.778491 14.382492 31.177252 
26.255896 14.440890 31.337296 
24.942120 15.509214 32.071602 
FEnd
FBeg
 2042  OE1 GLN A 153  6009    O HOH B1039 hbw
27.005 15.727 28.961 25.930 14.309 33.636  2.03
27.745795 15.636674 31.780093 
28.262910 13.457968 31.238166 
26.778491 14.382492 31.177252 
26.908392 15.514300 31.550417 
27.663206 15.748759 31.795099 
FEnd
FBeg
 3483   CB THR B  53  6009    O HOH B1039 unk
28.195 16.937 34.907 25.930 14.309 33.636  6.23
25.980829 15.558751 35.209644 
28.388484 14.268644 33.586560 
27.651682 15.759059 31.817913 
25.679709 16.508136 33.783250 
FEnd
FBeg
 3484  OG1 THR B  53  5877    O HOH B 700 hbw
27.958 15.687 35.549 23.990 15.737 34.996  1.45
25.752244 13.834595 36.693939 
25.740492 14.873614 36.872210 
25.895717 15.904611 35.851627 
25.980829 15.558751 35.209644 
FEnd
FBeg
 3482    O THR B  53  6008    O HOH B1038 hbw
28.157 19.985 34.502 28.686 18.476 31.226  0.92
28.331025 18.746761 33.072212 
28.498977 18.824944 33.063319 
29.113854 19.233822 32.974269 
29.114964 19.802862 32.712336 
29.036241 20.071127 32.576055 
28.266064 19.891320 32.534512 
FEnd
FBeg
 3469  NE2 HIS B  51  6008    O HOH B1038 hbw
26.198 18.868 32.361 28.686 18.476 31.226  6.89
28.266064 19.891320 32.534512 
27.216890 20.458726 30.038681 
26.978643 19.696939 29.779527 
27.639963 16.847830 32.213197 
28.160617 18.251768 32.869623 
28.331025 18.746761 33.072212 
FEnd
FBeg
 3483   CB THR B  53  6008    O HOH B1038 unk
28.195 16.937 34.907 28.686 18.476 31.226  0.26
27.639963 16.847830 32.213197 
27.690536 16.064954 31.892628 
28.160617 18.251768 32.869623 
FEnd
FBeg
 3468  CE1 HIS B  51  6008    O HOH B1038 unk
25.397 18.085 31.662 28.686 18.476 31.226  4.49
26.978643 19.696939 29.779527 
27.024978 18.618984 29.162362 
27.262425 17.543834 29.989382 
27.702938 15.814378 31.761467 
27.690536 16.064954 31.892628 
27.639963 16.847830 32.213197 
FEnd
FBeg
 2042  OE1 GLN A 153  6008    O HOH B1038 hbw
27.005 15.727 28.961 28.686 18.476 31.226  2.01
27.262425 17.543834 29.989382 
27.687894 18.368887 28.672259 
28.150658 17.638626 29.215120 
27.725375 15.808488 31.751963 
27.702938 15.814378 31.761467 
FEnd
FBeg
 2006  OE1 GLU A 149  6008    O HOH B1038 hbw
29.772 16.186 29.756 28.686 18.476 31.226  3.46
28.150658 17.638626 29.215120 
28.808945 17.567597 29.812097 
29.560930 16.722050 31.684857 
27.725375 15.808488 31.751963 
FEnd
FBeg
 2005   CD GLU A 149  6008    O HOH B1038 unk
30.871 16.747 29.568 28.686 18.476 31.226  3.03
28.808945 17.567597 29.812097 
30.862676 18.593654 31.448616 
30.688223 17.889930 31.952573 
29.560930 16.722050 31.684857 
FEnd
FBeg
 2004   CG GLU A 149  6008    O HOH B1038 unk
30.891 18.026 28.741 28.686 18.476 31.226  6.75
27.687894 18.368887 28.672259 
27.663833 18.426739 28.640432 
28.175813 19.513764 28.897879 
30.225194 19.906923 30.645147 
30.787236 19.118233 31.286682 
30.862676 18.593654 31.448616 
28.808945 17.567597 29.812097 
28.150658 17.638626 29.215120 
FEnd
FBeg
 3493   CA PRO B  55  6008    O HOH B1038 unk
32.085 21.479 31.940 28.686 18.476 31.226  1.56
30.225194 19.906923 30.645147 
29.447855 20.709640 30.969541 
29.511092 20.419759 31.887707 
29.769131 20.128936 31.882476 
30.787236 19.118233 31.286682 
FEnd
FBeg
 3493   CA PRO B  55  5981    O HOH B 950 unk
32.085 21.479 31.940 30.290 21.021 28.772  6.40
30.225194 19.906923 30.645147 
29.447855 20.709640 30.969541 
29.552535 22.421898 30.662686 
30.063456 22.582699 30.349950 
32.689027 21.349403 29.040590 
31.741752 20.220611 29.740510 
FEnd
FBeg
 3495    O PRO B  55  5981    O HOH B 950 hbw
33.289 19.745 30.773 30.290 21.021 28.772  2.09
32.689027 21.349403 29.040590 
31.741752 20.220611 29.740510 
32.498337 20.383098 28.710193 
33.584345 21.319936 27.679942 
33.904231 21.991907 27.629016 
FEnd
FBeg
 3495    O PRO B  55  5778    O HOH A 951 hbw
33.289 19.745 30.773 34.627 18.717 25.613  11.90
33.584345 21.319936 27.679942 
33.904231 21.991907 27.629016 
37.657968 22.646322 28.471993 
37.694332 22.593495 28.491947 
36.206848 18.162511 28.989001 
35.269408 17.871111 28.803975 
FEnd
FBeg
 2003   CB GLU A 149  5778    O HOH A 951 unk
31.745 17.919 27.485 34.627 18.717 25.613  14.28
35.269408 17.871111 28.803975 
33.584345 21.319936 27.679942 
32.062941 21.539304 25.431209 
32.059812 21.177667 25.272232 
32.393332 19.195358 24.940674 
34.430534 16.921200 27.107574 
FEnd
FBeg
 1999    N GLU A 149  5778    O HOH A 951 hbw
32.342 16.591 25.530 34.627 18.717 25.613  4.55
32.393332 19.195358 24.940674 
32.421314 19.170303 24.812121 
33.445762 18.090181 24.275662 
34.878777 16.485820 25.919415 
34.430534 16.921200 27.107574 
FEnd
FBeg
 1992   CA ASP A 148  5778    O HOH A 951 unk
33.475 15.642 23.616 34.627 18.717 25.613  5.30
33.445762 18.090181 24.275662 
33.951655 18.146440 23.897202 
36.570163 17.822244 22.885875 
35.288999 16.476686 25.696837 
34.878777 16.485820 25.919415 
FEnd
FBeg
 1990    O GLY A 147  5778    O HOH A 951 hbw
36.010 14.722 24.331 34.627 18.717 25.613  2.44
36.570163 17.822244 22.885875 
37.529424 18.345355 22.290579 
35.948566 16.670928 25.803066 
35.288999 16.476686 25.696837 
FEnd
FBeg
 1996   CG ASP A 148  5778    O HOH A 951 unk
32.992 17.384 21.807 34.627 18.717 25.613  5.96
33.951655 18.146440 23.897202 
34.955596 20.038222 22.803353 
37.458027 19.149841 22.039489 
37.632106 18.974420 22.026146 
37.729077 18.592763 22.118159 
37.529424 18.345355 22.290579 
36.570163 17.822244 22.885875 
FEnd
FBeg
 1998  OD2 ASP A 148  5778    O HOH A 951 hbw
32.476 18.147 22.653 34.627 18.717 25.613  7.38
32.421314 19.170303 24.812121 
32.239452 20.744463 24.641146 
32.645587 21.786975 24.145258 
34.955596 20.038222 22.803353 
33.951655 18.146440 23.897202 
33.445762 18.090181 24.275662 
FEnd
FBeg
 2008    N GLU A 150  5778    O HOH A 951 hbw
29.975 18.083 24.724 34.627 18.717 25.613  0.67
32.059812 21.177667 25.272232 
32.239452 20.744463 24.641146 
32.421314 19.170303 24.812121 
32.393332 19.195358 24.940674 
FEnd
FBeg
 2003   CB GLU A 149  5981    O HOH B 950 unk
31.745 17.919 27.485 30.290 21.021 28.772  7.60
32.498337 20.383098 28.710193 
29.754890 19.851415 26.890118 
29.999380 20.115494 26.530025 
31.439102 21.148280 25.668405 
32.062941 21.539304 25.431209 
33.584345 21.319936 27.679942 
FEnd
FBeg
 2012   CB GLU A 150  5981    O HOH B 950 unk
28.954 19.804 23.252 30.290 21.021 28.772  12.54
31.439102 21.148280 25.668405 
29.949800 20.664303 26.135562 
28.805910 21.001600 26.338053 
28.636244 23.866159 25.747565 
30.941800 24.770268 24.990223 
31.983108 24.127270 24.879959 
32.527533 23.013705 24.993701 
32.062941 21.539304 25.431209 
FEnd
FBeg
 2012   CB GLU A 150  5933    O HOH B 821 unk
28.954 19.804 23.252 26.240 20.515 27.481  15.09
28.805910 21.001600 26.338053 
28.636244 23.866159 25.747565 
27.457483 24.079516 24.955214 
25.225194 23.731500 23.581132 
24.757087 22.784748 23.439892 
25.067531 20.723324 23.985699 
25.537599 20.223253 24.371444 
FEnd
FBeg
 2009   CA GLU A 150  5933    O HOH B 821 unk
28.736 18.549 24.111 26.240 20.515 27.481  7.36
25.537599 20.223253 24.371444 
28.805910 21.001600 26.338053 
28.752378 19.917274 26.930982 
28.161754 19.252484 26.881361 
26.987143 18.503842 26.448127 
25.687124 18.815806 25.303271 
FEnd
FBeg
 2040   CG GLN A 153  5933    O HOH B 821 unk
25.399 16.192 27.258 26.240 20.515 27.481  6.78
26.987143 18.503842 26.448127 
27.468609 18.321659 28.164102 
26.049106 18.573156 28.642045 
24.142824 19.053701 26.515525 
25.010367 18.956752 25.123190 
25.687124 18.815806 25.303271 
FEnd
FBeg
 2040   CG GLN A 153  5976    O HOH B 945 unk
25.399 16.192 27.258 24.202 19.794 29.145  5.28
26.049106 18.573156 28.642045 
24.142824 19.053701 26.515525 
22.511828 17.702924 28.059350 
22.510740 17.536811 28.375745 
24.579276 17.929409 28.938490 
FEnd
FBeg
 2041   CD GLN A 153  5976    O HOH B 945 unk
25.821 15.881 28.675 24.202 19.794 29.145  0.70
24.579276 17.929409 28.938490 
26.049106 18.573156 28.642045 
26.350350 18.649506 29.044078 
24.905548 18.020618 29.303025 
FEnd
FBeg
 3468  CE1 HIS B  51  5976    O HOH B 945 unk
25.397 18.085 31.662 24.202 19.794 29.145  5.76
26.350350 18.649506 29.044078 
26.550762 20.035836 29.890222 
25.376110 20.474025 30.745436 
24.948914 20.362981 30.872860 
24.638515 20.091536 30.835923 
23.861380 17.896286 29.714346 
24.905548 18.020618 29.303025 
FEnd
FBeg
 3466  ND1 HIS B  51  5976    O HOH B 945 hbw
24.148 18.356 31.997 24.202 19.794 29.145  5.36
24.638515 20.091536 30.835923 
22.770205 20.101797 30.805721 
22.038377 19.706616 30.592611 
21.934895 18.648487 30.057136 
22.656130 17.688823 29.586922 
23.861380 17.896286 29.714346 
FEnd
FBeg
 1826  OD2 ASP A 124  5976    O HOH B 945 hbw
21.544 16.544 31.701 24.202 19.794 29.145  1.52
21.934895 18.648487 30.057136 
21.434323 18.289990 29.080752 
21.674494 17.644156 28.509318 
21.899782 17.452688 28.500141 
21.901590 17.452130 28.501311 
22.656130 17.688823 29.586922 
FEnd
FBeg
 1826  OD2 ASP A 124  5975    O HOH B 944 hbw
21.544 16.544 31.701 18.332 18.134 28.554  1.58
21.434323 18.289990 29.080752 
21.674494 17.644156 28.509318 
21.612800 17.437522 28.467885 
20.481831 16.828235 29.314375 
20.230935 17.414990 29.866907 
FEnd
FBeg
 1823   CB ASP A 124  5975    O HOH B 944 unk
19.403 15.443 31.898 18.332 18.134 28.554  4.76
20.481831 16.828235 29.314375 
20.230935 17.414990 29.866907 
18.245204 17.699324 30.731698 
18.242536 17.696109 30.729966 
17.949261 17.308521 30.511993 
17.333764 15.958259 29.622532 
18.069221 15.760648 29.227960 
FEnd
FBeg
 1827    N LYS A 125  5975    O HOH B 944 hbw
17.811 13.148 30.080 18.332 18.134 28.554  0.20
17.333764 15.958259 29.622532 
17.178794 15.930106 29.477637 
17.915760 15.716281 29.030604 
18.069221 15.760648 29.227960 
FEnd
FBeg
 1831   CB LYS A 125  5975    O HOH B 944 unk
16.555 13.245 27.963 18.332 18.134 28.554  13.81
17.178794 15.930106 29.477637 
15.655502 16.626131 28.300010 
13.177010 17.867561 25.482635 
13.177217 17.867763 25.480336 
16.278582 16.820123 24.821771 
17.908157 16.130367 25.627965 
17.915760 15.716281 29.030604 
FEnd
FBeg
 3450   CG PRO B  49  5975    O HOH B 944 unk
15.499 17.326 31.741 18.332 18.134 28.554  1.93
17.949261 17.308521 30.511993 
15.655502 16.626131 28.300010 
17.178794 15.930106 29.477637 
17.333764 15.958259 29.622532 
FEnd
FBeg
 3451   CD PRO B  49  5975    O HOH B 944 unk
15.669 18.693 31.143 18.332 18.134 28.554  18.06
18.242536 17.696109 30.729966 
18.244982 17.699788 30.731687 
18.197149 19.790027 30.231176 
13.477983 19.524171 25.434526 
13.177010 17.867561 25.482635 
15.655502 16.626131 28.300010 
17.949261 17.308521 30.511993 
FEnd
FBeg
 3442   CB PRO B  48  5975    O HOH B 944 unk
16.354 22.032 30.284 18.332 18.134 28.554  25.16
18.197149 19.790027 30.231176 
20.154965 21.368335 28.913439 
20.117593 21.610385 28.325329 
18.790825 22.276800 25.306812 
16.423763 21.491991 24.368741 
13.528187 19.681094 25.138353 
13.477983 19.524171 25.434526 
FEnd
FBeg
 3442   CB PRO B  48  5974    O HOH B 943 unk
16.354 22.032 30.284 19.820 18.924 31.711  4.91
18.197149 19.790027 30.231176 
20.154965 21.368335 28.913439 
20.084195 21.682986 29.770639 
19.403409 21.754315 31.579534 
18.025708 20.113664 31.352461 
FEnd
FBeg
 3448    O PRO B  49  5974    O HOH B 943 hbw
18.250 19.992 33.520 19.820 18.924 31.711  6.37
19.403409 21.754315 31.579534 
18.025708 20.113664 31.352461 
18.007168 19.288441 31.823566 
18.041231 19.233082 31.885812 
19.602548 18.932619 33.418241 
20.046339 19.593804 33.413047 
20.268322 20.255554 33.215018 
20.288644 20.823806 32.897170 
19.804413 21.735488 31.938674 
FEnd
FBeg
 5430  OD2 ASP B 297  5974    O HOH B 943 hbw
20.613 22.351 34.570 19.820 18.924 31.711  0.64
20.288644 20.823806 32.897170 
20.725996 21.675790 31.754614 
19.804413 21.735488 31.938674 
FEnd
FBeg
 3464   CB HIS B  51  5974    O HOH B 943 unk
22.876 19.859 33.578 19.820 18.924 31.711  8.12
20.268322 20.255554 33.215018 
20.533268 19.228297 33.295794 
21.113552 18.216225 32.852805 
21.329913 18.199964 32.506798 
21.828014 18.564967 31.508687 
22.038377 19.706616 30.592611 
21.800451 20.654115 30.507550 
20.855306 21.664481 31.548616 
20.725996 21.675790 31.754614 
20.288644 20.823806 32.897170 
FEnd
FBeg
 1824   CG ASP A 124  5974    O HOH B 943 unk
20.767 15.906 32.445 19.820 18.924 31.711  3.10
21.113552 18.216225 32.852805 
20.595405 18.160589 33.292554 
19.398459 17.806019 33.378952 
19.227596 17.715755 33.228259 
20.294127 17.456894 30.787867 
21.329913 18.199964 32.506798 
FEnd
FBeg
 3461   CA HIS B  51  5974    O HOH B 943 unk
22.439 19.067 34.815 19.820 18.924 31.711  0.41
20.533268 19.228297 33.295794 
20.482657 19.042358 33.347063 
20.595405 18.160589 33.292554 
21.113552 18.216225 32.852805 
FEnd
FBeg
 3460    N HIS B  51  5974    O HOH B 943 hbw
21.160 19.553 35.315 19.820 18.924 31.711  0.28
20.046339 19.593804 33.413047 
20.482657 19.042358 33.347063 
20.533268 19.228297 33.295794 
20.268322 20.255554 33.215018 
FEnd
FBeg
 3454    C ASP B  50  5974    O HOH B 943 unk
20.159 18.727 35.599 19.820 18.924 31.711  1.31
19.602548 18.932619 33.418241 
19.398459 17.806019 33.378952 
20.595405 18.160589 33.292554 
20.482657 19.042358 33.347063 
20.046339 19.593804 33.413047 
FEnd
FBeg
 3447    C PRO B  49  5974    O HOH B 943 unk
17.490 19.261 34.151 19.820 18.924 31.711  1.87
18.041231 19.233082 31.885812 
18.121240 18.898653 32.008404 
19.021619 17.729760 33.029633 
19.227596 17.715755 33.228259 
19.398459 17.806019 33.378952 
19.602548 18.932619 33.418241 
FEnd
FBeg
 3449   CB PRO B  49  5974    O HOH B 943 unk
16.475 17.353 32.862 19.820 18.924 31.711  1.75
18.121240 18.898653 32.008404 
18.025163 18.967174 31.822711 
18.244982 17.699788 30.731687 
18.245204 17.699324 30.731698 
19.021619 17.729760 33.029633 
FEnd
FBeg
 3446   CA PRO B  49  5974    O HOH B 943 unk
16.227 18.718 33.494 19.820 18.924 31.711  0.04
18.007168 19.288441 31.823566 
18.025163 18.967174 31.822711 
18.121240 18.898653 32.008404 
18.041231 19.233082 31.885812 
FEnd
FBeg
 3451   CD PRO B  49  5974    O HOH B 943 unk
15.669 18.693 31.143 19.820 18.924 31.711  2.28
18.244982 17.699788 30.731687 
18.197149 19.790027 30.231176 
18.025708 20.113664 31.352461 
18.007168 19.288441 31.823566 
18.025163 18.967174 31.822711 
FEnd
FBeg
 3449   CB PRO B  49  5975    O HOH B 944 unk
16.475 17.353 32.862 18.332 18.134 28.554  0.00
18.245204 17.699324 30.731698 
18.244982 17.699788 30.731687 
18.242536 17.696109 30.729966 
FEnd
FBeg
 1823   CB ASP A 124  5974    O HOH B 943 unk
19.403 15.443 31.898 19.820 18.924 31.711  3.66
20.230935 17.414990 29.866907 
18.245204 17.699324 30.731698 
19.021619 17.729760 33.029633 
19.227596 17.715755 33.228259 
20.294127 17.456894 30.787867 
FEnd
FBeg
 1826  OD2 ASP A 124  5974    O HOH B 943 hbw
21.544 16.544 31.701 19.820 18.924 31.711  4.52
21.934895 18.648487 30.057136 
21.434323 18.289990 29.080752 
20.230935 17.414990 29.866907 
20.294127 17.456894 30.787867 
21.329913 18.199964 32.506798 
21.828014 18.564967 31.508687 
FEnd
FBeg
 3466  ND1 HIS B  51  5974    O HOH B 943 hbw
24.148 18.356 31.997 19.820 18.924 31.711  0.80
22.038377 19.706616 30.592611 
21.934895 18.648487 30.057136 
21.828014 18.564967 31.508687 
FEnd
FBeg
 3464   CB HIS B  51  5976    O HOH B 945 unk
22.876 19.859 33.578 24.202 19.794 29.145  0.98
22.770205 20.101797 30.805721 
23.181309 20.984235 30.915752 
21.800451 20.654115 30.507550 
22.038377 19.706616 30.592611 
FEnd
FBeg
 3465   CG HIS B  51  5976    O HOH B 945 unk
24.138 19.349 32.953 24.202 19.794 29.145  2.06
24.948914 20.362981 30.872860 
24.670856 21.406594 30.990143 
24.582209 21.438240 30.992351 
23.181309 20.984235 30.915752 
22.770205 20.101797 30.805721 
24.638515 20.091536 30.835923 
FEnd
FBeg
 3467  CD2 HIS B  51  5976    O HOH B 945 unk
25.436 19.670 33.174 24.202 19.794 29.145  0.79
25.376110 20.474025 30.745436 
25.949220 21.174631 30.591467 
25.947392 21.176939 30.592098 
24.670856 21.406594 30.990143 
24.948914 20.362981 30.872860 
FEnd
FBeg
 3469  NE2 HIS B  51  5976    O HOH B 945 hbw
26.198 18.868 32.361 24.202 19.794 29.145  0.91
26.550762 20.035836 29.890222 
26.485021 20.870457 30.171341 
25.949220 21.174631 30.591467 
25.376110 20.474025 30.745436 
FEnd
FBeg
 2043  NE2 GLN A 153  5976    O HOH B 945 hbw
24.849 15.773 29.572 24.202 19.794 29.145  2.40
22.510740 17.536811 28.375745 
24.579276 17.929409 28.938490 
24.905548 18.020618 29.303025 
23.861380 17.896286 29.714346 
22.656130 17.688823 29.586922 
21.901590 17.452130 28.501311 
FEnd
FBeg
 2041   CD GLN A 153  5933    O HOH B 821 unk
25.821 15.881 28.675 26.240 20.515 27.481  0.98
27.468609 18.321659 28.164102 
27.684123 18.383701 28.480517 
27.663833 18.426739 28.640432 
27.024978 18.618984 29.162362 
26.350350 18.649506 29.044078 
26.049106 18.573156 28.642045 
FEnd
FBeg
 2002    O GLU A 149  5933    O HOH B 821 hbw
28.863 17.039 26.376 26.240 20.515 27.481  1.95
28.161754 19.252484 26.881361 
28.441376 19.280531 27.456889 
27.684123 18.383701 28.480517 
27.468609 18.321659 28.164102 
26.987143 18.503842 26.448127 
FEnd
FBeg
 2001    C GLU A 149  5933    O HOH B 821 unk
29.930 17.359 25.842 26.240 20.515 27.481  0.32
28.752378 19.917274 26.930982 
28.670492 19.629563 27.300633 
28.441376 19.280531 27.456889 
28.161754 19.252484 26.881361 
FEnd
FBeg
 2009   CA GLU A 150  5981    O HOH B 950 unk
28.736 18.549 24.111 30.290 21.021 28.772  0.93
29.949800 20.664303 26.135562 
29.559102 20.153344 26.536814 
28.752378 19.917274 26.930982 
28.805910 21.001600 26.338053 
FEnd
FBeg
 2008    N GLU A 150  5981    O HOH B 950 hbw
29.975 18.083 24.724 30.290 21.021 28.772  0.67
29.999380 20.115494 26.530025 
29.559102 20.153344 26.536814 
29.949800 20.664303 26.135562 
31.439102 21.148280 25.668405 
FEnd
FBeg
 2001    C GLU A 149  5981    O HOH B 950 unk
29.930 17.359 25.842 30.290 21.021 28.772  0.57
29.754890 19.851415 26.890118 
28.670492 19.629563 27.300633 
28.752378 19.917274 26.930982 
29.559102 20.153344 26.536814 
29.999380 20.115494 26.530025 
FEnd
FBeg
 3496   CB PRO B  55  5981    O HOH B 950 unk
32.562 22.882 31.575 30.290 21.021 28.772  18.62
30.063456 22.582699 30.349950 
32.689027 21.349403 29.040590 
33.904231 21.991907 27.629016 
33.978929 24.485313 25.913018 
33.137909 25.850843 25.688097 
30.639722 25.131209 28.190815 
FEnd
FBeg
 3497   CG PRO B  55  5981    O HOH B 950 unk
31.623 23.756 32.356 30.290 21.021 28.772  3.97
29.552535 22.421898 30.662686 
30.063456 22.582699 30.349950 
30.639722 25.131209 28.190815 
28.730129 24.472858 29.403448 
28.695084 24.094227 29.705421 
FEnd
FBeg
 2004   CG GLU A 149  5981    O HOH B 950 unk
30.891 18.026 28.741 30.290 21.021 28.772  9.55
28.175813 19.513764 28.897879 
30.225194 19.906923 30.645147 
31.741752 20.220611 29.740510 
32.498337 20.383098 28.710193 
29.754890 19.851415 26.890118 
28.670492 19.629563 27.300633 
FEnd
FBeg
 2004   CG GLU A 149  5933    O HOH B 821 unk
30.891 18.026 28.741 26.240 20.515 27.481  1.30
27.663833 18.426739 28.640432 
28.175813 19.513764 28.897879 
28.670492 19.629563 27.300633 
28.441376 19.280531 27.456889 
27.684123 18.383701 28.480517 
FEnd
FBeg
 2041   CD GLN A 153  6008    O HOH B1038 unk
25.821 15.881 28.675 28.686 18.476 31.226  0.62
27.024978 18.618984 29.162362 
27.663833 18.426739 28.640432 
27.687894 18.368887 28.672259 
27.262425 17.543834 29.989382 
FEnd
FBeg
 3468  CE1 HIS B  51  5933    O HOH B 821 unk
25.397 18.085 31.662 26.240 20.515 27.481  0.81
26.978643 19.696939 29.779527 
27.024978 18.618984 29.162362 
26.350350 18.649506 29.044078 
26.550762 20.035836 29.890222 
FEnd
FBeg
 3469  NE2 HIS B  51  5933    O HOH B 821 hbw
26.198 18.868 32.361 26.240 20.515 27.481  0.52
27.216890 20.458726 30.038681 
26.978643 19.696939 29.779527 
26.550762 20.035836 29.890222 
26.485021 20.870457 30.171341 
FEnd
FBeg
 3488    C SER B  54  6008    O HOH B1038 unk
31.129 20.594 33.984 28.686 18.476 31.226  0.33
29.114964 19.802862 32.712336 
29.769131 20.128936 31.882476 
29.511092 20.419759 31.887707 
29.036241 20.071127 32.576055 
FEnd
FBeg
 3489    O SER B  54  6008    O HOH B1038 hbw
30.992 19.492 33.443 28.686 18.476 31.226  3.29
29.113854 19.233822 32.974269 
29.151186 19.081927 33.005049 
30.688223 17.889930 31.952573 
30.862676 18.593654 31.448616 
30.787236 19.118233 31.286682 
29.769131 20.128936 31.882476 
29.114964 19.802862 32.712336 
FEnd
FBeg
 3481    C THR B  53  6008    O HOH B1038 unk
28.722 19.327 35.382 28.686 18.476 31.226  0.06
28.498977 18.824944 33.063319 
29.151186 19.081927 33.005049 
29.113854 19.233822 32.974269 
FEnd
FBeg
 3485  CG2 THR B  53  6008    O HOH B1038 unk
29.579 16.908 34.306 28.686 18.476 31.226  6.06
28.331025 18.746761 33.072212 
28.160617 18.251768 32.869623 
27.690536 16.064954 31.892628 
27.702938 15.814378 31.761467 
27.725375 15.808488 31.751963 
29.560930 16.722050 31.684857 
30.688223 17.889930 31.952573 
29.151186 19.081927 33.005049 
28.498977 18.824944 33.063319 
FEnd

+-+CCS_record::Boundary loops before union-find
Start boundary loop loop_id 2  init_edge IE_B_Wi
xyz 29.2833 9.23422 36.2644
xyz 28.3845 9.87832 36.7533
xyz 27.8678 10.4077 36.9197
xyz 25.7522 13.8346 36.6939
xyz 25.7405 14.8736 36.8722
xyz 25.3151 15.0162 37.1251
xyz 23.763 13.6645 37.7378
xyz 23.5791 13.0923 37.7423
xyz 22.8174 13.289 37.3987
xyz 22.1297 11.5675 38.835
xyz 20.838 9.70687 39.3485
xyz 17.7225 10.531 39.3527
xyz 19.5766 14.6396 38.2816
xyz 19.687 16.3621 37.21
xyz 18.206 16.321 35.8554
xyz 17.6227 16.0169 35.5183
xyz 17.61 15.9994 35.4507
xyz 16.6305 14.5323 35.0765
xyz 16.0372 13.6242 35.6699
xyz 15.7893 12.7599 36.0279
xyz 17.8097 12.9244 34.6711
xyz 19.1667 12.5997 34.6029
xyz 20.5857 11.4607 36.0804
xyz 22.2128 13.6762 35.6375
xyz 23.1266 13.7476 34.0712
xyz 23.7797 13.6193 34.1063
xyz 25.411 11.9019 33.3855
xyz 26.5378 10.8934 33.6401
xyz 30.2669 11.0937 32.0788
xyz 28.2629 13.458 31.2382
xyz 27.7458 15.6367 31.7801
xyz 30.296 11.8743 32.4853
xyz 29.8822 12.1945 33.4971
xyz 29.365 9.27922 36.1454
End loop
Boundary info init_edge IE_B_Wi [total exposed]: 67.437422 67.437422
Start boundary loop loop_id 3  init_edge IE_B_Wi
xyz 24.7571 22.7847 23.4399
xyz 25.0675 20.7233 23.9857
xyz 25.5376 20.2233 24.3714
xyz 25.6871 18.8158 25.3033
xyz 25.0104 18.9568 25.1232
xyz 24.1428 19.0537 26.5155
xyz 22.5118 17.7029 28.0593
xyz 22.5107 17.5368 28.3757
xyz 21.9016 17.4521 28.5013
xyz 21.8998 17.4527 28.5001
xyz 21.6745 17.6442 28.5093
xyz 21.6128 17.4375 28.4679
xyz 20.4818 16.8282 29.3144
xyz 18.0692 15.7606 29.228
xyz 17.9158 15.7163 29.0306
xyz 17.9082 16.1304 25.628
xyz 16.2786 16.8201 24.8218
xyz 13.1772 17.8678 25.4803
xyz 13.177 17.8676 25.4826
xyz 13.478 19.5242 25.4345
xyz 13.5282 19.6811 25.1384
xyz 16.4238 21.492 24.3687
xyz 18.7908 22.2768 25.3068
xyz 20.1176 21.6104 28.3253
xyz 20.155 21.3683 28.9134
xyz 20.0842 21.683 29.7706
xyz 19.4034 21.7543 31.5795
xyz 19.8044 21.7355 31.9387
xyz 20.726 21.6758 31.7546
xyz 20.8553 21.6645 31.5486
xyz 21.8005 20.6541 30.5075
xyz 23.1813 20.9842 30.9158
xyz 24.5822 21.4382 30.9924
xyz 24.6709 21.4066 30.9901
xyz 25.9474 21.1769 30.5921
xyz 25.9492 21.1746 30.5915
xyz 26.485 20.8705 30.1713
xyz 27.2169 20.4587 30.0387
xyz 28.2661 19.8913 32.5345
xyz 29.0362 20.0711 32.5761
xyz 29.5111 20.4198 31.8877
xyz 29.4479 20.7096 30.9695
xyz 29.5525 22.4219 30.6627
xyz 28.6951 24.0942 29.7054
xyz 28.7301 24.4729 29.4034
xyz 30.6397 25.1312 28.1908
xyz 33.1379 25.8508 25.6881
xyz 33.9789 24.4853 25.913
xyz 33.9042 21.9919 27.629
xyz 37.658 22.6463 28.472
xyz 37.6943 22.5935 28.4919
xyz 36.2068 18.1625 28.989
xyz 35.2694 17.8711 28.804
xyz 34.4305 16.9212 27.1076
xyz 34.8788 16.4858 25.9194
xyz 35.289 16.4767 25.6968
xyz 35.9486 16.6709 25.8031
xyz 37.5294 18.3454 22.2906
xyz 37.7291 18.5928 22.1182
xyz 37.6321 18.9744 22.0261
xyz 37.458 19.1498 22.0395
xyz 34.9556 20.0382 22.8034
xyz 32.6456 21.787 24.1453
xyz 32.2395 20.7445 24.6411
xyz 32.0598 21.1777 25.2722
xyz 32.0629 21.5393 25.4312
xyz 32.5275 23.0137 24.9937
xyz 31.9831 24.1273 24.88
xyz 30.9418 24.7703 24.9902
xyz 28.6362 23.8662 25.7476
xyz 27.4575 24.0795 24.9552
xyz 25.2252 23.7315 23.5811
End loop
Boundary info init_edge IE_B_Wi [total exposed]: 108.820518 108.820518
+-+Surf_areas::Interface areas<Areas altogether before UFind>: IE_A_B: 139.33 IE_A_Wi: 109.04 IE_B_Wi: 126.71 
+-+Surf_areas::Chem Interface areas<Areas altogether before UFind>: ali: 46.32 aro: 4.71 hbd: 10.58 hbw: 81.49 hbdp: 0.00 elu: 0.00 elf: 0.00 hbwp: 0.00 ssb: 0.00 unk: 231.98 
+++UnionFindAlgo::processing merged ccs...

+-+MCC_record::Boundary nets of merged cc after union-find
Start boundary net with  1 loops
Start boundary loop loop_id 1
Start boundary loop auf loop_id 1  init_edge IE_A_B
xyz 12.6893 13.8148 32.4559
xyz 13.4061 13.9851 31.4944
xyz 11.4382 14.3242 29.9306
xyz 11.2443 14.6481 29.2037
xyz 11.0205 14.7937 28.9839
xyz 11.1769 15.4158 28.3556
xyz 12.1604 16.6311 27.3177
xyz 15.6555 16.6261 28.3
xyz 17.1788 15.9301 29.4776
xyz 17.3338 15.9583 29.6225
xyz 17.9493 17.3085 30.512
xyz 18.2425 17.6961 30.73
xyz 18.2452 17.6993 30.7317
xyz 19.0216 17.7298 33.0296
xyz 19.2276 17.7158 33.2283
xyz 19.3985 17.806 33.379
xyz 20.5954 18.1606 33.2926
xyz 21.1136 18.2162 32.8528
xyz 21.3299 18.2 32.5068
xyz 21.828 18.565 31.5087
xyz 21.9349 18.6485 30.0571
xyz 22.6561 17.6888 29.5869
xyz 23.8614 17.8963 29.7143
xyz 24.9055 18.0206 29.303
xyz 26.3503 18.6495 29.0441
xyz 27.025 18.619 29.1624
xyz 27.2624 17.5438 29.9894
xyz 27.7029 15.8144 31.7615
xyz 27.6632 15.7488 31.7951
xyz 26.9084 15.5143 31.5504
xyz 24.9421 15.5092 32.0716
xyz 24.2703 15.7012 32.6202
xyz 24.1679 15.7381 32.603
xyz 23.6374 15.784 32.615
xyz 23.4102 16.0714 32.8541
xyz 22.9741 16.7827 33.4522
xyz 22.7849 16.7073 33.6863
xyz 22.0318 16.4446 35.3066
xyz 21.7324 15.6333 36.0099
xyz 19.1546 15.8066 34.6095
xyz 18.4209 15.9759 34.6799
xyz 17.6318 14.8804 34.4538
xyz 17.4666 14.7393 34.4835
xyz 16.6305 14.5323 35.0765
xyz 13.8742 14.4074 34.2117
xyz 12.4893 13.9016 34.169
End loop. Loop info [total exposed]: 55.193 17.4947
End net. Net info [total exposed]: 55.193 17.4947
Start boundary net with  2 loops
Start boundary loop loop_id 0
Start boundary loop auf loop_id 0  init_edge IE_A_B
xyz 31.8441 11.1748 31.9939
xyz 34.5516 14.0691 31.1854
xyz 34.7571 13.9261 30.9736
xyz 35.0996 16.643 29.9435
xyz 35.107 17.2147 29.6414
xyz 34.8843 17.3838 29.2554
xyz 35.2694 17.8711 28.804
xyz 33.5843 21.3199 27.6799
xyz 32.4983 20.3831 28.7102
xyz 31.7418 20.2206 29.7405
xyz 30.2252 19.9069 30.6451
xyz 30.7872 19.1182 31.2867
xyz 30.8627 18.5937 31.4486
xyz 30.6882 17.8899 31.9526
xyz 29.5609 16.7221 31.6849
xyz 27.7254 15.8085 31.752
xyz 27.7458 15.6367 31.7801
xyz 30.296 11.8743 32.4853
xyz 30.4978 12.152 32.4498
xyz 30.6931 13.7676 32.2017
xyz 30.8075 11.6204 32.2482
xyz 31.4122 10.991 32.113
End loop. Loop info [total exposed]: 34.617 14.8744
Start boundary loop loop_id 2
Start boundary loop auf loop_id 2  init_edge IE_B_Wi
xyz 29.2833 9.23422 36.2644
xyz 28.3845 9.87832 36.7533
xyz 27.8678 10.4077 36.9197
xyz 25.7522 13.8346 36.6939
xyz 25.7405 14.8736 36.8722
xyz 25.3151 15.0162 37.1251
xyz 23.763 13.6645 37.7378
xyz 23.5791 13.0923 37.7423
xyz 22.8174 13.289 37.3987
xyz 22.1297 11.5675 38.835
xyz 20.838 9.70687 39.3485
xyz 17.7225 10.531 39.3527
xyz 19.5766 14.6396 38.2816
xyz 19.687 16.3621 37.21
xyz 18.206 16.321 35.8554
xyz 17.6227 16.0169 35.5183
xyz 17.61 15.9994 35.4507
xyz 16.6305 14.5323 35.0765
xyz 16.0372 13.6242 35.6699
xyz 15.7893 12.7599 36.0279
xyz 17.8097 12.9244 34.6711
xyz 19.1667 12.5997 34.6029
xyz 20.5857 11.4607 36.0804
xyz 22.2128 13.6762 35.6375
xyz 23.1266 13.7476 34.0712
xyz 23.7797 13.6193 34.1063
xyz 25.411 11.9019 33.3855
xyz 26.5378 10.8934 33.6401
xyz 30.2669 11.0937 32.0788
xyz 28.2629 13.458 31.2382
xyz 27.7458 15.6367 31.7801
xyz 30.296 11.8743 32.4853
xyz 29.8822 12.1945 33.4971
xyz 29.365 9.27922 36.1454
End loop. Loop info [total exposed]: 67.4374 62.8378
End net. Net info [total exposed]: 102.054 77.7122
Start boundary net with  1 loops
Start boundary loop loop_id 3
Start boundary loop auf loop_id 3  init_edge IE_B_Wi
xyz 24.7571 22.7847 23.4399
xyz 25.0675 20.7233 23.9857
xyz 25.5376 20.2233 24.3714
xyz 25.6871 18.8158 25.3033
xyz 25.0104 18.9568 25.1232
xyz 24.1428 19.0537 26.5155
xyz 22.5118 17.7029 28.0593
xyz 22.5107 17.5368 28.3757
xyz 21.9016 17.4521 28.5013
xyz 21.8998 17.4527 28.5001
xyz 21.6745 17.6442 28.5093
xyz 21.6128 17.4375 28.4679
xyz 20.4818 16.8282 29.3144
xyz 18.0692 15.7606 29.228
xyz 17.9158 15.7163 29.0306
xyz 17.9082 16.1304 25.628
xyz 16.2786 16.8201 24.8218
xyz 13.1772 17.8678 25.4803
xyz 13.177 17.8676 25.4826
xyz 13.478 19.5242 25.4345
xyz 13.5282 19.6811 25.1384
xyz 16.4238 21.492 24.3687
xyz 18.7908 22.2768 25.3068
xyz 20.1176 21.6104 28.3253
xyz 20.155 21.3683 28.9134
xyz 20.0842 21.683 29.7706
xyz 19.4034 21.7543 31.5795
xyz 19.8044 21.7355 31.9387
xyz 20.726 21.6758 31.7546
xyz 20.8553 21.6645 31.5486
xyz 21.8005 20.6541 30.5075
xyz 23.1813 20.9842 30.9158
xyz 24.5822 21.4382 30.9924
xyz 24.6709 21.4066 30.9901
xyz 25.9474 21.1769 30.5921
xyz 25.9492 21.1746 30.5915
xyz 26.485 20.8705 30.1713
xyz 27.2169 20.4587 30.0387
xyz 28.2661 19.8913 32.5345
xyz 29.0362 20.0711 32.5761
xyz 29.5111 20.4198 31.8877
xyz 29.4479 20.7096 30.9695
xyz 29.5525 22.4219 30.6627
xyz 28.6951 24.0942 29.7054
xyz 28.7301 24.4729 29.4034
xyz 30.6397 25.1312 28.1908
xyz 33.1379 25.8508 25.6881
xyz 33.9789 24.4853 25.913
xyz 33.9042 21.9919 27.629
xyz 37.658 22.6463 28.472
xyz 37.6943 22.5935 28.4919
xyz 36.2068 18.1625 28.989
xyz 35.2694 17.8711 28.804
xyz 34.4305 16.9212 27.1076
xyz 34.8788 16.4858 25.9194
xyz 35.289 16.4767 25.6968
xyz 35.9486 16.6709 25.8031
xyz 37.5294 18.3454 22.2906
xyz 37.7291 18.5928 22.1182
xyz 37.6321 18.9744 22.0261
xyz 37.458 19.1498 22.0395
xyz 34.9556 20.0382 22.8034
xyz 32.6456 21.787 24.1453
xyz 32.2395 20.7445 24.6411
xyz 32.0598 21.1777 25.2722
xyz 32.0629 21.5393 25.4312
xyz 32.5275 23.0137 24.9937
xyz 31.9831 24.1273 24.88
xyz 30.9418 24.7703 24.9902
xyz 28.6362 23.8662 25.7476
xyz 27.4575 24.0795 24.9552
xyz 25.2252 23.7315 23.5811
End loop. Loop info [total exposed]: 108.821 108.821
End net. Net info [total exposed]: 108.821 108.821
+-+Surf_areas::Interface areas<for merged connected component>: IE_A_B: 139.33 IE_A_Wi: 109.04 IE_B_Wi: 126.71 
+-+Surf_areas::Chem Interface areas<for merged connected component>: ali: 46.32 aro: 4.71 hbd: 10.58 hbw: 81.49 hbdp: 0.00 elu: 0.00 elf: 0.00 hbwp: 0.00 ssb: 0.00 unk: 231.98 
+-+MCC_record::dump_stats::Nb loops_before - nets_after uf merge: 4 3
