Begin VSO per interface edge
259 3151  1
259 3152  1
260 3152  1
261 3152  1
262 3152  1
271 3160  2
271 3178  2
272 3178  1
273 3178  1
274 3160  3
274 3178  2
274 3179  1
275 3158  2
275 3159  2
275 3160  3
276 3159  1
293 3160  1
293 3178  2
295 3151  1
295 3158  1
295 3159  1
295 3160  2
1852 3179  2
1858 3179  2
1861 3179  2
1864 3179  2
1865 3179  3
1868 3158  3
1868 3159  3
1868 3160  4
1868 3176  3
1868 3177  3
1868 3178  3
1868 3179  2
1869 3157  5
1869 3158  4
1869 3160  5
1870 3154  3
1870 3157  4
1870 3158  3
1870 3159  2
1871 3157  5
1871 3158  5
1871 3160  5
1871 3173  5
1871 3174  5
1871 3175  5
1871 3176  4
1871 3178  4
1872 3154  3
1872 3155  3
1872 3156  2
1872 3157  4
1873 3157  5
1873 3161  4
1873 3163  3
1873 3164  2
1873 3165  4
1873 3166  3
1873 3170  4
1873 3171  3
1873 3172  4
1873 3173  4
1873 3174  5
1873 3175  4
1874 3154  4
1874 3155  3
1874 3157  4
1874 3161  3
1874 3162  2
1874 3163  3
1874 3164  2
1875 3155  2
1875 3156  1
1875 3161  2
1875 3162  1
1875 3163  2
1875 3164  1
1881 3159  1
1882 3153  1
1882 3154  2
1882 3159  1
1907 3153  1
1907 3154  2
1907 3156  1
2044 3179  3
2045 3173  6
2045 3176  5
2045 3179  3
2046 3173  5
2047 3173  5
2047 3176  4
2047 3179  3
2051 3179  2
2057 3176  4
2057 3179  3
2057 3180  4
2058 3180  4
2060 3176  5
2060 3180  5
2061 3180  4
2062 3179  2
2062 3180  3
2063 3179  2
2063 3180  3
2066 3178  2
2066 3179  1
2066 3180  2
2068 3180  3
2069 3180  4
2070 3180  4
2072 3180  3
2073 3172  1
2073 3174  2
2073 3178  2
2073 3180  3
2074 3174  1
2074 3178  1
2074 3180  2
2075 3180  4
2079 3180  5
2080 3172  2
2080 3174  3
2080 3180  4
2084 3172  1
2122 3173  5
2125 3173  5
2125 3176  5
2145 3208  4
2145 3209  3
2146 3186  3
2146 3209  4
2146 3210  3
2147 3205  2
2147 3208  3
2147 3209  4
2148 3208  3
2148 3209  4
2148 3210  3
2149 3186  2
2149 3191  1
2149 3204  2
2149 3205  1
2149 3208  2
2149 3210  2
2198 3187  1
2201 3186  2
2201 3187  2
2202 3187  2
2203 3185  1
2203 3186  1
2203 3187  1
2204 3187  1
2205 3164  1
2205 3186  3
2205 3187  2
2207 3171  4
2207 3173  5
2207 3186  4
2208 3164  2
2208 3166  3
2208 3167  4
2208 3169  3
2208 3171  4
2208 3181  4
2208 3185  4
2208 3186  4
2208 3187  3
2209 3164  2
2209 3166  3
2209 3171  3
2209 3173  4
2211 3173  5
2213 3173  5
2213 3176  5
2214 3171  4
2214 3173  5
2215 3166  3
2215 3167  3
2215 3169  2
2215 3171  3
2215 3181  3
2215 3184  2
2216 3171  3
2216 3173  4
2218 3184  1
2218 3189  1
2218 3190  2
2218 3195  1
2218 3196  2
2218 3200  2
2218 3210  3
2219 3196  2
2219 3199  2
2219 3200  1
2219 3210  2
2220 3181  3
2220 3182  4
2220 3183  3
2220 3184  2
2220 3185  4
2220 3186  3
2220 3189  2
2220 3190  3
2220 3191  2
2220 3195  2
2220 3196  3
2220 3210  3
2221 3169  1
2221 3171  2
2221 3184  1
2223 3200  2
2224 3200  1
2226 3169  1
2226 3170  2
2226 3171  2
2226 3172  2
2226 3174  3
2226 3180  4
2228 3170  3
2228 3171  3
2228 3172  3
2228 3173  4
2228 3174  4
2228 3175  4
2228 3176  5
2228 3180  5
2229 3200  3
2230 3200  2
2230 3201  3
2230 3203  3
2233 3201  3
2233 3202  2
2233 3203  3
2234 3200  2
2234 3201  2
2234 3202  1
2235 3200  2
2236 3200  2
2236 3201  3
2236 3203  2
2237 3203  2
2239 3203  2
2240 3200  1
2240 3203  1
2241 3200  1
2242 3200  1
2260 3201  2
2260 3202  2
2260 3203  2
2261 3202  2
2262 3201  1
2262 3202  1
2262 3203  1
2299 3202  1
2302 3202  1
2328 3209  1
2357 3216  1
2358 3216  1
2359 3216  1
2360 3207  1
2360 3213  2
2360 3214  1
2360 3216  2
2370 3208  3
2370 3209  2
2371 3208  3
2371 3209  2
2372 3208  3
2373 3206  3
2373 3207  2
2373 3208  2
2373 3209  1
2374 3205  1
2374 3208  2
2374 3211  1
2374 3215  1
2375 3206  3
2375 3207  2
2375 3208  3
2375 3213  2
2375 3216  1
2376 3205  2
2376 3206  3
2376 3208  3
2376 3211  2
2376 3212  2
2376 3213  2
2376 3215  1
2376 3216  1
2385 3209  3
2385 3210  3
2386 3209  1
2387 3209  2
2388 3199  2
2388 3200  2
2388 3202  1
2388 3209  2
2388 3210  2
End VSO per interface edge

Voronoi Facets of interface MI_AB
FBeg
 2047  NH2 ARG A 294  3179  O2P PTR B   7 unk
154.097 150.119 114.022 156.317 148.436 114.028  5.53
154.651894 149.474111 112.063623 
155.989761 151.247266 114.422823 
155.375788 150.440617 115.327759 
155.085930 150.058969 115.522823 
154.633912 149.462949 115.585951 
154.268782 148.969245 112.199950 
FEnd
FBeg
 2057   CA SER A 296  3179  O2P PTR B   7 unk
155.245 148.134 109.897 156.317 148.436 114.028  2.79
154.268782 148.969245 112.199950 
154.651894 149.474111 112.063623 
155.197407 149.969653 111.885835 
156.224380 149.716307 111.637855 
155.687496 147.889309 111.910741 
154.686678 148.042149 112.159281 
FEnd
FBeg
 2057   CA SER A 296  3176   OH PTR B   7 unk
155.245 148.134 109.897 153.924 147.339 114.446  0.92
154.686678 148.042149 112.159281 
154.268782 148.969245 112.199950 
154.186803 148.970756 112.176408 
153.577618 147.617485 111.763002 
153.988247 147.393120 111.843035 
FEnd
FBeg
 2060   CB SER A 296  3176   OH PTR B   7 unk
154.588 146.811 109.559 153.924 147.339 114.446  0.21
153.577618 147.617485 111.763002 
153.988247 147.393120 111.843035 
153.623079 146.893335 111.847417 
153.411494 147.427774 111.760927 
FEnd
FBeg
 2228  CD1 ILE A 318  3176   OH PTR B   7 unk
151.459 145.842 111.226 153.924 147.339 114.446  0.87
153.623079 146.893335 111.847417 
153.462592 146.297509 112.247278 
152.630204 147.256504 112.438651 
152.574714 147.484455 112.375154 
153.411494 147.427774 111.760927 
FEnd
FBeg
 2228  CD1 ILE A 318  3173  CE1 PTR B   7 unk
151.459 145.842 111.226 151.612 146.806 114.553  4.65
152.630204 147.256504 112.438651 
152.574714 147.484455 112.375154 
149.845318 147.691181 112.440773 
149.823638 147.686177 112.443220 
149.741940 147.085725 112.620958 
151.929953 144.939246 113.142281 
FEnd
FBeg
 2228  CD1 ILE A 318  3171  CD1 PTR B   7 unk
151.459 145.842 111.226 150.618 145.870 114.871  1.86
149.741940 147.085725 112.620958 
149.519358 145.785713 112.579589 
151.812659 144.853596 113.115876 
151.875132 144.874855 113.130127 
151.930560 144.936829 113.142439 
151.929953 144.939246 113.142281 
FEnd
FBeg
 2228  CD1 ILE A 318  3172  CD2 PTR B   7 unk
151.459 145.842 111.226 152.310 144.257 115.373  0.02
151.875132 144.874855 113.130127 
151.865676 144.832422 113.115849 
152.078429 144.749711 113.040578 
151.937516 144.934016 113.139937 
151.930560 144.936829 113.142439 
FEnd
FBeg
 2228  CD1 ILE A 318  3174  CE2 PTR B   7 unk
151.459 145.842 111.226 153.292 145.176 115.061  0.90
152.078429 144.749711 113.040578 
153.544845 144.188041 112.242139 
153.402379 145.136184 112.474891 
151.937516 144.934016 113.139937 
FEnd
FBeg
 2226  CG1 ILE A 318  3174  CE2 PTR B   7 unk
150.915 144.480 111.185 153.292 145.176 115.061  1.04
152.078429 144.749711 113.040578 
153.544845 144.188041 112.242139 
153.678547 143.775463 112.234230 
153.370295 143.195090 112.527485 
FEnd
FBeg
 2080   CG ARG A 299  3174  CE2 PTR B   7 unk
154.929 141.865 110.229 153.292 145.176 115.061  0.49
153.678547 143.775463 112.234230 
154.100933 143.414225 112.624856 
153.916528 142.772536 113.002083 
153.370295 143.195090 112.527485 
FEnd
FBeg
 2080   CG ARG A 299  3172  CD2 PTR B   7 unk
154.929 141.865 110.229 152.310 144.257 115.373  0.87
153.916528 142.772536 113.002083 
153.370295 143.195090 112.527485 
152.758542 142.200913 112.678319 
153.907538 142.226019 113.251641 
FEnd
FBeg
 2073  OG1 THR A 298  3172  CD2 PTR B   7 unk
156.434 143.259 113.336 152.310 144.257 115.373  6.33
153.907538 142.226019 113.251641 
153.916528 142.772536 113.002083 
155.536062 142.243185 116.540253 
155.749995 139.724603 118.207314 
155.410048 139.922157 117.422286 
FEnd
FBeg
 2084  NH1 ARG A 299  3172  CD2 PTR B   7 unk
153.999 139.600 112.192 152.310 144.257 115.373  16.50
152.758542 142.200913 112.678319 
153.907538 142.226019 113.251641 
155.410048 139.922157 117.422286 
154.095291 138.663257 118.567232 
152.852058 138.923019 117.526826 
152.691375 139.022767 117.295477 
151.408097 141.431848 113.087194 
FEnd
FBeg
 2073  OG1 THR A 298  3174  CE2 PTR B   7 unk
156.434 143.259 113.336 153.292 145.176 115.061  4.46
154.100933 143.414225 112.624856 
155.669070 143.938850 114.898121 
155.692225 143.771026 115.126800 
155.536062 142.243185 116.540253 
153.916528 142.772536 113.002083 
FEnd
FBeg
 2074  CG2 THR A 298  3174  CE2 PTR B   7 unk
158.216 144.249 114.603 153.292 145.176 115.061  1.08
155.692225 143.771026 115.126800 
155.688198 142.475961 117.704736 
155.536062 142.243185 116.540253 
FEnd
FBeg
 2074  CG2 THR A 298  3178  O1P PTR B   7 unk
158.216 144.249 114.603 156.163 146.451 115.706  17.55
155.692225 143.771026 115.126800 
155.688198 142.475961 117.704736 
155.712540 142.404763 117.892182 
158.060825 144.471052 118.137932 
159.446964 146.497852 116.671684 
159.596684 147.075355 115.797444 
158.074235 146.541442 114.029618 
155.763104 143.961655 114.878158 
FEnd
FBeg
 2074  CG2 THR A 298  3180  O3P PTR B   7 unk
158.216 144.249 114.603 155.736 146.004 113.184  2.87
158.074235 146.541442 114.029618 
158.151651 146.361139 113.671320 
157.528871 145.069311 113.162044 
156.038668 144.008249 114.454178 
155.763104 143.961655 114.878158 
FEnd
FBeg
 2072   CB THR A 298  3180  O3P PTR B   7 unk
157.868 143.330 113.447 155.736 146.004 113.184  2.21
157.528871 145.069311 113.162044 
156.038668 144.008249 114.454178 
156.230979 143.922611 112.024509 
157.445796 144.990839 113.037641 
FEnd
FBeg
 2069   CA THR A 298  3180  O3P PTR B   7 unk
158.476 143.881 112.137 155.736 146.004 113.184  0.95
156.230979 143.922611 112.024509 
156.201364 143.911982 111.968558 
156.377532 144.310771 111.620967 
156.597658 144.663019 111.482784 
157.445796 144.990839 113.037641 
FEnd
FBeg
 2075    N ARG A 299  3180  O3P PTR B   7 unk
157.245 143.830 110.046 155.736 146.004 113.184  1.18
156.377532 144.310771 111.620967 
155.716185 143.781057 111.669923 
155.464612 144.049013 111.363308 
155.446036 144.223362 111.233586 
156.547587 145.534050 110.855257 
156.597658 144.663019 111.482784 
FEnd
FBeg
 2061   OG SER A 296  3180  O3P PTR B   7 unk
155.010 145.840 110.502 155.736 146.004 113.184  4.79
155.446036 144.223362 111.233586 
155.004440 144.142474 111.358070 
153.802302 144.144631 111.683349 
153.782278 145.919619 111.580231 
156.144386 146.302494 110.917412 
156.438086 146.040621 110.853922 
156.618969 145.842604 110.817067 
156.547587 145.534050 110.855257 
FEnd
FBeg
 2062    N CYS A 297  3180  O3P PTR B   7 unk
157.238 147.744 111.207 155.736 146.004 113.184  2.80
156.438086 146.040621 110.853922 
155.973096 146.770710 111.143219 
155.687496 147.889309 111.910741 
157.211039 147.302788 112.552023 
157.239770 146.389786 111.770299 
156.618969 145.842604 110.817067 
FEnd
FBeg
 2063   CA CYS A 297  3180  O3P PTR B   7 unk
158.652 147.589 111.440 155.736 146.004 113.184  0.76
157.211039 147.302788 112.552023 
157.495038 147.125929 112.866141 
157.920389 146.567229 113.069572 
157.239770 146.389786 111.770299 
FEnd
FBeg
 2063   CA CYS A 297  3179  O2P PTR B   7 unk
158.652 147.589 111.440 156.317 148.436 114.028  0.16
157.211039 147.302788 112.552023 
157.495038 147.125929 112.866141 
157.315619 148.037307 112.405987 
FEnd
FBeg
 2066   CB CYS A 297  3179  O2P PTR B   7 unk
158.973 148.302 112.727 156.317 148.436 114.028  15.07
157.495038 147.125929 112.866141 
157.315619 148.037307 112.405987 
157.138048 150.177350 111.823054 
157.485115 151.245822 112.421543 
157.889868 151.316171 113.240605 
158.737545 150.476051 115.057673 
158.982153 150.047724 115.601157 
159.116039 149.013789 115.980979 
159.133311 148.445965 116.074725 
159.122345 148.239843 116.073569 
158.036672 146.593773 114.026702 
FEnd
FBeg
  274   CB PRO A  81  3179  O2P PTR B   7 unk
159.342 150.616 118.896 156.317 148.436 114.028  2.22
158.982153 150.047724 115.601157 
158.256735 150.179391 115.992972 
157.634029 149.575995 116.650139 
157.668177 149.029139 116.873814 
158.900975 148.490005 116.349183 
159.116039 149.013789 115.980979 
FEnd
FBeg
  274   CB PRO A  81  3178  O1P PTR B   7 unk
159.342 150.616 118.896 156.163 146.451 115.706  1.93
157.668177 149.029139 116.873814 
158.900975 148.490005 116.349183 
158.853145 148.194259 116.782987 
157.942758 147.827774 118.168733 
157.507310 148.187938 118.132433 
FEnd
FBeg
 1868   CB TYR A 274  3178  O1P PTR B   7 unk
154.902 149.915 117.860 156.163 146.451 115.706  5.38
157.507310 148.187938 118.132433 
157.668177 149.029139 116.873814 
155.154892 148.584633 116.117323 
155.114832 148.564674 116.125967 
154.579839 148.018238 116.691533 
154.981040 147.421402 117.886219 
FEnd
FBeg
 1868   CB TYR A 274  3160  OD2 ASP B   5 unk
154.902 149.915 117.860 155.840 146.408 119.154  2.51
154.981040 147.421402 117.886219 
157.507310 148.187938 118.132433 
157.411480 148.288691 118.474959 
156.897526 148.428728 119.227043 
155.157845 147.796562 118.774815 
154.935298 147.478770 118.074854 
FEnd
FBeg
 1871  CD2 TYR A 274  3160  OD2 ASP B   5 unk
152.873 148.455 117.812 155.840 146.408 119.154  1.16
154.935298 147.478770 118.074854 
154.981040 147.421402 117.886219 
154.082076 146.052004 117.784929 
153.886909 145.882269 117.957515 
154.099657 146.538156 118.487603 
154.600079 147.354546 118.626500 
FEnd
FBeg
 1871  CD2 TYR A 274  3158   CG ASP B   5 aro
152.873 148.455 117.812 155.528 146.391 120.378  0.52
154.099657 146.538156 118.487603 
154.600079 147.354546 118.626500 
153.856385 147.400559 119.432999 
FEnd
FBeg
 1869   CG TYR A 274  3158   CG ASP B   5 aro
153.679 149.353 118.504 155.528 146.391 120.378  1.93
154.600079 147.354546 118.626500 
153.856385 147.400559 119.432999 
153.836155 147.638875 119.829637 
155.377665 148.692643 119.974252 
155.157845 147.796562 118.774815 
FEnd
FBeg
 1870  CD1 TYR A 274  3158   CG ASP B   5 aro
153.293 149.742 119.784 155.528 146.391 120.378  2.33
153.836155 147.638875 119.829637 
153.904360 147.760272 120.257855 
154.816811 148.597769 121.549311 
155.867736 149.098621 120.420592 
155.377665 148.692643 119.974252 
FEnd
FBeg
 1870  CD1 TYR A 274  3159  OD1 ASP B   5 unk
153.293 149.742 119.784 156.199 146.982 121.265  0.46
154.816811 148.597769 121.549311 
155.867736 149.098621 120.420592 
155.933885 149.202990 120.485295 
155.923265 149.232815 120.561717 
154.841259 148.795168 121.869214 
FEnd
FBeg
 1882  OD1 ASP A 275  3159  OD1 ASP B   5 elu
155.555 151.018 122.083 156.199 146.982 121.265  4.11
155.923265 149.232815 120.561717 
154.841259 148.795168 121.869214 
154.969905 148.723508 122.324066 
156.510626 148.658767 123.856484 
156.660618 148.673841 123.900197 
156.941814 148.831235 123.344997 
157.007644 149.005082 122.539065 
156.947550 149.073642 122.153481 
FEnd
FBeg
  276   CD PRO A  81  3159  OD1 ASP B   5 unk
159.468 150.331 121.351 156.199 146.982 121.265  2.68
157.007644 149.005082 122.539065 
157.134777 148.865435 123.144679 
157.459623 148.532459 123.763462 
158.093850 147.927903 123.197968 
157.967296 148.106085 121.069745 
156.947550 149.073642 122.153481 
FEnd
FBeg
  295   OH TYR A  83  3159  OD1 ASP B   5 hbd
159.128 146.351 121.038 156.199 146.982 121.265  6.94
158.093850 147.927903 123.197968 
158.016225 147.401895 123.658539 
157.330814 144.738146 122.219143 
157.807954 147.821983 119.803463 
157.967296 148.106085 121.069745 
FEnd
FBeg
  295   OH TYR A  83  3158   CG ASP B   5 unk
159.128 146.351 121.038 155.528 146.391 120.378  10.82
157.330814 144.738146 122.219143 
157.807954 147.821983 119.803463 
157.869254 147.762330 119.465483 
157.828559 142.788817 119.386033 
157.770154 141.598471 119.632463 
157.404815 143.246086 121.725077 
FEnd
FBeg
  295   OH TYR A  83  3160  OD2 ASP B   5 hbd
159.128 146.351 121.038 155.840 146.408 119.154  2.16
157.869254 147.762330 119.465483 
157.965960 147.742719 119.296117 
158.290009 147.306166 118.717370 
157.828559 142.788817 119.386033 
FEnd
FBeg
  293  CE2 TYR A  83  3160  OD2 ASP B   5 unk
160.883 145.938 119.459 155.840 146.408 119.154  3.82
158.290009 147.306166 118.717370 
157.828559 142.788817 119.386033 
157.716564 141.557515 119.340384 
158.060825 144.471052 118.137932 
158.319734 147.287616 118.197311 
FEnd
FBeg
  271   CA PRO A  81  3160  OD2 ASP B   5 unk
160.374 149.580 119.300 155.840 146.408 119.154  0.62
157.965960 147.742719 119.296117 
158.290009 147.306166 118.717370 
158.319734 147.287616 118.197311 
157.942758 147.827774 118.168733 
157.835929 147.953118 118.763047 
FEnd
FBeg
  275   CG PRO A  81  3158   CG ASP B   5 ali
158.466 150.600 120.168 155.528 146.391 120.378  1.08
157.807954 147.821983 119.803463 
157.869254 147.762330 119.465483 
156.897526 148.428728 119.227043 
156.092910 149.043263 120.287136 
FEnd
FBeg
  295   OH TYR A  83  3151   CB SER B   4 unk
159.128 146.351 121.038 156.281 144.827 125.214  18.19
158.016225 147.401895 123.658539 
157.330814 144.738146 122.219143 
157.404815 143.246086 121.725077 
158.126630 139.065003 120.691321 
159.633027 140.098225 122.095379 
159.833567 143.997911 123.655259 
158.987342 146.444834 123.971329 
FEnd
FBeg
  259    O ASN A  79  3151   CB SER B   4 unk
160.612 148.884 124.181 156.281 144.827 125.214  1.37
158.987342 146.444834 123.971329 
158.016225 147.401895 123.658539 
157.623560 147.891135 123.933675 
157.841404 147.932319 125.008764 
FEnd
FBeg
  259    O ASN A  79  3152   OG SER B   4 hbd
160.612 148.884 124.181 157.400 145.106 126.050  1.63
157.841404 147.932319 125.008764 
158.987342 146.444834 123.971329 
159.016321 146.422380 123.975742 
157.631618 149.166380 127.142764 
FEnd
FBeg
  260   CB ASN A  79  3152   OG SER B   4 unk
161.586 147.238 126.033 157.400 145.106 126.050  16.64
159.016321 146.422380 123.975742 
157.631618 149.166380 127.142764 
157.476788 149.477596 128.048405 
158.035707 148.403914 131.021565 
159.508358 145.474035 126.198885 
159.821452 144.841335 123.945686 
159.421604 145.626178 123.917693 
FEnd
FBeg
  261   CG ASN A  79  3152   OG SER B   4 unk
162.060 145.870 126.483 157.400 145.106 126.050  3.46
159.508358 145.474035 126.198885 
160.307916 142.025542 123.678578 
160.183949 142.842074 123.572006 
159.971168 144.042029 123.744748 
159.821452 144.841335 123.945686 
FEnd
FBeg
  262  OD1 ASN A  79  3152   OG SER B   4 hbd
161.368 145.168 127.224 157.400 145.106 126.050  161.28
158.035707 148.403914 131.021565 
155.950474 127.577247 139.169312 
158.673060 130.145468 129.831622 
160.307916 142.025542 123.678578 
159.508358 145.474035 126.198885 
FEnd
FBeg
 1881   CG ASP A 275  3159  OD1 ASP B   5 unk
156.448 151.862 122.338 156.199 146.982 121.265  0.07
156.941814 148.831235 123.344997 
157.134777 148.865435 123.144679 
157.007644 149.005082 122.539065 
FEnd
FBeg
 1882  OD1 ASP A 275  3153    N ASP B   5 hbd
155.555 151.018 122.083 154.279 146.286 123.166  3.89
154.969905 148.723508 122.324066 
156.510626 148.658767 123.856484 
154.344167 149.464125 124.822830 
153.765962 149.225200 123.097636 
FEnd
FBeg
 1907   CE LYS A 278  3153    N ASP B   5 unk
151.565 151.547 123.347 154.279 146.286 123.166  2.87
154.344167 149.464125 124.822830 
153.765962 149.225200 123.097636 
152.005184 148.276451 124.272304 
151.990271 148.263722 124.418674 
153.326110 148.929881 125.086111 
FEnd
FBeg
 1907   CE LYS A 278  3156    O ASP B   5 unk
151.565 151.547 123.347 151.222 145.797 122.812  7.14
152.005184 148.276451 124.272304 
151.990271 148.263722 124.418674 
151.116888 148.161802 126.074018 
148.575140 148.298667 126.232602 
150.098384 148.503955 123.049659 
150.410912 148.497096 122.923001 
151.560765 148.401407 123.214242 
FEnd
FBeg
 1872  CE1 TYR A 274  3156    O ASP B   5 unk
152.131 149.251 120.358 151.222 145.797 122.812  0.52
150.410912 148.497096 122.923001 
151.560765 148.401407 123.214242 
151.503250 148.262686 122.997689 
150.797830 148.030610 122.409744 
FEnd
FBeg
 1872  CE1 TYR A 274  3155    C ASP B   5 ali
152.131 149.251 120.358 152.042 145.653 121.885  0.83
151.503250 148.262686 122.997689 
150.797830 148.030610 122.409744 
150.947165 147.871063 122.042515 
151.829876 147.587610 121.426075 
FEnd
FBeg
 1874   CZ TYR A 274  3155    C ASP B   5 ali
151.346 148.357 119.645 152.042 145.653 121.885  2.01
150.947165 147.871063 122.042515 
151.829876 147.587610 121.426075 
152.253293 146.662588 120.177880 
150.814692 146.605502 120.555962 
FEnd
FBeg
 1874   CZ TYR A 274  3161    N GLY B   6 unk
151.346 148.357 119.645 151.769 145.009 120.749  1.16
152.253293 146.662588 120.177880 
150.814692 146.605502 120.555962 
150.766775 146.548059 120.400120 
151.012824 146.336748 119.665023 
151.159489 146.298612 119.493174 
152.494252 146.564912 119.789341 
152.483056 146.602907 119.908856 
FEnd
FBeg
 1874   CZ TYR A 274  3157   CB ASP B   5 ali
151.346 148.357 119.645 154.295 145.574 120.806  0.22
152.494252 146.564912 119.789341 
153.393022 147.500606 119.749345 
153.405372 147.518382 119.760584 
153.401704 147.521785 119.778057 
153.281325 147.474335 119.970087 
152.483056 146.602907 119.908856 
FEnd
FBeg
 1872  CE1 TYR A 274  3157   CB ASP B   5 ali
152.131 149.251 120.358 154.295 145.574 120.806  0.03
153.401704 147.521785 119.778057 
153.281325 147.474335 119.970087 
153.497005 147.610637 120.046988 
FEnd
FBeg
 1873  CE2 TYR A 274  3157   CB ASP B   5 ali
151.708 147.955 118.375 154.295 145.574 120.806  2.07
152.494252 146.564912 119.789341 
153.393022 147.500606 119.749345 
153.341219 145.723374 118.063793 
153.031786 145.460892 118.136000 
152.804940 145.331152 118.250331 
FEnd
FBeg
 1873  CE2 TYR A 274  3172  CD2 PTR B   7 unk
151.708 147.955 118.375 152.310 144.257 115.373  0.88
153.031786 145.460892 118.136000 
152.804940 145.331152 118.250331 
152.443058 145.298044 118.218545 
151.784292 145.614476 117.696645 
151.960767 146.180063 117.035319 
151.971742 146.188880 117.026658 
152.007977 146.183135 117.041002 
FEnd
FBeg
 1873  CE2 TYR A 274  3175   CZ PTR B   7 unk
151.708 147.955 118.375 152.937 146.439 114.663  0.27
151.971742 146.188880 117.026658 
151.963092 146.218643 117.011639 
152.188840 146.964746 116.781669 
152.616781 146.391020 117.157668 
152.007977 146.183135 117.041002 
FEnd
FBeg
 1871  CD2 TYR A 274  3175   CZ PTR B   7 unk
152.873 148.455 117.812 152.937 146.439 114.663  2.00
152.188840 146.964746 116.781669 
152.616781 146.391020 117.157668 
153.969126 146.714529 116.978042 
153.993820 146.836813 116.900257 
152.585618 148.168658 116.018986 
FEnd
FBeg
 1871  CD2 TYR A 274  3173  CE1 PTR B   7 unk
152.873 148.455 117.812 151.612 146.806 114.553  2.39
152.585618 148.168658 116.018986 
152.188840 146.964746 116.781669 
151.140576 148.811657 116.252767 
151.265317 149.075491 116.071005 
151.607173 149.335626 115.807107 
152.249268 149.516831 115.466975 
FEnd
FBeg
 2213  NE2 GLN A 316  3173  CE1 PTR B   7 unk
151.086 151.645 116.138 151.612 146.806 114.553  1.06
151.607173 149.335626 115.807107 
152.249268 149.516831 115.466975 
152.229532 149.569094 115.300870 
151.984677 149.683666 114.869823 
151.953767 149.690212 114.839579 
150.915471 149.721455 114.399625 
151.208939 149.415981 115.429626 
FEnd
FBeg
 2046  NH1 ARG A 294  3173  CE1 PTR B   7 unk
152.297 151.349 113.259 151.612 146.806 114.553  0.99
151.953767 149.690212 114.839579 
152.093516 149.370389 113.790713 
150.603087 149.638994 113.944756 
150.915471 149.721455 114.399625 
FEnd
FBeg
 2045   CZ ARG A 294  3173  CE1 PTR B   7 unk
153.605 151.222 113.472 151.612 146.806 114.553  0.13
151.984677 149.683666 114.869823 
152.215466 149.379795 114.053973 
152.218989 149.302098 113.743070 
152.093516 149.370389 113.790713 
151.953767 149.690212 114.839579 
FEnd
FBeg
 2045   CZ ARG A 294  3176   OH PTR B   7 unk
153.605 151.222 113.472 153.924 147.339 114.446  0.07
152.215466 149.379795 114.053973 
152.218989 149.302098 113.743070 
152.649904 149.255456 113.415993 
FEnd
FBeg
 2047  NH2 ARG A 294  3173  CE1 PTR B   7 unk
154.097 150.119 114.022 151.612 146.806 114.553  0.19
152.229532 149.569094 115.300870 
152.215466 149.379795 114.053973 
151.984677 149.683666 114.869823 
FEnd
FBeg
 2213  NE2 GLN A 316  3176   OH PTR B   7 unk
151.086 151.645 116.138 153.924 147.339 114.446  0.01
152.249268 149.516831 115.466975 
152.229532 149.569094 115.300870 
152.364535 149.587921 115.479397 
FEnd
FBeg
 2211   CD GLN A 316  3173  CE1 PTR B   7 unk
150.201 151.097 116.955 151.612 146.806 114.553  0.14
151.265317 149.075491 116.071005 
151.607173 149.335626 115.807107 
151.208939 149.415981 115.429626 
FEnd
FBeg
 2209   CB GLN A 316  3173  CE1 PTR B   7 unk
148.683 149.269 116.118 151.612 146.806 114.553  6.12
151.140576 148.811657 116.252767 
151.265317 149.075491 116.071005 
151.208939 149.415981 115.429626 
150.915471 149.721455 114.399625 
150.603087 149.638994 113.944756 
149.473667 148.749125 113.231450 
149.271151 148.176696 113.753317 
149.267123 148.043391 113.955575 
150.411567 147.725631 116.597567 
FEnd
FBeg
 2209   CB GLN A 316  3171  CD1 PTR B   7 unk
148.683 149.269 116.118 150.618 145.870 114.871  3.46
149.267123 148.043391 113.955575 
150.411567 147.725631 116.597567 
149.604034 147.019636 117.268861 
149.306977 146.881952 117.183201 
148.804213 146.763783 116.725148 
148.756529 146.842594 116.436336 
FEnd
FBeg
 2207    C GLN A 316  3171  CD1 PTR B   7 unk
147.137 147.627 115.005 150.618 145.870 114.871  3.25
148.756529 146.842594 116.436336 
149.267123 148.043391 113.955575 
149.239282 148.003765 113.751914 
148.857158 147.244242 113.784055 
148.163664 145.799916 114.706640 
FEnd
FBeg
 2215   CA THR A 317  3171  CD1 PTR B   7 unk
146.882 146.424 112.930 150.618 145.870 114.871  3.85
148.857158 147.244242 113.784055 
149.207827 147.582238 113.205564 
148.995334 145.362249 112.980937 
148.679559 144.487171 113.338972 
148.056116 145.223596 114.749152 
148.163664 145.799916 114.706640 
FEnd
FBeg
 2215   CA THR A 317  3169   CB PTR B   7 unk
146.882 146.424 112.930 149.905 143.610 115.736  1.91
148.679559 144.487171 113.338972 
148.056116 145.223596 114.749152 
147.635936 144.842259 114.819402 
147.538338 144.719701 114.801640 
147.449189 144.398122 114.575188 
147.805289 143.569145 113.360209 
FEnd
FBeg
 2221    N ILE A 318  3169   CB PTR B   7 unk
148.028 145.292 111.174 149.905 143.610 115.736  2.01
147.805289 143.569145 113.360209 
148.679559 144.487171 113.338972 
149.053285 144.281371 113.109327 
148.509416 142.341030 112.617698 
148.183112 141.825211 112.561772 
148.072444 141.813940 112.603149 
FEnd
FBeg
 2221    N ILE A 318  3184    O THR B   8 hbd
148.028 145.292 111.174 145.609 143.453 114.584  2.98
148.072444 141.813940 112.603149 
147.805289 143.569145 113.360209 
146.980736 143.608678 112.796604 
146.119502 142.627990 111.656777 
146.987723 142.064594 111.968842 
FEnd
FBeg
 2218   CB THR A 317  3184    O THR B   8 unk
145.470 145.974 112.520 145.609 143.453 114.584  2.63
146.980736 143.608678 112.796604 
146.119502 142.627990 111.656777 
145.810727 142.526898 111.554096 
145.116702 143.236073 112.467032 
146.485174 144.330244 113.711309 
FEnd
FBeg
 2220  CG2 THR A 317  3184    O THR B   8 unk
144.640 145.652 113.716 145.609 143.453 114.584  3.40
145.116702 143.236073 112.467032 
144.660616 143.502726 113.651729 
146.091753 144.766172 115.254893 
146.710283 144.906182 114.919094 
146.485174 144.330244 113.711309 
FEnd
FBeg
 2220  CG2 THR A 317  3181    N THR B   8 unk
144.640 145.652 113.716 146.755 143.825 116.850  0.53
146.091753 144.766172 115.254893 
146.710283 144.906182 114.919094 
146.708863 144.918728 114.927366 
145.691549 145.562843 115.989401 
145.624071 145.422747 115.953268 
145.614448 145.385704 115.938168 
145.824176 144.909376 115.518951 
FEnd
FBeg
 2220  CG2 THR A 317  3182   CA THR B   8 ali
144.640 145.652 113.716 145.463 143.169 116.949  0.21
145.614448 145.385704 115.938168 
145.102048 144.972702 115.751413 
145.824176 144.909376 115.518951 
FEnd
FBeg
 2220  CG2 THR A 317  3185   CB THR B   8 ali
144.640 145.652 113.716 144.461 144.092 117.657  0.06
145.624071 145.422747 115.953268 
144.819483 144.911261 115.714258 
145.102048 144.972702 115.751413 
145.614448 145.385704 115.938168 
FEnd
FBeg
 2220  CG2 THR A 317  3186  OG1 THR B   8 unk
144.640 145.652 113.716 144.057 145.149 116.755  5.91
145.691549 145.562843 115.989401 
145.341590 146.400263 116.060871 
144.673697 147.237828 116.071372 
144.527700 147.330952 116.058778 
144.003598 147.321886 115.956734 
143.454493 147.083828 115.811992 
142.537768 145.838736 115.430046 
143.447435 144.512817 115.385097 
144.819483 144.911261 115.714258 
145.624071 145.422747 115.953268 
FEnd
FBeg
 2220  CG2 THR A 317  3191    O PRO B   9 unk
144.640 145.652 113.716 142.380 144.084 114.232  3.23
142.537768 145.838736 115.430046 
142.084110 146.090003 114.206633 
142.220292 145.670952 113.529693 
142.571404 145.124707 113.407607 
143.548675 144.214773 114.922829 
143.447435 144.512817 115.385097 
FEnd
FBeg
 2220  CG2 THR A 317  3190    C PRO B   9 ali
144.640 145.652 113.716 142.658 143.142 113.487  4.46
142.571404 145.124707 113.407607 
143.760637 144.279324 112.380769 
144.613122 143.620732 112.221120 
145.051660 143.255646 112.427163 
144.485622 143.577670 113.796620 
143.548675 144.214773 114.922829 
FEnd
FBeg
 2218   CB THR A 317  3190    C PRO B   9 ali
145.470 145.974 112.520 142.658 143.142 113.487  0.10
144.613122 143.620732 112.221120 
145.051660 143.255646 112.427163 
145.072253 143.134695 112.132825 
FEnd
FBeg
 2218   CB THR A 317  3195    N GLU B  10 unk
145.470 145.974 112.520 142.431 143.165 112.180  1.37
145.072253 143.134695 112.132825 
144.613122 143.620732 112.221120 
144.067791 144.236457 112.008443 
144.304537 144.049329 111.438362 
145.601390 142.659133 111.332254 
145.680618 142.558624 111.454476 
FEnd
FBeg
 2218   CB THR A 317  3200   CG GLU B  10 ali
145.470 145.974 112.520 143.032 143.946 109.293  5.16
144.304537 144.049329 111.438362 
143.633432 145.936361 110.759481 
145.076157 145.978990 109.642712 
145.093492 145.954281 109.645143 
145.394798 145.243529 109.864177 
145.677698 143.444892 110.780794 
145.601390 142.659133 111.332254 
FEnd
FBeg
 2224    O ILE A 318  3200   CG GLU B  10 unk
147.519 143.299 108.992 143.032 143.946 109.293  3.50
145.677698 143.444892 110.780794 
145.601390 142.659133 111.332254 
145.477838 141.908702 111.103525 
145.463989 141.828475 111.069528 
145.379682 141.729453 110.025614 
145.353887 142.022152 109.011926 
145.424310 142.620308 108.775980 
145.571281 143.409633 109.270225 
FEnd
FBeg
 2230   CA PRO A 319  3200   CG GLU B  10 ali
146.180 144.723 107.116 143.032 143.946 109.293  4.58
145.424310 142.620308 108.775980 
144.757859 142.998196 107.947148 
144.382508 145.807919 108.407207 
145.036886 145.888362 109.382166 
145.409881 144.947834 109.585840 
145.571281 143.409633 109.270225 
FEnd
FBeg
 2234   CG PRO A 319  3200   CG GLU B  10 ali
146.000 147.072 107.043 143.032 143.946 109.293  1.52
144.382508 145.807919 108.407207 
143.906388 146.357196 108.542281 
143.557905 147.196073 109.248073 
144.990334 146.077465 109.583486 
145.042757 145.931396 109.449699 
145.036886 145.888362 109.382166 
FEnd
FBeg
 2234   CG PRO A 319  3202  OE1 GLU B  10 unk
146.000 147.072 107.043 142.519 145.318 107.409  4.08
143.906388 146.357196 108.542281 
143.557905 147.196073 109.248073 
143.553543 147.204529 109.247118 
142.948302 148.108993 107.825221 
142.915326 148.142501 107.672171 
143.482974 146.720371 106.255684 
143.977426 145.948279 107.258245 
FEnd
FBeg
 2233   CB PRO A 319  3202  OE1 GLU B  10 unk
145.995 145.856 106.109 142.519 145.318 107.409  1.31
143.482974 146.720371 106.255684 
143.977426 145.948279 107.258245 
143.522215 145.316092 105.779452 
143.322009 146.170934 105.597906 
FEnd
FBeg
 2260   CD LYS A 322  3202  OE1 GLU B  10 unk
142.548 144.508 103.563 142.519 145.318 107.409  3.61
143.522215 145.316092 105.779452 
140.808531 144.548585 105.920634 
140.989823 145.924584 105.632204 
141.321461 146.489350 105.515760 
141.649545 146.528903 105.509904 
143.322009 146.170934 105.597906 
FEnd
FBeg
 2299   CA ALA A 327  3202  OE1 GLU B  10 unk
142.022 148.908 103.812 142.519 145.318 107.409  2.03
141.321461 146.489350 105.515760 
140.877555 146.540992 105.628636 
139.787787 147.037450 106.274702 
139.787046 147.045026 106.282365 
141.273292 147.944334 106.974568 
141.649545 146.528903 105.509904 
FEnd
FBeg
 2261   CE LYS A 322  3202  OE1 GLU B  10 unk
141.325 145.074 102.825 142.519 145.318 107.409  0.14
140.989823 145.924584 105.632204 
140.877555 146.540992 105.628636 
141.321461 146.489350 105.515760 
FEnd
FBeg
 2262   NZ LYS A 322  3202  OE1 GLU B  10 elf
140.017 144.840 103.556 142.519 145.318 107.409  5.94
140.808531 144.548585 105.920634 
139.034164 144.407742 107.090317 
138.596389 145.134290 107.284458 
138.573766 146.031335 107.187862 
138.584643 146.096506 107.172713 
139.787787 147.037450 106.274702 
140.877555 146.540992 105.628636 
140.989823 145.924584 105.632204 
FEnd
FBeg
 2262   NZ LYS A 322  3201   CD GLU B  10 unk
140.017 144.840 103.556 142.864 144.169 107.794  3.70
140.808531 144.548585 105.920634 
139.034164 144.407742 107.090317 
138.757239 142.101810 106.911253 
140.654640 143.373654 105.837989 
FEnd
FBeg
 2262   NZ LYS A 322  3203  OE2 GLU B  10 elf
140.017 144.840 103.556 143.063 143.208 107.007  16.68
138.757239 142.101810 106.911253 
137.799232 140.468054 106.984217 
136.685576 135.936505 105.824178 
137.357640 136.481583 105.488757 
138.528674 137.548650 104.959775 
140.216666 140.009367 104.633571 
140.654640 143.373654 105.837989 
FEnd
FBeg
 2260   CD LYS A 322  3203  OE2 GLU B  10 unk
142.548 144.508 103.563 143.063 143.208 107.007  8.55
140.216666 140.009367 104.633571 
140.654640 143.373654 105.837989 
144.041573 144.226223 105.653340 
144.176629 144.046875 105.565446 
144.237117 143.926349 105.510906 
143.852715 142.845074 105.160241 
FEnd
FBeg
 2236    N HIS A 320  3203  OE2 GLU B  10 hbd
145.889 142.431 106.305 143.063 143.208 107.007  4.82
144.237117 143.926349 105.510906 
144.397411 143.517577 106.608639 
144.429346 142.463075 107.904359 
144.264584 141.619919 108.174324 
143.691416 141.605100 105.883355 
143.660994 141.744152 105.606979 
143.852715 142.845074 105.160241 
FEnd
FBeg
 2237   CA HIS A 320  3203  OE2 GLU B  10 unk
146.308 141.191 105.635 143.063 143.208 107.007  0.03
143.691416 141.605100 105.883355 
143.550085 141.535053 105.652062 
143.660994 141.744152 105.606979 
FEnd
FBeg
 2236    N HIS A 320  3201   CD GLU B  10 unk
145.889 142.431 106.305 142.864 144.169 107.794  0.46
144.397411 143.517577 106.608639 
144.429346 142.463075 107.904359 
144.757859 142.998196 107.947148 
FEnd
FBeg
 2230   CA PRO A 319  3203  OE2 GLU B  10 unk
146.180 144.723 107.116 143.063 143.208 107.007  0.21
144.176629 144.046875 105.565446 
144.106650 144.179213 105.727199 
144.397411 143.517577 106.608639 
144.237117 143.926349 105.510906 
FEnd
FBeg
 2233   CB PRO A 319  3203  OE2 GLU B  10 unk
145.995 145.856 106.109 143.063 143.208 107.007  0.01
144.041573 144.226223 105.653340 
144.106650 144.179213 105.727199 
144.176629 144.046875 105.565446 
FEnd
FBeg
 2239    O HIS A 320  3203  OE2 GLU B  10 unk
144.768 141.615 103.813 143.063 143.208 107.007  5.95
138.528674 137.548650 104.959775 
140.216666 140.009367 104.633571 
143.852715 142.845074 105.160241 
143.660994 141.744152 105.606979 
143.550085 141.535053 105.652062 
FEnd
FBeg
 2240   CB HIS A 320  3203  OE2 GLU B  10 unk
145.729 139.962 106.361 143.063 143.208 107.007  26.57
137.357640 136.481583 105.488757 
138.528674 137.548650 104.959775 
143.550085 141.535053 105.652062 
143.691416 141.605100 105.883355 
144.264584 141.619919 108.174324 
141.990325 139.630338 108.785789 
137.538724 136.191337 107.694501 
136.728920 135.875019 105.941914 
FEnd
FBeg
 2240   CB HIS A 320  3200   CG GLU B  10 ali
145.729 139.962 106.361 143.032 143.946 109.293  1.28
144.264584 141.619919 108.174324 
141.990325 139.630338 108.785789 
143.297966 140.393975 108.950993 
144.635286 141.604117 108.536786 
FEnd
FBeg
 2241   CG HIS A 320  3200   CG GLU B  10 ali
146.428 139.628 107.642 143.032 143.946 109.293  2.34
143.297966 140.393975 108.950993 
144.635286 141.604117 108.536786 
145.282488 141.942022 108.984285 
145.148159 141.454752 109.982377 
144.924057 141.188586 110.217541 
FEnd
FBeg
 2260   CD LYS A 322  3201   CD GLU B  10 ali
142.548 144.508 103.563 142.864 144.169 107.794  3.62
143.522215 145.316092 105.779452 
140.808531 144.548585 105.920634 
140.654640 143.373654 105.837989 
144.041573 144.226223 105.653340 
FEnd
FBeg
 2233   CB PRO A 319  3201   CD GLU B  10 ali
145.995 145.856 106.109 142.864 144.169 107.794  1.53
143.977426 145.948279 107.258245 
143.522215 145.316092 105.779452 
144.041573 144.226223 105.653340 
144.106650 144.179213 105.727199 
144.202953 145.765799 107.494613 
FEnd
FBeg
 2302   CB ALA A 327  3202  OE1 GLU B  10 unk
143.388 148.643 104.419 142.519 145.318 107.409  4.93
142.915326 148.142501 107.672171 
143.482974 146.720371 106.255684 
143.322009 146.170934 105.597906 
141.649545 146.528903 105.509904 
141.273292 147.944334 106.974568 
141.424275 148.102843 107.194717 
142.337166 148.217010 107.586993 
142.816830 148.186805 107.692812 
FEnd
FBeg
 2388   OH TYR A 337  3202  OE1 GLU B  10 hbd
142.164 149.476 110.205 142.519 145.318 107.409  3.88
143.553543 147.204529 109.247118 
142.948302 148.108993 107.825221 
142.816830 148.186805 107.692812 
142.337166 148.217010 107.586993 
140.623745 147.725152 108.100898 
141.445408 147.219620 108.957012 
142.126330 147.083982 109.245177 
142.641469 147.036405 109.381335 
143.544695 147.199188 109.253938 
FEnd
FBeg
 2388   OH TYR A 337  3200   CG GLU B  10 unk
142.164 149.476 110.205 143.032 143.946 109.293  0.25
142.641469 147.036405 109.381335 
143.544695 147.199188 109.253938 
143.066364 147.031552 109.815157 
142.756856 147.019991 109.590684 
FEnd
FBeg
 2388   OH TYR A 337  3199   CB GLU B  10 unk
142.164 149.476 110.205 141.716 144.133 110.033  0.05
142.126330 147.083982 109.245177 
142.641469 147.036405 109.381335 
142.756856 147.019991 109.590684 
FEnd
FBeg
 2388   OH TYR A 337  3210   CD PRO B  11 unk
142.164 149.476 110.205 140.899 147.092 112.072  5.75
141.445408 147.219620 108.957012 
142.126330 147.083982 109.245177 
142.756856 147.019991 109.590684 
143.066364 147.031552 109.815157 
143.288121 148.737485 112.143741 
142.094202 149.490668 112.296542 
141.910409 149.486441 112.166614 
FEnd
FBeg
 2385  CE1 TYR A 337  3210   CD PRO B  11 ali
141.544 151.629 111.012 140.899 147.092 112.072  0.03
142.094202 149.490668 112.296542 
141.910409 149.486441 112.166614 
141.852153 149.551029 112.407613 
FEnd
FBeg
 2385  CE1 TYR A 337  3209   CG PRO B  11 ali
141.544 151.629 111.012 139.847 148.020 111.569  3.20
141.910409 149.486441 112.166614 
141.852153 149.551029 112.407613 
141.067271 149.998344 112.914647 
140.983463 150.041882 112.941405 
140.797049 150.127816 112.930260 
139.815721 150.564111 112.767380 
139.501477 150.426158 110.916129 
141.736593 149.529735 111.917571 
FEnd
FBeg
 2387   CZ TYR A 337  3209   CG PRO B  11 ali
141.653 150.730 109.964 139.847 148.020 111.569  5.15
139.501477 150.426158 110.916129 
141.736593 149.529735 111.917571 
140.621248 148.499839 108.923595 
139.023080 150.133409 109.883523 
FEnd
FBeg
 2386  CE2 TYR A 337  3209   CG PRO B  11 ali
141.248 151.083 108.689 139.847 148.020 111.569  2.74
140.621248 148.499839 108.923595 
140.623745 147.725152 108.100898 
139.831113 147.653041 107.638622 
138.921167 150.066448 109.762731 
139.023080 150.133409 109.883523 
FEnd
FBeg
 2328   CA GLY A 331  3209   CG PRO B  11 ali
137.784 151.010 107.288 139.847 148.020 111.569  5.18
139.831113 147.653041 107.638622 
138.866606 146.848634 107.541589 
137.861265 147.608436 108.556732 
137.673676 147.790726 108.774448 
138.271504 149.604374 109.753072 
138.921167 150.066448 109.762731 
FEnd
FBeg
 2373  CD2 PHE A 336  3209   CG PRO B  11 ali
135.941 149.498 111.216 139.847 148.020 111.569  2.94
137.673676 147.790726 108.774448 
137.655371 147.752312 108.816159 
137.473886 147.609816 110.227687 
138.068842 149.392861 111.109963 
138.072411 149.400176 111.101093 
138.271504 149.604374 109.753072 
FEnd
FBeg
 2371   CG PHE A 336  3209   CG PRO B  11 ali
136.488 150.371 112.156 139.847 148.020 111.569  0.00
138.068842 149.392861 111.109963 
138.077950 149.403215 111.120617 
138.072411 149.400176 111.101093 
FEnd
FBeg
 2371   CG PHE A 336  3208   CB PRO B  11 ali
136.488 150.371 112.156 138.813 147.842 112.626  2.07
138.068842 149.392861 111.109963 
138.077950 149.403215 111.120617 
138.312033 150.002794 113.188904 
136.804586 148.518263 112.657913 
FEnd
FBeg
 2372  CD1 PHE A 336  3208   CB PRO B  11 ali
136.214 150.166 113.507 138.813 147.842 112.626  3.51
138.312033 150.002794 113.188904 
136.804586 148.518263 112.657913 
136.790392 148.499697 112.665018 
137.862263 148.702082 115.293222 
138.723583 150.282100 113.666217 
FEnd
FBeg
 2147  CE2 TYR A 307  3208   CB PRO B  11 ali
140.456 149.843 115.439 138.813 147.842 112.626  7.15
137.862263 148.702082 115.293222 
137.768118 147.582125 116.144881 
138.939010 147.477088 115.535710 
139.462891 147.700188 115.071025 
140.424470 149.268951 113.393467 
139.853661 150.282638 113.005785 
139.295631 150.404323 113.245157 
138.723583 150.282100 113.666217 
FEnd
FBeg
 2145  CD2 TYR A 307  3208   CB PRO B  11 ali
140.666 151.227 115.225 138.813 147.842 112.626  0.08
139.853661 150.282638 113.005785 
139.690719 150.469995 112.877940 
139.295631 150.404323 113.245157 
FEnd
FBeg
 2148   CZ TYR A 307  3208   CB PRO B  11 ali
141.493 148.955 115.203 138.813 147.842 112.626  1.46
139.462891 147.700188 115.071025 
140.365557 147.504601 114.216753 
140.594425 148.697561 113.463501 
140.424470 149.268951 113.393467 
FEnd
FBeg
 2148   CZ TYR A 307  3210   CD PRO B  11 ali
141.493 148.955 115.203 140.899 147.092 112.072  2.90
140.365557 147.504601 114.216753 
140.594425 148.697561 113.463501 
141.359163 149.293610 112.963759 
142.522179 147.220814 113.976467 
FEnd
FBeg
 2149   OH TYR A 307  3210   CD PRO B  11 unk
141.329 147.591 115.342 140.899 147.092 112.072  2.59
142.522179 147.220814 113.976467 
140.365557 147.504601 114.216753 
140.294896 147.275367 114.261026 
140.730143 146.182682 114.370535 
141.281417 145.802134 114.356114 
142.084110 146.090003 114.206633 
142.598660 147.162642 113.975286 
FEnd
FBeg
 2149   OH TYR A 307  3204    N PRO B  11 hbd
141.329 147.591 115.342 140.081 145.898 112.310  0.25
140.730143 146.182682 114.370535 
141.281417 145.802134 114.356114 
140.667670 145.481596 114.787720 
FEnd
FBeg
 2149   OH TYR A 307  3205   CA PRO B  11 unk
141.329 147.591 115.342 138.788 146.328 112.839  9.73
140.294896 147.275367 114.261026 
140.730143 146.182682 114.370535 
140.667670 145.481596 114.787720 
139.057571 144.291681 117.022688 
137.911183 146.038140 117.305227 
137.507970 146.788149 117.336111 
137.517730 146.829385 117.305395 
137.531216 146.856298 117.278124 
138.939010 147.477088 115.535710 
FEnd
FBeg
 2374  CE1 PHE A 336  3205   CA PRO B  11 ali
135.416 149.107 113.914 138.788 146.328 112.839  1.56
137.517730 146.829385 117.305395 
137.531216 146.856298 117.278124 
137.768118 147.582125 116.144881 
136.762558 147.268895 113.800430 
136.746278 147.232659 113.843038 
137.500636 146.799617 117.328730 
FEnd
FBeg
 2374  CE1 PHE A 336  3211    N ALA B  12 unk
135.416 149.107 113.914 136.719 145.203 113.147  2.66
136.746278 147.232659 113.843038 
137.500636 146.799617 117.328730 
137.194932 146.638955 117.627154 
135.885610 146.764184 114.765433 
FEnd
FBeg
 2376   CZ PHE A 336  3211    N ALA B  12 unk
134.872 148.232 112.962 136.719 145.203 113.147  1.89
135.885610 146.764184 114.765433 
136.746278 147.232659 113.843038 
136.719979 147.198129 113.540249 
135.787242 146.555934 112.337848 
135.518993 146.477951 113.739163 
FEnd
FBeg
 2376   CZ PHE A 336  3215   CB ALA B  12 ali
134.872 148.232 112.962 134.570 144.535 114.101  19.17
135.518993 146.477951 113.739163 
135.885610 146.764184 114.765433 
129.679708 148.010704 117.165963 
125.884226 148.078750 116.380476 
125.907974 148.065827 116.344826 
134.226432 146.330280 112.917135 
134.405942 146.318063 112.925074 
FEnd
FBeg
 2376   CZ PHE A 336  3213    C ALA B  12 ali
134.872 148.232 112.962 134.703 144.875 111.617  0.75
134.226432 146.330280 112.917135 
134.509282 146.701057 111.956170 
135.739527 146.552490 112.172397 
135.739470 146.552282 112.172925 
134.405942 146.318063 112.925074 
FEnd
FBeg
 2375  CE2 PHE A 336  3213    C ALA B  12 ali
135.133 148.427 111.611 134.703 144.875 111.617  3.03
134.509282 146.701057 111.956170 
135.739527 146.552490 112.172397 
136.031563 146.514916 110.857464 
135.840803 146.536591 110.018273 
134.317282 146.721153 110.093117 
FEnd
FBeg
 2375  CE2 PHE A 336  3216  OXT ALA B  12 unk
135.133 148.427 111.611 133.847 145.782 111.715  4.45
134.317282 146.721153 110.093117 
134.509282 146.701057 111.956170 
131.504141 148.147539 111.584388 
131.645774 148.057690 111.050635 
133.405005 147.160269 109.980360 
FEnd
FBeg
 2360  OE1 GLU A 334  3216  OXT ALA B  12 hbd
134.769 146.799 108.216 133.847 145.782 111.715  2.14
133.405005 147.160269 109.980360 
134.317282 146.721153 110.093117 
132.547187 145.150317 109.170120 
132.163111 144.977114 109.018572 
132.405843 146.162357 109.427029 
133.062747 147.020532 109.849558 
FEnd
FBeg
 2358   CG GLU A 334  3216  OXT ALA B  12 unk
133.249 148.414 107.299 133.847 145.782 111.715  1122.19
132.405843 146.162357 109.427029 
128.479043 142.943684 108.040407 
23.112456 80.740608 85.234864 
-73.058504 24.791094 64.911294 
117.252243 145.075528 110.831313 
129.674827 147.562802 110.631540 
133.062747 147.020532 109.849558 
FEnd
FBeg
 2359   CD GLU A 334  3216  OXT ALA B  12 unk
134.232 147.266 107.180 133.847 145.782 111.715  2.04
132.163111 144.977114 109.018572 
128.479043 142.943684 108.040407 
132.405843 146.162357 109.427029 
FEnd
FBeg
 2360  OE1 GLU A 334  3214    O ALA B  12 unk
134.769 146.799 108.216 134.982 144.288 110.546  12.32
132.547187 145.150317 109.170120 
132.163111 144.977114 109.018572 
134.463765 143.410377 107.119810 
137.130759 143.269253 106.723917 
137.590221 143.642693 107.084364 
135.927580 145.882051 109.649673 
FEnd
FBeg
 2360  OE1 GLU A 334  3207    O PRO B  11 unk
134.769 146.799 108.216 137.440 145.578 111.013  9.76
137.590221 143.642693 107.084364 
138.573766 146.031335 107.187862 
138.610175 146.200553 107.226963 
138.632563 146.817824 107.475046 
137.861265 147.608436 108.556732 
137.655371 147.752312 108.816159 
136.734104 147.363258 109.526086 
135.840803 146.536591 110.018273 
135.927580 145.882051 109.649673 
FEnd
FBeg
 2357   CB GLU A 334  3216  OXT ALA B  12 unk
133.650 149.434 108.329 133.847 145.782 111.715  2.43
131.645774 148.057690 111.050635 
133.405005 147.160269 109.980360 
133.062747 147.020532 109.849558 
129.674827 147.562802 110.631540 
FEnd
FBeg
 2360  OE1 GLU A 334  3213    C ALA B  12 unk
134.769 146.799 108.216 134.703 144.875 111.617  2.87
135.840803 146.536591 110.018273 
135.927580 145.882051 109.649673 
132.547187 145.150317 109.170120 
134.317282 146.721153 110.093117 
FEnd
FBeg
 2375  CE2 PHE A 336  3207    O PRO B  11 unk
135.133 148.427 111.611 137.440 145.578 111.013  1.44
136.031563 146.514916 110.857464 
135.840803 146.536591 110.018273 
136.734104 147.363258 109.526086 
137.155015 147.465298 110.663761 
FEnd
FBeg
 2375  CE2 PHE A 336  3206    C PRO B  11 ali
135.133 148.427 111.611 137.582 145.659 112.234  2.23
135.739527 146.552490 112.172397 
136.031563 146.514916 110.857464 
137.155015 147.465298 110.663761 
137.159670 147.481364 110.716844 
136.667164 147.442469 112.480065 
FEnd
FBeg
 2375  CE2 PHE A 336  3208   CB PRO B  11 ali
135.133 148.427 111.611 138.813 147.842 112.626  0.96
137.159670 147.481364 110.716844 
136.784348 148.478313 112.652215 
136.667164 147.442469 112.480065 
FEnd
FBeg
 2376   CZ PHE A 336  3208   CB PRO B  11 ali
134.872 148.232 112.962 138.813 147.842 112.626  0.78
136.784348 148.478313 112.652215 
136.667164 147.442469 112.480065 
136.731536 147.225331 113.487132 
136.762558 147.268895 113.800430 
136.786570 148.491411 112.663073 
FEnd
FBeg
 2373  CD2 PHE A 336  3206    C PRO B  11 ali
135.941 149.498 111.216 137.582 145.659 112.234  0.00
137.155015 147.465298 110.663761 
137.159670 147.481364 110.716844 
137.185423 147.477150 110.659439 
FEnd
FBeg
 2376   CZ PHE A 336  3216  OXT ALA B  12 unk
134.872 148.232 112.962 133.847 145.782 111.715  14.02
125.907974 148.065827 116.344826 
131.504141 148.147539 111.584388 
134.509282 146.701057 111.956170 
134.226432 146.330280 112.917135 
FEnd
FBeg
 2376   CZ PHE A 336  3212   CA ALA B  12 ali
134.872 148.232 112.962 135.481 144.466 112.869  1.03
135.787242 146.555934 112.337848 
135.518993 146.477951 113.739163 
134.405942 146.318063 112.925074 
135.739470 146.552282 112.172925 
FEnd
FBeg
 2376   CZ PHE A 336  3206    C PRO B  11 ali
134.872 148.232 112.962 137.582 145.659 112.234  0.80
136.719979 147.198129 113.540249 
135.787242 146.555934 112.337848 
135.739470 146.552282 112.172925 
135.739527 146.552490 112.172397 
136.667164 147.442469 112.480065 
136.731536 147.225331 113.487132 
FEnd
FBeg
 2374  CE1 PHE A 336  3215   CB ALA B  12 ali
135.416 149.107 113.914 134.570 144.535 114.101  17.55
137.194932 146.638955 117.627154 
135.650375 146.971459 118.768924 
134.839473 147.135956 119.122184 
134.216329 147.248549 119.055839 
129.679708 148.010704 117.165963 
135.885610 146.764184 114.765433 
FEnd
FBeg
 2376   CZ PHE A 336  3205   CA PRO B  11 ali
134.872 148.232 112.962 138.788 146.328 112.839  0.01
136.762558 147.268895 113.800430 
136.731536 147.225331 113.487132 
136.719979 147.198129 113.540249 
136.746278 147.232659 113.843038 
FEnd
FBeg
 2149   OH TYR A 307  3208   CB PRO B  11 unk
141.329 147.591 115.342 138.813 147.842 112.626  0.43
138.939010 147.477088 115.535710 
140.294896 147.275367 114.261026 
140.365557 147.504601 114.216753 
139.462891 147.700188 115.071025 
FEnd
FBeg
 2147  CE2 TYR A 307  3205   CA PRO B  11 ali
140.456 149.843 115.439 138.788 146.328 112.839  0.79
137.768118 147.582125 116.144881 
138.939010 147.477088 115.535710 
137.531216 146.856298 117.278124 
FEnd
FBeg
 2374  CE1 PHE A 336  3208   CB PRO B  11 ali
135.416 149.107 113.914 138.813 147.842 112.626  3.61
136.790392 148.499697 112.665018 
136.786570 148.491411 112.663073 
136.762558 147.268895 113.800430 
137.768118 147.582125 116.144881 
137.862263 148.702082 115.293222 
FEnd
FBeg
 2370   CB PHE A 336  3208   CB PRO B  11 ali
137.373 151.495 111.730 138.813 147.842 112.626  2.07
138.077950 149.403215 111.120617 
138.312033 150.002794 113.188904 
138.723583 150.282100 113.666217 
139.295631 150.404323 113.245157 
139.690719 150.469995 112.877940 
FEnd
FBeg
 2373  CD2 PHE A 336  3208   CB PRO B  11 ali
135.941 149.498 111.216 138.813 147.842 112.626  2.74
137.473886 147.609816 110.227687 
138.068842 149.392861 111.109963 
136.804586 148.518263 112.657913 
136.790392 148.499697 112.665018 
136.786570 148.491411 112.663073 
136.784348 148.478313 112.652215 
137.159670 147.481364 110.716844 
137.185423 147.477150 110.659439 
FEnd
FBeg
 2373  CD2 PHE A 336  3207    O PRO B  11 unk
135.941 149.498 111.216 137.440 145.578 111.013  0.93
137.655371 147.752312 108.816159 
137.473886 147.609816 110.227687 
137.185423 147.477150 110.659439 
137.155015 147.465298 110.663761 
136.734104 147.363258 109.526086 
FEnd
FBeg
 2370   CB PHE A 336  3209   CG PRO B  11 ali
137.373 151.495 111.730 139.847 148.020 111.569  3.57
139.815721 150.564111 112.767380 
139.501477 150.426158 110.916129 
139.023080 150.133409 109.883523 
138.921167 150.066448 109.762731 
138.271504 149.604374 109.753072 
138.072411 149.400176 111.101093 
138.077950 149.403215 111.120617 
139.690719 150.469995 112.877940 
FEnd
FBeg
 2145  CD2 TYR A 307  3209   CG PRO B  11 ali
140.666 151.227 115.225 139.847 148.020 111.569  0.20
140.797049 150.127816 112.930260 
139.815721 150.564111 112.767380 
139.690719 150.469995 112.877940 
139.853661 150.282638 113.005785 
FEnd
FBeg
 2147  CE2 TYR A 307  3209   CG PRO B  11 ali
140.456 149.843 115.439 139.847 148.020 111.569  0.59
140.983463 150.041882 112.941405 
140.797049 150.127816 112.930260 
139.853661 150.282638 113.005785 
140.424470 149.268951 113.393467 
FEnd
FBeg
 2148   CZ TYR A 307  3209   CG PRO B  11 ali
141.493 148.955 115.203 139.847 148.020 111.569  0.73
141.067271 149.998344 112.914647 
140.983463 150.041882 112.941405 
140.424470 149.268951 113.393467 
140.594425 148.697561 113.463501 
141.359163 149.293610 112.963759 
FEnd
FBeg
 2146  CE1 TYR A 307  3209   CG PRO B  11 ali
142.722 149.434 114.772 139.847 148.020 111.569  0.30
141.852153 149.551029 112.407613 
141.067271 149.998344 112.914647 
141.359163 149.293610 112.963759 
FEnd
FBeg
 2146  CE1 TYR A 307  3210   CD PRO B  11 ali
142.722 149.434 114.772 140.899 147.092 112.072  3.78
143.288121 148.737485 112.143741 
142.094202 149.490668 112.296542 
141.852153 149.551029 112.407613 
141.359163 149.293610 112.963759 
142.522179 147.220814 113.976467 
142.598660 147.162642 113.975286 
143.329826 147.833849 112.899404 
FEnd
FBeg
 2219  OG1 THR A 317  3210   CD PRO B  11 unk
144.848 147.010 111.756 140.899 147.092 112.072  3.85
143.066364 147.031552 109.815157 
143.288121 148.737485 112.143741 
143.329826 147.833849 112.899404 
143.241568 146.685554 112.094433 
143.201102 146.352135 111.675255 
143.102857 146.562770 110.392842 
143.096247 146.629855 110.292839 
FEnd
FBeg
 2219  OG1 THR A 317  3199   CB GLU B  10 unk
144.848 147.010 111.756 141.716 144.133 110.033  0.00
143.102857 146.562770 110.392842 
143.096247 146.629855 110.292839 
143.138660 146.522224 110.395463 
FEnd
FBeg
 2219  OG1 THR A 317  3196   CA GLU B  10 unk
144.848 147.010 111.756 141.826 144.328 111.547  0.49
143.201102 146.352135 111.675255 
143.102857 146.562770 110.392842 
143.138660 146.522224 110.395463 
143.633432 145.936361 110.759481 
FEnd
FBeg
 2218   CB THR A 317  3210   CD PRO B  11 ali
145.470 145.974 112.520 140.899 147.092 112.072  0.06
143.241568 146.685554 112.094433 
143.160728 146.289866 111.931800 
143.201102 146.352135 111.675255 
FEnd
FBeg
 2388   OH TYR A 337  3209   CG PRO B  11 unk
142.164 149.476 110.205 139.847 148.020 111.569  3.73
140.623745 147.725152 108.100898 
141.445408 147.219620 108.957012 
141.910409 149.486441 112.166614 
141.736593 149.529735 111.917571 
140.621248 148.499839 108.923595 
FEnd
FBeg
 2234   CG PRO A 319  3201   CD GLU B  10 ali
146.000 147.072 107.043 142.864 144.169 107.794  0.57
144.382508 145.807919 108.407207 
143.906388 146.357196 108.542281 
143.977426 145.948279 107.258245 
144.202953 145.765799 107.494613 
FEnd
FBeg
 2230   CA PRO A 319  3201   CD GLU B  10 ali
146.180 144.723 107.116 142.864 144.169 107.794  4.44
144.757859 142.998196 107.947148 
144.382508 145.807919 108.407207 
144.202953 145.765799 107.494613 
144.106650 144.179213 105.727199 
144.397411 143.517577 106.608639 
FEnd
FBeg
 2236    N HIS A 320  3200   CG GLU B  10 unk
145.889 142.431 106.305 143.032 143.946 109.293  1.56
145.353887 142.022152 109.011926 
145.282488 141.942022 108.984285 
144.635286 141.604117 108.536786 
144.264584 141.619919 108.174324 
144.429346 142.463075 107.904359 
144.757859 142.998196 107.947148 
145.424310 142.620308 108.775980 
FEnd
FBeg
 2242  ND1 HIS A 320  3200   CG GLU B  10 unk
147.454 140.398 108.156 143.032 143.946 109.293  0.25
145.379682 141.729453 110.025614 
145.148159 141.454752 109.982377 
145.282488 141.942022 108.984285 
145.353887 142.022152 109.011926 
FEnd
FBeg
 2223    C ILE A 318  3200   CG GLU B  10 ali
147.742 144.511 108.948 143.032 143.946 109.293  1.56
145.394798 145.243529 109.864177 
145.677698 143.444892 110.780794 
145.571281 143.409633 109.270225 
145.409881 144.947834 109.585840 
FEnd
FBeg
 2229    N PRO A 319  3200   CG GLU B  10 unk
147.123 145.304 108.072 143.032 143.946 109.293  0.29
145.093492 145.954281 109.645143 
145.394798 145.243529 109.864177 
145.409881 144.947834 109.585840 
145.036886 145.888362 109.382166 
145.042757 145.931396 109.449699 
FEnd
FBeg
 2235   CD PRO A 319  3200   CG GLU B  10 ali
147.241 146.759 107.871 143.032 143.946 109.293  0.02
145.076157 145.978990 109.642712 
145.093492 145.954281 109.645143 
145.042757 145.931396 109.449699 
144.990334 146.077465 109.583486 
FEnd
FBeg
 2219  OG1 THR A 317  3200   CG GLU B  10 unk
144.848 147.010 111.756 143.032 143.946 109.293  2.40
143.633432 145.936361 110.759481 
145.076157 145.978990 109.642712 
144.990334 146.077465 109.583486 
143.557905 147.196073 109.248073 
143.544695 147.199188 109.253938 
143.066364 147.031552 109.815157 
143.096247 146.629855 110.292839 
143.138660 146.522224 110.395463 
FEnd
FBeg
 2218   CB THR A 317  3196   CA GLU B  10 ali
145.470 145.974 112.520 141.826 144.328 111.547  2.15
144.067791 144.236457 112.008443 
143.160728 146.289866 111.931800 
143.201102 146.352135 111.675255 
143.633432 145.936361 110.759481 
144.304537 144.049329 111.438362 
FEnd
FBeg
 2220  CG2 THR A 317  3195    N GLU B  10 unk
144.640 145.652 113.716 142.431 143.165 112.180  0.20
143.760637 144.279324 112.380769 
144.067791 144.236457 112.008443 
144.613122 143.620732 112.221120 
FEnd
FBeg
 2220  CG2 THR A 317  3196   CA GLU B  10 ali
144.640 145.652 113.716 141.826 144.328 111.547  2.80
142.220292 145.670952 113.529693 
143.160728 146.289866 111.931800 
144.067791 144.236457 112.008443 
143.760637 144.279324 112.380769 
142.571404 145.124707 113.407607 
FEnd
FBeg
 2220  CG2 THR A 317  3210   CD PRO B  11 ali
144.640 145.652 113.716 140.899 147.092 112.072  3.43
142.084110 146.090003 114.206633 
142.598660 147.162642 113.975286 
143.329826 147.833849 112.899404 
143.241568 146.685554 112.094433 
143.160728 146.289866 111.931800 
142.220292 145.670952 113.529693 
FEnd
FBeg
 2149   OH TYR A 307  3191    O PRO B   9 hbd
141.329 147.591 115.342 142.380 144.084 114.232  5.33
142.537768 145.838736 115.430046 
142.084110 146.090003 114.206633 
141.281417 145.802134 114.356114 
140.667670 145.481596 114.787720 
139.057571 144.291681 117.022688 
141.082006 144.981698 116.759440 
FEnd
FBeg
 2149   OH TYR A 307  3186  OG1 THR B   8 hbd
141.329 147.591 115.342 144.057 145.149 116.755  2.62
143.454493 147.083828 115.811992 
142.537768 145.838736 115.430046 
141.082006 144.981698 116.759440 
142.913711 146.938246 116.604450 
143.413426 147.203190 116.097565 
FEnd
FBeg
 2203  CD1 LEU A 315  3186  OG1 THR B   8 unk
141.896 147.357 119.089 144.057 145.149 116.755  3.10
141.082006 144.981698 116.759440 
140.941313 144.554553 117.033261 
143.662765 146.319854 117.882991 
143.807676 146.500926 117.845865 
142.913711 146.938246 116.604450 
FEnd
FBeg
 2203  CD1 LEU A 315  3187  CG2 THR B   8 ali
141.896 147.357 119.089 145.123 144.732 118.882  16.93
143.662765 146.319854 117.882991 
143.807676 146.500926 117.845865 
144.036927 146.706647 118.810972 
144.031537 146.697236 118.846275 
140.008623 141.213111 125.676636 
138.906835 139.839763 125.916111 
140.397849 141.988608 121.910234 
FEnd
FBeg
 2204  CD2 LEU A 315  3187  CG2 THR B   8 ali
143.712 147.984 120.662 145.123 144.732 118.882  52.24
144.031537 146.697236 118.846275 
140.008623 141.213111 125.676636 
143.487858 140.478278 129.777130 
146.758760 145.407007 123.365340 
147.249454 146.383130 121.970968 
147.038859 147.403182 119.940431 
145.653889 147.296756 119.037006 
144.060825 146.717696 118.832111 
FEnd
FBeg
 2198   CA LEU A 315  3187  CG2 THR B   8 ali
144.890 149.776 118.645 145.123 144.732 118.882  0.55
147.038859 147.403182 119.940431 
147.048829 147.391275 119.677233 
145.783675 147.280893 118.571791 
145.653889 147.296756 119.037006 
FEnd
FBeg
 2205    N GLN A 316  3187  CG2 THR B   8 unk
146.434 148.904 116.965 145.123 144.732 118.882  3.21
147.048829 147.391275 119.677233 
147.303992 146.568173 118.060403 
145.576012 146.615708 116.982121 
145.130221 146.882484 117.257842 
145.783675 147.280893 118.571791 
FEnd
FBeg
 2208    O GLN A 316  3187  CG2 THR B   8 unk
147.207 146.562 115.623 145.123 144.732 118.882  1.25
147.303992 146.568173 118.060403 
147.365925 146.337745 117.970617 
147.213316 146.094810 117.736615 
145.992889 145.896600 116.844902 
145.706565 146.208255 116.836810 
145.576012 146.615708 116.982121 
FEnd
FBeg
 2208    O GLN A 316  3185   CB THR B   8 unk
147.207 146.562 115.623 144.461 144.092 117.657  0.17
145.992889 145.896600 116.844902 
145.706565 146.208255 116.836810 
145.720164 145.633165 116.156806 
FEnd
FBeg
 2208    O GLN A 316  3166   CA PTR B   7 unk
147.207 146.562 115.623 149.125 144.051 116.979  4.35
147.365925 146.337745 117.970617 
147.213316 146.094810 117.736615 
147.480840 144.835946 115.027089 
147.514496 144.759697 114.838289 
147.635936 144.842259 114.819402 
148.116045 145.286556 114.963046 
148.804213 146.763783 116.725148 
148.456605 146.838208 117.354642 
FEnd
FBeg
 2208    O GLN A 316  3167    C PTR B   7 unk
147.207 146.562 115.623 147.895 143.206 117.101  0.00
147.480840 144.835946 115.027089 
147.476915 144.754116 114.843110 
147.514496 144.759697 114.838289 
FEnd
FBeg
 2208    O GLN A 316  3164    O GLY B   6 unk
147.207 146.562 115.623 149.439 145.848 118.995  0.37
147.303992 146.568173 118.060403 
147.365925 146.337745 117.970617 
148.456605 146.838208 117.354642 
148.015582 147.018323 117.684703 
FEnd
FBeg
 2205    N GLN A 316  3164    O GLY B   6 hbd
146.434 148.904 116.965 149.439 145.848 118.995  2.25
147.048829 147.391275 119.677233 
147.303992 146.568173 118.060403 
148.015582 147.018323 117.684703 
148.259035 147.955339 118.734922 
147.314086 147.705651 119.757841 
FEnd
FBeg
 1875   OH TYR A 274  3164    O GLY B   6 hbd
150.203 147.840 120.187 149.439 145.848 118.995  7.62
148.259035 147.955339 118.734922 
147.314086 147.705651 119.757841 
147.147666 147.546172 120.131017 
147.257477 146.397776 121.979767 
149.682902 146.450410 120.337256 
150.386436 146.595720 119.643501 
149.443828 147.583135 118.597546 
149.142819 147.838489 118.363742 
FEnd
FBeg
 1873  CE2 TYR A 274  3164    O GLY B   6 unk
151.708 147.955 118.375 149.439 145.848 118.995  2.48
149.443828 147.583135 118.597546 
150.542958 146.584684 119.226886 
150.395400 146.256408 117.571265 
150.169968 146.456914 117.427652 
149.604034 147.019636 117.268861 
149.142819 147.838489 118.363742 
FEnd
FBeg
 1873  CE2 TYR A 274  3166   CA PTR B   7 unk
151.708 147.955 118.375 149.125 144.051 116.979  0.03
150.395400 146.256408 117.571265 
150.169968 146.456914 117.427652 
150.585053 146.166705 117.471215 
150.438318 146.230289 117.564901 
FEnd
FBeg
 1873  CE2 TYR A 274  3163    C GLY B   6 ali
151.708 147.955 118.375 149.857 144.717 119.182  2.38
150.542958 146.584684 119.226886 
150.395400 146.256408 117.571265 
150.438318 146.230289 117.564901 
152.259531 145.378006 118.322489 
151.159489 146.298612 119.493174 
FEnd
FBeg
 1874   CZ TYR A 274  3164    O GLY B   6 unk
151.346 148.357 119.645 149.439 145.848 118.995  0.36
150.386436 146.595720 119.643501 
150.542958 146.584684 119.226886 
149.443828 147.583135 118.597546 
FEnd
FBeg
 1875   OH TYR A 274  3163    C GLY B   6 unk
150.203 147.840 120.187 149.857 144.717 119.182  0.17
149.682902 146.450410 120.337256 
150.386436 146.595720 119.643501 
150.567187 146.486542 119.920537 
FEnd
FBeg
 1875   OH TYR A 274  3162   CA GLY B   6 unk
150.203 147.840 120.187 150.498 144.357 120.511  3.48
147.257477 146.397776 121.979767 
149.682902 146.450410 120.337256 
150.567187 146.486542 119.920537 
150.766775 146.548059 120.400120 
150.721199 146.563026 120.602510 
149.734495 146.581019 121.694324 
147.299727 146.453489 122.540224 
FEnd
FBeg
 2202   CG LEU A 315  3187  CG2 THR B   8 ali
142.825 148.468 119.527 145.123 144.732 118.882  0.00
144.036927 146.706647 118.810972 
144.031537 146.697236 118.846275 
144.060825 146.717696 118.832111 
FEnd
FBeg
 2201   CB LEU A 315  3187  CG2 THR B   8 ali
143.684 148.883 118.339 145.123 144.732 118.882  2.49
143.807676 146.500926 117.845865 
144.036927 146.706647 118.810972 
144.060825 146.717696 118.832111 
145.653889 147.296756 119.037006 
145.783675 147.280893 118.571791 
145.130221 146.882484 117.257842 
FEnd
FBeg
 2203  CD1 LEU A 315  3185   CB THR B   8 ali
141.896 147.357 119.089 144.461 144.092 117.657  10.57
140.941313 144.554553 117.033261 
143.662765 146.319854 117.882991 
140.397849 141.988608 121.910234 
140.506438 144.096556 117.298557 
FEnd
FBeg
 2146  CE1 TYR A 307  3186  OG1 THR B   8 unk
142.722 149.434 114.772 144.057 145.149 116.755  0.09
144.003598 147.321886 115.956734 
143.454493 147.083828 115.811992 
143.413426 147.203190 116.097565 
FEnd
FBeg
 2201   CB LEU A 315  3186  OG1 THR B   8 unk
143.684 148.883 118.339 144.057 145.149 116.755  2.79
144.527700 147.330952 116.058778 
144.003598 147.321886 115.956734 
143.413426 147.203190 116.097565 
142.913711 146.938246 116.604450 
143.807676 146.500926 117.845865 
145.130221 146.882484 117.257842 
FEnd
FBeg
 2205    N GLN A 316  3186  OG1 THR B   8 hbd
146.434 148.904 116.965 144.057 145.149 116.755  0.57
144.673697 147.237828 116.071372 
144.527700 147.330952 116.058778 
145.130221 146.882484 117.257842 
145.576012 146.615708 116.982121 
145.398410 146.746634 116.651336 
FEnd
FBeg
 2207    C GLN A 316  3186  OG1 THR B   8 unk
147.137 147.627 115.005 144.057 145.149 116.755  0.34
145.341590 146.400263 116.060871 
144.673697 147.237828 116.071372 
145.398410 146.746634 116.651336 
FEnd
FBeg
 2208    O GLN A 316  3186  OG1 THR B   8 hbd
147.207 146.562 115.623 144.057 145.149 116.755  0.72
145.691549 145.562843 115.989401 
145.341590 146.400263 116.060871 
145.398410 146.746634 116.651336 
145.576012 146.615708 116.982121 
145.706565 146.208255 116.836810 
145.720164 145.633165 116.156806 
FEnd
FBeg
 2208    O GLN A 316  3181    N THR B   8 hbd
147.207 146.562 115.623 146.755 143.825 116.850  3.58
146.708863 144.918728 114.927366 
145.691549 145.562843 115.989401 
145.720164 145.633165 116.156806 
145.992889 145.896600 116.844902 
147.213316 146.094810 117.736615 
147.480840 144.835946 115.027089 
147.476915 144.754116 114.843110 
FEnd
FBeg
 2215   CA THR A 317  3181    N THR B   8 unk
146.882 146.424 112.930 146.755 143.825 116.850  0.14
146.710283 144.906182 114.919094 
146.708863 144.918728 114.927366 
147.476915 144.754116 114.843110 
147.368149 144.478195 114.656648 
FEnd
FBeg
 2220  CG2 THR A 317  3183    C THR B   8 ali
144.640 145.652 113.716 144.987 142.961 115.527  3.77
144.660616 143.502726 113.651729 
146.091753 144.766172 115.254893 
145.824176 144.909376 115.518951 
145.102048 144.972702 115.751413 
144.819483 144.911261 115.714258 
143.447435 144.512817 115.385097 
143.548675 144.214773 114.922829 
144.485622 143.577670 113.796620 
FEnd
FBeg
 2220  CG2 THR A 317  3189   CA PRO B   9 ali
144.640 145.652 113.716 143.302 141.884 114.049  0.13
145.116702 143.236073 112.467032 
144.660616 143.502726 113.651729 
144.485622 143.577670 113.796620 
145.051660 143.255646 112.427163 
FEnd
FBeg
 2218   CB THR A 317  3189   CA PRO B   9 ali
145.470 145.974 112.520 143.302 141.884 114.049  0.26
145.810727 142.526898 111.554096 
145.116702 143.236073 112.467032 
145.051660 143.255646 112.427163 
145.072253 143.134695 112.132825 
145.680618 142.558624 111.454476 
FEnd
FBeg
 2226  CG1 ILE A 318  3169   CB PTR B   7 unk
150.915 144.480 111.185 149.905 143.610 115.736  6.34
149.053285 144.281371 113.109327 
149.337122 144.210768 113.158821 
151.219717 142.189941 113.190309 
151.408097 141.431848 113.087194 
150.195148 140.575995 112.654395 
148.872891 141.494898 112.536611 
148.509416 142.341030 112.617698 
FEnd
FBeg
 2226  CG1 ILE A 318  3170   CG PTR B   7 unk
150.915 144.480 111.185 150.959 144.585 115.293  3.18
149.337122 144.210768 113.158821 
151.219717 142.189941 113.190309 
151.865676 144.832422 113.115849 
151.812659 144.853596 113.115876 
FEnd
FBeg
 2215   CA THR A 317  3184    O THR B   8 unk
146.882 146.424 112.930 145.609 143.453 114.584  2.15
147.449189 144.398122 114.575188 
147.368149 144.478195 114.656648 
146.710283 144.906182 114.919094 
146.485174 144.330244 113.711309 
146.980736 143.608678 112.796604 
147.805289 143.569145 113.360209 
FEnd
FBeg
 2215   CA THR A 317  3167    C PTR B   7 unk
146.882 146.424 112.930 147.895 143.206 117.101  0.04
147.538338 144.719701 114.801640 
147.514496 144.759697 114.838289 
147.476915 144.754116 114.843110 
147.368149 144.478195 114.656648 
147.449189 144.398122 114.575188 
FEnd
FBeg
 2215   CA THR A 317  3166   CA PTR B   7 unk
146.882 146.424 112.930 149.125 144.051 116.979  0.00
147.635936 144.842259 114.819402 
147.514496 144.759697 114.838289 
147.538338 144.719701 114.801640 
FEnd
FBeg
 2208    O GLN A 316  3169   CB PTR B   7 unk
147.207 146.562 115.623 149.905 143.610 115.736  0.06
148.056116 145.223596 114.749152 
147.635936 144.842259 114.819402 
148.116045 145.286556 114.963046 
FEnd
FBeg
 2221    N ILE A 318  3171  CD1 PTR B   7 unk
148.028 145.292 111.174 150.618 145.870 114.871  0.55
148.995334 145.362249 112.980937 
149.437700 145.641600 112.627355 
149.053285 144.281371 113.109327 
148.679559 144.487171 113.338972 
FEnd
FBeg
 2214    N THR A 317  3171  CD1 PTR B   7 unk
146.929 147.676 113.690 150.618 145.870 114.871  0.31
149.239282 148.003765 113.751914 
149.300256 147.734315 113.149408 
149.207827 147.582238 113.205564 
148.857158 147.244242 113.784055 
FEnd
FBeg
 2208    O GLN A 316  3171  CD1 PTR B   7 unk
147.207 146.562 115.623 150.618 145.870 114.871  0.96
148.804213 146.763783 116.725148 
148.756529 146.842594 116.436336 
148.163664 145.799916 114.706640 
148.056116 145.223596 114.749152 
148.116045 145.286556 114.963046 
FEnd
FBeg
 2209   CB GLN A 316  3166   CA PTR B   7 unk
148.683 149.269 116.118 149.125 144.051 116.979  0.24
149.306977 146.881952 117.183201 
148.456605 146.838208 117.354642 
148.804213 146.763783 116.725148 
FEnd
FBeg
 2209   CB GLN A 316  3164    O GLY B   6 unk
148.683 149.269 116.118 149.439 145.848 118.995  2.01
149.604034 147.019636 117.268861 
149.142819 147.838489 118.363742 
148.259035 147.955339 118.734922 
148.015582 147.018323 117.684703 
148.456605 146.838208 117.354642 
149.306977 146.881952 117.183201 
FEnd
FBeg
 2207    C GLN A 316  3173  CE1 PTR B   7 unk
147.137 147.627 115.005 151.612 146.806 114.553  0.02
149.271151 148.176696 113.753317 
149.239282 148.003765 113.751914 
149.267123 148.043391 113.955575 
FEnd
FBeg
 2214    N THR A 317  3173  CE1 PTR B   7 unk
146.929 147.676 113.690 151.612 146.806 114.553  0.52
149.473667 148.749125 113.231450 
149.455291 148.346156 112.924932 
149.449767 148.277628 112.885823 
149.300256 147.734315 113.149408 
149.239282 148.003765 113.751914 
149.271151 148.176696 113.753317 
FEnd
FBeg
 1871  CD2 TYR A 274  3176   OH PTR B   7 unk
152.873 148.455 117.812 153.924 147.339 114.446  3.92
153.993820 146.836813 116.900257 
152.585618 148.168658 116.018986 
152.249268 149.516831 115.466975 
152.364535 149.587921 115.479397 
153.481828 149.572385 115.833411 
154.579839 148.018238 116.691533 
FEnd
FBeg
 1873  CE2 TYR A 274  3173  CE1 PTR B   7 unk
151.708 147.955 118.375 151.612 146.806 114.553  2.08
151.963092 146.218643 117.011639 
150.411567 147.725631 116.597567 
151.140576 148.811657 116.252767 
152.188840 146.964746 116.781669 
FEnd
FBeg
 1873  CE2 TYR A 274  3171  CD1 PTR B   7 unk
151.708 147.955 118.375 150.618 145.870 114.871  2.32
151.960767 146.180063 117.035319 
150.881031 146.032645 117.458915 
150.585053 146.166705 117.471215 
150.169968 146.456914 117.427652 
149.604034 147.019636 117.268861 
150.411567 147.725631 116.597567 
151.963092 146.218643 117.011639 
151.971742 146.188880 117.026658 
FEnd
FBeg
 1873  CE2 TYR A 274  3170   CG PTR B   7 unk
151.708 147.955 118.375 150.959 144.585 115.293  0.44
151.784292 145.614476 117.696645 
150.881031 146.032645 117.458915 
151.960767 146.180063 117.035319 
FEnd
FBeg
 1873  CE2 TYR A 274  3165    N PTR B   7 unk
151.708 147.955 118.375 149.814 143.786 118.238  0.64
152.443058 145.298044 118.218545 
152.259531 145.378006 118.322489 
150.438318 146.230289 117.564901 
150.585053 146.166705 117.471215 
150.881031 146.032645 117.458915 
151.784292 145.614476 117.696645 
FEnd
FBeg
 1873  CE2 TYR A 274  3174  CE2 PTR B   7 unk
151.708 147.955 118.375 153.292 145.176 115.061  0.73
153.341219 145.723374 118.063793 
153.031786 145.460892 118.136000 
152.007977 146.183135 117.041002 
152.616781 146.391020 117.157668 
FEnd
FBeg
 1873  CE2 TYR A 274  3161    N GLY B   6 unk
151.708 147.955 118.375 151.769 145.009 120.749  1.77
151.159489 146.298612 119.493174 
152.494252 146.564912 119.789341 
152.804940 145.331152 118.250331 
152.443058 145.298044 118.218545 
152.259531 145.378006 118.322489 
FEnd
FBeg
 1874   CZ TYR A 274  3163    C GLY B   6 ali
151.346 148.357 119.645 149.857 144.717 119.182  0.31
151.012824 146.336748 119.665023 
150.567187 146.486542 119.920537 
150.386436 146.595720 119.643501 
150.542958 146.584684 119.226886 
151.159489 146.298612 119.493174 
FEnd
FBeg
 1874   CZ TYR A 274  3162   CA GLY B   6 ali
151.346 148.357 119.645 150.498 144.357 120.511  0.14
150.766775 146.548059 120.400120 
150.567187 146.486542 119.920537 
151.012824 146.336748 119.665023 
FEnd
FBeg
 1875   OH TYR A 274  3161    N GLY B   6 hbd
150.203 147.840 120.187 151.769 145.009 120.749  0.01
150.814692 146.605502 120.555962 
150.766775 146.548059 120.400120 
150.721199 146.563026 120.602510 
FEnd
FBeg
 1874   CZ TYR A 274  3154   CA ASP B   5 ali
151.346 148.357 119.645 153.467 146.254 121.923  1.27
151.829876 147.587610 121.426075 
152.253293 146.662588 120.177880 
152.483056 146.602907 119.908856 
153.281325 147.474335 119.970087 
FEnd
FBeg
 1875   OH TYR A 274  3155    C ASP B   5 unk
150.203 147.840 120.187 152.042 145.653 121.885  1.76
150.797830 148.030610 122.409744 
150.947165 147.871063 122.042515 
150.814692 146.605502 120.555962 
150.721199 146.563026 120.602510 
149.734495 146.581019 121.694324 
FEnd
FBeg
 1872  CE1 TYR A 274  3154   CA ASP B   5 ali
152.131 149.251 120.358 153.467 146.254 121.923  6.47
151.560765 148.401407 123.214242 
151.503250 148.262686 122.997689 
151.829876 147.587610 121.426075 
153.281325 147.474335 119.970087 
153.497005 147.610637 120.046988 
154.052959 149.120688 122.464155 
153.730417 149.244823 122.977220 
FEnd
FBeg
 1875   OH TYR A 274  3156    O ASP B   5 hbd
150.203 147.840 120.187 151.222 145.797 122.812  6.93
150.098384 148.503955 123.049659 
150.410912 148.497096 122.923001 
150.797830 148.030610 122.409744 
149.734495 146.581019 121.694324 
147.299727 146.453489 122.540224 
147.396111 147.706012 123.477628 
147.701210 148.111670 123.674910 
FEnd
FBeg
 1907   CE LYS A 278  3154   CA ASP B   5 ali
151.565 151.547 123.347 153.467 146.254 121.923  1.45
153.765962 149.225200 123.097636 
152.005184 148.276451 124.272304 
151.560765 148.401407 123.214242 
153.730417 149.244823 122.977220 
FEnd
FBeg
 1882  OD1 ASP A 275  3154   CA ASP B   5 unk
155.555 151.018 122.083 153.467 146.254 121.923  0.56
154.841259 148.795168 121.869214 
154.969905 148.723508 122.324066 
153.765962 149.225200 123.097636 
153.730417 149.244823 122.977220 
154.052959 149.120688 122.464155 
FEnd
FBeg
  275   CG PRO A  81  3159  OD1 ASP B   5 unk
158.466 150.600 120.168 156.199 146.982 121.265  3.44
155.933885 149.202990 120.485295 
155.923265 149.232815 120.561717 
156.947550 149.073642 122.153481 
157.967296 148.106085 121.069745 
157.807954 147.821983 119.803463 
156.092910 149.043263 120.287136 
FEnd
FBeg
 1868   CB TYR A 274  3159  OD1 ASP B   5 unk
154.902 149.915 117.860 156.199 146.982 121.265  0.02
155.867736 149.098621 120.420592 
155.933885 149.202990 120.485295 
156.092910 149.043263 120.287136 
FEnd
FBeg
 1870  CD1 TYR A 274  3154   CA ASP B   5 ali
153.293 149.742 119.784 153.467 146.254 121.923  1.73
153.904360 147.760272 120.257855 
154.816811 148.597769 121.549311 
154.841259 148.795168 121.869214 
154.052959 149.120688 122.464155 
153.497005 147.610637 120.046988 
FEnd
FBeg
 1870  CD1 TYR A 274  3157   CB ASP B   5 ali
153.293 149.742 119.784 154.295 145.574 120.806  0.15
153.836155 147.638875 119.829637 
153.904360 147.760272 120.257855 
153.497005 147.610637 120.046988 
153.401704 147.521785 119.778057 
153.405372 147.518382 119.760584 
153.447810 147.525266 119.747053 
FEnd
FBeg
 1869   CG TYR A 274  3157   CB ASP B   5 ali
153.679 149.353 118.504 154.295 145.574 120.806  0.09
153.856385 147.400559 119.432999 
153.836155 147.638875 119.829637 
153.447810 147.525266 119.747053 
FEnd
FBeg
 1871  CD2 TYR A 274  3157   CB ASP B   5 ali
152.873 148.455 117.812 154.295 145.574 120.806  1.48
153.886909 145.882269 117.957515 
154.099657 146.538156 118.487603 
153.856385 147.400559 119.432999 
153.447810 147.525266 119.747053 
153.405372 147.518382 119.760584 
153.393022 147.500606 119.749345 
153.341219 145.723374 118.063793 
FEnd
FBeg
 1871  CD2 TYR A 274  3174  CE2 PTR B   7 unk
152.873 148.455 117.812 153.292 145.176 115.061  1.35
154.082076 146.052004 117.784929 
153.886909 145.882269 117.957515 
153.341219 145.723374 118.063793 
152.616781 146.391020 117.157668 
153.969126 146.714529 116.978042 
FEnd
FBeg
 1869   CG TYR A 274  3160  OD2 ASP B   5 unk
153.679 149.353 118.504 155.840 146.408 119.154  0.23
155.157845 147.796562 118.774815 
154.935298 147.478770 118.074854 
154.600079 147.354546 118.626500 
FEnd
FBeg
 1868   CB TYR A 274  3158   CG ASP B   5 ali
154.902 149.915 117.860 155.528 146.391 120.378  1.96
156.897526 148.428728 119.227043 
156.092910 149.043263 120.287136 
155.867736 149.098621 120.420592 
155.377665 148.692643 119.974252 
155.157845 147.796562 118.774815 
FEnd
FBeg
  275   CG PRO A  81  3160  OD2 ASP B   5 unk
158.466 150.600 120.168 155.840 146.408 119.154  0.73
157.411480 148.288691 118.474959 
156.897526 148.428728 119.227043 
157.869254 147.762330 119.465483 
157.965960 147.742719 119.296117 
157.835929 147.953118 118.763047 
FEnd
FBeg
 1871  CD2 TYR A 274  3178  O1P PTR B   7 unk
152.873 148.455 117.812 156.163 146.451 115.706  1.75
154.579839 148.018238 116.691533 
153.993820 146.836813 116.900257 
153.969126 146.714529 116.978042 
154.082076 146.052004 117.784929 
154.981040 147.421402 117.886219 
FEnd
FBeg
 1868   CB TYR A 274  3176   OH PTR B   7 unk
154.902 149.915 117.860 153.924 147.339 114.446  1.56
155.114832 148.564674 116.125967 
154.579839 148.018238 116.691533 
153.481828 149.572385 115.833411 
154.633912 149.462949 115.585951 
155.119254 148.599495 116.098427 
FEnd
FBeg
 1868   CB TYR A 274  3177    P PTR B   7 unk
154.902 149.915 117.860 155.573 147.041 114.334  0.00
155.154892 148.584633 116.117323 
155.114832 148.564674 116.125967 
155.119254 148.599495 116.098427 
FEnd
FBeg
  274   CB PRO A  81  3160  OD2 ASP B   5 unk
159.342 150.616 118.896 155.840 146.408 119.154  0.28
157.942758 147.827774 118.168733 
157.835929 147.953118 118.763047 
157.411480 148.288691 118.474959 
157.507310 148.187938 118.132433 
FEnd
FBeg
  271   CA PRO A  81  3178  O1P PTR B   7 unk
160.374 149.580 119.300 156.163 146.451 115.706  0.98
158.853145 148.194259 116.782987 
157.942758 147.827774 118.168733 
158.319734 147.287616 118.197311 
158.855301 147.333333 117.529998 
158.875562 148.113705 116.826853 
FEnd
FBeg
  272    C PRO A  81  3178  O1P PTR B   7 unk
161.426 149.283 118.217 156.163 146.451 115.706  0.08
158.900975 148.490005 116.349183 
158.853145 148.194259 116.782987 
158.875562 148.113705 116.826853 
159.021364 148.376026 116.225400 
FEnd
FBeg
 1861   CB THR A 273  3179  O2P PTR B   7 unk
158.642 153.196 116.733 156.317 148.436 114.028  0.45
158.737545 150.476051 115.057673 
158.141760 150.385876 115.728443 
158.256735 150.179391 115.992972 
158.982153 150.047724 115.601157 
FEnd
FBeg
 1858   CA THR A 273  3179  O2P PTR B   7 unk
157.505 153.344 115.743 156.317 148.436 114.028  3.75
157.889868 151.316171 113.240605 
156.953928 151.491176 113.388113 
156.203989 151.342483 114.333135 
158.141760 150.385876 115.728443 
158.737545 150.476051 115.057673 
FEnd
FBeg
 2044   NE ARG A 294  3179  O2P PTR B   7 unk
154.420 152.201 113.115 156.317 148.436 114.028  2.02
156.953928 151.491176 113.388113 
157.055481 151.329981 112.512381 
155.807403 150.629679 112.217710 
156.007592 151.261585 114.407598 
156.203989 151.342483 114.333135 
FEnd
FBeg
 1852    O LEU A 272  3179  O2P PTR B   7 unk
157.212 153.998 113.108 156.317 148.436 114.028  0.61
157.485115 151.245822 112.421543 
157.055481 151.329981 112.512381 
156.953928 151.491176 113.388113 
157.889868 151.316171 113.240605 
FEnd
FBeg
 2058    C SER A 296  3180  O3P PTR B   7 unk
156.749 147.914 109.992 155.736 146.004 113.184  0.08
156.144386 146.302494 110.917412 
155.956939 146.618793 111.047189 
155.973096 146.770710 111.143219 
156.438086 146.040621 110.853922 
FEnd
FBeg
 2079   CB ARG A 299  3180  O3P PTR B   7 unk
155.157 142.926 109.130 155.736 146.004 113.184  0.05
155.464612 144.049013 111.363308 
155.004440 144.142474 111.358070 
155.446036 144.223362 111.233586 
FEnd
FBeg
 2070    C THR A 298  3180  O3P PTR B   7 unk
157.886 143.114 110.958 155.736 146.004 113.184  0.17
156.201364 143.911982 111.968558 
155.716862 143.772871 111.681205 
155.716185 143.781057 111.669923 
156.377532 144.310771 111.620967 
FEnd
FBeg
 2068    N THR A 298  3180  O3P PTR B   7 unk
158.184 145.291 111.999 155.736 146.004 113.184  4.23
158.151651 146.361139 113.671320 
157.528871 145.069311 113.162044 
157.445796 144.990839 113.037641 
156.597658 144.663019 111.482784 
156.547587 145.534050 110.855257 
156.618969 145.842604 110.817067 
157.239770 146.389786 111.770299 
157.920389 146.567229 113.069572 
FEnd
FBeg
 2066   CB CYS A 297  3180  O3P PTR B   7 unk
158.973 148.302 112.727 155.736 146.004 113.184  0.48
158.074235 146.541442 114.029618 
158.151651 146.361139 113.671320 
157.920389 146.567229 113.069572 
157.495038 147.125929 112.866141 
158.036672 146.593773 114.026702 
FEnd
FBeg
 2066   CB CYS A 297  3178  O1P PTR B   7 unk
158.973 148.302 112.727 156.163 146.451 115.706  1.62
159.596684 147.075355 115.797444 
158.074235 146.541442 114.029618 
158.036672 146.593773 114.026702 
159.122345 148.239843 116.073569 
FEnd
FBeg
  273    O PRO A  81  3178  O1P PTR B   7 unk
161.490 148.140 117.734 156.163 146.451 115.706  2.12
159.446964 146.497852 116.671684 
159.596684 147.075355 115.797444 
159.122345 148.239843 116.073569 
159.021364 148.376026 116.225400 
158.875562 148.113705 116.826853 
158.855301 147.333333 117.529998 
FEnd
FBeg
  293  CE2 TYR A  83  3178  O1P PTR B   7 unk
160.883 145.938 119.459 156.163 146.451 115.706  3.11
158.060825 144.471052 118.137932 
159.446964 146.497852 116.671684 
158.855301 147.333333 117.529998 
158.319734 147.287616 118.197311 
FEnd
FBeg
 2073  OG1 THR A 298  3178  O1P PTR B   7 unk
156.434 143.259 113.336 156.163 146.451 115.706  0.01
155.669070 143.938850 114.898121 
155.692225 143.771026 115.126800 
155.763104 143.961655 114.878158 
FEnd
FBeg
 2073  OG1 THR A 298  3180  O3P PTR B   7 unk
156.434 143.259 113.336 155.736 146.004 113.184  3.97
154.100933 143.414225 112.624856 
155.669070 143.938850 114.898121 
155.763104 143.961655 114.878158 
156.038668 144.008249 114.454178 
156.230979 143.922611 112.024509 
156.201364 143.911982 111.968558 
155.716862 143.772871 111.681205 
FEnd
FBeg
 2080   CG ARG A 299  3180  O3P PTR B   7 unk
154.929 141.865 110.229 155.736 146.004 113.184  1.78
153.678547 143.775463 112.234230 
154.100933 143.414225 112.624856 
155.716862 143.772871 111.681205 
155.716185 143.781057 111.669923 
155.464612 144.049013 111.363308 
155.004440 144.142474 111.358070 
153.802302 144.144631 111.683349 
153.778373 144.109928 111.738491 
FEnd
FBeg
 2226  CG1 ILE A 318  3180  O3P PTR B   7 unk
150.915 144.480 111.185 155.736 146.004 113.184  0.12
153.544845 144.188041 112.242139 
153.678547 143.775463 112.234230 
153.778373 144.109928 111.738491 
FEnd
FBeg
 2226  CG1 ILE A 318  3172  CD2 PTR B   7 unk
150.915 144.480 111.185 152.310 144.257 115.373  4.19
151.865676 144.832422 113.115849 
152.078429 144.749711 113.040578 
153.370295 143.195090 112.527485 
152.758542 142.200913 112.678319 
151.408097 141.431848 113.087194 
151.219717 142.189941 113.190309 
FEnd
FBeg
 2228  CD1 ILE A 318  3170   CG PTR B   7 unk
151.459 145.842 111.226 150.959 144.585 115.293  0.00
151.812659 144.853596 113.115876 
151.865676 144.832422 113.115849 
151.875132 144.874855 113.130127 
FEnd
FBeg
 2226  CG1 ILE A 318  3171  CD1 PTR B   7 unk
150.915 144.480 111.185 150.618 145.870 114.871  2.30
149.519358 145.785713 112.579589 
151.812659 144.853596 113.115876 
149.337122 144.210768 113.158821 
149.053285 144.281371 113.109327 
149.437700 145.641600 112.627355 
FEnd
FBeg
 2216    C THR A 317  3171  CD1 PTR B   7 unk
147.645 146.482 111.635 150.618 145.870 114.871  1.40
149.741940 147.085725 112.620958 
149.519358 145.785713 112.579589 
149.437700 145.641600 112.627355 
148.995334 145.362249 112.980937 
149.207827 147.582238 113.205564 
149.300256 147.734315 113.149408 
FEnd
FBeg
 2216    C THR A 317  3173  CE1 PTR B   7 unk
147.645 146.482 111.635 151.612 146.806 114.553  0.52
149.823638 147.686177 112.443220 
149.741940 147.085725 112.620958 
149.300256 147.734315 113.149408 
149.449767 148.277628 112.885823 
FEnd
FBeg
 2122   CA ALA A 304  3173  CE1 PTR B   7 unk
150.562 149.295 110.340 151.612 146.806 114.553  0.03
149.845318 147.691181 112.440773 
149.823638 147.686177 112.443220 
149.449767 148.277628 112.885823 
149.455291 148.346156 112.924932 
FEnd
FBeg
 2125   CB ALA A 304  3173  CE1 PTR B   7 unk
151.722 149.302 111.265 151.612 146.806 114.553  6.31
152.574714 147.484455 112.375154 
149.845318 147.691181 112.440773 
149.455291 148.346156 112.924932 
149.473667 148.749125 113.231450 
150.603087 149.638994 113.944756 
152.093516 149.370389 113.790713 
152.218989 149.302098 113.743070 
FEnd
FBeg
 2228  CD1 ILE A 318  3175   CZ PTR B   7 unk
151.459 145.842 111.226 152.937 146.439 114.663  2.37
153.462592 146.297509 112.247278 
152.630204 147.256504 112.438651 
151.929953 144.939246 113.142281 
151.930560 144.936829 113.142439 
151.937516 144.934016 113.139937 
153.402379 145.136184 112.474891 
FEnd
FBeg
 2228  CD1 ILE A 318  3180  O3P PTR B   7 unk
151.459 145.842 111.226 155.736 146.004 113.184  1.90
153.623079 146.893335 111.847417 
153.462592 146.297509 112.247278 
153.402379 145.136184 112.474891 
153.544845 144.188041 112.242139 
153.778373 144.109928 111.738491 
153.802302 144.144631 111.683349 
153.782278 145.919619 111.580231 
FEnd
FBeg
 2060   CB SER A 296  3180  O3P PTR B   7 unk
154.588 146.811 109.559 155.736 146.004 113.184  2.31
153.988247 147.393120 111.843035 
153.623079 146.893335 111.847417 
153.782278 145.919619 111.580231 
156.144386 146.302494 110.917412 
155.956939 146.618793 111.047189 
FEnd
FBeg
 2125   CB ALA A 304  3176   OH PTR B   7 unk
151.722 149.302 111.265 153.924 147.339 114.446  3.38
154.186803 148.970756 112.176408 
153.577618 147.617485 111.763002 
153.411494 147.427774 111.760927 
152.574714 147.484455 112.375154 
152.218989 149.302098 113.743070 
152.649904 149.255456 113.415993 
FEnd
FBeg
 2057   CA SER A 296  3180  O3P PTR B   7 unk
155.245 148.134 109.897 155.736 146.004 113.184  1.87
155.687496 147.889309 111.910741 
154.686678 148.042149 112.159281 
153.988247 147.393120 111.843035 
155.956939 146.618793 111.047189 
155.973096 146.770710 111.143219 
FEnd
FBeg
 2062    N CYS A 297  3179  O2P PTR B   7 unk
157.238 147.744 111.207 156.317 148.436 114.028  3.30
156.224380 149.716307 111.637855 
157.138048 150.177350 111.823054 
157.315619 148.037307 112.405987 
157.211039 147.302788 112.552023 
155.687496 147.889309 111.910741 
FEnd
FBeg
 2051    O LEU A 295  3179  O2P PTR B   7 unk
155.939 150.773 110.075 156.317 148.436 114.028  2.24
155.197407 149.969653 111.885835 
155.807403 150.629679 112.217710 
157.055481 151.329981 112.512381 
157.485115 151.245822 112.421543 
157.138048 150.177350 111.823054 
156.224380 149.716307 111.637855 
FEnd
FBeg
 2047  NH2 ARG A 294  3176   OH PTR B   7 unk
154.097 150.119 114.022 153.924 147.339 114.446  6.25
154.633912 149.462949 115.585951 
153.481828 149.572385 115.833411 
152.364535 149.587921 115.479397 
152.229532 149.569094 115.300870 
152.215466 149.379795 114.053973 
152.649904 149.255456 113.415993 
154.186803 148.970756 112.176408 
154.268782 148.969245 112.199950 
FEnd
FBeg
 1868   CB TYR A 274  3179  O2P PTR B   7 unk
154.902 149.915 117.860 156.317 148.436 114.028  3.63
155.085930 150.058969 115.522823 
154.633912 149.462949 115.585951 
155.119254 148.599495 116.098427 
155.154892 148.584633 116.117323 
157.668177 149.029139 116.873814 
157.634029 149.575995 116.650139 
155.670697 150.165140 115.697775 
FEnd
FBeg
 1865   CA TYR A 274  3179  O2P PTR B   7 unk
154.762 151.365 117.448 156.317 148.436 114.028  0.13
155.375788 150.440617 115.327759 
155.085930 150.058969 115.522823 
155.670697 150.165140 115.697775 
FEnd
FBeg
 1864    N TYR A 274  3179  O2P PTR B   7 unk
155.983 151.791 116.792 156.317 148.436 114.028  4.33
155.989761 151.247266 114.422823 
155.375788 150.440617 115.327759 
155.670697 150.165140 115.697775 
157.634029 149.575995 116.650139 
158.256735 150.179391 115.992972 
158.141760 150.385876 115.728443 
156.203989 151.342483 114.333135 
156.007592 151.261585 114.407598 
FEnd
FBeg
 2045   CZ ARG A 294  3179  O2P PTR B   7 unk
153.605 151.222 113.472 156.317 148.436 114.028  2.01
154.651894 149.474111 112.063623 
155.989761 151.247266 114.422823 
156.007592 151.261585 114.407598 
155.807403 150.629679 112.217710 
155.197407 149.969653 111.885835 
FEnd

+-+CCS_record::Boundary loops before union-find
Start boundary loop loop_id 0  init_edge IE_A_B
xyz 158.127 139.065 120.691
xyz 159.633 140.098 122.095
xyz 159.834 143.998 123.655
xyz 158.987 146.445 123.971
xyz 159.016 146.422 123.976
xyz 159.422 145.626 123.918
xyz 159.821 144.841 123.946
xyz 159.971 144.042 123.745
xyz 160.184 142.842 123.572
xyz 160.308 142.026 123.679
xyz 158.673 130.145 129.832
xyz 155.95 127.577 139.169
xyz 158.036 148.404 131.022
xyz 157.477 149.478 128.048
xyz 157.632 149.166 127.143
xyz 157.841 147.932 125.009
xyz 157.624 147.891 123.934
xyz 158.016 147.402 123.659
xyz 158.094 147.928 123.198
xyz 157.46 148.532 123.763
xyz 157.135 148.865 123.145
xyz 156.942 148.831 123.345
xyz 156.661 148.674 123.9
xyz 156.511 148.659 123.856
xyz 154.344 149.464 124.823
xyz 153.326 148.93 125.086
xyz 151.99 148.264 124.419
xyz 151.117 148.162 126.074
xyz 148.575 148.299 126.233
xyz 150.098 148.504 123.05
xyz 147.701 148.112 123.675
xyz 147.396 147.706 123.478
xyz 147.3 146.453 122.54
xyz 147.257 146.398 121.98
xyz 147.148 147.546 120.131
xyz 147.314 147.706 119.758
xyz 147.049 147.391 119.677
xyz 147.039 147.403 119.94
xyz 147.249 146.383 121.971
xyz 146.759 145.407 123.365
xyz 143.488 140.478 129.777
xyz 140.009 141.213 125.677
xyz 138.907 139.84 125.916
xyz 140.398 141.989 121.91
xyz 140.506 144.097 117.299
xyz 140.941 144.555 117.033
xyz 141.082 144.982 116.759
xyz 139.058 144.292 117.023
xyz 137.911 146.038 117.305
xyz 137.508 146.788 117.336
xyz 137.518 146.829 117.305
xyz 137.501 146.8 117.329
xyz 137.195 146.639 117.627
xyz 135.65 146.971 118.769
xyz 134.839 147.136 119.122
xyz 134.216 147.249 119.056
xyz 129.68 148.011 117.166
xyz 125.884 148.079 116.38
xyz 125.908 148.066 116.345
xyz 131.504 148.148 111.584
xyz 131.646 148.058 111.051
xyz 129.675 147.563 110.632
xyz 117.252 145.076 110.831
xyz -73.0585 24.7911 64.9113
xyz 23.1125 80.7406 85.2349
xyz 128.479 142.944 108.04
xyz 132.163 144.977 109.019
xyz 134.464 143.41 107.12
xyz 137.131 143.269 106.724
xyz 137.59 143.643 107.084
xyz 138.574 146.031 107.188
xyz 138.61 146.201 107.227
xyz 138.633 146.818 107.475
xyz 137.861 147.608 108.557
xyz 137.655 147.752 108.816
xyz 137.674 147.791 108.774
xyz 137.861 147.608 108.557
xyz 138.867 146.849 107.542
xyz 139.831 147.653 107.639
xyz 140.624 147.725 108.101
xyz 142.337 148.217 107.587
xyz 141.424 148.103 107.195
xyz 141.273 147.944 106.975
xyz 139.787 147.045 106.282
xyz 139.788 147.037 106.275
xyz 138.585 146.097 107.173
xyz 138.574 146.031 107.188
xyz 138.596 145.134 107.284
xyz 139.034 144.408 107.09
xyz 138.757 142.102 106.911
xyz 137.799 140.468 106.984
xyz 136.686 135.937 105.824
xyz 137.358 136.482 105.489
xyz 136.729 135.875 105.942
xyz 137.539 136.191 107.695
xyz 141.99 139.63 108.786
xyz 143.298 140.394 108.951
xyz 144.924 141.189 110.218
xyz 145.148 141.455 109.982
xyz 145.38 141.729 110.026
xyz 145.464 141.828 111.07
xyz 145.478 141.909 111.104
xyz 145.601 142.659 111.332
xyz 145.681 142.559 111.454
xyz 145.811 142.527 111.554
xyz 146.12 142.628 111.657
xyz 146.988 142.065 111.969
xyz 148.072 141.814 112.603
xyz 148.183 141.825 112.562
xyz 148.509 142.341 112.618
xyz 148.873 141.495 112.537
xyz 150.195 140.576 112.654
xyz 151.408 141.432 113.087
xyz 152.691 139.023 117.295
xyz 152.852 138.923 117.527
xyz 154.095 138.663 118.567
xyz 155.41 139.922 117.422
xyz 155.75 139.725 118.207
xyz 155.536 142.243 116.54
xyz 155.688 142.476 117.705
xyz 155.713 142.405 117.892
xyz 158.061 144.471 118.138
xyz 157.717 141.558 119.34
xyz 157.829 142.789 119.386
xyz 157.77 141.598 119.632
xyz 157.405 143.246 121.725
End loop
Boundary info init_edge IE_A_B [total exposed]: 725.168335 725.168335
Start boundary loop loop_id 1  init_edge IE_A_B
xyz 143.554 147.205 109.247
xyz 143.558 147.196 109.248
xyz 143.545 147.199 109.254
End loop
Boundary info init_edge IE_A_B [total exposed]: 0.036730 0.036730
Start boundary loop loop_id 2  init_edge IE_A_B
xyz 142.915 148.143 107.672
xyz 142.817 148.187 107.693
xyz 142.948 148.109 107.825
End loop
Boundary info init_edge IE_A_B [total exposed]: 0.472232 0.472232
Start boundary loop loop_id 3  init_edge IE_A_B
xyz 159.133 148.446 116.075
xyz 159.122 148.24 116.074
xyz 159.021 148.376 116.225
xyz 158.901 148.49 116.349
xyz 159.116 149.014 115.981
End loop
Boundary info init_edge IE_A_B [total exposed]: 1.892079 1.892079
