Begin VSO per interface edge
1091 2162  1
1094 2148  2
1096 36  2
1096 37  1
1096 2148  1
1097 36  1
1097 37  1
1097 38  1
1097 2162  1
1098 2162  1
1099 2148  1
1100 2148  2
1103 2148  1
1108 2148  2
1112 55  2
1112 56  1
1112 2148  2
1113 2148  2
1114 2148  1
1115 56  1
1115 2148  1
1121 36  2
1121 37  1
1121 40  1
1122 36  2
1122 38  2
1122 39  1
1122 40  2
1122 2162  1
1123 40  1
1123 43  2
1123 55  1
1123 57  2
1123 2122  2
1244 2130  1
1301 79  1
1304 2130  1
1307 81  3
1307 84  3
1307 86  3
1307 99  3
1307 101  2
1307 2130  1
1307 2146  2
1308 77  2
1308 78  1
1308 79  3
1308 81  2
1308 84  3
1308 99  2
1308 100  1
1308 101  2
1309 77  2
1309 78  1
1309 79  2
1310 2130  1
1310 2146  2
1314 2130  1
1315 2130  1
1315 2146  1
1315 2077  1
1317 2146  2
1318 86  3
1318 111  3
1318 112  3
1318 115  2
1318 2146  2
1318 2077  2
1319 86  4
1319 89  4
1319 90  4
1319 112  4
1319 115  3
1320 89  3
1320 90  3
1320 112  3
1320 115  2
1321 86  4
1321 89  5
1322 64  4
1322 89  5
1322 90  4
1324 2122  4
1325 64  4
1325 79  2
1325 89  5
1326 62  3
1326 64  4
1326 77  4
1326 79  3
1326 81  3
1326 86  4
1326 89  4
1327 55  3
1327 57  4
1327 58  3
1327 62  2
1327 64  3
1327 67  4
1327 79  2
1327 89  4
1327 90  4
1327 2122  4
1339 115  1
1339 136  1
1341 112  2
1341 115  2
1341 136  1
1341 157  1
1341 2077  2
1342 157  2
1342 2077  2
1343 157  2
1343 2075  2
1343 2077  2
1344 157  1
1345 157  1
1345 2075  1
1345 2077  1
1346 115  2
1347 115  1
1348 2122  3
1350 67  3
1350 68  2
1350 90  2
1350 91  2
1350 92  2
1350 93  1
1350 115  1
1350 2122  3
1351 67  4
1351 68  3
1351 90  3
1351 2122  4
1352 2122  4
1353 2122  3
1357 55  2
1357 57  3
1357 2122  3
1359 55  3
1359 56  2
1359 57  4
1360 55  3
1360 56  2
1362 55  2
1362 56  2
1362 58  2
1362 59  1
1362 62  1
1362 79  1
1378 2092  1
1380 2092  1
1386 40  1
1387 2092  1
1388 40  1
1388 43  2
1388 45  2
1388 53  1
1388 54  1
1388 2122  2
1389 53  1
1389 54  2
1389 2078  1
1389 2092  1
1390 45  3
1390 47  3
1390 48  3
1390 50  3
1390 51  3
1390 53  2
1390 54  2
1390 68  3
1390 93  2
1390 2078  2
1390 2092  1
1391 45  3
1391 48  4
1391 67  4
1391 68  3
1391 93  2
1391 2122  3
1392 48  3
1392 50  2
1392 51  2
1392 52  2
1392 53  2
1392 68  2
1392 70  2
1392 71  1
1392 93  1
1392 2078  2
1392 2092  1
1415 2092  2
1416 2092  1
1417 2092  1
1422 2162  1
34 2078  1
37 2148  1
38 2162  1
40 2122  2
43 2122  3
45 2122  3
52 2078  1
53 2078  1
55 2122  4
57 2122  3
67 2122  4
84 2146  2
86 2146  2
93 2092  1
101 2130  1
101 2146  1
108 2146  1
108 2077  1
111 2146  2
111 2077  2
112 2077  3
113 2077  2
122 2075  1
132 2075  2
133 2075  2
133 2077  1
136 2077  2
157 2075  2
157 2077  2
158 2075  1
176 2075  1
End VSO per interface edge

Voronoi Facets of interface MI_AB
FBeg
 1391  NH1 ARG A 176    67   C8 DG B   4 unk
29.081 -0.355 9.257 29.994 -3.361 7.575  0.24
30.100106 -2.250511 9.891236 
30.152304 -2.224057 9.872292 
28.915299 -2.172146 9.108064 
28.895151 -2.331631 9.382154 
FEnd
FBeg
 1391  NH1 ARG A 176    45  C2' DC B   3 unk
29.081 -0.355 9.257 26.795 -2.156 8.041  4.18
28.915299 -2.172146 9.108064 
28.895151 -2.331631 9.382154 
27.560725 -1.182114 10.188252 
27.364458 -0.279942 9.221030 
28.488858 -0.440099 7.344437 
28.552117 -0.505840 7.322881 
FEnd
FBeg
 1391  NH1 ARG A 176    48   C2 DC B   3 unk
29.081 -0.355 9.257 27.424 -0.633 5.242  0.00
28.488858 -0.440099 7.344437 
28.606315 -0.444544 7.296270 
28.552117 -0.505840 7.322881 
FEnd
FBeg
 1390   CZ ARG A 176    48   C2 DC B   3 aro
29.086 0.969 9.147 27.424 -0.633 5.242  0.53
28.488858 -0.440099 7.344437 
28.606315 -0.444544 7.296270 
29.219907 0.018885 6.845001 
29.002966 0.275352 6.832119 
29.000787 0.276770 6.832465 
28.437015 0.364214 7.036537 
28.337160 0.115392 7.181114 
28.442968 -0.408828 7.351139 
FEnd
FBeg
 1390   CZ ARG A 176    47   N1 DC B   3 unk
29.086 0.969 9.147 26.519 -0.479 6.280  0.16
28.337160 0.115392 7.181114 
28.442968 -0.408828 7.351139 
27.968912 -0.168562 7.654243 
FEnd
FBeg
 1390   CZ ARG A 176    54   C6 DC B   3 aro
29.086 0.969 9.147 26.196 0.743 6.762  2.71
28.437015 0.364214 7.036537 
28.337160 0.115392 7.181114 
27.968912 -0.168562 7.654243 
26.972639 0.145084 8.831746 
26.977535 1.551447 8.692547 
27.086389 1.839953 8.533306 
28.405106 0.466255 7.065534 
FEnd
FBeg
 1390   CZ ARG A 176    53   C5 DC B   3 aro
29.086 0.969 9.147 26.814 1.847 6.284  2.86
27.086389 1.839953 8.533306 
28.153000 3.367469 8.155318 
28.183155 3.358338 8.128587 
28.618534 1.238490 7.132985 
28.405106 0.466255 7.065534 
FEnd
FBeg
 1392  NH2 ARG A 176    53   C5 DC B   3 unk
29.836 1.557 8.223 26.814 1.847 6.284  1.27
28.183155 3.358338 8.128587 
28.618534 1.238490 7.132985 
28.841593 2.953176 7.041792 
28.800770 3.208752 7.143640 
FEnd
FBeg
 1392  NH2 ARG A 176    52   N4 DC B   3 hbd
29.836 1.557 8.223 28.492 2.708 4.796  3.67
28.841593 2.953176 7.041792 
28.800770 3.208752 7.143640 
31.553320 4.278685 6.423496 
32.010439 4.294179 6.249426 
29.992097 1.797938 6.202586 
FEnd
FBeg
 1392  NH2 ARG A 176    71   O6 DG B   4 hbd
29.836 1.557 8.223 31.288 0.424 6.037  10.25
32.010439 4.294179 6.249426 
33.261487 3.376698 7.555935 
32.874799 2.531611 7.737093 
31.407778 0.303898 7.917278 
29.413632 0.206211 6.643343 
29.466819 0.514404 6.518936 
29.992097 1.797938 6.202586 
FEnd
FBeg
 1392  NH2 ARG A 176    50   N3 DC B   3 hbd
29.836 1.557 8.223 28.066 0.469 4.771  0.12
29.413632 0.206211 6.643343 
29.333561 0.052059 6.732985 
29.322266 0.049752 6.739504 
29.002966 0.275352 6.832119 
29.001718 0.277090 6.832211 
29.466819 0.514404 6.518936 
FEnd
FBeg
 1392  NH2 ARG A 176    68   N7 DG B   4 hbd
29.836 1.557 8.223 30.128 -2.067 7.446  0.36
29.333561 0.052059 6.732985 
31.100112 -0.094380 8.079868 
31.029290 -0.129910 8.218968 
29.219907 0.018885 6.845001 
29.322266 0.049752 6.739504 
FEnd
FBeg
 1392  NH2 ARG A 176    70   C6 DG B   4 unk
29.836 1.557 8.223 31.515 -0.741 5.771  0.80
31.407778 0.303898 7.917278 
31.100112 -0.094380 8.079868 
29.333561 0.052059 6.732985 
29.413632 0.206211 6.643343 
FEnd
FBeg
 1392  NH2 ARG A 176    93   O6 DG B   5 hbd
29.836 1.557 8.223 32.674 -0.232 9.211  5.52
32.874799 2.531611 7.737093 
33.228195 3.189770 7.913719 
31.761978 2.168641 10.276396 
31.029290 -0.129910 8.218968 
31.100112 -0.094380 8.079868 
31.407778 0.303898 7.917278 
FEnd
FBeg
 1390   CZ ARG A 176    93   O6 DG B   5 unk
29.086 0.969 9.147 32.674 -0.232 9.211  2.80
31.761978 2.168641 10.276396 
31.029290 -0.129910 8.218968 
30.950075 -0.348372 8.560362 
30.961720 -0.251279 9.729545 
31.724359 2.083968 10.796480 
FEnd
FBeg
 1350   CB SER A 172    93   O6 DG B   5 unk
31.364 -1.083 12.010 32.674 -0.232 9.211  9.38
30.961720 -0.251279 9.729545 
30.992280 -1.252480 9.439446 
31.106044 -1.414233 9.443511 
33.583378 -0.414196 10.907012 
33.907256 2.674927 11.997803 
33.165034 2.682875 11.652842 
31.724359 2.083968 10.796480 
FEnd
FBeg
 1350   CB SER A 172   115   N6 DA B   6 unk
31.364 -1.083 12.010 35.651 -1.286 11.312  5.78
33.583378 -0.414196 10.907012 
33.907256 2.674927 11.997803 
33.915756 2.655413 12.055685 
33.871746 -0.689669 12.758238 
33.768030 -1.963318 12.491646 
33.618029 -2.320327 11.674193 
33.531100 -1.590013 10.927897 
33.527486 -1.426589 10.858168 
FEnd
FBeg
 1350   CB SER A 172    91   C5 DG B   5 ali
31.364 -1.083 12.010 33.527 -2.424 8.755  0.11
33.531100 -1.590013 10.927897 
32.514660 -1.616422 10.263336 
33.527486 -1.426589 10.858168 
FEnd
FBeg
 1350   CB SER A 172    90   N7 DG B   5 unk
31.364 -1.083 12.010 32.943 -3.274 9.682  4.50
33.618029 -2.320327 11.674193 
32.709165 -3.159581 11.847608 
30.758544 -2.329653 9.743483 
30.770245 -2.302633 9.725989 
31.195865 -1.745888 9.490691 
32.514660 -1.616422 10.263336 
33.531100 -1.590013 10.927897 
FEnd
FBeg
 1350   CB SER A 172    67   C8 DG B   4 ali
31.364 -1.083 12.010 29.994 -3.361 7.575  0.01
30.758544 -2.329653 9.743483 
30.352206 -2.249205 9.827682 
30.770245 -2.302633 9.725989 
FEnd
FBeg
 1351   OG SER A 172    90   N7 DG B   5 hbd
31.047 -2.434 11.771 32.943 -3.274 9.682  3.77
32.709165 -3.159581 11.847608 
30.758544 -2.329653 9.743483 
30.421672 -4.483775 10.303921 
30.594487 -4.513704 10.472804 
32.524644 -3.550782 11.837439 
FEnd
FBeg
 1322   CA THR A 169    90   N7 DG B   5 unk
32.241 -5.937 12.554 32.943 -3.274 9.682  1.59
30.594487 -4.513704 10.472804 
30.793223 -4.767528 10.286029 
33.117395 -4.067167 11.503518 
33.114798 -4.061833 11.507829 
32.524644 -3.550782 11.837439 
FEnd
FBeg
 1319    C GLY A 168    90   N7 DG B   5 unk
34.490 -5.069 12.835 32.943 -3.274 9.682  0.00
33.117395 -4.067167 11.503518 
33.152490 -4.050428 11.495829 
33.114798 -4.061833 11.507829 
FEnd
FBeg
 1319    C GLY A 168    89   C8 DG B   5 ali
34.490 -5.069 12.835 33.443 -4.450 9.404  3.43
33.117395 -4.067167 11.503518 
33.152490 -4.050428 11.495829 
34.991973 -3.483301 11.036812 
35.292863 -4.733297 10.719476 
34.358398 -5.975860 10.780460 
33.726469 -5.501351 11.058907 
FEnd
FBeg
 1321    N THR A 169    89   C8 DG B   5 unk
33.671 -6.111 12.752 33.443 -4.450 9.404  0.44
34.358398 -5.975860 10.780460 
33.726469 -5.501351 11.058907 
33.675918 -6.446420 10.593485 
33.867210 -6.555092 10.526544 
FEnd
FBeg
 1321    N THR A 169    86  C2' DG B   5 unk
33.671 -6.111 12.752 35.856 -6.288 8.929  1.42
33.867210 -6.555092 10.526544 
34.358398 -5.975860 10.780460 
34.972592 -6.488461 11.155230 
35.208948 -7.300895 11.327932 
34.333681 -7.521763 10.837907 
FEnd
FBeg
 1326  OG1 THR A 169    86  C2' DG B   5 unk
32.185 -7.480 10.728 35.856 -6.288 8.929  1.36
34.333681 -7.521763 10.837907 
33.867210 -6.555092 10.526544 
33.357969 -6.896614 9.261108 
34.165833 -7.922649 10.229777 
FEnd
FBeg
 1326  OG1 THR A 169    81  C5' DG B   5 unk
32.185 -7.480 10.728 34.055 -8.855 7.712  2.55
33.357969 -6.896614 9.261108 
34.165833 -7.922649 10.229777 
33.725275 -8.486030 10.213466 
33.077534 -8.935487 10.016758 
32.773592 -8.534644 9.645560 
32.514917 -7.563508 9.042433 
33.067412 -6.861663 9.065022 
FEnd
FBeg
 1326  OG1 THR A 169    64  C2' DG B   4 unk
32.185 -7.480 10.728 30.879 -6.356 7.748  2.69
32.514917 -7.563508 9.042433 
31.245752 -7.838585 9.494897 
31.106568 -7.833969 9.557636 
30.881527 -7.646214 9.727079 
31.040140 -7.132900 9.851178 
31.816149 -5.952739 9.956223 
33.067412 -6.861663 9.065022 
FEnd
FBeg
 1325   CB THR A 169    64  C2' DG B   4 ali
31.627 -7.228 12.019 30.879 -6.356 7.748  0.68
31.040140 -7.132900 9.851178 
31.816149 -5.952739 9.956223 
31.252990 -5.382082 10.171361 
31.137689 -5.339238 10.200302 
FEnd
FBeg
 1322   CA THR A 169    64  C2' DG B   4 ali
32.241 -5.937 12.554 30.879 -6.356 7.748  0.01
31.252990 -5.382082 10.171361 
30.961412 -5.035376 10.223766 
31.137689 -5.339238 10.200302 
FEnd
FBeg
 1325   CB THR A 169    89   C8 DG B   5 ali
31.627 -7.228 12.019 33.443 -4.450 9.404  0.31
31.816149 -5.952739 9.956223 
31.252990 -5.382082 10.171361 
32.662641 -6.129257 10.356552 
FEnd
FBeg
 1327  CG2 THR A 169    64  C2' DG B   4 ali
30.111 -7.122 11.898 30.879 -6.356 7.748  3.97
30.881527 -7.646214 9.727079 
31.040140 -7.132900 9.851178 
31.137689 -5.339238 10.200302 
30.961412 -5.035376 10.223766 
30.757443 -4.770649 10.234883 
30.484530 -4.578449 10.219853 
29.625641 -4.844260 10.011844 
29.398806 -5.191044 9.905857 
29.266509 -5.636490 9.799155 
29.230812 -6.115157 9.704197 
FEnd
FBeg
 1327  CG2 THR A 169    62  C3' DG B   4 ali
30.111 -7.122 11.898 29.843 -7.475 7.612  4.37
29.230812 -6.115157 9.704197 
30.881527 -7.646214 9.727079 
30.852522 -7.884248 9.748497 
28.844693 -9.359279 9.995530 
28.289316 -8.020774 9.920017 
FEnd
FBeg
 1362  NH2 ARG A 173    62  C3' DG B   4 unk
26.629 -8.586 11.557 29.843 -7.475 7.612  4.13
28.844693 -9.359279 9.995530 
28.289316 -8.020774 9.920017 
27.567945 -8.703620 9.140010 
26.823022 -10.855445 7.927117 
27.864730 -10.789255 8.794440 
28.393427 -10.271885 9.370873 
FEnd
FBeg
 1362  NH2 ARG A 173    79  OP2 DG B   5 hbd
26.629 -8.586 11.557 31.457 -9.397 9.254  2.34
28.393427 -10.271885 9.370873 
28.844693 -9.359279 9.995530 
29.082953 -10.103332 10.757036 
28.267070 -12.003563 9.715789 
28.102104 -12.167203 9.427580 
FEnd
FBeg
 1301   CB CYS A 165    79  OP2 DG B   5 unk
30.691 -11.352 13.422 31.457 -9.397 9.254  5.55
29.082953 -10.103332 10.757036 
28.267070 -12.003563 9.715789 
28.315739 -12.565168 9.461312 
28.521917 -12.607261 9.479460 
29.900373 -12.642952 9.716054 
30.998954 -9.744618 11.277416 
30.748947 -9.695701 11.254414 
FEnd
FBeg
 1325   CB THR A 169    79  OP2 DG B   5 unk
31.627 -7.228 12.019 31.457 -9.397 9.254  1.49
30.998954 -9.744618 11.277416 
32.178161 -9.147153 10.736234 
30.958147 -8.124961 10.009387 
30.748947 -9.695701 11.254414 
FEnd
FBeg
 1309   CD PRO A 166    79  OP2 DG B   5 unk
33.285 -11.177 11.272 31.457 -9.397 9.254  5.73
29.900373 -12.642952 9.716054 
30.249947 -12.406191 9.608230 
32.916011 -9.563930 9.700232 
33.006524 -8.990805 10.123772 
32.178161 -9.147153 10.736234 
30.998954 -9.744618 11.277416 
FEnd
FBeg
 1308   CG PRO A 166    79  OP2 DG B   5 unk
34.580 -10.862 10.569 31.457 -9.397 9.254  0.08
32.916011 -9.563930 9.700232 
32.988321 -9.410434 9.699509 
33.077534 -8.935487 10.016758 
33.006524 -8.990805 10.123772 
FEnd
FBeg
 1308   CG PRO A 166    77    P DG B   5 unk
34.580 -10.862 10.569 31.572 -9.458 7.806  1.00
32.916011 -9.563930 9.700232 
32.988321 -9.410434 9.699509 
33.403491 -11.343590 8.265204 
32.873961 -11.615769 8.703383 
FEnd
FBeg
 1308   CG PRO A 166    78  OP1 DG B   5 unk
34.580 -10.862 10.569 31.770 -10.785 7.221  17.52
33.403491 -11.343590 8.265204 
35.496807 -13.363158 6.461822 
36.280471 -18.925754 5.676154 
35.860110 -18.703687 6.034073 
33.696531 -16.804547 7.893658 
32.873961 -11.615769 8.703383 
FEnd
FBeg
 1308   CG PRO A 166   100  OP1 DA B   6 unk
34.580 -10.862 10.569 38.357 -9.871 7.320  34.06
35.496807 -13.363158 6.461822 
36.312711 -10.599597 8.253252 
37.786796 -11.599055 9.662041 
38.638761 -12.845899 10.272152 
39.362475 -17.952939 9.555744 
36.280471 -18.925754 5.676154 
FEnd
FBeg
 1308   CG PRO A 166   101  OP2 DA B   6 unk
34.580 -10.862 10.569 38.469 -8.716 9.524  0.15
37.786796 -11.599055 9.662041 
37.624253 -11.296335 9.678798 
38.620101 -12.801993 10.292873 
38.638761 -12.845899 10.272152 
FEnd
FBeg
 1307   CB PRO A 166   101  OP2 DA B   6 unk
35.347 -9.975 11.500 38.469 -8.716 9.524  6.37
37.624253 -11.296335 9.678798 
38.620101 -12.801993 10.292873 
38.309868 -9.886186 11.660510 
36.956417 -8.197545 10.598024 
36.885292 -9.283904 9.793480 
FEnd
FBeg
 1307   CB PRO A 166    99    P DA B   6 unk
35.347 -9.975 11.500 38.483 -8.628 8.070  0.79
36.885292 -9.283904 9.793480 
37.624253 -11.296335 9.678798 
36.567160 -9.930719 9.248605 
FEnd
FBeg
 1307   CB PRO A 166    84  C3' DG B   5 ali
35.347 -9.975 11.500 36.124 -7.616 8.246  3.87
36.956417 -8.197545 10.598024 
36.885292 -9.283904 9.793480 
36.567160 -9.930719 9.248605 
35.165695 -9.043050 9.557478 
34.428218 -8.046894 10.103548 
36.671443 -7.917809 10.732773 
FEnd
FBeg
 1308   CG PRO A 166    84  C3' DG B   5 ali
34.580 -10.862 10.569 36.124 -7.616 8.246  0.86
36.567160 -9.930719 9.248605 
35.165695 -9.043050 9.557478 
36.292950 -10.419445 8.383437 
FEnd
FBeg
 1308   CG PRO A 166    99    P DA B   6 unk
34.580 -10.862 10.569 38.483 -8.628 8.070  1.44
36.312711 -10.599597 8.253252 
36.292950 -10.419445 8.383437 
36.567160 -9.930719 9.248605 
37.624253 -11.296335 9.678798 
37.786796 -11.599055 9.662041 
FEnd
FBeg
 1309   CD PRO A 166    77    P DG B   5 unk
33.285 -11.177 11.272 31.572 -9.458 7.806  3.27
30.249947 -12.406191 9.608230 
32.916011 -9.563930 9.700232 
32.873961 -11.615769 8.703383 
FEnd
FBeg
 1309   CD PRO A 166    78  OP1 DG B   5 unk
33.285 -11.177 11.272 31.770 -10.785 7.221  10.82
29.900373 -12.642952 9.716054 
30.249947 -12.406191 9.608230 
32.873961 -11.615769 8.703383 
33.696531 -16.804547 7.893658 
32.958974 -16.490797 8.199852 
30.009962 -13.314203 9.610115 
29.896245 -13.067334 9.676532 
FEnd
FBeg
 1362  NH2 ARG A 173    59  C5' DG B   4 unk
26.629 -8.586 11.557 27.531 -6.430 7.178  7.69
27.567945 -8.703620 9.140010 
26.823022 -10.855445 7.927117 
24.809006 -13.292656 6.312304 
24.783772 -10.351886 7.754994 
26.461013 -8.413658 9.054763 
26.804671 -8.327714 9.167865 
FEnd
FBeg
 1362  NH2 ARG A 173    55    P DG B   4 hbdp
26.629 -8.586 11.557 26.557 -5.470 9.408  3.09
26.461013 -8.413658 9.054763 
25.909826 -7.002235 11.119761 
27.897821 -7.264869 10.672341 
28.089008 -7.603674 10.174676 
26.804671 -8.327714 9.167865 
FEnd
FBeg
 1360   CZ ARG A 173    55    P DG B   4 unk
26.963 -8.051 12.727 26.557 -5.470 9.408  1.29
25.909826 -7.002235 11.119761 
27.897821 -7.264869 10.672341 
27.845531 -6.667299 11.143434 
25.684920 -6.599403 11.460532 
FEnd
FBeg
 1360   CZ ARG A 173    56  OP1 DG B   4 unk
26.963 -8.051 12.727 25.461 -6.334 9.706  0.54
25.684920 -6.599403 11.460532 
25.909826 -7.002235 11.119761 
24.926259 -7.205270 11.493381 
24.892022 -7.122341 11.557536 
25.042613 -6.601762 11.778538 
FEnd
FBeg
 1359   NE ARG A 173    56  OP1 DG B   4 hbd
27.024 -6.731 12.860 25.461 -6.334 9.706  0.47
25.042613 -6.601762 11.778538 
25.684920 -6.599403 11.460532 
24.821088 -5.299535 12.052231 
FEnd
FBeg
 1112   CB ASP A 141    56  OP1 DG B   4 unk
23.532 -7.531 13.840 25.461 -6.334 9.706  4.08
24.892022 -7.122341 11.557536 
25.042613 -6.601762 11.778538 
24.821088 -5.299535 12.052231 
24.425623 -4.812930 12.008596 
24.045841 -4.709379 11.861366 
22.901795 -5.204505 11.184169 
22.597360 -5.627912 10.919517 
22.642046 -5.973073 10.840427 
FEnd
FBeg
 1112   CB ASP A 141    55    P DG B   4 unk
23.532 -7.531 13.840 26.557 -5.470 9.408  0.08
24.821088 -5.299535 12.052231 
24.425623 -4.812930 12.008596 
24.666287 -4.881532 12.140956 
24.790469 -5.048454 12.148092 
FEnd
FBeg
 1357   CG ARG A 173    55    P DG B   4 unk
27.525 -4.560 13.849 26.557 -5.470 9.408  0.42
24.666287 -4.881532 12.140956 
24.790469 -5.048454 12.148092 
25.847163 -5.201685 11.949164 
25.023718 -4.425950 11.969694 
FEnd
FBeg
 1357   CG ARG A 173    57  OP2 DG B   4 unk
27.525 -4.560 13.849 27.208 -4.809 10.543  6.11
25.847163 -5.201685 11.949164 
25.023718 -4.425950 11.969694 
26.170830 -3.021257 11.753904 
29.157604 -4.513100 11.579875 
28.166581 -5.651038 11.760607 
FEnd
FBeg
 1359   NE ARG A 173    57  OP2 DG B   4 hbd
27.024 -6.731 12.860 27.208 -4.809 10.543  0.86
28.166581 -5.651038 11.760607 
25.847163 -5.201685 11.949164 
27.958421 -6.178108 11.306861 
FEnd
FBeg
 1123  CD2 LEU A 142    57  OP2 DG B   4 unk
24.808 -2.281 14.241 27.208 -4.809 10.543  0.46
25.023718 -4.425950 11.969694 
26.170830 -3.021257 11.753904 
26.112035 -2.972366 11.682323 
25.180254 -3.777447 11.627962 
25.065793 -3.917824 11.649640 
FEnd
FBeg
 1123  CD2 LEU A 142    40  C5' DC B   3 ali
24.808 -2.281 14.241 23.696 -2.093 9.587  5.88
25.180254 -3.777447 11.627962 
25.065793 -3.917824 11.649640 
24.232394 -4.632904 11.819881 
24.045841 -4.709379 11.861366 
23.685827 -4.628698 11.950645 
24.030598 -1.680867 11.987346 
25.066435 -0.530417 11.786322 
26.037102 -1.533239 11.513887 
26.013293 -1.881158 11.505521 
FEnd
FBeg
 1388   CD ARG A 176    40  C5' DC B   3 ali
27.451 1.158 10.999 23.696 -2.093 9.587  6.43
25.066435 -0.530417 11.786322 
26.037102 -1.533239 11.513887 
26.103831 -1.523978 11.315110 
25.962679 -0.876955 10.200768 
25.518399 0.039218 9.272861 
24.264852 1.383001 9.512543 
23.796475 1.349128 10.836110 
25.061521 -0.523374 11.783173 
FEnd
FBeg
 1386   CB ARG A 176    40  C5' DC B   3 ali
26.478 1.670 13.311 23.696 -2.093 9.587  0.19
23.796475 1.349128 10.836110 
23.710536 1.293062 10.956964 
25.061521 -0.523374 11.783173 
FEnd
FBeg
 1388   CD ARG A 176    43  C3' DC B   3 ali
27.451 1.158 10.999 25.819 -3.080 8.745  0.48
26.103831 -1.523978 11.315110 
25.962679 -0.876955 10.200768 
26.733117 -1.386221 10.600464 
FEnd
FBeg
 1122  CD1 LEU A 142    40  C5' DC B   3 ali
22.953 -0.662 13.948 23.696 -2.093 9.587  6.14
24.030598 -1.680867 11.987346 
25.066435 -0.530417 11.786322 
25.061521 -0.523374 11.783173 
23.710536 1.293062 10.956964 
22.431122 -0.169727 11.218978 
22.071957 -2.209242 11.827024 
FEnd
FBeg
 1122  CD1 LEU A 142    36    P DC B   3 unk
22.953 -0.662 13.948 21.144 -1.753 9.220  1.67
22.431122 -0.169727 11.218978 
22.071957 -2.209242 11.827024 
21.784824 -2.251820 11.946710 
21.286163 -0.980402 11.844121 
22.280688 0.265795 11.176038 
FEnd
FBeg
 1122  CD1 LEU A 142    38  OP2 DC B   3 unk
22.953 -0.662 13.948 20.382 -0.753 9.951  1.77
21.286163 -0.980402 11.844121 
20.830841 -0.123906 12.117499 
22.472199 1.386662 11.027334 
22.280688 0.265795 11.176038 
FEnd
FBeg
 1097   CG PRO A 139    38  OP2 DC B   3 unk
19.049 -2.303 12.587 20.382 -0.753 9.951  13.88
21.286163 -0.980402 11.844121 
20.830841 -0.123906 12.117499 
16.229465 1.149290 10.539283 
15.978259 -1.551345 8.824244 
16.328263 -2.340826 8.537013 
FEnd
FBeg
 1097   CG PRO A 139    36    P DC B   3 unk
19.049 -2.303 12.587 21.144 -1.753 9.220  9.91
21.784824 -2.251820 11.946710 
21.286163 -0.980402 11.844121 
16.328263 -2.340826 8.537013 
16.280901 -2.498387 8.481807 
16.436145 -3.569244 8.403477 
20.887289 -2.946041 11.274849 
21.819161 -2.636512 11.905235 
FEnd
FBeg
 1096   CB PRO A 139    36    P DC B   3 unk
19.350 -3.755 12.855 21.144 -1.753 9.220  0.13
20.887289 -2.946041 11.274849 
21.920900 -2.831225 11.848207 
21.819161 -2.636512 11.905235 
FEnd
FBeg
 1096   CB PRO A 139    37  OP1 DC B   3 unk
19.350 -3.755 12.855 21.052 -3.137 9.663  12.00
20.887289 -2.946041 11.274849 
21.920900 -2.831225 11.848207 
22.667403 -4.664596 11.891292 
22.248290 -5.214858 11.561282 
18.838400 -5.746558 9.640159 
16.827961 -4.233034 8.861209 
FEnd
FBeg
 1121   CG LEU A 142    37  OP1 DC B   3 unk
23.314 -2.107 14.300 21.052 -3.137 9.663  0.11
21.920900 -2.831225 11.848207 
22.667403 -4.664596 11.891292 
22.707056 -4.661300 11.871216 
21.988465 -2.845268 11.818367 
FEnd
FBeg
 1097   CG PRO A 139    37  OP1 DC B   3 unk
19.049 -2.303 12.587 21.052 -3.137 9.663  2.23
16.436145 -3.569244 8.403477 
20.887289 -2.946041 11.274849 
16.827961 -4.233034 8.861209 
16.044678 -3.884232 8.225156 
FEnd
FBeg
 1121   CG LEU A 142    36    P DC B   3 unk
23.314 -2.107 14.300 21.144 -1.753 9.220  0.14
22.071957 -2.209242 11.827024 
21.784824 -2.251820 11.946710 
21.819161 -2.636512 11.905235 
21.920900 -2.831225 11.848207 
21.988465 -2.845268 11.818367 
FEnd
FBeg
 1122  CD1 LEU A 142    39  O5' DC B   3 unk
22.953 -0.662 13.948 22.642 -1.234 9.236  1.35
23.710536 1.293062 10.956964 
22.431122 -0.169727 11.218978 
22.280688 0.265795 11.176038 
22.472199 1.386662 11.027334 
22.659888 1.591583 10.990070 
23.539046 1.546955 10.937462 
FEnd
FBeg
 1121   CG LEU A 142    40  C5' DC B   3 ali
23.314 -2.107 14.300 23.696 -2.093 9.587  4.32
23.685827 -4.628698 11.950645 
24.030598 -1.680867 11.987346 
22.071957 -2.209242 11.827024 
21.988465 -2.845268 11.818367 
22.707056 -4.661300 11.871216 
FEnd
FBeg
 1123  CD2 LEU A 142    43  C3' DC B   3 ali
24.808 -2.281 14.241 25.819 -3.080 8.745  0.56
26.112035 -2.972366 11.682323 
25.180254 -3.777447 11.627962 
26.013293 -1.881158 11.505521 
FEnd
FBeg
 1123  CD2 LEU A 142    55    P DG B   4 unk
24.808 -2.281 14.241 26.557 -5.470 9.408  0.44
24.425623 -4.812930 12.008596 
24.666287 -4.881532 12.140956 
25.023718 -4.425950 11.969694 
25.065793 -3.917824 11.649640 
24.232394 -4.632904 11.819881 
FEnd
FBeg
 1115  OD2 ASP A 141    56  OP1 DG B   4 hbd
23.573 -8.728 11.793 25.461 -6.334 9.706  22.76
24.926259 -7.205270 11.493381 
24.892022 -7.122341 11.557536 
22.642046 -5.973073 10.840427 
20.473215 -10.039732 4.213530 
24.783772 -10.351886 7.754994 
FEnd
FBeg
 1359   NE ARG A 173    55    P DG B   4 hbdp
27.024 -6.731 12.860 26.557 -5.470 9.408  3.14
27.845531 -6.667299 11.143434 
27.958421 -6.178108 11.306861 
25.847163 -5.201685 11.949164 
24.790469 -5.048454 12.148092 
24.821088 -5.299535 12.052231 
25.684920 -6.599403 11.460532 
FEnd
FBeg
 1362  NH2 ARG A 173    56  OP1 DG B   4 hbd
26.629 -8.586 11.557 25.461 -6.334 9.706  5.52
24.783772 -10.351886 7.754994 
24.926259 -7.205270 11.493381 
25.909826 -7.002235 11.119761 
26.461013 -8.413658 9.054763 
FEnd
FBeg
 1362  NH2 ARG A 173    58  O5' DG B   4 hbd
26.629 -8.586 11.557 27.655 -6.283 8.592  0.97
28.289316 -8.020774 9.920017 
27.567945 -8.703620 9.140010 
26.804671 -8.327714 9.167865 
28.089008 -7.603674 10.174676 
FEnd
FBeg
 1327  CG2 THR A 169    79  OP2 DG B   5 unk
30.111 -7.122 11.898 31.457 -9.397 9.254  3.56
30.852522 -7.884248 9.748497 
30.958147 -8.124961 10.009387 
30.748947 -9.695701 11.254414 
29.082953 -10.103332 10.757036 
28.844693 -9.359279 9.995530 
FEnd
FBeg
 1327  CG2 THR A 169    58  O5' DG B   4 unk
30.111 -7.122 11.898 27.655 -6.283 8.592  0.81
29.266509 -5.636490 9.799155 
29.230812 -6.115157 9.704197 
28.289316 -8.020774 9.920017 
28.089008 -7.603674 10.174676 
FEnd
FBeg
 1327  CG2 THR A 169    55    P DG B   4 unk
30.111 -7.122 11.898 26.557 -5.470 9.408  2.58
29.398806 -5.191044 9.905857 
29.266509 -5.636490 9.799155 
28.089008 -7.603674 10.174676 
27.897821 -7.264869 10.672341 
27.845531 -6.667299 11.143434 
27.958421 -6.178108 11.306861 
FEnd
FBeg
 1327  CG2 THR A 169    57  OP2 DG B   4 unk
30.111 -7.122 11.898 27.208 -4.809 10.543  2.84
29.625641 -4.844260 10.011844 
29.398806 -5.191044 9.905857 
27.958421 -6.178108 11.306861 
28.166581 -5.651038 11.760607 
29.157604 -4.513100 11.579875 
29.763819 -4.495044 10.311922 
FEnd
FBeg
 1327  CG2 THR A 169    67   C8 DG B   4 ali
30.111 -7.122 11.898 29.994 -3.361 7.575  0.26
30.484530 -4.578449 10.219853 
29.625641 -4.844260 10.011844 
29.763819 -4.495044 10.311922 
29.999515 -4.397136 10.390722 
30.421672 -4.483775 10.303921 
FEnd
FBeg
 1327  CG2 THR A 169    89   C8 DG B   5 ali
30.111 -7.122 11.898 33.443 -4.450 9.404  0.01
30.961412 -5.035376 10.223766 
30.757443 -4.770649 10.234883 
30.793223 -4.767528 10.286029 
FEnd
FBeg
 1326  OG1 THR A 169    62  C3' DG B   4 unk
32.185 -7.480 10.728 29.843 -7.475 7.612  0.04
31.106568 -7.833969 9.557636 
30.852522 -7.884248 9.748497 
30.881527 -7.646214 9.727079 
FEnd
FBeg
 1326  OG1 THR A 169    77    P DG B   5 hbdp
32.185 -7.480 10.728 31.572 -9.458 7.806  0.80
32.773592 -8.534644 9.645560 
31.245752 -7.838585 9.494897 
32.514917 -7.563508 9.042433 
FEnd
FBeg
 1326  OG1 THR A 169    79  OP2 DG B   5 hbd
32.185 -7.480 10.728 31.457 -9.397 9.254  2.19
33.077534 -8.935487 10.016758 
33.006524 -8.990805 10.123772 
32.178161 -9.147153 10.736234 
30.958147 -8.124961 10.009387 
30.852522 -7.884248 9.748497 
31.106568 -7.833969 9.557636 
31.245752 -7.838585 9.494897 
32.773592 -8.534644 9.645560 
FEnd
FBeg
 1308   CG PRO A 166    81  C5' DG B   5 ali
34.580 -10.862 10.569 34.055 -8.855 7.712  11.96
33.725275 -8.486030 10.213466 
33.077534 -8.935487 10.016758 
32.988321 -9.410434 9.699509 
33.403491 -11.343590 8.265204 
35.496807 -13.363158 6.461822 
36.312711 -10.599597 8.253252 
36.292950 -10.419445 8.383437 
35.165695 -9.043050 9.557478 
FEnd
FBeg
 1307   CB PRO A 166    81  C5' DG B   5 ali
35.347 -9.975 11.500 34.055 -8.855 7.712  0.67
34.165833 -7.922649 10.229777 
33.725275 -8.486030 10.213466 
35.165695 -9.043050 9.557478 
34.428218 -8.046894 10.103548 
FEnd
FBeg
 1307   CB PRO A 166    86  C2' DG B   5 ali
35.347 -9.975 11.500 35.856 -6.288 8.929  2.24
35.208948 -7.300895 11.327932 
34.333681 -7.521763 10.837907 
34.165833 -7.922649 10.229777 
34.428218 -8.046894 10.103548 
36.671443 -7.917809 10.732773 
36.092693 -7.418906 11.333657 
FEnd
FBeg
 1318   CA GLY A 168    86  C2' DG B   5 ali
35.950 -5.384 13.053 35.856 -6.288 8.929  3.56
34.972592 -6.488461 11.155230 
35.208948 -7.300895 11.327932 
36.092693 -7.418906 11.333657 
37.159419 -6.220728 11.046696 
36.767028 -5.682645 10.937690 
35.387436 -4.824642 10.781057 
FEnd
FBeg
 1318   CA GLY A 168   112   N7 DA B   6 unk
35.950 -5.384 13.053 37.210 -3.823 10.506  7.28
36.767028 -5.682645 10.937690 
35.387436 -4.824642 10.781057 
35.556635 -3.362193 11.761062 
36.896600 -2.849249 12.738315 
37.926141 -3.501179 12.848075 
38.345506 -4.902411 12.196751 
FEnd
FBeg
 1341   CD ARG A 171   112   N7 DA B   6 unk
37.389 -2.714 15.414 37.210 -3.823 10.506  0.35
36.896600 -2.849249 12.738315 
37.926141 -3.501179 12.848075 
38.008701 -3.213229 12.779999 
37.190064 -2.651304 12.682885 
FEnd
FBeg
 1341   CD ARG A 171   115   N6 DA B   6 unk
37.389 -2.714 15.414 35.651 -1.286 11.312  1.55
37.190064 -2.651304 12.682885 
36.896600 -2.849249 12.738315 
35.974950 -2.733471 13.169119 
36.559682 -0.629936 13.653659 
FEnd
FBeg
 1339   CB ARG A 171   115   N6 DA B   6 unk
34.985 -2.075 15.541 35.651 -1.286 11.312  8.85
35.974950 -2.733471 13.169119 
36.559682 -0.629936 13.653659 
36.195752 1.409154 13.976777 
35.456049 2.489295 14.061806 
35.416476 2.472456 14.052432 
34.737538 1.888687 13.836597 
34.695742 1.745488 13.803298 
34.423342 0.579742 13.542908 
34.242943 -1.942777 13.043874 
35.719261 -2.772313 13.121605 
FEnd
FBeg
 1339   CB ARG A 171   136   N6 DA B   7 unk
34.985 -2.075 15.541 38.949 -0.914 12.679  2.72
36.559682 -0.629936 13.653659 
36.195752 1.409154 13.976777 
37.391509 2.390808 16.031173 
37.471471 2.312134 16.110008 
FEnd
FBeg
 1341   CD ARG A 171   136   N6 DA B   7 unk
37.389 -2.714 15.414 38.949 -0.914 12.679  16.66
38.008701 -3.213229 12.779999 
37.190064 -2.651304 12.682885 
36.559682 -0.629936 13.653659 
37.471471 2.312134 16.110008 
38.216624 2.005649 16.333323 
39.348409 0.587365 16.045452 
40.146080 -2.410790 14.527240 
FEnd
FBeg
 1341   CD ARG A 171   157   N4 DC B   8 unk
37.389 -2.714 15.414 42.262 -0.821 14.236  1.31
39.348409 0.587365 16.045452 
39.362752 0.611625 16.143770 
39.851020 -0.749371 15.976507 
40.184937 -2.290593 14.881129 
40.176853 -2.455785 14.582230 
40.146080 -2.410790 14.527240 
FEnd
FBeg
 1342   NE ARG A 171   157   N4 DC B   8 hbd
38.408 -3.636 15.896 42.262 -0.821 14.236  0.08
40.184937 -2.290593 14.881129 
40.176853 -2.455785 14.582230 
40.463454 -2.736355 14.771843 
FEnd
FBeg
 1343   CZ ARG A 171   157   N4 DC B   8 unk
39.042 -3.525 17.059 42.262 -0.821 14.236  6.51
39.851020 -0.749371 15.976507 
40.184937 -2.290593 14.881129 
40.463454 -2.736355 14.771843 
41.245105 -3.392477 15.034954 
41.675001 -3.203683 15.706141 
42.350949 -1.685625 17.931215 
FEnd
FBeg
 1345  NH2 ARG A 171   157   N4 DC B   8 hbd
39.956 -4.423 17.394 42.262 -0.821 14.236  1.60
41.675001 -3.203683 15.706141 
43.238397 -2.487464 17.664664 
42.361685 -1.682024 17.943162 
42.350949 -1.685625 17.931215 
FEnd
FBeg
 1344  NH1 ARG A 171   157   N4 DC B   8 hbd
38.771 -2.522 17.886 42.262 -0.821 14.236  4.67
39.362752 0.611625 16.143770 
39.851020 -0.749371 15.976507 
42.350949 -1.685625 17.931215 
42.361685 -1.682024 17.943162 
41.439461 -0.198910 17.752283 
40.086583 0.851240 16.947737 
FEnd
FBeg
 1318   CA GLY A 168   115   N6 DA B   6 unk
35.950 -5.384 13.053 35.651 -1.286 11.312  1.04
35.556635 -3.362193 11.761062 
35.536127 -3.214948 12.111173 
35.719261 -2.772313 13.121605 
35.974950 -2.733471 13.169119 
36.896600 -2.849249 12.738315 
FEnd
FBeg
 1319    C GLY A 168   115   N6 DA B   6 unk
34.490 -5.069 12.835 35.651 -1.286 11.312  0.12
35.556635 -3.362193 11.761062 
35.536127 -3.214948 12.111173 
35.007114 -3.476549 11.058107 
FEnd
FBeg
 1318   CA GLY A 168   111   C8 DA B   6 ali
35.950 -5.384 13.053 38.098 -4.477 9.798  1.23
37.159419 -6.220728 11.046696 
36.767028 -5.682645 10.937690 
38.345506 -4.902411 12.196751 
38.512216 -5.423102 12.161674 
FEnd
FBeg
 1326  OG1 THR A 169    89   C8 DG B   5 unk
32.185 -7.480 10.728 33.443 -4.450 9.404  1.90
33.675918 -6.446420 10.593485 
32.662641 -6.129257 10.356552 
31.816149 -5.952739 9.956223 
33.067412 -6.861663 9.065022 
33.357969 -6.896614 9.261108 
33.867210 -6.555092 10.526544 
FEnd
FBeg
 1319    C GLY A 168    86  C2' DG B   5 ali
34.490 -5.069 12.835 35.856 -6.288 8.929  0.79
35.292863 -4.733297 10.719476 
35.387436 -4.824642 10.781057 
34.972592 -6.488461 11.155230 
34.358398 -5.975860 10.780460 
FEnd
FBeg
 1319    C GLY A 168   112   N7 DA B   6 unk
34.490 -5.069 12.835 37.210 -3.823 10.506  0.73
34.991973 -3.483301 11.036812 
35.007114 -3.476549 11.058107 
35.556635 -3.362193 11.761062 
35.387436 -4.824642 10.781057 
35.292863 -4.733297 10.719476 
FEnd
FBeg
 1320    O GLY A 168   112   N7 DA B   6 hbd
34.106 -3.902 12.738 37.210 -3.823 10.506  0.00
34.991973 -3.483301 11.036812 
35.007114 -3.476549 11.058107 
34.991461 -3.479222 11.036243 
FEnd
FBeg
 1320    O GLY A 168    89   C8 DG B   5 unk
34.106 -3.902 12.738 33.443 -4.450 9.404  0.27
33.152490 -4.050428 11.495829 
34.991973 -3.483301 11.036812 
34.991461 -3.479222 11.036243 
34.698182 -3.291079 11.063640 
FEnd
FBeg
 1322   CA THR A 169    89   C8 DG B   5 ali
32.241 -5.937 12.554 33.443 -4.450 9.404  4.62
30.793223 -4.767528 10.286029 
33.117395 -4.067167 11.503518 
33.726469 -5.501351 11.058907 
33.675918 -6.446420 10.593485 
32.662641 -6.129257 10.356552 
31.252990 -5.382082 10.171361 
30.961412 -5.035376 10.223766 
FEnd
FBeg
 1327  CG2 THR A 169    90   N7 DG B   5 unk
30.111 -7.122 11.898 32.943 -3.274 9.682  0.07
30.421672 -4.483775 10.303921 
30.484530 -4.578449 10.219853 
30.757443 -4.770649 10.234883 
30.793223 -4.767528 10.286029 
30.594487 -4.513704 10.472804 
FEnd
FBeg
 1320    O GLY A 168    90   N7 DG B   5 hbd
34.106 -3.902 12.738 32.943 -3.274 9.682  2.11
33.618029 -2.320327 11.674193 
32.709165 -3.159581 11.847608 
32.524644 -3.550782 11.837439 
33.114798 -4.061833 11.507829 
33.152490 -4.050428 11.495829 
34.698182 -3.291079 11.063640 
FEnd
FBeg
 1320    O GLY A 168   115   N6 DA B   6 hbd
34.106 -3.902 12.738 35.651 -1.286 11.312  3.92
33.768030 -1.963318 12.491646 
33.618029 -2.320327 11.674193 
34.698182 -3.291079 11.063640 
34.991461 -3.479222 11.036243 
35.007114 -3.476549 11.058107 
35.536127 -3.214948 12.111173 
35.719261 -2.772313 13.121605 
34.242943 -1.942777 13.043874 
FEnd
FBeg
 1346    N SER A 172   115   N6 DA B   6 hbd
32.269 -1.622 14.233 35.651 -1.286 11.312  1.35
33.871746 -0.689669 12.758238 
33.768030 -1.963318 12.491646 
34.242943 -1.942777 13.043874 
34.423342 0.579742 13.542908 
FEnd
FBeg
 1347   CA SER A 172   115   N6 DA B   6 unk
31.335 -0.768 13.508 35.651 -1.286 11.312  3.55
33.915756 2.655413 12.055685 
33.871746 -0.689669 12.758238 
34.423342 0.579742 13.542908 
34.695742 1.745488 13.803298 
34.724232 1.883348 13.826775 
34.289275 2.432555 12.842364 
33.969944 2.653046 12.162744 
FEnd
FBeg
 1350   CB SER A 172    92   C6 DG B   5 ali
31.364 -1.083 12.010 33.374 -1.028 8.570  1.95
31.106044 -1.414233 9.443511 
33.583378 -0.414196 10.907012 
33.527486 -1.426589 10.858168 
32.514660 -1.616422 10.263336 
31.195865 -1.745888 9.490691 
FEnd
FBeg
 1350   CB SER A 172    68   N7 DG B   4 unk
31.364 -1.083 12.010 30.128 -2.067 7.446  0.53
30.992280 -1.252480 9.439446 
31.106044 -1.414233 9.443511 
31.195865 -1.745888 9.490691 
30.770245 -2.302633 9.725989 
30.352206 -2.249205 9.827682 
30.166510 -2.213154 9.870198 
FEnd
FBeg
 1351   OG SER A 172    68   N7 DG B   4 hbd
31.047 -2.434 11.771 30.128 -2.067 7.446  0.00
30.352206 -2.249205 9.827682 
30.166510 -2.213154 9.870198 
30.152304 -2.224057 9.872292 
FEnd
FBeg
 1391  NH1 ARG A 176    93   O6 DG B   5 hbd
29.081 -0.355 9.257 32.674 -0.232 9.211  0.57
30.950075 -0.348372 8.560362 
30.992280 -1.252480 9.439446 
30.961720 -0.251279 9.729545 
FEnd
FBeg
 1392  NH2 ARG A 176    51   C4 DC B   3 unk
29.836 1.557 8.223 27.790 1.666 5.268  2.58
28.618534 1.238490 7.132985 
28.841593 2.953176 7.041792 
29.992097 1.797938 6.202586 
29.466819 0.514404 6.518936 
29.001718 0.277090 6.832211 
FEnd
FBeg
 1389   NE ARG A 176    53   C5 DC B   3 unk
28.328 1.696 9.946 26.814 1.847 6.284  2.64
27.086389 1.839953 8.533306 
28.153000 3.367469 8.155318 
25.971540 4.113793 9.087984 
25.944549 4.023885 9.095436 
26.641473 2.174627 8.731050 
FEnd
FBeg
 1388   CD ARG A 176    53   C5 DC B   3 ali
27.451 1.158 10.999 26.814 1.847 6.284  1.53
25.944549 4.023885 9.095436 
24.478561 3.602230 9.231876 
26.641473 2.174627 8.731050 
FEnd
FBeg
 1389   NE ARG A 176    54   C6 DC B   3 unk
28.328 1.696 9.946 26.196 0.743 6.762  0.10
26.977535 1.551447 8.692547 
27.086389 1.839953 8.533306 
26.641473 2.174627 8.731050 
FEnd
FBeg
 1388   CD ARG A 176    54   C6 DC B   3 ali
27.451 1.158 10.999 26.196 0.743 6.762  7.40
26.972639 0.145084 8.831746 
26.977535 1.551447 8.692547 
26.641473 2.174627 8.731050 
24.478561 3.602230 9.231876 
24.183373 3.436268 9.335566 
23.918343 2.959626 9.460754 
24.078558 1.742843 9.532478 
24.264852 1.383001 9.512543 
25.518399 0.039218 9.272861 
FEnd
FBeg
 1390   CZ ARG A 176    51   C4 DC B   3 aro
29.086 0.969 9.147 27.790 1.666 5.268  0.30
29.000787 0.276770 6.832465 
28.437015 0.364214 7.036537 
28.405106 0.466255 7.065534 
28.618534 1.238490 7.132985 
29.001718 0.277090 6.832211 
FEnd
FBeg
 1390   CZ ARG A 176    50   N3 DC B   3 aro
29.086 0.969 9.147 28.066 0.469 4.771  0.00
29.002966 0.275352 6.832119 
29.000787 0.276770 6.832465 
29.001718 0.277090 6.832211 
FEnd
FBeg
 1392  NH2 ARG A 176    48   C2 DC B   3 unk
29.836 1.557 8.223 27.424 -0.633 5.242  0.02
29.219907 0.018885 6.845001 
29.322266 0.049752 6.739504 
29.002966 0.275352 6.832119 
FEnd
FBeg
 1390   CZ ARG A 176    68   N7 DG B   4 aro
29.086 0.969 9.147 30.128 -2.067 7.446  1.53
28.606315 -0.444544 7.296270 
29.219907 0.018885 6.845001 
31.029290 -0.129910 8.218968 
30.950075 -0.348372 8.560362 
FEnd
FBeg
 1390   CZ ARG A 176    45  C2' DC B   3 ali
29.086 0.969 9.147 26.795 -2.156 8.041  0.96
27.364458 -0.279942 9.221030 
28.488858 -0.440099 7.344437 
28.442968 -0.408828 7.351139 
27.968912 -0.168562 7.654243 
26.972639 0.145084 8.831746 
FEnd
FBeg
 1388   CD ARG A 176    45  C2' DC B   3 ali
27.451 1.158 10.999 26.795 -2.156 8.041  3.16
27.560725 -1.182114 10.188252 
27.364458 -0.279942 9.221030 
26.972639 0.145084 8.831746 
25.518399 0.039218 9.272861 
25.962679 -0.876955 10.200768 
26.733117 -1.386221 10.600464 
FEnd
FBeg
 1391  NH1 ARG A 176    68   N7 DG B   4 hbd
29.081 -0.355 9.257 30.128 -2.067 7.446  5.49
30.152304 -2.224057 9.872292 
28.915299 -2.172146 9.108064 
28.552117 -0.505840 7.322881 
28.606315 -0.444544 7.296270 
30.950075 -0.348372 8.560362 
30.992280 -1.252480 9.439446 
30.166510 -2.213154 9.870198 
FEnd
FBeg
 1351   OG SER A 172    67   C8 DG B   4 unk
31.047 -2.434 11.771 29.994 -3.361 7.575  1.26
30.100106 -2.250511 9.891236 
29.999515 -4.397136 10.390722 
30.421672 -4.483775 10.303921 
30.758544 -2.329653 9.743483 
30.352206 -2.249205 9.827682 
30.152304 -2.224057 9.872292 
FEnd

+-+CCS_record::Boundary loops before union-find
Start boundary loop loop_id 0  init_edge IE_A_B
xyz 29.9995 -4.39714 10.3907
xyz 29.7638 -4.49504 10.3119
xyz 29.1576 -4.5131 11.5799
xyz 26.1708 -3.02126 11.7539
xyz 26.112 -2.97237 11.6823
xyz 26.0133 -1.88116 11.5055
xyz 26.0371 -1.53324 11.5139
xyz 26.1038 -1.52398 11.3151
xyz 26.7331 -1.38622 10.6005
xyz 27.5607 -1.18211 10.1883
xyz 28.8952 -2.33163 9.38215
xyz 30.1001 -2.25051 9.89124
End loop
Boundary info init_edge IE_A_B [total exposed]: 14.151912 14.151912
Start boundary loop loop_id 1  init_edge IE_A_B
xyz 22.9018 -5.2045 11.1842
xyz 22.5974 -5.62791 10.9195
xyz 22.642 -5.97307 10.8404
xyz 20.4732 -10.0397 4.21353
xyz 24.7838 -10.3519 7.75499
xyz 24.809 -13.2927 6.3123
xyz 26.823 -10.8554 7.92712
xyz 27.8647 -10.7893 8.79444
xyz 28.3934 -10.2719 9.37087
xyz 28.1021 -12.1672 9.42758
xyz 28.2671 -12.0036 9.71579
xyz 28.3157 -12.5652 9.46131
xyz 28.5219 -12.6073 9.47946
xyz 29.9004 -12.643 9.71605
xyz 29.8962 -13.0673 9.67653
xyz 30.01 -13.3142 9.61011
xyz 32.959 -16.4908 8.19985
xyz 33.6965 -16.8045 7.89366
xyz 35.8601 -18.7037 6.03407
xyz 36.2805 -18.9258 5.67615
xyz 39.3625 -17.9529 9.55574
xyz 38.6388 -12.8459 10.2722
xyz 38.6201 -12.802 10.2929
xyz 38.3099 -9.88619 11.6605
xyz 36.9564 -8.19755 10.598
xyz 36.6714 -7.91781 10.7328
xyz 36.0927 -7.41891 11.3337
xyz 37.1594 -6.22073 11.0467
xyz 38.5122 -5.4231 12.1617
xyz 38.3455 -4.90241 12.1968
xyz 37.9261 -3.50118 12.8481
xyz 38.0087 -3.21323 12.78
xyz 40.1461 -2.41079 14.5272
xyz 40.1769 -2.45579 14.5822
xyz 40.4635 -2.73635 14.7718
xyz 41.2451 -3.39248 15.035
xyz 41.675 -3.20368 15.7061
xyz 43.2384 -2.48746 17.6647
xyz 42.3617 -1.68202 17.9432
xyz 41.4395 -0.19891 17.7523
xyz 40.0866 0.85124 16.9477
xyz 39.3628 0.611625 16.1438
xyz 39.3484 0.587365 16.0455
xyz 38.2166 2.00565 16.3333
xyz 37.4715 2.31213 16.11
xyz 37.3915 2.39081 16.0312
xyz 36.1958 1.40915 13.9768
xyz 35.456 2.48929 14.0618
xyz 35.4165 2.47246 14.0524
xyz 34.7375 1.88869 13.8366
xyz 34.6957 1.74549 13.8033
xyz 34.7242 1.88335 13.8268
xyz 34.2893 2.43256 12.8424
xyz 33.9699 2.65305 12.1627
xyz 33.9158 2.65541 12.0557
xyz 33.9073 2.67493 11.9978
xyz 33.165 2.68288 11.6528
xyz 31.7244 2.08397 10.7965
xyz 31.762 2.16864 10.2764
xyz 33.2282 3.18977 7.91372
xyz 32.8748 2.53161 7.73709
xyz 33.2615 3.3767 7.55593
xyz 32.0104 4.29418 6.24943
xyz 31.5533 4.27868 6.4235
xyz 28.8008 3.20875 7.14364
xyz 28.1832 3.35834 8.12859
xyz 28.153 3.36747 8.15532
xyz 25.9715 4.11379 9.08798
xyz 25.9445 4.02389 9.09544
xyz 24.4786 3.60223 9.23188
xyz 24.1834 3.43627 9.33557
xyz 23.9183 2.95963 9.46075
xyz 24.0786 1.74284 9.53248
xyz 24.2649 1.383 9.51254
xyz 23.7965 1.34913 10.8361
xyz 23.7105 1.29306 10.957
xyz 23.539 1.54695 10.9375
xyz 22.6599 1.59158 10.9901
xyz 22.4722 1.38666 11.0273
xyz 20.8308 -0.123906 12.1175
xyz 16.2295 1.14929 10.5393
xyz 15.9783 -1.55134 8.82424
xyz 16.3283 -2.34083 8.53701
xyz 16.2809 -2.49839 8.48181
xyz 16.4361 -3.56924 8.40348
xyz 16.0447 -3.88423 8.22516
xyz 16.828 -4.23303 8.86121
xyz 18.8384 -5.74656 9.64016
xyz 22.2483 -5.21486 11.5613
xyz 22.6674 -4.6646 11.8913
xyz 22.7071 -4.6613 11.8712
xyz 23.6858 -4.6287 11.9506
xyz 24.0458 -4.70938 11.8614
xyz 24.2324 -4.6329 11.8199
xyz 24.4256 -4.81293 12.0086
xyz 24.0458 -4.70938 11.8614
End loop
Boundary info init_edge IE_A_B [total exposed]: 135.713026 135.713026
Voronoi Facets of interface MI_AWi_BWi
FBeg
 1353   CA ARG A 173  2122    O HOH A 193 unk
28.140 -2.318 14.855 28.420 -2.454 11.156  2.35
26.868016 -1.268687 12.471907 
27.861602 -0.999296 12.537213 
28.464266 -1.705185 12.608786 
28.678760 -2.916209 12.669547 
26.849077 -2.342704 12.509962 
FEnd
FBeg
 1123  CD2 LEU A 142  2122    O HOH A 193 unk
24.808 -2.281 14.241 28.420 -2.454 11.156  1.64
26.849077 -2.342704 12.509962 
26.868016 -1.268687 12.471907 
26.037102 -1.533239 11.513887 
26.013293 -1.881158 11.505521 
26.112035 -2.972366 11.682323 
26.170830 -3.021257 11.753904 
FEnd
FBeg
   57  OP2 DG B   4  2122    O HOH A 193 hbw
27.208 -4.809 10.543 28.420 -2.454 11.156  5.27
26.112035 -2.972366 11.682323 
28.055506 -3.459767 9.712246 
28.277772 -3.541929 9.588437 
28.474127 -3.626485 9.525058 
29.763819 -4.495044 10.311922 
29.157604 -4.513100 11.579875 
26.170830 -3.021257 11.753904 
FEnd
FBeg
 1327  CG2 THR A 169  2122    O HOH A 193 unk
30.111 -7.122 11.898 28.420 -2.454 11.156  0.65
29.763819 -4.495044 10.311922 
29.999515 -4.397136 10.390722 
29.650951 -4.287304 11.876057 
29.610284 -4.298529 11.898121 
29.157604 -4.513100 11.579875 
FEnd
FBeg
 1324    O THR A 169  2122    O HOH A 193 hbw
30.585 -4.853 13.926 28.420 -2.454 11.156  0.00
29.650951 -4.287304 11.876057 
29.620154 -4.167694 12.003717 
29.610284 -4.298529 11.898121 
FEnd
FBeg
 1351   OG SER A 172  2122    O HOH A 193 hbw
31.047 -2.434 11.771 28.420 -2.454 11.156  4.40
29.999515 -4.397136 10.390722 
30.100106 -2.250511 9.891236 
30.089307 -2.206669 9.935936 
29.529000 -2.500290 12.338863 
29.508693 -3.537710 12.459339 
29.620154 -4.167694 12.003717 
29.650951 -4.287304 11.876057 
FEnd
FBeg
 1350   CB SER A 172  2122    O HOH A 193 unk
31.364 -1.083 12.010 28.420 -2.454 11.156  3.04
30.089307 -2.206669 9.935936 
29.042498 -0.740983 11.191615 
28.848488 -0.762461 11.894906 
29.321387 -2.068361 12.361157 
29.529000 -2.500290 12.338863 
FEnd
FBeg
 1391  NH1 ARG A 176  2122    O HOH A 193 hbw
29.081 -0.355 9.257 28.420 -2.454 11.156  3.23
30.100106 -2.250511 9.891236 
28.895151 -2.331631 9.382154 
27.560725 -1.182114 10.188252 
29.042498 -0.740983 11.191615 
30.089307 -2.206669 9.935936 
FEnd
FBeg
   67   C8 DG B   4  2122    O HOH A 193 unk
29.994 -3.361 7.575 28.420 -2.454 11.156  2.96
28.474127 -3.626485 9.525058 
28.438359 -3.589911 9.500073 
28.895151 -2.331631 9.382154 
30.100106 -2.250511 9.891236 
29.999515 -4.397136 10.390722 
29.763819 -4.495044 10.311922 
FEnd
FBeg
   55    P DG B   4  2122    O HOH A 193 hbwp
26.557 -5.470 9.408 28.420 -2.454 11.156  0.00
28.277772 -3.541929 9.588437 
28.438359 -3.589911 9.500073 
28.474127 -3.626485 9.525058 
FEnd
FBeg
   45  C2' DC B   3  2122    O HOH A 193 unk
26.795 -2.156 8.041 28.420 -2.454 11.156  2.83
28.055506 -3.459767 9.712246 
26.733117 -1.386221 10.600464 
27.560725 -1.182114 10.188252 
28.895151 -2.331631 9.382154 
28.438359 -3.589911 9.500073 
28.277772 -3.541929 9.588437 
FEnd
FBeg
   43  C3' DC B   3  2122    O HOH A 193 unk
25.819 -3.080 8.745 28.420 -2.454 11.156  3.31
26.013293 -1.881158 11.505521 
26.103831 -1.523978 11.315110 
26.733117 -1.386221 10.600464 
28.055506 -3.459767 9.712246 
26.112035 -2.972366 11.682323 
FEnd
FBeg
   40  C5' DC B   3  2122    O HOH A 193 unk
23.696 -2.093 9.587 28.420 -2.454 11.156  0.04
26.037102 -1.533239 11.513887 
26.103831 -1.523978 11.315110 
26.013293 -1.881158 11.505521 
FEnd
FBeg
 1357   CG ARG A 173  2122    O HOH A 193 unk
27.525 -4.560 13.849 28.420 -2.454 11.156  4.66
28.678760 -2.916209 12.669547 
26.849077 -2.342704 12.509962 
26.170830 -3.021257 11.753904 
29.157604 -4.513100 11.579875 
29.610284 -4.298529 11.898121 
29.620154 -4.167694 12.003717 
29.508693 -3.537710 12.459339 
FEnd
FBeg
 1352    N ARG A 173  2122    O HOH A 193 hbw
29.482 -2.107 14.323 28.420 -2.454 11.156  1.21
28.464266 -1.705185 12.608786 
28.678760 -2.916209 12.669547 
29.508693 -3.537710 12.459339 
29.529000 -2.500290 12.338863 
29.321387 -2.068361 12.361157 
FEnd
FBeg
 1348    C SER A 172  2122    O HOH A 193 unk
29.917 -0.884 14.035 28.420 -2.454 11.156  1.12
27.861602 -0.999296 12.537213 
28.464266 -1.705185 12.608786 
29.321387 -2.068361 12.361157 
28.848488 -0.762461 11.894906 
FEnd
FBeg
 1388   CD ARG A 176  2122    O HOH A 193 unk
27.451 1.158 10.999 28.420 -2.454 11.156  4.75
26.868016 -1.268687 12.471907 
27.861602 -0.999296 12.537213 
28.848488 -0.762461 11.894906 
29.042498 -0.740983 11.191615 
27.560725 -1.182114 10.188252 
26.733117 -1.386221 10.600464 
26.103831 -1.523978 11.315110 
26.037102 -1.533239 11.513887 
FEnd
FBeg
   37  OP1 DC B   3  2148    O HOH A 219 hbw
21.052 -3.137 9.663 20.354 -7.549 12.123  21.77
20.105386 -9.159304 3.878907 
22.597360 -5.627912 10.919517 
22.248290 -5.214858 11.561282 
18.838400 -5.746558 9.640159 
17.910693 -8.315150 4.770172 
20.102832 -9.161207 3.874770 
FEnd
FBeg
 1096   CB PRO A 139  2148    O HOH A 219 unk
19.350 -3.755 12.855 20.354 -7.549 12.123  7.95
22.248290 -5.214858 11.561282 
18.838400 -5.746558 9.640159 
18.984769 -6.308056 12.751196 
19.459631 -6.232221 13.009448 
20.522732 -6.003418 13.281686 
21.524192 -5.665968 12.906247 
FEnd
FBeg
 1108    N ASP A 141  2148    O HOH A 219 hbw
21.340 -7.301 14.976 20.354 -7.549 12.123  4.38
20.522732 -6.003418 13.281686 
20.061899 -6.471742 13.481660 
19.778752 -7.260453 13.648075 
19.798741 -7.706118 13.679907 
20.596844 -9.341041 13.546199 
20.749148 -9.213863 13.482507 
21.411370 -7.887635 13.138359 
21.524192 -5.665968 12.906247 
FEnd
FBeg
 1113   CG ASP A 141  2148    O HOH A 219 unk
23.300 -8.794 12.994 20.354 -7.549 12.123  6.33
20.749148 -9.213863 13.482507 
20.930815 -10.641547 10.827332 
22.366041 -6.872270 11.360711 
21.411370 -7.887635 13.138359 
FEnd
FBeg
 1115  OD2 ASP A 141  2148    O HOH A 219 hbw
23.573 -8.728 11.793 20.354 -7.549 12.123  81.06
20.930815 -10.641547 10.827332 
14.929905 -23.940002 -0.197064 
14.915538 -23.961802 -0.259319 
18.671419 -14.161174 1.362617 
19.587191 -11.976237 2.489376 
20.473215 -10.039732 4.213530 
22.642046 -5.973073 10.840427 
22.366041 -6.872270 11.360711 
FEnd
FBeg
 1114  OD1 ASP A 141  2148    O HOH A 219 hbw
22.845 -9.832 13.521 20.354 -7.549 12.123  44.33
20.596844 -9.341041 13.546199 
17.774173 -14.381354 10.344652 
16.295232 -17.544099 7.814966 
14.246978 -24.482570 0.133757 
14.929905 -23.940002 -0.197064 
20.930815 -10.641547 10.827332 
20.749148 -9.213863 13.482507 
FEnd
FBeg
 1103   CB GLU A 140  2148    O HOH A 219 unk
18.589 -8.684 15.466 20.354 -7.549 12.123  11.24
19.798741 -7.706118 13.679907 
19.434047 -7.522354 13.549750 
18.758509 -7.596618 13.167873 
17.618469 -12.313539 10.964501 
17.774173 -14.381354 10.344652 
20.596844 -9.341041 13.546199 
FEnd
FBeg
 1100   CA GLU A 140  2148    O HOH A 219 unk
19.109 -7.334 15.915 20.354 -7.549 12.123  0.08
19.778752 -7.260453 13.648075 
19.434047 -7.522354 13.549750 
19.798741 -7.706118 13.679907 
FEnd
FBeg
 1094    C PRO A 139  2148    O HOH A 219 unk
19.083 -5.069 15.002 20.354 -7.549 12.123  0.27
19.459631 -6.232221 13.009448 
20.061899 -6.471742 13.481660 
20.522732 -6.003418 13.281686 
FEnd
FBeg
 1099    N GLU A 140  2148    O HOH A 219 hbw
18.584 -6.304 15.012 20.354 -7.549 12.123  1.53
18.984769 -6.308056 12.751196 
18.758509 -7.596618 13.167873 
19.434047 -7.522354 13.549750 
19.778752 -7.260453 13.648075 
20.061899 -6.471742 13.481660 
19.459631 -6.232221 13.009448 
FEnd
FBeg
 1112   CB ASP A 141  2148    O HOH A 219 unk
23.532 -7.531 13.840 20.354 -7.549 12.123  4.13
22.597360 -5.627912 10.919517 
22.248290 -5.214858 11.561282 
21.524192 -5.665968 12.906247 
21.411370 -7.887635 13.138359 
22.366041 -6.872270 11.360711 
22.642046 -5.973073 10.840427 
FEnd
FBeg
   52   N4 DC B   3  2078    O HOH B  58 hbw
28.492 2.708 4.796 28.035 5.071 6.560  40.50
34.915770 8.732242 1.328758 
34.724881 6.523934 4.237486 
33.295743 5.394970 5.379564 
31.553320 4.278685 6.423496 
28.800770 3.208752 7.143640 
26.307613 4.337729 4.985395 
26.496499 5.147226 3.949953 
27.653579 6.288396 2.721042 
FEnd
FBeg
   34   C5 DC B   2  2078    O HOH B  58 unk
24.353 2.552 3.919 28.035 5.071 6.560  16.80
26.307613 4.337729 4.985395 
24.337078 4.894270 7.201820 
22.884721 6.901996 7.311672 
22.860849 7.133921 7.123742 
23.358050 8.491896 5.135317 
24.383749 8.076159 4.101850 
25.833279 6.952311 3.152894 
26.496499 5.147226 3.949953 
FEnd
FBeg
   53   C5 DC B   3  2078    O HOH B  58 unk
26.814 1.847 6.284 28.035 5.071 6.560  12.60
28.800770 3.208752 7.143640 
28.183155 3.358338 8.128587 
28.153000 3.367469 8.155318 
25.971540 4.113793 9.087984 
25.257142 4.381093 9.126042 
23.770899 5.007597 8.382759 
24.337078 4.894270 7.201820 
26.307613 4.337729 4.985395 
FEnd
FBeg
 1389   NE ARG A 176  2078    O HOH B  58 hbw
28.328 1.696 9.946 28.035 5.071 6.560  2.17
28.153000 3.367469 8.155318 
28.217615 3.402553 8.184695 
28.550952 3.700102 8.452433 
27.217006 4.705409 9.569905 
25.971540 4.113793 9.087984 
FEnd
FBeg
 1389   NE ARG A 176  2092    O HOH C 106 hbw
28.328 1.696 9.946 30.342 4.514 9.815  4.93
28.550952 3.700102 8.452433 
27.217006 4.705409 9.569905 
30.522571 2.443764 11.738559 
30.757431 2.275784 11.735794 
30.784468 2.253198 11.665615 
28.903563 3.463328 8.780146 
FEnd
FBeg
 1392  NH2 ARG A 176  2092    O HOH C 106 hbw
29.836 1.557 8.223 30.342 4.514 9.815  11.49
28.903563 3.463328 8.780146 
28.550952 3.700102 8.452433 
31.553320 4.278685 6.423496 
32.010439 4.294179 6.249426 
33.261487 3.376698 7.555935 
33.228195 3.189770 7.913719 
31.761978 2.168641 10.276396 
FEnd
FBeg
   93   O6 DG B   5  2092    O HOH C 106 hbw
32.674 -0.232 9.211 30.342 4.514 9.815  8.15
33.228195 3.189770 7.913719 
34.635434 3.739090 9.030617 
34.374534 3.283774 11.601003 
33.165034 2.682875 11.652842 
31.724359 2.083968 10.796480 
31.761978 2.168641 10.276396 
FEnd
FBeg
 1390   CZ ARG A 176  2092    O HOH C 106 unk
29.086 0.969 9.147 30.342 4.514 9.815  3.17
30.784468 2.253198 11.665615 
28.903563 3.463328 8.780146 
31.761978 2.168641 10.276396 
31.724359 2.083968 10.796480 
FEnd
FBeg
 1378  CD2 PHE A 175  2092    O HOH C 106 unk
30.470 4.623 14.065 30.342 4.514 9.815  9.02
30.522571 2.443764 11.738559 
30.757431 2.275784 11.735794 
33.165034 2.682875 11.652842 
34.374534 3.283774 11.601003 
34.904507 4.010188 11.566411 
28.643411 4.940082 11.731132 
FEnd
FBeg
 1380  CE2 PHE A 175  2092    O HOH C 106 unk
30.659 5.965 13.673 30.342 4.514 9.815  18.99
34.904507 4.010188 11.566411 
35.079679 4.253912 11.460353 
35.297727 4.718317 11.267773 
35.348060 4.876058 11.204310 
32.717786 8.376359 10.103963 
30.331634 7.701810 10.553725 
28.463763 5.125223 11.676261 
28.643411 4.940082 11.731132 
FEnd
FBeg
 1417  OE2 GLU A 179  2092    O HOH C 106 hbw
27.867 7.566 12.702 30.342 4.514 9.815  6.67
30.331634 7.701810 10.553725 
29.332695 8.608933 8.738374 
27.951354 6.847727 9.416027 
28.047063 5.889228 10.511358 
28.438789 5.131153 11.648582 
28.463763 5.125223 11.676261 
FEnd
FBeg
 1415   CD GLU A 179  2092    O HOH C 106 unk
26.670 7.303 12.939 30.342 4.514 9.815  0.29
28.047063 5.889228 10.511358 
27.989788 5.171977 11.084372 
28.438789 5.131153 11.648582 
FEnd
FBeg
 1416  OE1 GLU A 179  2092    O HOH C 106 hbw
25.945 6.701 12.113 30.342 4.514 9.815  1.86
27.951354 6.847727 9.416027 
27.127624 4.924039 9.670667 
27.989788 5.171977 11.084372 
28.047063 5.889228 10.511358 
FEnd
FBeg
 1387   CG ARG A 176  2092    O HOH C 106 unk
27.255 2.197 12.104 30.342 4.514 9.815  4.68
27.217006 4.705409 9.569905 
30.522571 2.443764 11.738559 
28.643411 4.940082 11.731132 
28.463763 5.125223 11.676261 
28.438789 5.131153 11.648582 
27.989788 5.171977 11.084372 
27.127624 4.924039 9.670667 
FEnd
FBeg
 1390   CZ ARG A 176  2078    O HOH B  58 unk
29.086 0.969 9.147 28.035 5.071 6.560  0.00
28.183155 3.358338 8.128587 
28.217615 3.402553 8.184695 
28.153000 3.367469 8.155318 
FEnd
FBeg
 1392  NH2 ARG A 176  2078    O HOH B  58 hbw
29.836 1.557 8.223 28.035 5.071 6.560  2.44
31.553320 4.278685 6.423496 
28.550952 3.700102 8.452433 
28.217615 3.402553 8.184695 
28.183155 3.358338 8.128587 
28.800770 3.208752 7.143640 
FEnd
FBeg
 1422   CB ALA A 180  2162    O HOH A 233 unk
21.070 4.409 16.166 20.043 1.836 13.028  7.26
19.841359 5.385513 12.520922 
22.117473 2.208548 14.380948 
21.791548 1.947105 14.701986 
19.524361 2.630935 14.883282 
18.722088 4.486509 13.624373 
FEnd
FBeg
 1091  CD2 LEU A 138  2162    O HOH A 233 unk
20.092 0.969 16.911 20.043 1.836 13.028  3.66
21.791548 1.947105 14.701986 
19.524361 2.630935 14.883282 
19.096339 0.855137 14.492182 
20.574703 0.408712 14.373848 
FEnd
FBeg
 1098   CD PRO A 139  2162    O HOH A 233 unk
19.048 -1.714 13.990 20.043 1.836 13.028  5.39
19.096339 0.855137 14.492182 
17.326129 0.714951 12.143928 
20.700697 -0.133683 12.502602 
20.574703 0.408712 14.373848 
FEnd
FBeg
 1097   CG PRO A 139  2162    O HOH A 233 unk
19.049 -2.303 12.587 20.043 1.836 13.028  3.68
17.326129 0.714951 12.143928 
16.176706 1.159234 10.564875 
16.229465 1.149290 10.539283 
20.830841 -0.123906 12.117499 
20.700697 -0.133683 12.502602 
FEnd
FBeg
   38  OP2 DC B   3  2162    O HOH A 233 hbw
20.382 -0.753 9.951 20.043 1.836 13.028  15.00
16.229465 1.149290 10.539283 
17.564969 2.048972 9.929423 
18.289954 2.347044 9.758497 
20.473798 3.036907 9.418643 
22.060012 2.443770 10.092467 
22.443737 1.901409 10.591088 
22.472199 1.386662 11.027334 
20.830841 -0.123906 12.117499 
FEnd
FBeg
 1122  CD1 LEU A 142  2162    O HOH A 233 unk
22.953 -0.662 13.948 20.043 1.836 13.028  7.82
22.117473 2.208548 14.380948 
21.791548 1.947105 14.701986 
20.574703 0.408712 14.373848 
20.700697 -0.133683 12.502602 
20.830841 -0.123906 12.117499 
22.472199 1.386662 11.027334 
22.659888 1.591583 10.990070 
FEnd
FBeg
 1304   CA PRO A 166  2130    O HOH A 201 unk
34.986 -10.510 12.877 38.509 -10.776 13.925  12.47
37.161916 -15.739923 12.075314 
36.879546 -15.225958 13.154994 
36.455887 -12.155155 15.358604 
37.349694 -9.659346 12.987425 
37.482341 -13.227704 11.635802 
FEnd
FBeg
 1307   CB PRO A 166  2130    O HOH A 201 unk
35.347 -9.975 11.500 38.509 -10.776 13.925  6.06
37.349694 -9.659346 12.987425 
37.536681 -9.303802 12.861049 
38.309868 -9.886186 11.660510 
38.620101 -12.801993 10.292873 
37.482341 -13.227704 11.635802 
FEnd
FBeg
  101  OP2 DA B   6  2130    O HOH A 201 hbw
38.469 -8.716 9.524 38.509 -10.776 13.925  21.85
38.309868 -9.886186 11.660510 
42.585077 -9.075845 12.000955 
44.031037 -10.552440 11.296655 
44.454948 -11.211208 10.984449 
44.389967 -13.087790 10.106657 
38.638761 -12.845899 10.272152 
38.620101 -12.801993 10.292873 
FEnd
FBeg
  101  OP2 DA B   6  2146    O HOH A 217 hbw
38.469 -8.716 9.524 38.037 -7.488 12.026  12.79
38.309868 -9.886186 11.660510 
42.585077 -9.075845 12.000955 
42.829749 -8.738202 11.877483 
42.561614 -8.393020 11.661768 
39.547895 -6.783549 10.351473 
38.056009 -6.901202 10.151627 
37.364008 -7.592109 10.371247 
36.956417 -8.197545 10.598024 
FEnd
FBeg
   84  C3' DG B   5  2146    O HOH A 217 unk
36.124 -7.616 8.246 38.037 -7.488 12.026  0.16
37.364008 -7.592109 10.371247 
36.956417 -8.197545 10.598024 
36.671443 -7.917809 10.732773 
FEnd
FBeg
   86  C2' DG B   5  2146    O HOH A 217 unk
35.856 -6.288 8.929 38.037 -7.488 12.026  2.14
38.056009 -6.901202 10.151627 
37.364008 -7.592109 10.371247 
36.671443 -7.917809 10.732773 
36.092693 -7.418906 11.333657 
37.159419 -6.220728 11.046696 
FEnd
FBeg
 1318   CA GLY A 168  2146    O HOH A 217 unk
35.950 -5.384 13.053 38.037 -7.488 12.026  4.65
36.092693 -7.418906 11.333657 
36.139308 -7.543230 11.683087 
38.745285 -5.997224 13.811498 
38.775619 -5.968503 13.814299 
38.512216 -5.423102 12.161674 
37.159419 -6.220728 11.046696 
FEnd
FBeg
 1318   CA GLY A 168  2077    O HOH B  38 unk
35.950 -5.384 13.053 40.003 -4.072 12.840  3.11
38.775619 -5.968503 13.814299 
38.512216 -5.423102 12.161674 
38.345506 -4.902411 12.196751 
37.926141 -3.501179 12.848075 
38.389153 -4.748345 13.976266 
38.686429 -5.621274 14.255962 
FEnd
FBeg
 1315  CG1 VAL A 167  2077    O HOH B  38 unk
38.366 -8.199 15.754 40.003 -4.072 12.840  4.15
38.686429 -5.621274 14.255962 
38.775619 -5.968503 13.814299 
41.541467 -7.435489 13.290428 
41.251381 -6.170275 14.919346 
39.999653 -5.654841 14.946155 
FEnd
FBeg
 1345  NH2 ARG A 171  2077    O HOH B  38 hbw
39.956 -4.423 17.394 40.003 -4.072 12.840  2.24
41.251381 -6.170275 14.919346 
41.704457 -5.949383 14.941047 
41.293915 -3.817253 15.101144 
40.372727 -4.786264 15.016951 
39.999653 -5.654841 14.946155 
FEnd
FBeg
 1343   CZ ARG A 171  2077    O HOH B  38 unk
39.042 -3.525 17.059 40.003 -4.072 12.840  1.09
41.293915 -3.817253 15.101144 
41.245105 -3.392477 15.034954 
40.463454 -2.736355 14.771843 
40.372727 -4.786264 15.016951 
FEnd
FBeg
  157   N4 DC B   8  2077    O HOH B  38 hbw
42.262 -0.821 14.236 40.003 -4.072 12.840  2.60
41.245105 -3.392477 15.034954 
41.846653 -2.947081 13.024295 
40.798942 -2.264162 13.129315 
40.146080 -2.410790 14.527240 
40.176853 -2.455785 14.582230 
40.463454 -2.736355 14.771843 
FEnd
FBeg
  136   N6 DA B   7  2077    O HOH B  38 hbw
38.949 -0.914 12.679 40.003 -4.072 12.840  4.38
40.798942 -2.264162 13.129315 
39.210972 -2.878880 11.467456 
38.957845 -2.952936 11.671968 
38.008701 -3.213229 12.779999 
40.146080 -2.410790 14.527240 
FEnd
FBeg
  113   C5 DA B   6  2077    O HOH B  38 unk
37.259 -2.533 10.001 40.003 -4.072 12.840  0.04
39.210972 -2.878880 11.467456 
39.247514 -2.982042 11.376213 
39.127428 -3.042564 11.459473 
38.957845 -2.952936 11.671968 
FEnd
FBeg
  133   N7 DA B   7  2077    O HOH B  38 hbw
41.226 -1.892 10.865 40.003 -4.072 12.840  6.66
41.846653 -2.947081 13.024295 
42.627560 -4.699360 11.573704 
42.599805 -4.706758 11.548351 
40.222411 -3.963670 10.896391 
39.247514 -2.982042 11.376213 
39.210972 -2.878880 11.467456 
40.798942 -2.264162 13.129315 
FEnd
FBeg
  108  C2' DA B   6  2077    O HOH B  38 unk
40.905 -4.915 8.590 40.003 -4.072 12.840  6.65
42.599805 -4.706758 11.548351 
42.522207 -7.723474 12.130257 
40.056028 -6.102795 11.285380 
40.222411 -3.963670 10.896391 
FEnd
FBeg
  133   N7 DA B   7  2075    O HOH B  26 hbw
41.226 -1.892 10.865 43.673 -3.458 14.074  2.46
41.846653 -2.947081 13.024295 
42.627560 -4.699360 11.573704 
42.914482 -4.402676 11.499696 
43.269944 -2.533662 12.140725 
42.884089 -2.360945 12.519242 
FEnd
FBeg
  158   C5 DC B   8  2075    O HOH B  26 unk
43.698 0.032 12.507 43.673 -3.458 14.074  14.05
43.269944 -2.533662 12.140725 
42.884089 -2.360945 12.519242 
45.104215 -1.317895 14.877727 
45.879165 -1.384920 14.740814 
48.847797 -2.554080 12.184238 
48.149500 -2.821971 11.576456 
46.196195 -2.972053 11.211031 
45.337305 -2.978886 11.182110 
FEnd
FBeg
  176   O4 DT B   9  2075    O HOH B  26 hbw
44.452 0.818 16.390 43.673 -3.458 14.074  16.77
45.104215 -1.317895 14.877727 
43.238397 -2.487464 17.664664 
45.876437 -4.284798 20.095738 
46.466655 -4.347889 20.013699 
47.895122 -2.400264 15.937352 
45.879165 -1.384920 14.740814 
FEnd
FBeg
  132   C8 DA B   7  2075    O HOH B  26 unk
42.117 -1.737 9.919 43.673 -3.458 14.074  2.30
42.914482 -4.402676 11.499696 
43.269944 -2.533662 12.140725 
45.337305 -2.978886 11.182110 
FEnd
FBeg
  122  OP2 DA B   7  2075    O HOH B  26 hbw
43.860 -4.937 8.870 43.673 -3.458 14.074  57.73
42.627560 -4.699360 11.573704 
42.914482 -4.402676 11.499696 
45.337305 -2.978886 11.182110 
46.196195 -2.972053 11.211031 
48.230123 -3.226114 11.356323 
54.587441 -7.091191 12.683239 
55.027803 -9.663594 13.430151 
51.299418 -9.772041 13.326996 
42.834085 -7.612879 12.409161 
FEnd
FBeg
  157   N4 DC B   8  2075    O HOH B  26 hbw
42.262 -0.821 14.236 43.673 -3.458 14.074  12.44
41.245105 -3.392477 15.034954 
41.846653 -2.947081 13.024295 
42.884089 -2.360945 12.519242 
45.104215 -1.317895 14.877727 
43.238397 -2.487464 17.664664 
41.675001 -3.203683 15.706141 
FEnd
FBeg
 1343   CZ ARG A 171  2075    O HOH B  26 unk
39.042 -3.525 17.059 43.673 -3.458 14.074  0.18
41.293915 -3.817253 15.101144 
41.245105 -3.392477 15.034954 
41.675001 -3.203683 15.706141 
FEnd
FBeg
 1345  NH2 ARG A 171  2075    O HOH B  26 hbw
39.956 -4.423 17.394 43.673 -3.458 14.074  14.20
41.704457 -5.949383 14.941047 
41.293915 -3.817253 15.101144 
41.675001 -3.203683 15.706141 
43.238397 -2.487464 17.664664 
45.876437 -4.284798 20.095738 
45.489734 -4.751146 19.527244 
FEnd
FBeg
 1342   NE ARG A 171  2077    O HOH B  38 hbw
38.408 -3.636 15.896 40.003 -4.072 12.840  4.61
38.389153 -4.748345 13.976266 
38.686429 -5.621274 14.255962 
39.999653 -5.654841 14.946155 
40.372727 -4.786264 15.016951 
40.463454 -2.736355 14.771843 
40.176853 -2.455785 14.582230 
FEnd
FBeg
 1341   CD ARG A 171  2077    O HOH B  38 unk
37.389 -2.714 15.414 40.003 -4.072 12.840  3.02
37.926141 -3.501179 12.848075 
38.389153 -4.748345 13.976266 
40.176853 -2.455785 14.582230 
40.146080 -2.410790 14.527240 
38.008701 -3.213229 12.779999 
FEnd
FBeg
  112   N7 DA B   6  2077    O HOH B  38 hbw
37.210 -3.823 10.506 40.003 -4.072 12.840  1.81
38.345506 -4.902411 12.196751 
37.926141 -3.501179 12.848075 
38.008701 -3.213229 12.779999 
38.957845 -2.952936 11.671968 
39.127428 -3.042564 11.459473 
FEnd
FBeg
  111   C8 DA B   6  2077    O HOH B  38 unk
38.098 -4.477 9.798 40.003 -4.072 12.840  4.44
38.512216 -5.423102 12.161674 
38.345506 -4.902411 12.196751 
39.127428 -3.042564 11.459473 
39.247514 -2.982042 11.376213 
40.222411 -3.963670 10.896391 
40.056028 -6.102795 11.285380 
FEnd
FBeg
 1315  CG1 VAL A 167  2146    O HOH A 217 unk
38.366 -8.199 15.754 38.037 -7.488 12.026  8.09
38.745285 -5.997224 13.811498 
37.469996 -8.233625 13.497520 
37.860101 -8.993344 13.318200 
41.452581 -8.619573 13.072446 
41.541467 -7.435489 13.290428 
38.775619 -5.968503 13.814299 
FEnd
FBeg
 1315  CG1 VAL A 167  2130    O HOH A 201 unk
38.366 -8.199 15.754 38.509 -10.776 13.925  12.84
37.860101 -8.993344 13.318200 
41.452581 -8.619573 13.072446 
40.213356 -11.080171 16.442458 
38.120282 -11.377818 16.698186 
37.458394 -10.711639 15.707812 
FEnd
FBeg
 1314   CB VAL A 167  2130    O HOH A 201 unk
37.103 -8.214 16.588 38.509 -10.776 13.925  0.75
38.120282 -11.377818 16.698186 
37.458394 -10.711639 15.707812 
37.126082 -11.508858 16.299342 
37.419725 -11.672705 16.612012 
37.751381 -11.609571 16.726379 
FEnd
FBeg
 1244  OE1 GLU A 157  2130    O HOH A 201 hbw
39.242 -11.285 19.332 38.509 -10.776 13.925  11.33
40.213356 -11.080171 16.442458 
38.120282 -11.377818 16.698186 
37.751381 -11.609571 16.726379 
43.147128 -17.278327 15.461264 
42.450907 -14.048187 15.859723 
FEnd
FBeg
 1310    N VAL A 167  2146    O HOH A 217 hbw
35.954 -9.176 14.646 38.037 -7.488 12.026  0.83
37.469996 -8.233625 13.497520 
36.745442 -8.433520 12.792685 
37.536681 -9.303802 12.861049 
37.860101 -8.993344 13.318200 
FEnd
FBeg
 1317    N GLY A 168  2146    O HOH A 217 hbw
36.105 -6.631 13.769 38.037 -7.488 12.026  3.63
36.139308 -7.543230 11.683087 
36.745442 -8.433520 12.792685 
37.469996 -8.233625 13.497520 
38.745285 -5.997224 13.811498 
FEnd
FBeg
  111   C8 DA B   6  2146    O HOH A 217 unk
38.098 -4.477 9.798 38.037 -7.488 12.026  4.36
39.547895 -6.783549 10.351473 
38.056009 -6.901202 10.151627 
37.159419 -6.220728 11.046696 
38.512216 -5.423102 12.161674 
40.056028 -6.102795 11.285380 
FEnd
FBeg
  108  C2' DA B   6  2146    O HOH A 217 unk
40.905 -4.915 8.590 38.037 -7.488 12.026  3.35
42.561614 -8.393020 11.661768 
39.547895 -6.783549 10.351473 
40.056028 -6.102795 11.285380 
42.522207 -7.723474 12.130257 
FEnd
FBeg
 1307   CB PRO A 166  2146    O HOH A 217 unk
35.347 -9.975 11.500 38.037 -7.488 12.026  4.61
37.536681 -9.303802 12.861049 
38.309868 -9.886186 11.660510 
36.956417 -8.197545 10.598024 
36.671443 -7.917809 10.732773 
36.092693 -7.418906 11.333657 
36.139308 -7.543230 11.683087 
36.745442 -8.433520 12.792685 
FEnd
FBeg
 1310    N VAL A 167  2130    O HOH A 201 hbw
35.954 -9.176 14.646 38.509 -10.776 13.925  4.83
36.455887 -12.155155 15.358604 
36.499695 -12.183478 15.576696 
37.126082 -11.508858 16.299342 
37.458394 -10.711639 15.707812 
37.860101 -8.993344 13.318200 
37.536681 -9.303802 12.861049 
37.349694 -9.659346 12.987425 
FEnd

+-+CCS_record::Boundary loops before union-find
Start boundary loop loop_id 2  init_edge IE_B_Wi
xyz 22.5974 -5.62791 10.9195
xyz 22.642 -5.97307 10.8404
xyz 20.4732 -10.0397 4.21353
xyz 19.5872 -11.9762 2.48938
xyz 18.6714 -14.1612 1.36262
xyz 14.9155 -23.9618 -0.259319
xyz 14.9299 -23.94 -0.197064
xyz 14.247 -24.4826 0.133757
xyz 16.2952 -17.5441 7.81497
xyz 17.7742 -14.3814 10.3447
xyz 17.6185 -12.3135 10.9645
xyz 18.7585 -7.59662 13.1679
xyz 18.9848 -6.30806 12.7512
xyz 18.8384 -5.74656 9.64016
xyz 17.9107 -8.31515 4.77017
xyz 20.1028 -9.16121 3.87477
xyz 20.1054 -9.1593 3.87891
End loop
Boundary info init_edge IE_B_Wi [total exposed]: 68.672459 68.672459
Start boundary loop loop_id 3  init_edge IE_B_Wi
xyz 34.7249 6.52393 4.23749
xyz 33.2957 5.39497 5.37956
xyz 31.5533 4.27868 6.4235
xyz 32.0104 4.29418 6.24943
xyz 33.2615 3.3767 7.55593
xyz 33.2282 3.18977 7.91372
xyz 34.6354 3.73909 9.03062
xyz 34.3745 3.28377 11.601
xyz 34.9045 4.01019 11.5664
xyz 35.0797 4.25391 11.4604
xyz 35.2977 4.71832 11.2678
xyz 35.3481 4.87606 11.2043
xyz 32.7178 8.37636 10.104
xyz 30.3316 7.70181 10.5537
xyz 29.3327 8.60893 8.73837
xyz 27.9514 6.84773 9.41603
xyz 27.1276 4.92404 9.67067
xyz 27.217 4.70541 9.5699
xyz 25.9715 4.11379 9.08798
xyz 25.2571 4.38109 9.12604
xyz 23.7709 5.0076 8.38276
xyz 24.3371 4.89427 7.20182
xyz 22.8847 6.902 7.31167
xyz 22.8608 7.13392 7.12374
xyz 23.358 8.4919 5.13532
xyz 24.3837 8.07616 4.10185
xyz 25.8333 6.95231 3.15289
xyz 26.4965 5.14723 3.94995
xyz 27.6536 6.2884 2.72104
xyz 34.9158 8.73224 1.32876
End loop
Boundary info init_edge IE_B_Wi [total exposed]: 57.532606 57.532606
Start boundary loop loop_id 4  init_edge IE_B_Wi
xyz 31.7244 2.08397 10.7965
xyz 30.7845 2.2532 11.6656
xyz 30.7574 2.27578 11.7358
xyz 33.165 2.68288 11.6528
End loop
Boundary info init_edge IE_B_Wi [total exposed]: 5.592774 5.592774
Start boundary loop loop_id 5  init_edge IE_A_Wi
xyz 22.1175 2.20855 14.3809
xyz 22.6599 1.59158 10.9901
xyz 22.4722 1.38666 11.0273
xyz 22.4437 1.90141 10.5911
xyz 22.06 2.44377 10.0925
xyz 20.4738 3.03691 9.41864
xyz 18.29 2.34704 9.7585
xyz 17.565 2.04897 9.92942
xyz 16.2295 1.14929 10.5393
xyz 16.1767 1.15923 10.5649
xyz 17.3261 0.714951 12.1439
xyz 19.0963 0.855137 14.4922
xyz 19.5244 2.63093 14.8833
xyz 18.7221 4.48651 13.6244
xyz 19.8414 5.38551 12.5209
End loop
Boundary info init_edge IE_A_Wi [total exposed]: 27.332476 27.332476
Start boundary loop loop_id 6  init_edge IE_A_Wi
xyz 36.8795 -15.226 13.155
xyz 36.4559 -12.1552 15.3586
xyz 36.4997 -12.1835 15.5767
xyz 37.1261 -11.5089 16.2993
xyz 37.4197 -11.6727 16.612
xyz 37.7514 -11.6096 16.7264
xyz 43.1471 -17.2783 15.4613
xyz 42.4509 -14.0482 15.8597
xyz 40.2134 -11.0802 16.4425
xyz 41.4526 -8.61957 13.0724
xyz 41.5415 -7.43549 13.2904
xyz 41.2514 -6.17028 14.9193
xyz 41.7045 -5.94938 14.941
xyz 45.4897 -4.75115 19.5272
xyz 45.8764 -4.2848 20.0957
xyz 46.4667 -4.34789 20.0137
xyz 47.8951 -2.40026 15.9374
xyz 45.8792 -1.38492 14.7408
xyz 48.8478 -2.55408 12.1842
xyz 48.1495 -2.82197 11.5765
xyz 46.1962 -2.97205 11.211
xyz 48.2301 -3.22611 11.3563
xyz 54.5874 -7.09119 12.6832
xyz 55.0278 -9.66359 13.4302
xyz 51.2994 -9.77204 13.327
xyz 42.8341 -7.61288 12.4092
xyz 42.6276 -4.69936 11.5737
xyz 42.5998 -4.70676 11.5484
xyz 42.5222 -7.72347 12.1303
xyz 42.5616 -8.39302 11.6618
xyz 42.8297 -8.7382 11.8775
xyz 42.5851 -9.07584 12.001
xyz 44.031 -10.5524 11.2967
xyz 44.4549 -11.2112 10.9844
xyz 44.39 -13.0878 10.1067
xyz 38.6388 -12.8459 10.2722
xyz 38.6201 -12.802 10.2929
xyz 37.4823 -13.2277 11.6358
xyz 37.1619 -15.7399 12.0753
End loop
Boundary info init_edge IE_A_Wi [total exposed]: 100.266261 100.266261
+-+Surf_areas::Interface areas<Areas altogether before UFind>: IE_A_B: 441.28 IE_A_Wi: 192.27 IE_B_Wi: 153.11 
+-+Surf_areas::Chem Interface areas<Areas altogether before UFind>: ali: 81.99 aro: 7.92 hbd: 78.59 hbw: 220.77 hbdp: 7.03 elu: 0.00 elf: 0.00 hbwp: 0.00 ssb: 0.00 unk: 390.36 
+++UnionFindAlgo::processing merged ccs...

+-+MCC_record::Boundary nets of merged cc after union-find
Start boundary net with  1 loops
Start boundary loop loop_id 0
Start boundary loop auf loop_id 0  init_edge IE_A_B
xyz 29.9995 -4.39714 10.3907
xyz 29.7638 -4.49504 10.3119
xyz 29.1576 -4.5131 11.5799
xyz 26.1708 -3.02126 11.7539
xyz 26.112 -2.97237 11.6823
xyz 26.0133 -1.88116 11.5055
xyz 26.0371 -1.53324 11.5139
xyz 26.1038 -1.52398 11.3151
xyz 26.7331 -1.38622 10.6005
xyz 27.5607 -1.18211 10.1883
xyz 28.8952 -2.33163 9.38215
xyz 30.1001 -2.25051 9.89124
End loop. Loop info [total exposed]: 14.1519 0
End net. Net info [total exposed]: 14.1519 0
Start boundary net with  6 loops
Start boundary loop loop_id 1
Start boundary loop auf loop_id 1  init_edge IE_A_B
xyz 22.9018 -5.2045 11.1842
xyz 22.5974 -5.62791 10.9195
xyz 22.642 -5.97307 10.8404
xyz 20.4732 -10.0397 4.21353
xyz 24.7838 -10.3519 7.75499
xyz 24.809 -13.2927 6.3123
xyz 26.823 -10.8554 7.92712
xyz 27.8647 -10.7893 8.79444
xyz 28.3934 -10.2719 9.37087
xyz 28.1021 -12.1672 9.42758
xyz 28.2671 -12.0036 9.71579
xyz 28.3157 -12.5652 9.46131
xyz 28.5219 -12.6073 9.47946
xyz 29.9004 -12.643 9.71605
xyz 29.8962 -13.0673 9.67653
xyz 30.01 -13.3142 9.61011
xyz 32.959 -16.4908 8.19985
xyz 33.6965 -16.8045 7.89366
xyz 35.8601 -18.7037 6.03407
xyz 36.2805 -18.9258 5.67615
xyz 39.3625 -17.9529 9.55574
xyz 38.6388 -12.8459 10.2722
xyz 38.6201 -12.802 10.2929
xyz 38.3099 -9.88619 11.6605
xyz 36.9564 -8.19755 10.598
xyz 36.6714 -7.91781 10.7328
xyz 36.0927 -7.41891 11.3337
xyz 37.1594 -6.22073 11.0467
xyz 38.5122 -5.4231 12.1617
xyz 38.3455 -4.90241 12.1968
xyz 37.9261 -3.50118 12.8481
xyz 38.0087 -3.21323 12.78
xyz 40.1461 -2.41079 14.5272
xyz 40.1769 -2.45579 14.5822
xyz 40.4635 -2.73635 14.7718
xyz 41.2451 -3.39248 15.035
xyz 41.675 -3.20368 15.7061
xyz 43.2384 -2.48746 17.6647
xyz 42.3617 -1.68202 17.9432
xyz 41.4395 -0.19891 17.7523
xyz 40.0866 0.85124 16.9477
xyz 39.3628 0.611625 16.1438
xyz 39.3484 0.587365 16.0455
xyz 38.2166 2.00565 16.3333
xyz 37.4715 2.31213 16.11
xyz 37.3915 2.39081 16.0312
xyz 36.1958 1.40915 13.9768
xyz 35.456 2.48929 14.0618
xyz 35.4165 2.47246 14.0524
xyz 34.7375 1.88869 13.8366
xyz 34.6957 1.74549 13.8033
xyz 34.7242 1.88335 13.8268
xyz 34.2893 2.43256 12.8424
xyz 33.9699 2.65305 12.1627
xyz 33.9158 2.65541 12.0557
xyz 33.9073 2.67493 11.9978
xyz 33.165 2.68288 11.6528
xyz 31.7244 2.08397 10.7965
xyz 31.762 2.16864 10.2764
xyz 33.2282 3.18977 7.91372
xyz 32.8748 2.53161 7.73709
xyz 33.2615 3.3767 7.55593
xyz 32.0104 4.29418 6.24943
xyz 31.5533 4.27868 6.4235
xyz 28.8008 3.20875 7.14364
xyz 28.1832 3.35834 8.12859
xyz 28.153 3.36747 8.15532
xyz 25.9715 4.11379 9.08798
xyz 25.9445 4.02389 9.09544
xyz 24.4786 3.60223 9.23188
xyz 24.1834 3.43627 9.33557
xyz 23.9183 2.95963 9.46075
xyz 24.0786 1.74284 9.53248
xyz 24.2649 1.383 9.51254
xyz 23.7965 1.34913 10.8361
xyz 23.7105 1.29306 10.957
xyz 23.539 1.54695 10.9375
xyz 22.6599 1.59158 10.9901
xyz 22.4722 1.38666 11.0273
xyz 20.8308 -0.123906 12.1175
xyz 16.2295 1.14929 10.5393
xyz 15.9783 -1.55134 8.82424
xyz 16.3283 -2.34083 8.53701
xyz 16.2809 -2.49839 8.48181
xyz 16.4361 -3.56924 8.40348
xyz 16.0447 -3.88423 8.22516
xyz 16.828 -4.23303 8.86121
xyz 18.8384 -5.74656 9.64016
xyz 22.2483 -5.21486 11.5613
xyz 22.6674 -4.6646 11.8913
xyz 22.7071 -4.6613 11.8712
xyz 23.6858 -4.6287 11.9506
xyz 24.0458 -4.70938 11.8614
xyz 24.2324 -4.6329 11.8199
xyz 24.4256 -4.81293 12.0086
xyz 24.0458 -4.70938 11.8614
End loop. Loop info [total exposed]: 135.713 80.0355
Start boundary loop loop_id 2
Start boundary loop auf loop_id 2  init_edge IE_B_Wi
xyz 22.5974 -5.62791 10.9195
xyz 22.642 -5.97307 10.8404
xyz 20.4732 -10.0397 4.21353
xyz 19.5872 -11.9762 2.48938
xyz 18.6714 -14.1612 1.36262
xyz 14.9155 -23.9618 -0.259319
xyz 14.9299 -23.94 -0.197064
xyz 14.247 -24.4826 0.133757
xyz 16.2952 -17.5441 7.81497
xyz 17.7742 -14.3814 10.3447
xyz 17.6185 -12.3135 10.9645
xyz 18.7585 -7.59662 13.1679
xyz 18.9848 -6.30806 12.7512
xyz 18.8384 -5.74656 9.64016
xyz 17.9107 -8.31515 4.77017
xyz 20.1028 -9.16121 3.87477
xyz 20.1054 -9.1593 3.87891
End loop. Loop info [total exposed]: 68.6725 60.2435
Start boundary loop loop_id 3
Start boundary loop auf loop_id 3  init_edge IE_B_Wi
xyz 34.7249 6.52393 4.23749
xyz 33.2957 5.39497 5.37956
xyz 31.5533 4.27868 6.4235
xyz 32.0104 4.29418 6.24943
xyz 33.2615 3.3767 7.55593
xyz 33.2282 3.18977 7.91372
xyz 34.6354 3.73909 9.03062
xyz 34.3745 3.28377 11.601
xyz 34.9045 4.01019 11.5664
xyz 35.0797 4.25391 11.4604
xyz 35.2977 4.71832 11.2678
xyz 35.3481 4.87606 11.2043
xyz 32.7178 8.37636 10.104
xyz 30.3316 7.70181 10.5537
xyz 29.3327 8.60893 8.73837
xyz 27.9514 6.84773 9.41603
xyz 27.1276 4.92404 9.67067
xyz 27.217 4.70541 9.5699
xyz 25.9715 4.11379 9.08798
xyz 25.2571 4.38109 9.12604
xyz 23.7709 5.0076 8.38276
xyz 24.3371 4.89427 7.20182
xyz 22.8847 6.902 7.31167
xyz 22.8608 7.13392 7.12374
xyz 23.358 8.4919 5.13532
xyz 24.3837 8.07616 4.10185
xyz 25.8333 6.95231 3.15289
xyz 26.4965 5.14723 3.94995
xyz 27.6536 6.2884 2.72104
xyz 34.9158 8.73224 1.32876
End loop. Loop info [total exposed]: 57.5326 55.015
Start boundary loop loop_id 4
Start boundary loop auf loop_id 4  init_edge IE_B_Wi
xyz 31.7244 2.08397 10.7965
xyz 30.7845 2.2532 11.6656
xyz 30.7574 2.27578 11.7358
xyz 33.165 2.68288 11.6528
End loop. Loop info [total exposed]: 5.59277 3.813
Start boundary loop loop_id 5
Start boundary loop auf loop_id 5  init_edge IE_A_Wi
xyz 22.1175 2.20855 14.3809
xyz 22.6599 1.59158 10.9901
xyz 22.4722 1.38666 11.0273
xyz 22.4437 1.90141 10.5911
xyz 22.06 2.44377 10.0925
xyz 20.4738 3.03691 9.41864
xyz 18.29 2.34704 9.7585
xyz 17.565 2.04897 9.92942
xyz 16.2295 1.14929 10.5393
xyz 16.1767 1.15923 10.5649
xyz 17.3261 0.714951 12.1439
xyz 19.0963 0.855137 14.4922
xyz 19.5244 2.63093 14.8833
xyz 18.7221 4.48651 13.6244
xyz 19.8414 5.38551 12.5209
End loop. Loop info [total exposed]: 27.3325 27.0521
Start boundary loop loop_id 6
Start boundary loop auf loop_id 6  init_edge IE_A_Wi
xyz 36.8795 -15.226 13.155
xyz 36.4559 -12.1552 15.3586
xyz 36.4997 -12.1835 15.5767
xyz 37.1261 -11.5089 16.2993
xyz 37.4197 -11.6727 16.612
xyz 37.7514 -11.6096 16.7264
xyz 43.1471 -17.2783 15.4613
xyz 42.4509 -14.0482 15.8597
xyz 40.2134 -11.0802 16.4425
xyz 41.4526 -8.61957 13.0724
xyz 41.5415 -7.43549 13.2904
xyz 41.2514 -6.17028 14.9193
xyz 41.7045 -5.94938 14.941
xyz 45.4897 -4.75115 19.5272
xyz 45.8764 -4.2848 20.0957
xyz 46.4667 -4.34789 20.0137
xyz 47.8951 -2.40026 15.9374
xyz 45.8792 -1.38492 14.7408
xyz 48.8478 -2.55408 12.1842
xyz 48.1495 -2.82197 11.5765
xyz 46.1962 -2.97205 11.211
xyz 48.2301 -3.22611 11.3563
xyz 54.5874 -7.09119 12.6832
xyz 55.0278 -9.66359 13.4302
xyz 51.2994 -9.77204 13.327
xyz 42.8341 -7.61288 12.4092
xyz 42.6276 -4.69936 11.5737
xyz 42.5998 -4.70676 11.5484
xyz 42.5222 -7.72347 12.1303
xyz 42.5616 -8.39302 11.6618
xyz 42.8297 -8.7382 11.8775
xyz 42.5851 -9.07584 12.001
xyz 44.031 -10.5524 11.2967
xyz 44.4549 -11.2112 10.9844
xyz 44.39 -13.0878 10.1067
xyz 38.6388 -12.8459 10.2722
xyz 38.6201 -12.802 10.2929
xyz 37.4823 -13.2277 11.6358
xyz 37.1619 -15.7399 12.0753
End loop. Loop info [total exposed]: 100.266 100.214
End net. Net info [total exposed]: 395.11 326.373
+-+Surf_areas::Interface areas<for merged connected component>: IE_A_B: 441.28 IE_A_Wi: 192.27 IE_B_Wi: 153.11 
+-+Surf_areas::Chem Interface areas<for merged connected component>: ali: 81.99 aro: 7.92 hbd: 78.59 hbw: 220.77 hbdp: 7.03 elu: 0.00 elf: 0.00 hbwp: 0.00 ssb: 0.00 unk: 390.36 
+-+MCC_record::dump_stats::Nb loops_before - nets_after uf merge: 7 2
