Begin VSO per interface edge
11 941  1
420 913  1
420 939  1
420 940  1
421 913  1
422 913  2
422 914  1
423 912  2
423 913  1
423 914  2
423 919  2
423 924  1
424 914  1
424 915  1
425 900  2
425 901  1
425 912  2
425 914  2
425 917  2
425 924  1
426 914  2
426 915  2
426 917  1
428 939  2
428 940  1
428 942  1
429 942  1
430 919  1
430 920  2
430 921  1
430 939  1
430 940  2
430 942  1
End VSO per interface edge

Voronoi Facets of interface MI_AB
FBeg
  420    O HIS A 425   939   CG GLU B 261 unk
23.692 -7.444 -60.029 25.474 -4.685 -56.690  14.87
24.659260 -9.875649 -55.678274 
26.149350 -9.116724 -57.100620 
26.196911 -8.671014 -57.494291 
25.001512 -5.772520 -59.251327 
24.533261 -5.444657 -59.272337 
22.642838 -5.021178 -58.613351 
22.768554 -7.177354 -56.898806 
23.789484 -8.939769 -55.987393 
FEnd
FBeg
  420    O HIS A 425   913    O ASP B 258 unk
23.692 -7.444 -60.029 21.322 -4.380 -56.002  1.15
22.642838 -5.021178 -58.613351 
22.228098 -5.030960 -58.849993 
22.158937 -6.171936 -58.022569 
22.768554 -7.177354 -56.898806 
FEnd
FBeg
  421   CB HIS A 425   913    O ASP B 258 unk
21.361 -8.740 -59.924 21.322 -4.380 -56.002  2.59
22.158937 -6.171936 -58.022569 
22.768554 -7.177354 -56.898806 
22.825460 -7.690332 -56.327974 
22.113983 -8.741124 -55.166907 
21.769510 -8.086747 -55.897788 
21.811011 -6.568389 -57.585301 
FEnd
FBeg
  422   CG HIS A 425   913    O ASP B 258 unk
20.024 -8.240 -59.507 21.322 -4.380 -56.002  0.85
21.769510 -8.086747 -55.897788 
21.076403 -6.735731 -57.128963 
21.811011 -6.568389 -57.585301 
FEnd
FBeg
  422   CG HIS A 425   914   CB ASP B 258 ali
20.024 -8.240 -59.507 18.450 -5.683 -55.815  2.36
21.769510 -8.086747 -55.897788 
21.076403 -6.735731 -57.128963 
20.054156 -7.048254 -57.348329 
19.833463 -7.303115 -57.265904 
21.647620 -8.755785 -55.486392 
FEnd
FBeg
  424  CD2 HIS A 425   914   CB ASP B 258 ali
18.962 -8.857 -58.928 18.450 -5.683 -55.815  7.81
19.833463 -7.303115 -57.265904 
21.647620 -8.755785 -55.486392 
22.049555 -9.549063 -54.611463 
21.849919 -9.780958 -54.407858 
18.873701 -9.434033 -55.251084 
18.293769 -8.800616 -55.992296 
19.362785 -7.418276 -57.225901 
FEnd
FBeg
  426  NE2 HIS A 425   914   CB ASP B 258 unk
17.985 -7.931 -58.737 18.450 -5.683 -55.815  2.77
18.293769 -8.800616 -55.992296 
17.445708 -7.534152 -56.831674 
16.958843 -6.612145 -57.463529 
19.362785 -7.418276 -57.225901 
FEnd
FBeg
  426  NE2 HIS A 425   917  OD2 ASP B 258 hbd
17.985 -7.931 -58.737 16.358 -6.824 -55.868  65.05
17.445708 -7.534152 -56.831674 
16.958843 -6.612145 -57.463529 
14.507139 -6.264678 -58.987951 
9.802986 -9.173306 -60.533370 
6.318809 -15.117756 -60.215576 
7.637263 -15.924505 -59.156602 
13.607248 -12.993827 -56.901843 
15.616416 -11.558611 -56.316227 
18.012903 -9.116061 -55.899642 
FEnd
FBeg
  425  CE1 HIS A 425   917  OD2 ASP B 258 unk
18.425 -6.748 -59.175 16.358 -6.824 -55.868  1.83
16.958843 -6.612145 -57.463529 
14.507139 -6.264678 -58.987951 
14.826166 -6.016604 -58.782846 
16.252850 -5.298626 -57.874615 
FEnd
FBeg
  425  CE1 HIS A 425   900   CB PRO B 256 ali
18.425 -6.748 -59.175 14.945 -2.750 -56.869  2.41
14.826166 -6.016604 -58.782846 
16.252850 -5.298626 -57.874615 
17.289071 -4.189431 -58.233900 
16.809802 -4.106245 -59.101391 
FEnd
FBeg
  425  CE1 HIS A 425   924  OD1 ASP B 259 unk
18.425 -6.748 -59.175 18.784 -2.229 -58.940  15.05
17.289071 -4.189431 -58.233900 
19.051199 -4.331071 -58.202116 
19.930213 -4.378753 -58.628035 
18.100821 -3.971586 -63.663100 
15.983939 -3.750817 -64.674551 
15.838525 -3.745090 -64.562543 
16.809802 -4.106245 -59.101391 
FEnd
FBeg
  423  ND1 HIS A 425   924  OD1 ASP B 259 hbd
19.644 -6.910 -59.631 18.784 -2.229 -58.940  7.37
19.930213 -4.378753 -58.628035 
18.100821 -3.971586 -63.663100 
19.373364 -3.761174 -63.504704 
19.830134 -3.739279 -63.084542 
20.597333 -3.812261 -61.635312 
21.184419 -3.950507 -59.968131 
20.025304 -4.356632 -58.659539 
FEnd
FBeg
  423  ND1 HIS A 425   912    C ASP B 258 unk
19.644 -6.910 -59.631 20.204 -3.894 -55.823  1.39
20.025304 -4.356632 -58.659539 
19.930213 -4.378753 -58.628035 
20.078605 -5.336986 -57.890921 
20.686784 -5.931560 -57.509446 
21.083788 -4.611797 -58.613104 
FEnd
FBeg
  423  ND1 HIS A 425   919   CA ASP B 259 unk
19.644 -6.910 -59.631 20.742 -1.895 -57.102  1.43
21.184419 -3.950507 -59.968131 
20.025304 -4.356632 -58.659539 
21.083788 -4.611797 -58.613104 
21.895648 -4.593977 -59.000920 
FEnd
FBeg
  430    O PRO A 426   919   CA ASP B 259 unk
24.147 -3.947 -60.971 20.742 -1.895 -57.102  7.20
21.895648 -4.593977 -59.000920 
21.184419 -3.950507 -59.968131 
21.435052 -2.552053 -60.489253 
21.828093 -1.826248 -60.528293 
22.858462 -1.006626 -60.056197 
23.471989 -2.780717 -58.575324 
23.470908 -2.912309 -58.506484 
22.724892 -4.175605 -58.493017 
FEnd
FBeg
  430    O PRO A 426   920    C ASP B 259 unk
24.147 -3.947 -60.971 21.905 -1.451 -56.235  0.01
23.471989 -2.780717 -58.575324 
23.470908 -2.912309 -58.506484 
23.538476 -2.836630 -58.514382 
FEnd
FBeg
  430    O PRO A 426   921    O ASP B 259 unk
24.147 -3.947 -60.971 22.861 -0.845 -56.722  6.32
22.858462 -1.006626 -60.056197 
23.471989 -2.780717 -58.575324 
23.538476 -2.836630 -58.514382 
24.515313 -2.173493 -58.702859 
25.469430 -0.453539 -59.669745 
24.295558 0.215523 -60.513481 
23.167043 0.120794 -60.785879 
FEnd
FBeg
  430    O PRO A 426   942  OE2 GLU B 261 unk
24.147 -3.947 -60.971 26.730 -4.047 -58.600  13.23
24.515313 -2.173493 -58.702859 
24.956877 -4.816637 -59.295383 
25.115366 -5.141761 -59.481756 
25.502749 -4.796303 -59.889205 
28.229896 1.665637 -62.587657 
25.469430 -0.453539 -59.669745 
FEnd
FBeg
  429    C PRO A 426   942  OE2 GLU B 261 unk
24.414 -4.504 -62.035 26.730 -4.047 -58.600  25.60
25.502749 -4.796303 -59.889205 
28.229896 1.665637 -62.587657 
31.707839 3.988262 -65.241617 
31.805118 3.997727 -65.308465 
30.939117 -0.035309 -64.188013 
27.810471 -4.146013 -61.531670 
FEnd
FBeg
  428   CA PRO A 426   942  OE2 GLU B 261 unk
24.811 -5.976 -62.060 26.730 -4.047 -58.600  5.05
25.115366 -5.141761 -59.481756 
25.502749 -4.796303 -59.889205 
27.810471 -4.146013 -61.531670 
28.271315 -5.731030 -60.903596 
27.938406 -6.510612 -60.284328 
FEnd
FBeg
  428   CA PRO A 426   940   CD GLU B 261 ali
24.811 -5.976 -62.060 26.739 -4.664 -57.516  3.82
27.938406 -6.510612 -60.284328 
25.115366 -5.141761 -59.481756 
24.920727 -5.269593 -59.362262 
25.001512 -5.772520 -59.251327 
27.023342 -7.721848 -59.546347 
27.546937 -7.600537 -59.803532 
FEnd
FBeg
  430    O PRO A 426   940   CD GLU B 261 unk
24.147 -3.947 -60.971 26.739 -4.664 -57.516  0.05
24.956877 -4.816637 -59.295383 
24.920727 -5.269593 -59.362262 
25.115366 -5.141761 -59.481756 
FEnd
FBeg
  425  CE1 HIS A 425   912    C ASP B 258 ali
18.425 -6.748 -59.175 20.204 -3.894 -55.823  0.59
19.051199 -4.331071 -58.202116 
20.078605 -5.336986 -57.890921 
19.930213 -4.378753 -58.628035 
FEnd
FBeg
  425  CE1 HIS A 425   901   CG PRO B 256 ali
18.425 -6.748 -59.175 14.321 -2.316 -58.152  26.28
14.507139 -6.264678 -58.987951 
14.826166 -6.016604 -58.782846 
16.809802 -4.106245 -59.101391 
15.838525 -3.745090 -64.562543 
15.658479 -3.863020 -64.773926 
11.660904 -7.481622 -65.134044 
FEnd
FBeg
  426  NE2 HIS A 425   915   CG ASP B 258 aro
17.985 -7.931 -58.737 17.144 -6.138 -55.182  0.36
18.293769 -8.800616 -55.992296 
17.445708 -7.534152 -56.831674 
18.012903 -9.116061 -55.899642 
FEnd
FBeg
  424  CD2 HIS A 425   915   CG ASP B 258 aro
18.962 -8.857 -58.928 17.144 -6.138 -55.182  0.51
18.873701 -9.434033 -55.251084 
18.293769 -8.800616 -55.992296 
18.012903 -9.116061 -55.899642 
18.098860 -9.627455 -55.486735 
FEnd
FBeg
  425  CE1 HIS A 425   914   CB ASP B 258 ali
18.425 -6.748 -59.175 18.450 -5.683 -55.815  9.31
20.054156 -7.048254 -57.348329 
19.833463 -7.303115 -57.265904 
19.362785 -7.418276 -57.225901 
16.958843 -6.612145 -57.463529 
16.252850 -5.298626 -57.874615 
17.289071 -4.189431 -58.233900 
19.051199 -4.331071 -58.202116 
20.078605 -5.336986 -57.890921 
FEnd
FBeg
  423  ND1 HIS A 425   914   CB ASP B 258 unk
19.644 -6.910 -59.631 18.450 -5.683 -55.815  1.10
21.076403 -6.735731 -57.128963 
20.054156 -7.048254 -57.348329 
20.078605 -5.336986 -57.890921 
20.686784 -5.931560 -57.509446 
FEnd
FBeg
  423  ND1 HIS A 425   913    O ASP B 258 hbd
19.644 -6.910 -59.631 21.322 -4.380 -56.002  3.30
22.228098 -5.030960 -58.849993 
22.158937 -6.171936 -58.022569 
21.811011 -6.568389 -57.585301 
21.076403 -6.735731 -57.128963 
20.686784 -5.931560 -57.509446 
21.083788 -4.611797 -58.613104 
21.895648 -4.593977 -59.000920 
FEnd
FBeg
  430    O PRO A 426   939   CG GLU B 261 unk
24.147 -3.947 -60.971 25.474 -4.685 -56.690  5.25
24.533261 -5.444657 -59.272337 
22.642838 -5.021178 -58.613351 
22.724892 -4.175605 -58.493017 
23.470908 -2.912309 -58.506484 
23.538476 -2.836630 -58.514382 
24.515313 -2.173493 -58.702859 
24.956877 -4.816637 -59.295383 
24.920727 -5.269593 -59.362262 
FEnd
FBeg
  428   CA PRO A 426   939   CG GLU B 261 ali
24.811 -5.976 -62.060 25.474 -4.685 -56.690  0.11
25.001512 -5.772520 -59.251327 
24.533261 -5.444657 -59.272337 
24.920727 -5.269593 -59.362262 
FEnd
FBeg
  420    O HIS A 425   940   CD GLU B 261 unk
23.692 -7.444 -60.029 26.739 -4.664 -57.516  3.82
26.196911 -8.671014 -57.494291 
26.928994 -8.363772 -58.721824 
27.023342 -7.721848 -59.546347 
25.001512 -5.772520 -59.251327 
FEnd
FBeg
   11   CB LYS A 375   941  OE1 GLU B 261 unk
31.312 -7.760 -60.811 27.742 -5.260 -57.067  64.58
29.098225 -5.437373 -59.683082 
27.594445 -7.839782 -59.512802 
27.820038 -8.732852 -58.701359 
27.837609 -8.746470 -58.675512 
29.554067 -8.862781 -56.961160 
38.004584 -3.089464 -52.758422 
37.980774 -2.008348 -53.503024 
34.589663 0.636240 -58.502419 
FEnd

+-+CCS_record::Boundary loops before union-find
Start boundary loop loop_id 0  init_edge IE_A_B
xyz 26.1494 -9.11672 -57.1006
xyz 26.1969 -8.67101 -57.4943
xyz 26.929 -8.36377 -58.7218
xyz 27.0233 -7.72185 -59.5463
xyz 27.5469 -7.60054 -59.8035
xyz 27.9384 -6.51061 -60.2843
xyz 28.2713 -5.73103 -60.9036
xyz 27.8105 -4.14601 -61.5317
xyz 30.9391 -0.0353093 -64.188
xyz 31.8051 3.99773 -65.3085
xyz 31.7078 3.98826 -65.2416
xyz 28.2299 1.66564 -62.5877
xyz 25.4694 -0.453539 -59.6697
xyz 24.2956 0.215523 -60.5135
xyz 23.167 0.120794 -60.7859
xyz 22.8585 -1.00663 -60.0562
xyz 21.8281 -1.82625 -60.5283
xyz 21.4351 -2.55205 -60.4893
xyz 21.1844 -3.95051 -59.9681
xyz 20.5973 -3.81226 -61.6353
xyz 19.8301 -3.73928 -63.0845
xyz 19.3734 -3.76117 -63.5047
xyz 18.1008 -3.97159 -63.6631
xyz 15.9839 -3.75082 -64.6746
xyz 15.8385 -3.74509 -64.5625
xyz 15.6585 -3.86302 -64.7739
xyz 11.6609 -7.48162 -65.134
xyz 14.5071 -6.26468 -58.988
xyz 9.80299 -9.17331 -60.5334
xyz 6.31881 -15.1178 -60.2156
xyz 7.63726 -15.9245 -59.1566
xyz 13.6072 -12.9938 -56.9018
xyz 15.6164 -11.5586 -56.3162
xyz 18.0129 -9.11606 -55.8996
xyz 18.0989 -9.62746 -55.4867
xyz 18.8737 -9.43403 -55.2511
xyz 21.8499 -9.78096 -54.4079
xyz 22.0496 -9.54906 -54.6115
xyz 21.6476 -8.75579 -55.4864
xyz 21.7695 -8.08675 -55.8978
xyz 22.114 -8.74112 -55.1669
xyz 22.8255 -7.69033 -56.328
xyz 22.7686 -7.17735 -56.8988
xyz 23.7895 -8.93977 -55.9874
xyz 24.6593 -9.87565 -55.6783
End loop
Boundary info init_edge IE_A_B [total exposed]: 99.615740 99.615740
Start boundary loop loop_id 1  init_edge IE_A_B
xyz 22.2281 -5.03096 -58.85
xyz 22.6428 -5.02118 -58.6134
xyz 22.7249 -4.17561 -58.493
xyz 21.8956 -4.59398 -59.0009
End loop
Boundary info init_edge IE_A_B [total exposed]: 2.963667 2.963667
Start boundary loop loop_id 2  init_edge IE_A_B
xyz 27.5944 -7.83978 -59.5128
xyz 27.82 -8.73285 -58.7014
xyz 27.8376 -8.74647 -58.6755
xyz 29.5541 -8.86278 -56.9612
xyz 38.0046 -3.08946 -52.7584
xyz 37.9808 -2.00835 -53.503
xyz 34.5897 0.63624 -58.5024
xyz 29.0982 -5.43737 -59.6831
End loop
Boundary info init_edge IE_A_B [total exposed]: 33.773644 33.773644
