Begin VSO per interface edge
937 6590  2
938 6590  2
939 6583  3
939 6586  2
939 6590  1
939 6599  2
939 6600  2
939 6602  1
939 6603  1
939 20354  2
940 6599  3
940 6603  2
940 6604  1
940 20347  2
941 6272  4
941 6561  4
941 6583  4
941 6599  3
941 6603  3
941 20298  4
942 6272  4
942 6273  3
942 6274  4
942 6599  4
942 6603  3
942 20298  5
942 20347  3
943 6561  3
943 6583  3
943 6586  3
943 6588  3
943 6590  2
943 6599  3
943 20298  3
943 20354  2
950 6590  1
950 6602  1
950 6631  1
951 6590  1
953 6982  1
953 6983  1
954 6602  1
954 6631  1
954 6981  1
954 6982  1
954 6983  2
955 6631  2
956 6631  1
957 6630  1
957 6631  1
957 6982  2
957 6983  1
990 20296  2
992 6590  2
992 20296  2
992 20354  2
1046 20296  2
1048 20296  2
1050 20296  3
1068 20296  1
1071 6588  1
1071 6589  1
1071 6590  1
1071 20296  1
1186 6563  1
1186 20298  2
1186 20354  1
1186 20371  2
1187 20296  1
1190 20296  1
1201 20298  3
1207 6217  3
1207 6258  4
1207 6259  4
1207 20298  3
1207 20371  3
1209 6215  2
1209 6216  2
1209 6217  2
1209 6218  3
1209 6229  1
1209 6258  3
1209 6259  3
1209 20371  2
1210 6218  3
1211 6216  2
1211 6218  2
1211 6228  2
1211 6229  1
1221 6274  5
1221 20298  4
1223 20347  3
1224 6273  3
1224 6274  4
1224 20298  5
1224 20347  3
1225 20298  4
1227 20298  3
1227 20354  2
1229 20296  2
1229 20354  1
1232 20296  2
1246 6273  3
1246 20338  2
1246 20347  3
1249 6273  3
1249 20338  2
1250 20338  1
1256 20338  2
1256 20347  2
1257 20347  2
1258 20347  2
1259 20338  1
1259 20347  1
1260 6604  1
1260 20347  1
1504 6218  2
1504 6219  1
1504 6228  2
1504 6229  1
1504 20370  2
1512 6219  2
1513 6218  2
1513 6219  1
1514 6218  3
1514 6219  2
1515 6218  4
1516 6218  3
1516 6219  2
1525 6219  1
1526 6185  2
1526 6219  2
1526 6220  3
1527 6181  2
1527 6182  2
1527 6183  1
1527 6184  1
1527 6185  1
1527 6219  2
1527 6220  2
1528 6185  1
1543 6219  3
1544 6165  4
1544 6166  3
1544 6181  3
1544 6219  3
1544 6220  3
1545 6218  4
1545 6219  4
1547 6181  3
1547 6185  2
1548 6165  4
1548 6166  3
1548 6167  3
1548 6170  2
1548 6180  3
1548 6181  3
1548 6185  2
1549 6122  2
1549 6165  3
1549 6167  3
1549 6180  2
1549 6185  1
1549 6188  1
1550 6122  2
1550 6123  2
1550 6130  2
1550 6167  2
1550 6170  1
1550 6185  2
1551 6121  1
1551 6122  2
1551 6123  1
1551 6130  1
1551 6185  2
1551 6188  1
1565 6166  2
1565 6167  3
1565 6215  2
1565 6218  3
1565 6219  3
1565 6220  3
1567 6167  3
1567 6168  2
1567 6259  2
1568 6164  1
1568 6166  1
1568 6167  2
1568 6168  1
1568 6255  1
1568 6257  1
1568 6259  1
1569 6166  2
1569 6215  1
1569 6217  2
1569 6259  2
1570 6259  3
1571 6215  2
1571 6218  3
1571 6219  3
1582 6168  1
1585 6167  2
1585 6168  2
1585 6169  2
1585 6170  1
1585 6171  1
1586 6170  1
1596 20338  1
1597 6273  3
1597 20338  2
1598 6257  1
1598 6266  1
1598 6271  1
1598 6273  2
1598 20338  2
1599 6273  3
1599 20338  2
1600 6255  2
1600 6256  2
1600 6257  1
1600 6258  2
1600 6259  2
1600 6266  2
1600 6270  3
1600 6271  2
1600 6272  3
1600 6273  3
1600 6274  4
1601 6273  4
1601 6274  5
1602 6258  3
1602 6259  3
1602 6272  4
1602 6273  3
1602 6274  4
1603 6258  4
1603 6259  4
1603 6272  5
1603 6274  5
1603 20298  4
5778 20370  1
5790 20370  1
5792 20370  1
5794 20370  1
5842 20370  1
5845 20370  2
6196 20370  2
6197 20370  3
6199 20370  2
6202 20370  2
6214 20370  3
6217 20371  3
6218 20370  3
6219 20370  2
6220 20370  2
6228 20370  3
6229 20370  2
6229 20371  2
6230 20370  2
6230 20371  3
6235 20370  2
6235 20371  4
6236 20371  4
6240 20370  1
6241 20370  1
6254 20371  4
6258 20298  4
6258 20371  4
6271 20338  1
6271 20347  1
6272 20298  4
6273 20338  2
6273 20347  2
6274 20298  5
6559 20371  3
6560 20354  2
6561 20298  3
6561 20354  2
6561 20371  3
6563 20298  2
6563 20354  1
6563 20371  2
6568 20370  1
6583 20354  2
6588 20354  2
6589 20296  1
6589 20354  1
6590 20354  1
6603 20347  2
6604 20347  1
End VSO per interface edge

Voronoi Facets of interface MI_AB
FBeg
 1224    O TRP A 119  6273  CE1 HIS B 116 unk
18.166 2.814 17.811 19.292 5.197 20.035  3.62
17.183733 4.177241 19.038967 
18.073348 5.038550 17.665673 
19.425755 4.169908 17.911700 
17.582660 3.109328 19.981253 
17.236514 3.173169 20.088100 
FEnd
FBeg
  942  OE1 GLU A 101  6273  CE1 HIS B 116 unk
18.830 1.405 20.804 19.292 5.197 20.035  0.19
17.582660 3.109328 19.981253 
17.730924 3.207708 20.555443 
17.238492 3.237839 20.408178 
17.236514 3.173169 20.088100 
FEnd
FBeg
  942  OE1 GLU A 101  6603   CB CYS B 138 unk
18.830 1.405 20.804 18.207 3.051 23.224  3.18
17.730924 3.207708 20.555443 
17.238492 3.237839 20.408178 
16.631723 2.739593 20.590862 
17.532212 2.112016 21.249538 
19.960133 1.993016 21.955517 
20.088902 2.131091 21.894753 
19.400135 2.710135 21.323593 
FEnd
FBeg
  942  OE1 GLU A 101  6272  CD2 HIS B 116 unk
18.830 1.405 20.804 20.931 4.130 21.033  1.62
20.088902 2.131091 21.894753 
20.556436 1.783512 21.741313 
20.961540 1.507548 21.308474 
20.450001 1.983459 20.338538 
19.400135 2.710135 21.323593 
FEnd
FBeg
  941   CD GLU A 101  6272  CD2 HIS B 116 aro
18.624 0.287 21.324 20.931 4.130 21.033  0.11
20.556436 1.783512 21.741313 
20.961540 1.507548 21.308474 
21.081282 1.446181 21.447333 
21.047049 1.480667 21.631375 
FEnd
FBeg
  941   CD GLU A 101  6599    N CYS B 138 unk
18.624 0.287 21.324 20.077 1.660 24.026  4.31
21.047049 1.480667 21.631375 
20.556436 1.783512 21.741313 
19.960133 1.993016 21.955517 
18.350295 0.705234 23.475584 
18.366951 0.657137 23.491067 
19.343423 -0.401018 23.503662 
20.749192 0.735455 22.170221 
21.098860 1.174241 21.759221 
FEnd
FBeg
  941   CD GLU A 101  6583   CA GLN B 137 ali
18.624 0.287 21.324 22.058 0.264 24.221  0.06
20.749192 0.735455 22.170221 
21.141879 1.018888 21.706994 
21.098860 1.174241 21.759221 
FEnd
FBeg
  943  OE2 GLU A 101  6583   CA GLN B 137 unk
19.546 -0.505 21.621 22.058 0.264 24.221  4.45
20.749192 0.735455 22.170221 
21.141879 1.018888 21.706994 
21.913067 -0.476524 21.404205 
20.699649 -1.415460 22.854262 
19.943118 -1.282650 23.545906 
19.581735 -0.869465 23.772850 
19.548046 -0.745739 23.768804 
FEnd
FBeg
  939   CB GLU A 101  6583   CA GLN B 137 ali
17.050 -1.149 22.710 22.058 0.264 24.221  0.00
19.581735 -0.869465 23.772850 
19.530103 -0.760912 23.842465 
19.548046 -0.745739 23.768804 
FEnd
FBeg
  939   CB GLU A 101  6586   CB GLN B 137 ali
17.050 -1.149 22.710 21.780 -0.641 25.426  0.93
19.581735 -0.869465 23.772850 
19.530103 -0.760912 23.842465 
18.810745 -0.554568 25.056655 
18.557043 -1.099119 25.600338 
19.645580 -1.200296 23.723541 
FEnd
FBeg
  939   CB GLU A 101  6590  NE2 GLN B 137 unk
17.050 -1.149 22.710 20.461 -3.331 24.806  6.27
18.557043 -1.099119 25.600338 
17.926916 -1.551315 26.155047 
17.915999 -1.592926 26.129495 
17.897361 -2.095246 25.636896 
18.503454 -3.363209 23.330560 
18.814255 -3.559670 22.620246 
18.906640 -3.488666 22.543816 
19.534492 -2.168567 22.896322 
19.645580 -1.200296 23.723541 
FEnd
FBeg
  943  OE2 GLU A 101  6590  NE2 GLN B 137 hbd
19.546 -0.505 21.621 20.461 -3.331 24.806  0.35
19.534492 -2.168567 22.896322 
19.645580 -1.200296 23.723541 
19.902992 -1.290934 23.569169 
19.918802 -1.932576 22.995307 
FEnd
FBeg
  992  CD1 LEU A 104  6590  NE2 GLN B 137 unk
17.571 -4.618 20.117 20.461 -3.331 24.806  1.92
18.814255 -3.559670 22.620246 
18.906640 -3.488666 22.543816 
20.219850 -5.542440 22.298141 
20.162658 -5.684105 22.372274 
19.284463 -6.223069 23.061468 
FEnd
FBeg
 1071  NE2 GLN A 109  6590  NE2 GLN B 137 hbd
22.153 -8.359 23.030 20.461 -3.331 24.806  17.56
20.162658 -5.684105 22.372274 
20.304188 -5.635846 22.370486 
21.218367 -5.722105 23.485633 
22.955679 -6.755743 28.067088 
21.090894 -7.491573 28.373698 
20.705210 -7.558956 28.197023 
19.114228 -7.760838 27.252834 
18.575966 -7.425543 25.790782 
18.567696 -7.415179 25.753563 
19.284463 -6.223069 23.061468 
FEnd
FBeg
  951   CA ASN A 102  6590  NE2 GLN B 137 unk
15.297 -3.972 25.775 20.461 -3.331 24.806  10.94
18.575966 -7.425543 25.790782 
18.847179 -7.028650 27.498677 
18.845611 -6.972321 27.527581 
18.630810 -4.688296 27.893763 
17.915827 -1.595874 26.129129 
17.893797 -2.149985 25.645179 
18.012720 -3.997209 25.056992 
18.567696 -7.415179 25.753563 
FEnd
FBeg
 1071  NE2 GLN A 109  6588   CD GLN B 137 unk
22.153 -8.359 23.030 21.680 -2.962 24.427  7.51
21.218367 -5.722105 23.485633 
22.955679 -6.755743 28.067088 
23.020131 -6.747007 28.055161 
24.716799 -6.070938 26.017779 
24.910242 -5.886906 25.372312 
FEnd
FBeg
 1071  NE2 GLN A 109  6589  OE1 GLN B 137 hbd
22.153 -8.359 23.030 22.197 -3.355 23.381  11.12
20.304188 -5.635846 22.370486 
21.218367 -5.722105 23.485633 
24.910242 -5.886906 25.372312 
25.491329 -5.805848 24.143874 
24.736826 -5.613601 21.497702 
FEnd
FBeg
  938    O GLU A 101  6590  NE2 GLN B 137 hbd
16.568 -4.258 23.359 20.461 -3.331 24.806  8.45
18.503454 -3.363209 23.330560 
18.814255 -3.559670 22.620246 
19.284463 -6.223069 23.061468 
18.567696 -7.415179 25.753563 
18.012720 -3.997209 25.056992 
FEnd
FBeg
  937    C GLU A 101  6590  NE2 GLN B 137 unk
15.930 -3.225 23.557 20.461 -3.331 24.806  1.92
17.897361 -2.095246 25.636896 
18.503454 -3.363209 23.330560 
18.012720 -3.997209 25.056992 
17.893797 -2.149985 25.645179 
FEnd
FBeg
  950    N ASN A 102  6590  NE2 GLN B 137 hbd
15.246 -3.011 24.677 20.461 -3.331 24.806  0.02
17.915999 -1.592926 26.129495 
17.897361 -2.095246 25.636896 
17.893797 -2.149985 25.645179 
17.915827 -1.595874 26.129129 
FEnd
FBeg
  939   CB GLU A 101  6602    O CYS B 138 unk
17.050 -1.149 22.710 17.810 1.580 25.798  8.42
18.810745 -0.554568 25.056655 
18.153824 0.524252 24.264932 
17.834963 0.750105 24.143813 
15.301037 1.447215 24.151381 
15.079107 1.435157 24.216657 
15.108719 0.226698 25.277337 
17.806022 -1.487514 26.128416 
17.926916 -1.551315 26.155047 
18.557043 -1.099119 25.600338 
FEnd
FBeg
  954   CB ASN A 102  6602    O CYS B 138 unk
14.950 -3.295 27.102 17.810 1.580 25.798  1.83
17.806022 -1.487514 26.128416 
17.926916 -1.551315 26.155047 
18.383779 -1.526123 27.251243 
18.097310 -1.287574 27.514759 
15.997675 -0.453260 26.028811 
FEnd
FBeg
  954   CB ASN A 102  6631  CD2 LEU B 140 ali
14.950 -3.295 27.102 14.689 -0.648 28.957  15.28
18.097310 -1.287574 27.514759 
15.997675 -0.453260 26.028811 
14.258718 -0.474252 25.814093 
14.037066 -0.797586 26.244289 
14.269381 -2.711498 29.008042 
15.194705 -3.431202 30.165220 
15.223720 -3.428026 30.164769 
17.323259 -2.587761 29.261157 
18.144657 -2.111808 28.697565 
FEnd
FBeg
  954   CB ASN A 102  6981   CB ASP B 163 ali
14.950 -3.295 27.102 17.522 -4.721 31.752  9.03
15.223720 -3.428026 30.164769 
15.405278 -4.010160 29.885825 
17.357325 -5.958305 28.208681 
18.630810 -4.688296 27.893763 
18.830339 -2.860181 28.344021 
18.612733 -2.666009 28.523929 
17.323259 -2.587761 29.261157 
FEnd
FBeg
  954   CB ASN A 102  6982   CG ASP B 163 ali
14.950 -3.295 27.102 16.454 -5.792 31.753  2.86
15.405278 -4.010160 29.885825 
15.035838 -5.227268 29.351858 
14.964228 -5.829797 29.051533 
17.150300 -6.073946 28.213543 
17.357325 -5.958305 28.208681 
FEnd
FBeg
  953    O ASN A 102  6982   CG ASP B 163 unk
14.374 -6.091 26.414 16.454 -5.792 31.753  4.91
14.964228 -5.829797 29.051533 
17.150300 -6.073946 28.213543 
17.860291 -6.460096 27.958565 
18.162649 -6.761701 27.857662 
14.222504 -7.975518 29.460665 
14.808883 -5.980138 29.120472 
FEnd
FBeg
  953    O ASN A 102  6983  OD1 ASP B 163 unk
14.374 -6.091 26.414 15.257 -5.437 31.772  5.47
14.222504 -7.975518 29.460665 
14.808883 -5.980138 29.120472 
11.633732 -8.570785 29.959954 
11.308814 -10.923502 30.300674 
FEnd
FBeg
  957  ND2 ASN A 102  6983  OD1 ASP B 163 hbd
12.969 -3.718 28.423 15.257 -5.437 31.772  22.47
14.808883 -5.980138 29.120472 
11.633732 -8.570785 29.959954 
10.430319 -6.897754 31.640858 
9.841778 -4.255291 33.399287 
15.191290 -3.429818 30.168263 
15.194705 -3.431202 30.165220 
15.035838 -5.227268 29.351858 
FEnd
FBeg
  957  ND2 ASN A 102  6630  CD1 LEU B 140 unk
12.969 -3.718 28.423 14.336 -0.764 31.441  13.99
9.841778 -4.255291 33.399287 
15.191290 -3.429818 30.168263 
10.348649 -0.619799 29.611303 
FEnd
FBeg
  957  ND2 ASN A 102  6982   CG ASP B 163 unk
12.969 -3.718 28.423 16.454 -5.792 31.753  0.07
15.035838 -5.227268 29.351858 
14.964228 -5.829797 29.051533 
14.808883 -5.980138 29.120472 
FEnd
FBeg
  954   CB ASN A 102  6983  OD1 ASP B 163 unk
14.950 -3.295 27.102 15.257 -5.437 31.772  0.27
15.194705 -3.431202 30.165220 
15.035838 -5.227268 29.351858 
15.405278 -4.010160 29.885825 
15.223720 -3.428026 30.164769 
FEnd
FBeg
  957  ND2 ASN A 102  6631  CD2 LEU B 140 unk
12.969 -3.718 28.423 14.689 -0.648 28.957  5.33
14.269381 -2.711498 29.008042 
15.194705 -3.431202 30.165220 
15.191290 -3.429818 30.168263 
10.348649 -0.619799 29.611303 
10.504230 -0.576479 28.861133 
11.242980 -0.938524 28.563060 
FEnd
FBeg
  955   CG ASN A 102  6631  CD2 LEU B 140 ali
13.455 -3.166 27.317 14.689 -0.648 28.957  5.33
14.037066 -0.797586 26.244289 
14.269381 -2.711498 29.008042 
11.242980 -0.938524 28.563060 
FEnd
FBeg
  956  OD1 ASN A 102  6631  CD2 LEU B 140 unk
12.743 -2.591 26.494 14.689 -0.648 28.957  7.77
14.258718 -0.474252 25.814093 
14.037066 -0.797586 26.244289 
11.242980 -0.938524 28.563060 
10.504230 -0.576479 28.861133 
10.049010 0.297797 28.531105 
10.530824 0.946158 27.638950 
10.614783 0.994711 27.534313 
10.651374 1.008760 27.494320 
10.797850 1.016346 27.372605 
14.177028 -0.156759 25.628173 
FEnd
FBeg
  950    N ASN A 102  6631  CD2 LEU B 140 unk
15.246 -3.011 24.677 14.689 -0.648 28.957  1.01
15.997675 -0.453260 26.028811 
14.258718 -0.474252 25.814093 
14.177028 -0.156759 25.628173 
14.485449 0.227284 25.456279 
14.833133 0.341227 25.438619 
FEnd
FBeg
  950    N ASN A 102  6602    O CYS B 138 hbd
15.246 -3.011 24.677 17.810 1.580 25.798  0.95
15.108719 0.226698 25.277337 
17.806022 -1.487514 26.128416 
15.997675 -0.453260 26.028811 
14.833133 0.341227 25.438619 
FEnd
FBeg
  939   CB GLU A 101  6603   CB CYS B 138 ali
17.050 -1.149 22.710 18.207 3.051 23.224  1.31
17.834963 0.750105 24.143813 
18.208664 0.691449 23.781912 
18.322583 0.692377 23.517899 
15.270747 1.489723 23.872217 
15.301037 1.447215 24.151381 
FEnd
FBeg
  939   CB GLU A 101  6600   CA CYS B 138 ali
17.050 -1.149 22.710 19.242 2.815 24.331  0.10
18.153824 0.524252 24.264932 
18.208664 0.691449 23.781912 
17.834963 0.750105 24.143813 
FEnd
FBeg
  943  OE2 GLU A 101  6586   CB GLN B 137 unk
19.546 -0.505 21.621 21.780 -0.641 25.426  0.06
19.943118 -1.282650 23.545906 
19.581735 -0.869465 23.772850 
19.645580 -1.200296 23.723541 
19.902992 -1.290934 23.569169 
FEnd
FBeg
  943  OE2 GLU A 101  6588   CD GLN B 137 unk
19.546 -0.505 21.621 21.680 -2.962 24.427  0.40
20.699649 -1.415460 22.854262 
19.943118 -1.282650 23.545906 
19.902992 -1.290934 23.569169 
19.918802 -1.932576 22.995307 
FEnd
FBeg
  943  OE2 GLU A 101  6561    O ARG B 136 unk
19.546 -0.505 21.621 23.305 1.358 21.994  0.43
21.141879 1.018888 21.706994 
21.913067 -0.476524 21.404205 
21.921975 -0.441931 21.141648 
21.189965 0.975120 21.441002 
FEnd
FBeg
  943  OE2 GLU A 101  6599    N CYS B 138 hbd
19.546 -0.505 21.621 20.077 1.660 24.026  0.49
19.343423 -0.401018 23.503662 
20.749192 0.735455 22.170221 
19.548046 -0.745739 23.768804 
FEnd
FBeg
  939   CB GLU A 101  6599    N CYS B 138 unk
17.050 -1.149 22.710 20.077 1.660 24.026  2.13
18.366951 0.657137 23.491067 
19.343423 -0.401018 23.503662 
19.548046 -0.745739 23.768804 
19.530103 -0.760912 23.842465 
18.810745 -0.554568 25.056655 
18.153824 0.524252 24.264932 
18.208664 0.691449 23.781912 
18.322583 0.692377 23.517899 
FEnd
FBeg
  940   CG GLU A 101  6599    N CYS B 138 unk
17.188 -0.124 21.592 20.077 1.660 24.026  0.00
18.350295 0.705234 23.475584 
18.366951 0.657137 23.491067 
18.322583 0.692377 23.517899 
FEnd
FBeg
  941   CD GLU A 101  6561    O ARG B 136 unk
18.624 0.287 21.324 23.305 1.358 21.994  0.13
21.081282 1.446181 21.447333 
21.047049 1.480667 21.631375 
21.098860 1.174241 21.759221 
21.141879 1.018888 21.706994 
21.189965 0.975120 21.441002 
FEnd
FBeg
  942  OE1 GLU A 101  6599    N CYS B 138 hbd
18.830 1.405 20.804 20.077 1.660 24.026  0.06
19.960133 1.993016 21.955517 
20.556436 1.783512 21.741313 
20.088902 2.131091 21.894753 
FEnd
FBeg
  941   CD GLU A 101  6603   CB CYS B 138 ali
18.624 0.287 21.324 18.207 3.051 23.224  2.95
17.532212 2.112016 21.249538 
19.960133 1.993016 21.955517 
18.350295 0.705234 23.475584 
FEnd
FBeg
  940   CG GLU A 101  6603   CB CYS B 138 ali
17.188 -0.124 21.592 18.207 3.051 23.224  7.56
16.631723 2.739593 20.590862 
17.532212 2.112016 21.249538 
18.350295 0.705234 23.475584 
18.322583 0.692377 23.517899 
15.270747 1.489723 23.872217 
15.832368 2.677241 21.211273 
FEnd
FBeg
  940   CG GLU A 101  6604   SG CYS B 138 unk
17.188 -0.124 21.592 16.999 4.364 23.555  2.20
15.270747 1.489723 23.872217 
15.832368 2.677241 21.211273 
15.004113 2.512246 21.508755 
14.357695 2.058454 22.484020 
15.109051 1.491094 23.853514 
FEnd
FBeg
 1260   CB ALA A 121  6604   SG CYS B 138 unk
12.154 2.856 19.642 16.999 4.364 23.555  5.79
15.004113 2.512246 21.508755 
14.357695 2.058454 22.484020 
14.089517 2.110367 22.796067 
12.323299 3.848616 24.313073 
13.162457 5.153531 22.771154 
FEnd
FBeg
  942  OE1 GLU A 101  6274  NE2 HIS B 116 hbd
18.830 1.405 20.804 19.967 4.063 20.055  4.28
17.582660 3.109328 19.981253 
17.730924 3.207708 20.555443 
19.400135 2.710135 21.323593 
20.450001 1.983459 20.338538 
19.617178 1.959282 18.988492 
FEnd
FBeg
 1224    O TRP A 119  6274  NE2 HIS B 116 hbd
18.166 2.814 17.811 19.967 4.063 20.055  4.59
19.425755 4.169908 17.911700 
17.582660 3.109328 19.981253 
19.617178 1.959282 18.988492 
20.263893 2.468611 18.185957 
20.426010 2.757593 17.894999 
20.220615 3.248120 17.786821 
19.707775 3.890289 17.840990 
FEnd
FBeg
 1601  CE2 TYR A 144  6274  NE2 HIS B 116 aro
20.052 5.204 15.882 19.967 4.063 20.055  0.04
19.707775 3.890289 17.840990 
19.425755 4.169908 17.911700 
19.597488 4.272688 17.943300 
FEnd
FBeg
 1602   CZ TYR A 144  6274  NE2 HIS B 116 aro
21.190 5.327 16.649 19.967 4.063 20.055  2.51
20.220615 3.248120 17.786821 
19.707775 3.890289 17.840990 
19.597488 4.272688 17.943300 
21.263096 5.281271 18.915669 
21.602181 5.143658 18.986356 
21.793772 4.557596 18.837657 
FEnd
FBeg
 1602   CZ TYR A 144  6272  CD2 HIS B 116 aro
21.190 5.327 16.649 20.931 4.130 21.033  0.07
21.602181 5.143658 18.986356 
21.793772 4.557596 18.837657 
21.851223 4.598476 18.852213 
21.819890 5.073297 18.980006 
FEnd
FBeg
 1600  CE1 TYR A 144  6272  CD2 HIS B 116 aro
21.605 6.572 17.082 20.931 4.130 21.033  0.30
21.819890 5.073297 18.980006 
21.602181 5.143658 18.986356 
21.451697 5.397090 19.117323 
21.542359 5.761465 19.357999 
21.961942 5.766615 19.432759 
FEnd
FBeg
 1600  CE1 TYR A 144  6258   CB SER B 115 ali
21.605 6.572 17.082 24.362 5.008 18.612  5.70
21.961942 5.766615 19.432759 
21.819890 5.073297 18.980006 
23.291714 5.391841 16.653460 
24.225474 7.756822 17.388396 
23.985645 7.640473 17.701624 
23.689179 7.442431 18.033401 
22.003623 5.876278 19.469751 
FEnd
FBeg
 1600  CE1 TYR A 144  6256    C SER B 115 ali
21.605 6.572 17.082 24.193 6.771 20.336  2.20
23.689179 7.442431 18.033401 
21.713855 7.504658 19.600628 
21.695648 6.806951 19.657777 
21.705639 6.747000 19.653497 
22.003623 5.876278 19.469751 
FEnd
FBeg
 1600  CE1 TYR A 144  6271  ND1 HIS B 116 aro
21.605 6.572 17.082 19.790 5.992 20.969  1.43
21.695648 6.806951 19.657777 
21.293253 8.003263 19.648390 
20.330807 7.200876 19.079256 
21.434939 6.097032 19.430111 
21.705639 6.747000 19.653497 
FEnd
FBeg
 1598  CD1 TYR A 144  6271  ND1 HIS B 116 aro
20.871 7.695 16.740 19.790 5.992 20.969  6.41
21.293253 8.003263 19.648390 
20.330807 7.200876 19.079256 
18.727940 8.209233 19.075599 
18.733027 9.378871 19.547907 
19.172069 10.873635 20.262068 
20.059914 10.453317 20.319755 
20.253156 10.253257 20.288588 
FEnd
FBeg
 1598  CD1 TYR A 144  6266   CA HIS B 116 ali
20.871 7.695 16.740 22.651 6.964 22.201  0.58
20.253156 10.253257 20.288588 
21.293253 8.003263 19.648390 
21.365615 8.045080 19.630402 
20.691935 10.175770 20.135197 
FEnd
FBeg
 1598  CD1 TYR A 144  6257    O SER B 115 unk
20.871 7.695 16.740 23.908 7.899 19.932  11.50
21.365615 8.045080 19.630402 
23.892109 8.946803 17.168962 
23.147589 10.926435 17.750811 
22.883600 11.334390 17.975909 
21.698497 12.381332 19.036555 
20.941911 11.081730 19.839460 
20.691935 10.175770 20.135197 
FEnd
FBeg
 1598  CD1 TYR A 144  6273  CE1 HIS B 116 aro
20.871 7.695 16.740 19.292 5.197 20.035  1.92
20.330807 7.200876 19.079256 
18.727940 8.209233 19.075599 
18.666111 7.855185 18.777559 
19.378982 6.275959 17.921934 
19.411109 6.245960 17.914588 
19.412364 6.246102 17.915296 
FEnd
FBeg
 1599  CD2 TYR A 144  6273  CE1 HIS B 116 aro
19.326 6.332 15.549 19.292 5.197 20.035  0.98
19.378982 6.275959 17.921934 
19.411109 6.245960 17.914588 
19.406728 6.234670 17.911698 
18.006938 5.257634 17.653890 
17.858786 5.595608 17.738277 
18.309209 6.586363 17.992362 
FEnd
FBeg
 1249   CB SER A 120  6273  CE1 HIS B 116 ali
15.953 4.802 15.755 19.292 5.197 20.035  0.05
18.006938 5.257634 17.653890 
18.011491 5.210979 17.654644 
17.725200 5.460863 17.854929 
17.858786 5.595608 17.738277 
FEnd
FBeg
 1597   CG TYR A 144  6273  CE1 HIS B 116 aro
19.719 7.590 15.974 19.292 5.197 20.035  0.86
18.666111 7.855185 18.777559 
19.378982 6.275959 17.921934 
18.309209 6.586363 17.992362 
FEnd
FBeg
 1600  CE1 TYR A 144  6266   CA HIS B 116 ali
21.605 6.572 17.082 22.651 6.964 22.201  0.18
21.713855 7.504658 19.600628 
21.365615 8.045080 19.630402 
21.293253 8.003263 19.648390 
21.695648 6.806951 19.657777 
FEnd
FBeg
 1600  CE1 TYR A 144  6257    O SER B 115 unk
21.605 6.572 17.082 23.908 7.899 19.932  3.90
23.985645 7.640473 17.701624 
24.286281 7.896963 17.339265 
24.384503 8.109206 17.161070 
23.996702 8.846236 17.131269 
23.892109 8.946803 17.168962 
21.365615 8.045080 19.630402 
21.713855 7.504658 19.600628 
23.689179 7.442431 18.033401 
FEnd
FBeg
 1568    O VAL A 142  6257    O SER B 115 unk
25.676 8.618 14.707 23.908 7.899 19.932  2.07
24.384503 8.109206 17.161070 
23.996702 8.846236 17.131269 
24.221573 9.782797 17.336238 
25.830833 9.184701 17.798466 
25.985062 8.878087 17.808460 
24.575198 8.100052 17.224336 
FEnd
FBeg
 1568    O VAL A 142  6259   OG SER B 115 hbd
25.676 8.618 14.707 24.669 5.306 17.263  3.07
24.575198 8.100052 17.224336 
24.384503 8.109206 17.161070 
24.187196 7.509459 16.306199 
25.368265 6.950181 16.046811 
27.055491 6.822514 16.546109 
27.173990 7.075613 16.920754 
FEnd
FBeg
 1569   CB VAL A 142  6259   OG SER B 115 unk
25.760 5.649 13.664 24.669 5.306 17.263  3.84
25.368265 6.950181 16.046811 
27.055491 6.822514 16.546109 
26.438960 4.407690 16.129071 
26.301612 4.188711 16.066566 
25.609612 4.045139 15.843110 
25.187146 6.909922 15.988070 
FEnd
FBeg
 1570  CG1 VAL A 142  6259   OG SER B 115 unk
24.276 5.417 13.924 24.669 5.306 17.263  5.66
25.609612 4.045139 15.843110 
25.582377 4.034208 15.845952 
23.720777 3.950287 16.062273 
23.380420 4.780398 16.129929 
23.380550 5.535583 16.155018 
24.109589 7.296118 16.127737 
25.187146 6.909922 15.988070 
FEnd
FBeg
 1602   CZ TYR A 144  6259   OG SER B 115 unk
21.190 5.327 16.649 24.669 5.306 17.263  0.30
23.380420 4.780398 16.129929 
23.308760 4.853751 16.538473 
23.291714 5.391841 16.653460 
23.380550 5.535583 16.155018 
FEnd
FBeg
 1603   OH TYR A 144  6259   OG SER B 115 hbd
21.910 4.198 16.978 24.669 5.306 17.263  0.39
23.720777 3.950287 16.062273 
23.745314 3.800964 16.405257 
23.308760 4.853751 16.538473 
23.380420 4.780398 16.129929 
FEnd
FBeg
 1603   OH TYR A 144  6258   CB SER B 115 unk
21.910 4.198 16.978 24.362 5.008 18.612  5.53
23.745314 3.800964 16.405257 
23.308760 4.853751 16.538473 
21.851223 4.598476 18.852213 
22.306997 3.049208 18.936271 
23.139377 2.305198 18.056009 
FEnd
FBeg
 1207  CD2 TYR A 118  6258   CB SER B 115 ali
24.649 1.646 15.671 24.362 5.008 18.612  4.20
23.139377 2.305198 18.056009 
23.745314 3.800964 16.405257 
25.632083 3.621161 16.794921 
25.637353 3.207444 17.268375 
25.540620 2.835841 17.683733 
23.494655 2.088179 18.338764 
FEnd
FBeg
 1207  CD2 TYR A 118  6217    O PRO B 112 unk
24.649 1.646 15.671 27.491 3.363 17.869  0.04
25.637353 3.207444 17.268375 
25.540620 2.835841 17.683733 
25.627706 2.696393 17.680064 
FEnd
FBeg
 1209  CE2 TYR A 118  6217    O PRO B 112 unk
26.010 1.518 15.544 27.491 3.363 17.869  4.12
25.627706 2.696393 17.680064 
25.637353 3.207444 17.268375 
25.767612 3.652047 16.832587 
26.301612 4.188711 16.066566 
26.456630 4.162588 15.988551 
26.933120 3.530153 16.186900 
27.276794 1.355144 17.693958 
26.889722 1.258651 18.017091 
FEnd
FBeg
 1209  CE2 TYR A 118  6229   CA GLY B 113 ali
26.010 1.518 15.544 29.189 1.836 19.447  4.84
27.276794 1.355144 17.693958 
26.889722 1.258651 18.017091 
26.694857 -0.734020 18.338164 
26.897136 -1.090405 18.202444 
27.319635 -1.375451 17.881541 
28.211573 -1.024694 17.126478 
28.309359 -0.939414 17.039883 
28.568152 0.626071 16.701547 
FEnd
FBeg
 1211   OH TYR A 118  6229   CA GLY B 113 unk
27.902 0.926 14.252 29.189 1.836 19.447  1.23
28.309359 -0.939414 17.039883 
28.568152 0.626071 16.701547 
28.838538 0.632241 16.633481 
29.426696 0.272814 16.550732 
29.506553 0.212021 16.541597 
29.467957 -0.250994 16.632265 
28.567188 -0.914119 16.971578 
FEnd
FBeg
 1504   SG CYS A 138  6229   CA GLY B 113 unk
31.862 0.591 14.227 29.189 1.836 19.447  3.40
29.506553 0.212021 16.541597 
29.533225 0.226498 16.551802 
32.174254 0.541369 17.829093 
32.531131 -0.302521 18.213111 
31.576900 -0.973408 17.884489 
29.467957 -0.250994 16.632265 
FEnd
FBeg
 1504   SG CYS A 138  6228    N GLY B 113 hbd
31.862 0.591 14.227 29.594 2.743 18.386  2.12
29.533225 0.226498 16.551802 
32.174254 0.541369 17.829093 
32.137884 1.819565 17.147880 
FEnd
FBeg
 1504   SG CYS A 138  6218   CB PRO B 112 unk
31.862 0.591 14.227 29.889 3.354 15.464  7.92
29.506553 0.212021 16.541597 
29.533225 0.226498 16.551802 
32.137884 1.819565 17.147880 
32.180175 1.864286 17.115443 
30.452771 2.426606 13.104239 
29.598013 1.496355 13.818748 
FEnd
FBeg
 1516   CD PRO A 139  6218   CB PRO B 112 ali
29.119 0.960 11.426 29.889 3.354 15.464  2.10
30.452771 2.426606 13.104239 
29.598013 1.496355 13.818748 
28.361509 2.766452 13.301536 
28.461728 2.878356 13.216080 
28.649827 2.994963 13.111080 
29.938589 2.997282 12.863953 
30.426397 2.463840 13.087194 
FEnd
FBeg
 1516   CD PRO A 139  6219   CG PRO B 112 ali
29.119 0.960 11.426 31.143 4.039 15.020  0.00
30.426397 2.463840 13.087194 
30.452771 2.426606 13.104239 
30.458820 2.429153 13.098652 
FEnd
FBeg
 1513    O PRO A 139  6219   CG PRO B 112 unk
31.675 3.543 12.013 31.143 4.039 15.020  10.21
30.458820 2.429153 13.098652 
30.426397 2.463840 13.087194 
29.897775 3.283329 12.858496 
29.880198 3.608866 12.801690 
30.629602 4.890653 12.722846 
32.678583 4.922982 13.080020 
35.337464 4.213206 13.667507 
35.599576 3.325984 13.860226 
FEnd
FBeg
 1525   CA LEU A 140  6219   CG PRO B 112 ali
32.577 5.740 10.585 31.143 4.039 15.020  1.33
32.678583 4.922982 13.080020 
33.302925 5.216266 13.394379 
34.607612 5.072173 13.760967 
34.935096 4.842520 13.778774 
35.261489 4.381476 13.707480 
35.337464 4.213206 13.667507 
FEnd
FBeg
 1527    O LEU A 140  6219   CG PRO B 112 unk
32.203 7.162 12.475 31.143 4.039 15.020  0.51
33.302925 5.216266 13.394379 
32.299564 5.723211 13.598555 
34.457498 5.159375 13.805451 
34.607612 5.072173 13.760967 
FEnd
FBeg
 1527    O LEU A 140  6183    O GLU B 110 unk
32.203 7.162 12.475 33.313 7.218 16.111  2.96
34.457498 5.159375 13.805451 
34.607612 5.072173 13.760967 
34.936687 5.296846 13.657047 
34.842117 7.134586 13.657613 
33.763904 7.313005 13.984023 
33.159130 7.010688 14.173305 
32.879489 6.650372 14.264223 
FEnd
FBeg
 1527    O LEU A 140  6182    C GLU B 110 unk
32.203 7.162 12.475 32.369 7.990 16.267  0.14
33.159130 7.010688 14.173305 
32.288735 6.866974 14.242788 
32.879489 6.650372 14.264223 
FEnd
FBeg
 1527    O LEU A 140  6181   CA GLU B 110 unk
32.203 7.162 12.475 32.105 9.103 15.262  4.74
33.763904 7.313005 13.984023 
32.822031 8.592526 13.059783 
31.744035 9.060214 12.696157 
31.520312 8.856362 12.830263 
30.900117 7.096377 14.034192 
32.288735 6.866974 14.242788 
33.159130 7.010688 14.173305 
FEnd
FBeg
 1544   CA LYS A 141  6181   CA GLU B 110 ali
29.561 7.647 11.823 32.105 9.103 15.262  1.87
31.520312 8.856362 12.830263 
30.900117 7.096377 14.034192 
30.521986 7.204040 14.268332 
30.391667 8.820277 13.680456 
30.417418 8.949186 13.606829 
31.135591 9.020546 13.045348 
FEnd
FBeg
 1548   CG LYS A 141  6181   CA GLU B 110 ali
29.364 10.204 11.896 32.105 9.103 15.262  1.24
30.417418 8.949186 13.606829 
30.831417 10.391230 13.741386 
30.935609 10.531708 13.702490 
31.545284 9.298497 12.802643 
31.135591 9.020546 13.045348 
FEnd
FBeg
 1548   CG LYS A 141  6185   CG GLU B 110 ali
29.364 10.204 11.896 33.337 10.792 13.782  1.74
30.935609 10.531708 13.702490 
31.545284 9.298497 12.802643 
31.853662 9.950748 11.949668 
30.743516 11.413208 13.832322 
FEnd
FBeg
 1549   CD LYS A 141  6185   CG GLU B 110 ali
29.970 11.457 11.280 33.337 10.792 13.782  11.50
31.853662 9.950748 11.949668 
30.743516 11.413208 13.832322 
30.709203 12.053739 14.048742 
31.110378 12.602995 13.654858 
31.736722 13.198976 12.970376 
31.882811 13.207376 12.776013 
33.857382 11.462627 9.655055 
34.072230 11.185316 9.292222 
33.951223 10.970411 9.397945 
32.983551 9.954503 10.430150 
FEnd
FBeg
 1528   CB LEU A 140  6185   CG GLU B 110 ali
33.094 6.624 9.452 33.337 10.792 13.782  7.19
33.951223 10.970411 9.397945 
34.612318 10.571912 9.744433 
36.197744 8.789620 11.371070 
36.252574 8.280233 11.858322 
35.843448 7.963035 12.186613 
33.100520 9.189600 11.159871 
32.852829 9.373835 10.996430 
32.983551 9.954503 10.430150 
FEnd
FBeg
 1526    C LEU A 140  6185   CG GLU B 110 ali
31.716 6.590 11.502 33.337 10.792 13.782  0.07
33.100520 9.189600 11.159871 
32.651137 9.264950 11.340497 
32.852829 9.373835 10.996430 
FEnd
FBeg
 1549   CD LYS A 141  6188  OE2 GLU B 110 unk
29.970 11.457 11.280 34.295 12.894 13.213  4.99
31.882811 13.207376 12.776013 
33.857382 11.462627 9.655055 
34.112140 11.303933 9.203017 
34.142830 11.567076 8.938729 
33.611752 13.332865 8.814296 
FEnd
FBeg
 1551   NZ LYS A 141  6188  OE2 GLU B 110 elf
29.879 13.942 11.319 34.295 12.894 13.213  17.15
33.611752 13.332865 8.814296 
31.882811 13.207376 12.776013 
31.760796 13.363358 13.146808 
32.485204 15.312144 12.536114 
34.343497 17.444273 9.383130 
34.595240 17.677513 8.925231 
34.755011 15.989211 7.618530 
FEnd
FBeg
 1551   NZ LYS A 141  6130   CA GLU B 107 unk
29.879 13.942 11.319 32.500 14.418 15.947  0.81
31.760796 13.363358 13.146808 
32.485204 15.312144 12.536114 
32.335432 15.566596 12.594764 
32.285707 15.523304 12.627377 
31.563368 13.966431 13.196591 
31.626010 13.317775 13.227830 
31.653713 13.298443 13.214130 
FEnd
FBeg
 1550   CE LYS A 141  6130   CA GLU B 107 ali
29.128 12.683 11.577 32.500 14.418 15.947  0.00
31.626010 13.317775 13.227830 
31.653713 13.298443 13.214130 
31.623536 13.271090 13.248275 
FEnd
FBeg
 1550   CE LYS A 141  6122    O ALA B 106 unk
29.128 12.683 11.577 29.936 14.123 14.963  4.89
31.623536 13.271090 13.248275 
31.626010 13.317775 13.227830 
29.626582 14.504771 13.200147 
28.385358 14.236642 13.610370 
28.451412 13.508259 13.904374 
30.438880 12.045573 14.052158 
31.110378 12.602995 13.654858 
FEnd
FBeg
 1550   CE LYS A 141  6167   CB GLN B 109 ali
29.128 12.683 11.577 27.876 11.342 15.142  4.31
28.451412 13.508259 13.904374 
26.673289 11.289804 12.445424 
29.943190 11.772221 13.775252 
30.438880 12.045573 14.052158 
FEnd
FBeg
 1549   CD LYS A 141  6167   CB GLN B 109 ali
29.970 11.457 11.280 27.876 11.342 15.142  0.10
29.943190 11.772221 13.775252 
30.438880 12.045573 14.052158 
30.499333 12.002821 14.083663 
30.474144 11.935580 14.068003 
30.294595 11.694804 13.963480 
FEnd
FBeg
 1549   CD LYS A 141  6165    C GLN B 109 ali
29.970 11.457 11.280 29.769 9.745 15.569  0.05
30.474144 11.935580 14.068003 
30.294595 11.694804 13.963480 
30.576691 11.533149 13.912174 
FEnd
FBeg
 1548   CG LYS A 141  6167   CB GLN B 109 ali
29.364 10.204 11.896 27.876 11.342 15.142  6.36
26.673289 11.289804 12.445424 
29.943190 11.772221 13.775252 
30.294595 11.694804 13.963480 
28.454821 9.494764 13.891411 
28.027748 9.257383 13.778858 
27.093406 9.694832 13.197183 
26.419238 10.511792 12.601724 
26.428938 11.094885 12.401746 
FEnd
FBeg
 1548   CG LYS A 141  6170  OE1 GLN B 109 unk
29.364 10.204 11.896 26.542 13.326 13.751  0.05
26.428938 11.094885 12.401746 
26.673289 11.289804 12.445424 
26.364997 11.216071 12.100514 
FEnd
FBeg
 1585   CB SER A 143  6170  OE1 GLN B 109 unk
23.494 10.813 13.387 26.542 13.326 13.751  4.77
26.364997 11.216071 12.100514 
26.428938 11.094885 12.401746 
26.173812 11.321970 12.970313 
24.100816 13.884739 12.635848 
23.623378 14.551970 12.027269 
23.664637 14.513698 11.946007 
25.840566 11.975021 11.252224 
FEnd
FBeg
 1586   OG SER A 143  6170  OE1 GLN B 109 hbd
23.208 10.945 12.007 26.542 13.326 13.751  4.22
23.664637 14.513698 11.946007 
24.256632 14.875685 10.320087 
25.240652 13.714606 10.024105 
25.840566 11.975021 11.252224 
FEnd
FBeg
 1585   CB SER A 143  6171  NE2 GLN B 109 unk
23.494 10.813 13.387 25.167 13.879 15.436  12.36
24.100816 13.884739 12.635848 
23.623378 14.551970 12.027269 
21.528513 14.080670 14.442943 
21.505855 14.022847 14.547966 
21.641940 12.891446 16.129813 
22.607047 11.554888 17.341752 
23.107805 11.386004 17.185593 
24.196355 11.958551 15.440071 
FEnd
FBeg
 1585   CB SER A 143  6168   CG GLN B 109 ali
23.494 10.813 13.387 26.633 11.982 15.728  4.98
23.107805 11.386004 17.185593 
25.097291 10.210959 15.104700 
25.845000 10.318902 14.048210 
25.887574 10.337920 13.981626 
26.042451 11.242436 13.322277 
24.196355 11.958551 15.440071 
FEnd
FBeg
 1567    C VAL A 142  6168   CG GLN B 109 ali
25.205 8.089 13.703 26.633 11.982 15.728  0.00
25.845000 10.318902 14.048210 
25.887574 10.337920 13.981626 
25.895680 10.310330 14.028952 
FEnd
FBeg
 1582   CA SER A 143  6168   CG GLN B 109 ali
23.170 9.402 13.874 26.633 11.982 15.728  3.09
23.107805 11.386004 17.185593 
25.097291 10.210959 15.104700 
24.221573 9.782797 17.336238 
23.147589 10.926435 17.750811 
22.874846 11.292897 17.750293 
FEnd
FBeg
 1585   CB SER A 143  6169   CD GLN B 109 ali
23.494 10.813 13.387 26.107 13.122 14.884  5.06
26.173812 11.321970 12.970313 
24.100816 13.884739 12.635848 
24.196355 11.958551 15.440071 
26.042451 11.242436 13.322277 
FEnd
FBeg
 1585   CB SER A 143  6167   CB GLN B 109 ali
23.494 10.813 13.387 27.876 11.342 15.142  0.99
26.419238 10.511792 12.601724 
25.887574 10.337920 13.981626 
26.042451 11.242436 13.322277 
26.173812 11.321970 12.970313 
26.428938 11.094885 12.401746 
FEnd
FBeg
 1567    C VAL A 142  6167   CB GLN B 109 ali
25.205 8.089 13.703 27.876 11.342 15.142  1.60
27.093406 9.694832 13.197183 
27.222785 9.248598 13.965794 
25.895680 10.310330 14.028952 
25.887574 10.337920 13.981626 
26.419238 10.511792 12.601724 
FEnd
FBeg
 1568    O VAL A 142  6167   CB GLN B 109 unk
25.676 8.618 14.707 27.876 11.342 15.142  3.05
27.222785 9.248598 13.965794 
27.530333 8.915860 14.494005 
27.492746 8.845943 15.121925 
26.519996 9.443443 16.299996 
25.895680 10.310330 14.028952 
FEnd
FBeg
 1568    O VAL A 142  6164   CA GLN B 109 unk
25.676 8.618 14.707 28.785 10.726 16.205  3.64
27.492746 8.845943 15.121925 
26.519996 9.443443 16.299996 
26.027879 9.146724 17.738897 
26.369694 8.654002 17.722846 
27.297722 7.626365 17.242885 
27.417930 7.558565 17.088810 
FEnd
FBeg
 1568    O VAL A 142  6166    O GLN B 109 unk
25.676 8.618 14.707 29.360 8.766 14.944  2.05
27.530333 8.915860 14.494005 
27.492746 8.845943 15.121925 
27.417930 7.558565 17.088810 
27.438082 7.328045 16.919516 
27.443463 7.275323 16.868803 
27.505251 6.998569 16.081177 
27.521403 7.112145 15.759172 
FEnd
FBeg
 1565    N VAL A 142  6166    O GLN B 109 hbd
27.399 7.342 12.900 29.360 8.766 14.944  4.99
27.521403 7.112145 15.759172 
27.530333 8.915860 14.494005 
28.027748 9.257383 13.778858 
28.573973 8.808277 13.567694 
29.318394 6.554333 14.423763 
29.062786 6.484359 14.717741 
27.755888 6.862200 15.708339 
FEnd
FBeg
 1565    N VAL A 142  6215   CA PRO B 112 unk
27.399 7.342 12.900 29.251 4.265 16.517  1.49
29.062786 6.484359 14.717741 
27.755888 6.862200 15.708339 
28.423044 5.563664 14.262066 
28.703726 5.464399 14.033904 
29.016050 5.667885 14.047092 
29.159538 5.922277 14.190035 
FEnd
FBeg
 1565    N VAL A 142  6219   CG PRO B 112 unk
27.399 7.342 12.900 31.143 4.039 15.020  0.11
29.016050 5.667885 14.047092 
29.015300 5.441997 13.696479 
29.114980 5.583176 13.740399 
29.243650 5.964036 14.106551 
29.159538 5.922277 14.190035 
FEnd
FBeg
 1544   CA LYS A 141  6219   CG PRO B 112 ali
29.561 7.647 11.823 31.143 4.039 15.020  1.41
29.114980 5.583176 13.740399 
29.243650 5.964036 14.106551 
30.575900 6.075921 13.573570 
30.297797 5.622526 13.199505 
29.335067 4.952497 12.919734 
FEnd
FBeg
 1543    N LYS A 141  6219   CG PRO B 112 unk
30.427 6.667 11.190 31.143 4.039 15.020  0.63
30.297797 5.622526 13.199505 
30.375300 4.926732 12.707588 
29.649884 4.707531 12.692794 
29.293325 4.827116 12.841505 
29.290966 4.837241 12.848894 
29.335067 4.952497 12.919734 
FEnd
FBeg
 1571  CG2 VAL A 142  6219   CG PRO B 112 ali
26.345 4.518 12.832 31.143 4.039 15.020  0.12
29.293325 4.827116 12.841505 
29.226879 4.556549 12.927981 
29.044923 5.246123 13.477948 
29.290966 4.837241 12.848894 
FEnd
FBeg
 1545    C LYS A 141  6219   CG PRO B 112 ali
28.106 7.190 11.784 31.143 4.039 15.020  0.16
29.015300 5.441997 13.696479 
29.114980 5.583176 13.740399 
29.335067 4.952497 12.919734 
29.290966 4.837241 12.848894 
29.044923 5.246123 13.477948 
FEnd
FBeg
 1545    C LYS A 141  6218   CB PRO B 112 ali
28.106 7.190 11.784 29.889 3.354 15.464  0.01
29.044923 5.246123 13.477948 
29.015300 5.441997 13.696479 
28.951010 5.381011 13.664057 
FEnd
FBeg
 1565    N VAL A 142  6218   CB PRO B 112 unk
27.399 7.342 12.900 29.889 3.354 15.464  0.09
28.703726 5.464399 14.033904 
28.951010 5.381011 13.664057 
29.015300 5.441997 13.696479 
29.016050 5.667885 14.047092 
FEnd
FBeg
 1571  CG2 VAL A 142  6215   CA PRO B 112 ali
26.345 4.518 12.832 29.251 4.265 16.517  1.44
28.423044 5.563664 14.262066 
28.703726 5.464399 14.033904 
27.361981 3.460712 14.954441 
26.844985 3.915217 15.393350 
FEnd
FBeg
 1565    N VAL A 142  6220   CD PRO B 112 unk
27.399 7.342 12.900 31.378 5.247 15.861  0.18
29.318394 6.554333 14.423763 
29.062786 6.484359 14.717741 
29.159538 5.922277 14.190035 
29.243650 5.964036 14.106551 
FEnd
FBeg
 1569   CB VAL A 142  6166    O GLN B 109 unk
25.760 5.649 13.664 29.360 8.766 14.944  0.06
27.505251 6.998569 16.081177 
27.521403 7.112145 15.759172 
27.755888 6.862200 15.708339 
FEnd
FBeg
 1565    N VAL A 142  6167   CB GLN B 109 unk
27.399 7.342 12.900 27.876 11.342 15.142  0.65
28.027748 9.257383 13.778858 
27.530333 8.915860 14.494005 
27.222785 9.248598 13.965794 
27.093406 9.694832 13.197183 
FEnd
FBeg
 1548   CG LYS A 141  6166    O GLN B 109 unk
29.364 10.204 11.896 29.360 8.766 14.944  0.80
28.454821 9.494764 13.891411 
28.027748 9.257383 13.778858 
28.573973 8.808277 13.567694 
30.203742 8.932111 13.628256 
FEnd
FBeg
 1550   CE LYS A 141  6170  OE1 GLN B 109 unk
29.128 12.683 11.577 26.542 13.326 13.751  14.94
28.385358 14.236642 13.610370 
26.030607 16.049954 10.273044 
25.712351 16.155801 9.863169 
25.240652 13.714606 10.024105 
25.840566 11.975021 11.252224 
26.364997 11.216071 12.100514 
26.673289 11.289804 12.445424 
28.451412 13.508259 13.904374 
FEnd
FBeg
 1550   CE LYS A 141  6123   CB ALA B 106 ali
29.128 12.683 11.577 29.006 16.811 13.906  2.93
29.626582 14.504771 13.200147 
26.030607 16.049954 10.273044 
28.385358 14.236642 13.610370 
FEnd
FBeg
 1551   NZ LYS A 141  6123   CB ALA B 106 unk
29.879 13.942 11.319 29.006 16.811 13.906  27.62
29.626582 14.504771 13.200147 
26.030607 16.049954 10.273044 
25.688566 16.309734 9.869523 
26.155870 16.971916 9.292854 
30.108142 18.271921 9.184859 
32.212207 18.675326 9.447510 
33.092392 18.781423 9.626872 
32.944018 17.969893 10.476795 
32.734116 17.016572 11.463202 
32.278116 15.959379 12.481755 
32.252261 15.935933 12.499031 
29.732979 14.540236 13.196721 
FEnd
FBeg
 1551   NZ LYS A 141  6122    O ALA B 106 hbd
29.879 13.942 11.319 29.936 14.123 14.963  0.68
31.563368 13.966431 13.196591 
29.732979 14.540236 13.196721 
29.626582 14.504771 13.200147 
31.626010 13.317775 13.227830 
FEnd
FBeg
 1551   NZ LYS A 141  6121    C ALA B 106 unk
29.879 13.942 11.319 30.284 15.233 15.364  2.29
32.285707 15.523304 12.627377 
32.252261 15.935933 12.499031 
29.732979 14.540236 13.196721 
31.563368 13.966431 13.196591 
FEnd
FBeg
 1551   NZ LYS A 141  6185   CG GLU B 110 unk
29.879 13.942 11.319 33.337 10.792 13.782  0.04
31.736722 13.198976 12.970376 
31.653713 13.298443 13.214130 
31.760796 13.363358 13.146808 
31.882811 13.207376 12.776013 
FEnd
FBeg
 1550   CE LYS A 141  6185   CG GLU B 110 ali
29.128 12.683 11.577 33.337 10.792 13.782  0.14
31.110378 12.602995 13.654858 
31.623536 13.271090 13.248275 
31.653713 13.298443 13.214130 
31.736722 13.198976 12.970376 
FEnd
FBeg
 1549   CD LYS A 141  6122    O ALA B 106 unk
29.970 11.457 11.280 29.936 14.123 14.963  0.10
30.709203 12.053739 14.048742 
31.110378 12.602995 13.654858 
30.438880 12.045573 14.052158 
30.499333 12.002821 14.083663 
FEnd
FBeg
 1549   CD LYS A 141  6180    N GLU B 110 unk
29.970 11.457 11.280 31.064 10.008 15.742  0.12
30.743516 11.413208 13.832322 
30.709203 12.053739 14.048742 
30.499333 12.002821 14.083663 
30.474144 11.935580 14.068003 
30.576691 11.533149 13.912174 
FEnd
FBeg
 1547   CB LYS A 141  6185   CG GLU B 110 ali
29.716 8.977 11.085 33.337 10.792 13.782  1.69
31.545284 9.298497 12.802643 
31.853662 9.950748 11.949668 
32.983551 9.954503 10.430150 
32.852829 9.373835 10.996430 
32.651137 9.264950 11.340497 
31.744035 9.060214 12.696157 
FEnd
FBeg
 1548   CG LYS A 141  6180    N GLU B 110 unk
29.364 10.204 11.896 31.064 10.008 15.742  0.15
30.831417 10.391230 13.741386 
30.935609 10.531708 13.702490 
30.743516 11.413208 13.832322 
30.576691 11.533149 13.912174 
FEnd
FBeg
 1548   CG LYS A 141  6165    C GLN B 109 ali
29.364 10.204 11.896 29.769 9.745 15.569  3.58
30.417418 8.949186 13.606829 
30.831417 10.391230 13.741386 
30.576691 11.533149 13.912174 
30.294595 11.694804 13.963480 
28.454821 9.494764 13.891411 
30.203742 8.932111 13.628256 
FEnd
FBeg
 1544   CA LYS A 141  6165    C GLN B 109 ali
29.561 7.647 11.823 29.769 9.745 15.569  0.02
30.391667 8.820277 13.680456 
30.417418 8.949186 13.606829 
30.203742 8.932111 13.628256 
FEnd
FBeg
 1544   CA LYS A 141  6166    O GLN B 109 unk
29.561 7.647 11.823 29.360 8.766 14.944  3.37
30.521986 7.204040 14.268332 
30.391667 8.820277 13.680456 
30.203742 8.932111 13.628256 
28.573973 8.808277 13.567694 
29.318394 6.554333 14.423763 
FEnd
FBeg
 1544   CA LYS A 141  6220   CD PRO B 112 ali
29.561 7.647 11.823 31.378 5.247 15.861  1.70
30.900117 7.096377 14.034192 
30.521986 7.204040 14.268332 
29.318394 6.554333 14.423763 
29.243650 5.964036 14.106551 
30.575900 6.075921 13.573570 
30.881106 6.638360 13.770523 
FEnd
FBeg
 1526    C LEU A 140  6220   CD PRO B 112 ali
31.716 6.590 11.502 31.378 5.247 15.861  0.57
30.575900 6.075921 13.573570 
30.881106 6.638360 13.770523 
32.299564 5.723211 13.598555 
FEnd
FBeg
 1547   CB LYS A 141  6181   CA GLU B 110 ali
29.716 8.977 11.085 32.105 9.103 15.262  0.15
31.744035 9.060214 12.696157 
31.520312 8.856362 12.830263 
31.135591 9.020546 13.045348 
31.545284 9.298497 12.802643 
FEnd
FBeg
 1527    O LEU A 140  6185   CG GLU B 110 unk
32.203 7.162 12.475 33.337 10.792 13.782  4.74
32.822031 8.592526 13.059783 
35.712261 7.935321 12.377408 
35.843448 7.963035 12.186613 
33.100520 9.189600 11.159871 
32.651137 9.264950 11.340497 
31.744035 9.060214 12.696157 
FEnd
FBeg
 1527    O LEU A 140  6184   CB GLU B 110 unk
32.203 7.162 12.475 33.407 9.857 14.979  3.28
34.842117 7.134586 13.657613 
35.214713 7.303851 13.296281 
35.712261 7.935321 12.377408 
32.822031 8.592526 13.059783 
33.763904 7.313005 13.984023 
FEnd
FBeg
 1527    O LEU A 140  6220   CD PRO B 112 unk
32.203 7.162 12.475 31.378 5.247 15.861  3.09
32.299564 5.723211 13.598555 
34.457498 5.159375 13.805451 
32.879489 6.650372 14.264223 
32.288735 6.866974 14.242788 
30.900117 7.096377 14.034192 
30.881106 6.638360 13.770523 
FEnd
FBeg
 1526    C LEU A 140  6219   CG PRO B 112 ali
31.716 6.590 11.502 31.143 4.039 15.020  3.00
30.629602 4.890653 12.722846 
30.375300 4.926732 12.707588 
30.297797 5.622526 13.199505 
30.575900 6.075921 13.573570 
32.299564 5.723211 13.598555 
33.302925 5.216266 13.394379 
32.678583 4.922982 13.080020 
FEnd
FBeg
 1512    C PRO A 139  6219   CG PRO B 112 ali
31.341 3.666 10.838 31.143 4.039 15.020  0.60
29.880198 3.608866 12.801690 
29.649884 4.707531 12.692794 
30.375300 4.926732 12.707588 
30.629602 4.890653 12.722846 
FEnd
FBeg
 1514   CB PRO A 139  6219   CG PRO B 112 ali
28.927 3.121 10.445 31.143 4.039 15.020  0.45
29.897775 3.283329 12.858496 
29.226879 4.556549 12.927981 
29.293325 4.827116 12.841505 
29.649884 4.707531 12.692794 
29.880198 3.608866 12.801690 
FEnd
FBeg
 1513    O PRO A 139  6218   CB PRO B 112 unk
31.675 3.543 12.013 29.889 3.354 15.464  0.07
29.938589 2.997282 12.863953 
29.897775 3.283329 12.858496 
30.426397 2.463840 13.087194 
FEnd
FBeg
 1514   CB PRO A 139  6218   CB PRO B 112 ali
28.927 3.121 10.445 29.889 3.354 15.464  1.16
28.649827 2.994963 13.111080 
28.584080 3.037486 13.121708 
29.226879 4.556549 12.927981 
29.897775 3.283329 12.858496 
29.938589 2.997282 12.863953 
FEnd
FBeg
 1515   CG PRO A 139  6218   CB PRO B 112 ali
28.163 1.870 10.724 29.889 3.354 15.464  0.01
28.461728 2.878356 13.216080 
28.584080 3.037486 13.121708 
28.649827 2.994963 13.111080 
FEnd
FBeg
 1571  CG2 VAL A 142  6218   CB PRO B 112 ali
26.345 4.518 12.832 29.889 3.354 15.464  4.58
28.361509 2.766452 13.301536 
28.124574 2.794832 13.633121 
27.462242 3.238726 14.721265 
27.361981 3.460712 14.954441 
28.703726 5.464399 14.033904 
28.951010 5.381011 13.664057 
29.044923 5.246123 13.477948 
29.226879 4.556549 12.927981 
28.584080 3.037486 13.121708 
28.461728 2.878356 13.216080 
FEnd
FBeg
 1209  CE2 TYR A 118  6218   CB PRO B 112 ali
26.010 1.518 15.544 29.889 3.354 15.464  1.35
27.462242 3.238726 14.721265 
28.191902 1.737234 15.641427 
28.484972 1.148508 16.340354 
27.773013 2.634310 15.918440 
27.361981 3.460712 14.954441 
FEnd
FBeg
 1210   CZ TYR A 118  6218   CB PRO B 112 ali
26.542 1.054 14.365 29.889 3.354 15.464  1.28
28.124574 2.794832 13.633121 
28.191902 1.737234 15.641427 
27.462242 3.238726 14.721265 
FEnd
FBeg
 1504   SG CYS A 138  6219   CG PRO B 112 unk
31.862 0.591 14.227 31.143 4.039 15.020  13.03
32.180175 1.864286 17.115443 
34.702495 2.595368 16.223611 
35.336684 3.018839 14.957349 
35.599576 3.325984 13.860226 
30.458820 2.429153 13.098652 
30.452771 2.426606 13.104239 
FEnd
FBeg
 1211   OH TYR A 118  6218   CB PRO B 112 unk
27.902 0.926 14.252 29.889 3.354 15.464  5.51
29.426696 0.272814 16.550732 
29.506553 0.212021 16.541597 
29.598013 1.496355 13.818748 
28.361509 2.766452 13.301536 
28.124574 2.794832 13.633121 
28.191902 1.737234 15.641427 
28.484972 1.148508 16.340354 
28.912882 0.677008 16.583377 
FEnd
FBeg
 1211   OH TYR A 118  6228    N GLY B 113 hbd
27.902 0.926 14.252 29.594 2.743 18.386  0.03
28.838538 0.632241 16.633481 
29.426696 0.272814 16.550732 
28.912882 0.677008 16.583377 
FEnd
FBeg
 1211   OH TYR A 118  6216    C PRO B 112 unk
27.902 0.926 14.252 28.703 3.409 17.659  0.12
28.568152 0.626071 16.701547 
28.838538 0.632241 16.633481 
28.912882 0.677008 16.583377 
28.484972 1.148508 16.340354 
FEnd
FBeg
 1209  CE2 TYR A 118  6216    C PRO B 112 ali
26.010 1.518 15.544 28.703 3.409 17.659  3.50
26.933120 3.530153 16.186900 
27.276794 1.355144 17.693958 
28.568152 0.626071 16.701547 
28.484972 1.148508 16.340354 
27.773013 2.634310 15.918440 
FEnd
FBeg
 1209  CE2 TYR A 118  6215   CA PRO B 112 ali
26.010 1.518 15.544 29.251 4.265 16.517  1.37
26.456630 4.162588 15.988551 
26.933120 3.530153 16.186900 
27.773013 2.634310 15.918440 
27.361981 3.460712 14.954441 
26.844985 3.915217 15.393350 
FEnd
FBeg
 1209  CE2 TYR A 118  6258   CB SER B 115 ali
26.010 1.518 15.544 24.362 5.008 18.612  0.05
25.632083 3.621161 16.794921 
25.767612 3.652047 16.832587 
25.637353 3.207444 17.268375 
FEnd
FBeg
 1207  CD2 TYR A 118  6259   OG SER B 115 unk
24.649 1.646 15.671 24.669 5.306 17.263  1.32
25.582377 4.034208 15.845952 
25.632083 3.621161 16.794921 
23.745314 3.800964 16.405257 
23.720777 3.950287 16.062273 
FEnd
FBeg
 1209  CE2 TYR A 118  6259   OG SER B 115 unk
26.010 1.518 15.544 24.669 5.306 17.263  0.46
26.301612 4.188711 16.066566 
25.767612 3.652047 16.832587 
25.632083 3.621161 16.794921 
25.582377 4.034208 15.845952 
25.609612 4.045139 15.843110 
FEnd
FBeg
 1569   CB VAL A 142  6217    O PRO B 112 unk
25.760 5.649 13.664 27.491 3.363 17.869  0.02
26.438960 4.407690 16.129071 
26.301612 4.188711 16.066566 
26.456630 4.162588 15.988551 
FEnd
FBeg
 1569   CB VAL A 142  6215   CA PRO B 112 ali
25.760 5.649 13.664 29.251 4.265 16.517  5.50
27.055491 6.822514 16.546109 
26.438960 4.407690 16.129071 
26.456630 4.162588 15.988551 
26.844985 3.915217 15.393350 
28.423044 5.563664 14.262066 
27.755888 6.862200 15.708339 
27.505251 6.998569 16.081177 
FEnd
FBeg
 1567    C VAL A 142  6259   OG SER B 115 unk
25.205 8.089 13.703 24.669 5.306 17.263  0.26
24.187196 7.509459 16.306199 
25.368265 6.950181 16.046811 
25.187146 6.909922 15.988070 
24.109589 7.296118 16.127737 
FEnd
FBeg
 1568    O VAL A 142  6255   CA SER B 115 unk
25.676 8.618 14.707 25.169 5.894 19.559  2.63
25.985062 8.878087 17.808460 
24.575198 8.100052 17.224336 
27.173990 7.075613 16.920754 
27.255691 7.167777 16.981033 
27.297722 7.626365 17.242885 
26.369694 8.654002 17.722846 
FEnd
FBeg
 1568    O VAL A 142  6168   CG GLN B 109 unk
25.676 8.618 14.707 26.633 11.982 15.728  5.27
24.221573 9.782797 17.336238 
25.830833 9.184701 17.798466 
26.027879 9.146724 17.738897 
26.519996 9.443443 16.299996 
25.895680 10.310330 14.028952 
25.845000 10.318902 14.048210 
25.097291 10.210959 15.104700 
FEnd
FBeg
 1600  CE1 TYR A 144  6255   CA SER B 115 ali
21.605 6.572 17.082 25.169 5.894 19.559  0.02
24.225474 7.756822 17.388396 
24.286281 7.896963 17.339265 
23.985645 7.640473 17.701624 
FEnd
FBeg
 1600  CE1 TYR A 144  6259   OG SER B 115 unk
21.605 6.572 17.082 24.669 5.306 17.263  2.25
23.291714 5.391841 16.653460 
23.380550 5.535583 16.155018 
24.109589 7.296118 16.127737 
24.187196 7.509459 16.306199 
24.384503 8.109206 17.161070 
24.286281 7.896963 17.339265 
24.225474 7.756822 17.388396 
FEnd
FBeg
 1600  CE1 TYR A 144  6270   CG HIS B 116 aro
21.605 6.572 17.082 20.811 5.342 21.623  0.34
21.542359 5.761465 19.357999 
21.961942 5.766615 19.432759 
22.003623 5.876278 19.469751 
21.705639 6.747000 19.653497 
21.434939 6.097032 19.430111 
FEnd
FBeg
 1600  CE1 TYR A 144  6273  CE1 HIS B 116 aro
21.605 6.572 17.082 19.292 5.197 20.035  2.67
21.451697 5.397090 19.117323 
21.542359 5.761465 19.357999 
21.434939 6.097032 19.430111 
20.330807 7.200876 19.079256 
19.412364 6.246102 17.915296 
21.263096 5.281271 18.915669 
FEnd
FBeg
 1602   CZ TYR A 144  6258   CB SER B 115 ali
21.190 5.327 16.649 24.362 5.008 18.612  1.43
21.851223 4.598476 18.852213 
23.308760 4.853751 16.538473 
23.291714 5.391841 16.653460 
21.819890 5.073297 18.980006 
FEnd
FBeg
 1603   OH TYR A 144  6272  CD2 HIS B 116 unk
21.910 4.198 16.978 20.931 4.130 21.033  0.37
21.793772 4.557596 18.837657 
21.851223 4.598476 18.852213 
22.306997 3.049208 18.936271 
21.898833 3.045778 18.837670 
FEnd
FBeg
 1600  CE1 TYR A 144  6274  NE2 HIS B 116 aro
21.605 6.572 17.082 19.967 4.063 20.055  0.05
21.263096 5.281271 18.915669 
21.451697 5.397090 19.117323 
21.602181 5.143658 18.986356 
FEnd
FBeg
 1602   CZ TYR A 144  6273  CE1 HIS B 116 aro
21.190 5.327 16.649 19.292 5.197 20.035  2.00
19.597488 4.272688 17.943300 
21.263096 5.281271 18.915669 
19.412364 6.246102 17.915296 
19.411109 6.245960 17.914588 
19.406728 6.234670 17.911698 
FEnd
FBeg
 1603   OH TYR A 144  6274  NE2 HIS B 116 hbd
21.910 4.198 16.978 19.967 4.063 20.055  2.06
20.426010 2.757593 17.894999 
20.220615 3.248120 17.786821 
21.793772 4.557596 18.837657 
21.898833 3.045778 18.837670 
20.554526 2.658672 17.971811 
FEnd
FBeg
 1221    N TRP A 119  6274  NE2 HIS B 116 hbd
19.532 0.770 16.542 19.967 4.063 20.055  0.04
20.263893 2.468611 18.185957 
20.426010 2.757593 17.894999 
20.554526 2.658672 17.971811 
FEnd
FBeg
 1601  CE2 TYR A 144  6273  CE1 HIS B 116 aro
20.052 5.204 15.882 19.292 5.197 20.035  1.78
18.073348 5.038550 17.665673 
18.011491 5.210979 17.654644 
18.006938 5.257634 17.653890 
19.406728 6.234670 17.911698 
19.597488 4.272688 17.943300 
19.425755 4.169908 17.911700 
FEnd
FBeg
 1246   CA SER A 120  6273  CE1 HIS B 116 ali
15.754 3.722 16.818 19.292 5.197 20.035  0.99
17.183733 4.177241 19.038967 
17.142721 5.114320 18.654420 
17.725200 5.460863 17.854929 
18.011491 5.210979 17.654644 
18.073348 5.038550 17.665673 
FEnd
FBeg
 1186    O GLN A 117  6563   CG ARG B 136 unk
23.384 -1.376 17.048 26.015 -0.945 22.019  8.40
24.084425 -3.797053 19.800683 
23.221693 -1.278643 20.038948 
24.025687 -0.096949 19.510961 
26.383474 -0.777078 18.322025 
26.817384 -1.268034 18.134937 
26.790175 -1.359191 18.157241 
26.512508 -1.778613 18.340567 
24.085302 -3.797042 19.800218 
FEnd

+-+CCS_record::Boundary loops before union-find
Start boundary loop loop_id 0  init_edge IE_A_B
xyz 17.1427 5.11432 18.6544
xyz 17.7252 5.46086 17.8549
xyz 17.8588 5.59561 17.7383
xyz 18.3092 6.58636 17.9924
xyz 18.6661 7.85519 18.7776
xyz 18.7279 8.20923 19.0756
xyz 18.733 9.37887 19.5479
xyz 19.1721 10.8736 20.2621
xyz 20.0599 10.4533 20.3198
xyz 20.2532 10.2533 20.2886
xyz 20.6919 10.1758 20.1352
xyz 20.9419 11.0817 19.8395
xyz 21.6985 12.3813 19.0366
xyz 22.8836 11.3344 17.9759
xyz 23.1476 10.9264 17.7508
xyz 23.8921 8.9468 17.169
xyz 23.9967 8.84624 17.1313
xyz 24.2216 9.7828 17.3362
xyz 23.1476 10.9264 17.7508
xyz 22.8748 11.2929 17.7503
xyz 23.1078 11.386 17.1856
xyz 22.607 11.5549 17.3418
xyz 21.6419 12.8914 16.1298
xyz 21.5059 14.0228 14.548
xyz 21.5285 14.0807 14.4429
xyz 23.6234 14.552 12.0273
xyz 23.6646 14.5137 11.946
xyz 24.2566 14.8757 10.3201
xyz 25.2407 13.7146 10.0241
xyz 25.7124 16.1558 9.86317
xyz 26.0306 16.05 10.273
xyz 25.6886 16.3097 9.86952
xyz 26.1559 16.9719 9.29285
xyz 30.1081 18.2719 9.18486
xyz 32.2122 18.6753 9.44751
xyz 33.0924 18.7814 9.62687
xyz 32.944 17.9699 10.4768
xyz 32.7341 17.0166 11.4632
xyz 32.2781 15.9594 12.4818
xyz 32.2523 15.9359 12.499
xyz 32.2857 15.5233 12.6274
xyz 32.3354 15.5666 12.5948
xyz 32.4852 15.3121 12.5361
xyz 34.3435 17.4443 9.38313
xyz 34.5952 17.6775 8.92523
xyz 34.755 15.9892 7.61853
xyz 33.6118 13.3329 8.8143
xyz 34.1428 11.5671 8.93873
xyz 34.1121 11.3039 9.20302
xyz 33.8574 11.4626 9.65505
xyz 34.0722 11.1853 9.29222
xyz 33.9512 10.9704 9.39794
xyz 34.6123 10.5719 9.74443
xyz 36.1977 8.78962 11.3711
xyz 36.2526 8.28023 11.8583
xyz 35.8434 7.96303 12.1866
xyz 35.7123 7.93532 12.3774
xyz 35.2147 7.30385 13.2963
xyz 34.8421 7.13459 13.6576
xyz 34.9367 5.29685 13.657
xyz 34.6076 5.07217 13.761
xyz 34.9351 4.84252 13.7788
xyz 35.2615 4.38148 13.7075
xyz 35.3375 4.21321 13.6675
xyz 35.5996 3.32598 13.8602
xyz 35.3367 3.01884 14.9573
xyz 34.7025 2.59537 16.2236
xyz 32.1802 1.86429 17.1154
xyz 32.1379 1.81956 17.1479
xyz 32.1743 0.541369 17.8291
xyz 32.5311 -0.302521 18.2131
xyz 31.5769 -0.973408 17.8845
xyz 29.468 -0.250994 16.6323
xyz 28.5672 -0.914119 16.9716
xyz 28.3094 -0.939414 17.0399
xyz 28.2116 -1.02469 17.1265
xyz 27.3196 -1.37545 17.8815
xyz 26.8971 -1.09041 18.2024
xyz 26.6949 -0.73402 18.3382
xyz 26.8897 1.25865 18.0171
xyz 25.6277 2.69639 17.6801
xyz 25.5406 2.83584 17.6837
xyz 23.4947 2.08818 18.3388
xyz 23.1394 2.3052 18.056
xyz 22.307 3.04921 18.9363
xyz 21.8988 3.04578 18.8377
xyz 20.5545 2.65867 17.9718
xyz 20.2639 2.46861 18.186
xyz 19.6172 1.95928 18.9885
xyz 20.45 1.98346 20.3385
xyz 20.9615 1.50755 21.3085
xyz 21.0813 1.44618 21.4473
xyz 21.19 0.97512 21.441
xyz 21.922 -0.441931 21.1416
xyz 21.9131 -0.476524 21.4042
xyz 20.6996 -1.41546 22.8543
xyz 19.9188 -1.93258 22.9953
xyz 19.5345 -2.16857 22.8963
xyz 18.9066 -3.48867 22.5438
xyz 20.2199 -5.54244 22.2981
xyz 20.1627 -5.6841 22.3723
xyz 20.3042 -5.63585 22.3705
xyz 24.7368 -5.6136 21.4977
xyz 25.4913 -5.80585 24.1439
xyz 24.9102 -5.88691 25.3723
xyz 24.7168 -6.07094 26.0178
xyz 23.0201 -6.74701 28.0552
xyz 22.9557 -6.75574 28.0671
xyz 21.0909 -7.49157 28.3737
xyz 20.7052 -7.55896 28.197
xyz 19.1142 -7.76084 27.2528
xyz 18.576 -7.42554 25.7908
xyz 18.8472 -7.02865 27.4987
xyz 18.8456 -6.97232 27.5276
xyz 18.6308 -4.6883 27.8938
xyz 17.9158 -1.59587 26.1291
xyz 17.916 -1.59293 26.1295
xyz 17.9269 -1.55132 26.155
xyz 18.3838 -1.52612 27.2512
xyz 18.0973 -1.28757 27.5148
xyz 18.1447 -2.11181 28.6976
xyz 17.3233 -2.58776 29.2612
xyz 18.6127 -2.66601 28.5239
xyz 18.8303 -2.86018 28.344
xyz 18.6308 -4.6883 27.8938
xyz 17.3573 -5.9583 28.2087
xyz 17.1503 -6.07395 28.2135
xyz 17.8603 -6.4601 27.9586
xyz 18.1626 -6.7617 27.8577
xyz 14.2225 -7.97552 29.4607
xyz 11.3088 -10.9235 30.3007
xyz 11.6337 -8.57078 29.96
xyz 10.4303 -6.89775 31.6409
xyz 9.84178 -4.25529 33.3993
xyz 10.3486 -0.619799 29.6113
xyz 10.5042 -0.576479 28.8611
xyz 10.049 0.297797 28.5311
xyz 10.5308 0.946158 27.639
xyz 10.6148 0.994711 27.5343
xyz 10.6514 1.00876 27.4943
xyz 10.7979 1.01635 27.3726
xyz 14.177 -0.156759 25.6282
xyz 14.4854 0.227284 25.4563
xyz 14.8331 0.341227 25.4386
xyz 15.1087 0.226698 25.2773
xyz 15.0791 1.43516 24.2167
xyz 15.301 1.44722 24.1514
xyz 15.2707 1.48972 23.8722
xyz 15.1091 1.49109 23.8535
xyz 14.3577 2.05845 22.484
xyz 14.0895 2.11037 22.7961
xyz 12.3233 3.84862 24.3131
xyz 13.1625 5.15353 22.7712
xyz 15.0041 2.51225 21.5088
xyz 15.8324 2.67724 21.2113
xyz 16.6317 2.73959 20.5909
xyz 17.2385 3.23784 20.4082
xyz 17.2365 3.17317 20.0881
xyz 17.1837 4.17724 19.039
End loop
Boundary info init_edge IE_A_B [total exposed]: 200.433481 200.433481
Start boundary loop loop_id 1  init_edge IE_A_B
xyz 26.3697 8.654 17.7228
xyz 25.9851 8.87809 17.8085
xyz 25.8308 9.1847 17.7985
xyz 26.0279 9.14672 17.7389
End loop
Boundary info init_edge IE_A_B [total exposed]: 1.605887 1.605887
Start boundary loop loop_id 2  init_edge IE_A_B
xyz 27.0555 6.82251 16.5461
xyz 27.174 7.07561 16.9208
xyz 27.2557 7.16778 16.981
xyz 27.2977 7.62637 17.2429
xyz 27.4179 7.55856 17.0888
xyz 27.4381 7.32805 16.9195
xyz 27.4435 7.27532 16.8688
xyz 27.5053 6.99857 16.0812
End loop
Boundary info init_edge IE_A_B [total exposed]: 3.208708 3.208708
Start boundary loop loop_id 3  init_edge IE_A_B
xyz 23.2217 -1.27864 20.0389
xyz 24.0257 -0.0969488 19.511
xyz 26.3835 -0.777078 18.322
xyz 26.8174 -1.26803 18.1349
xyz 26.7902 -1.35919 18.1572
xyz 26.5125 -1.77861 18.3406
xyz 24.0853 -3.79704 19.8002
xyz 24.0844 -3.79705 19.8007
End loop
Boundary info init_edge IE_A_B [total exposed]: 11.716583 11.716583
Voronoi Facets of interface MI_AWi_BWi
FBeg
 1259    O ALA A 121 20347    O HOH A 664 hbw
12.421 6.077 19.053 15.615 5.057 20.086  7.69
13.093214 5.370578 22.234955 
13.483486 5.061815 20.723370 
13.644259 5.096122 20.260143 
13.752076 5.161718 19.991547 
14.422220 6.068890 18.815240 
14.246968 8.317715 21.577636 
13.392782 6.612900 22.535391 
FEnd
FBeg
 1259    O ALA A 121 20338    O HOH A 655 hbw
12.421 6.077 19.053 16.200 6.982 18.556  5.01
14.422220 6.068890 18.815240 
14.251842 6.318729 17.974686 
13.991129 7.252017 17.691771 
13.985386 8.812322 20.489303 
14.174029 8.494504 21.344953 
14.246968 8.317715 21.577636 
FEnd
FBeg
 1250   OG SER A 120 20338    O HOH A 655 hbw
15.342 6.016 16.160 16.200 6.982 18.556  6.50
14.251842 6.318729 17.974686 
13.991129 7.252017 17.691771 
15.292524 8.952377 16.540208 
15.758766 8.782427 16.441767 
17.109282 7.092145 16.639626 
15.349010 5.825563 17.780624 
14.908370 5.795196 17.950659 
FEnd
FBeg
 1246   CA SER A 120 20338    O HOH A 655 unk
15.754 3.722 16.818 16.200 6.982 18.556  1.98
15.349010 5.825563 17.780624 
17.725200 5.460863 17.854929 
17.142721 5.114320 18.654420 
15.182063 5.514079 18.407722 
14.908370 5.795196 17.950659 
FEnd
FBeg
 1246   CA SER A 120 20347    O HOH A 664 unk
15.754 3.722 16.818 15.615 5.057 20.086  4.46
17.142721 5.114320 18.654420 
15.182063 5.514079 18.407722 
15.757097 2.235839 19.771363 
16.005747 2.306066 19.753251 
16.419496 2.749446 19.589725 
17.183733 4.177241 19.038967 
FEnd
FBeg
 6273  CE1 HIS B 116 20347    O HOH A 664 unk
19.292 5.197 20.035 15.615 5.057 20.086  5.92
17.183733 4.177241 19.038967 
17.142721 5.114320 18.654420 
17.104031 6.980369 20.987433 
17.131347 6.428682 21.442453 
17.215860 4.021542 20.927862 
17.238492 3.237839 20.408178 
17.236514 3.173169 20.088100 
FEnd
FBeg
  942  OE1 GLU A 101 20347    O HOH A 664 hbw
18.830 1.405 20.804 15.615 5.057 20.086  0.43
17.238492 3.237839 20.408178 
16.631723 2.739593 20.590862 
16.525089 2.517189 19.937118 
17.236514 3.173169 20.088100 
FEnd
FBeg
 6603   CB CYS B 138 20347    O HOH A 664 unk
18.207 3.051 23.224 15.615 5.057 20.086  1.07
17.215860 4.021542 20.927862 
15.832368 2.677241 21.211273 
16.631723 2.739593 20.590862 
17.238492 3.237839 20.408178 
FEnd
FBeg
 6604   SG CYS B 138 20347    O HOH A 664 hbw
16.999 4.364 23.555 15.615 5.057 20.086  18.76
17.131347 6.428682 21.442453 
16.740330 7.773609 21.867129 
14.842253 8.614645 22.792403 
13.455893 6.519922 22.927047 
13.162457 5.153531 22.771154 
15.004113 2.512246 21.508755 
15.832368 2.677241 21.211273 
17.215860 4.021542 20.927862 
FEnd
FBeg
 6271  ND1 HIS B 116 20347    O HOH A 664 hbw
19.790 5.992 20.969 15.615 5.057 20.086  0.45
17.104031 6.980369 20.987433 
16.738738 7.786066 21.861467 
16.740330 7.773609 21.867129 
17.131347 6.428682 21.442453 
FEnd
FBeg
 6271  ND1 HIS B 116 20338    O HOH A 655 hbw
19.790 5.992 20.969 16.200 6.982 18.556  7.37
17.104031 6.980369 20.987433 
16.738738 7.786066 21.861467 
17.601639 9.594325 21.319553 
18.600708 10.910688 20.373238 
18.733027 9.378871 19.547907 
18.727940 8.209233 19.075599 
FEnd
FBeg
 1598  CD1 TYR A 144 20338    O HOH A 655 unk
20.871 7.695 16.740 16.200 6.982 18.556  0.29
18.733027 9.378871 19.547907 
18.727940 8.209233 19.075599 
18.666111 7.855185 18.777559 
18.597251 8.385068 18.808485 
FEnd
FBeg
 1597   CG TYR A 144 20338    O HOH A 655 unk
19.719 7.590 15.974 16.200 6.982 18.556  1.58
18.666111 7.855185 18.777559 
18.309209 6.586363 17.992362 
17.526203 7.146908 17.057200 
18.597251 8.385068 18.808485 
FEnd
FBeg
 1599  CD2 TYR A 144 20338    O HOH A 655 unk
19.326 6.332 15.549 16.200 6.982 18.556  1.23
18.309209 6.586363 17.992362 
17.858786 5.595608 17.738277 
17.114836 7.088133 16.642258 
17.526203 7.146908 17.057200 
FEnd
FBeg
 1224    O TRP A 119 20347    O HOH A 664 hbw
18.166 2.814 17.811 15.615 5.057 20.086  1.00
16.419496 2.749446 19.589725 
17.183733 4.177241 19.038967 
17.236514 3.173169 20.088100 
16.525089 2.517189 19.937118 
16.401969 2.456945 19.858460 
FEnd
FBeg
 1223    C TRP A 119 20347    O HOH A 664 unk
17.554 2.112 17.007 15.615 5.057 20.086  0.09
16.005747 2.306066 19.753251 
16.419496 2.749446 19.589725 
16.401969 2.456945 19.858460 
FEnd
FBeg
  940   CG GLU A 101 20347    O HOH A 664 unk
17.188 -0.124 21.592 15.615 5.057 20.086  1.83
15.757097 2.235839 19.771363 
16.005747 2.306066 19.753251 
16.401969 2.456945 19.858460 
16.525089 2.517189 19.937118 
16.631723 2.739593 20.590862 
15.832368 2.677241 21.211273 
15.004113 2.512246 21.508755 
15.357952 2.227802 20.160617 
FEnd
FBeg
 6273  CE1 HIS B 116 20338    O HOH A 655 unk
19.292 5.197 20.035 16.200 6.982 18.556  6.44
17.725200 5.460863 17.854929 
17.858786 5.595608 17.738277 
18.309209 6.586363 17.992362 
18.666111 7.855185 18.777559 
18.727940 8.209233 19.075599 
17.104031 6.980369 20.987433 
17.142721 5.114320 18.654420 
FEnd
FBeg
 1249   CB SER A 120 20338    O HOH A 655 unk
15.953 4.802 15.755 16.200 6.982 18.556  2.51
17.109282 7.092145 16.639626 
17.114836 7.088133 16.642258 
17.858786 5.595608 17.738277 
17.725200 5.460863 17.854929 
15.349010 5.825563 17.780624 
FEnd
FBeg
 1596   CB TYR A 144 20338    O HOH A 655 unk
18.927 8.814 15.593 16.200 6.982 18.556  16.40
15.758766 8.782427 16.441767 
15.503795 9.339866 16.551763 
15.761692 10.256366 17.355785 
17.418040 12.461502 20.243624 
18.600708 10.910688 20.373238 
18.733027 9.378871 19.547907 
18.597251 8.385068 18.808485 
17.526203 7.146908 17.057200 
17.114836 7.088133 16.642258 
17.109282 7.092145 16.639626 
FEnd
FBeg
 1256    N ALA A 121 20338    O HOH A 655 hbw
13.744 3.921 18.144 16.200 6.982 18.556  0.65
14.422220 6.068890 18.815240 
14.251842 6.318729 17.974686 
14.908370 5.795196 17.950659 
15.182063 5.514079 18.407722 
FEnd
FBeg
 1256    N ALA A 121 20347    O HOH A 664 hbw
13.744 3.921 18.144 15.615 5.057 20.086  5.85
13.752076 5.161718 19.991547 
14.422220 6.068890 18.815240 
15.182063 5.514079 18.407722 
15.757097 2.235839 19.771363 
15.357952 2.227802 20.160617 
13.873141 4.547810 20.234021 
FEnd
FBeg
 1257   CA ALA A 121 20347    O HOH A 664 unk
12.331 3.764 18.452 15.615 5.057 20.086  0.18
13.644259 5.096122 20.260143 
13.752076 5.161718 19.991547 
13.873141 4.547810 20.234021 
13.549716 4.996956 20.528625 
FEnd
FBeg
 1258    C ALA A 121 20347    O HOH A 664 unk
11.711 5.124 18.736 15.615 5.057 20.086  0.02
13.483486 5.061815 20.723370 
13.644259 5.096122 20.260143 
13.549716 4.996956 20.528625 
FEnd
FBeg
 1260   CB ALA A 121 20347    O HOH A 664 unk
12.154 2.856 19.642 15.615 5.057 20.086  6.33
13.093214 5.370578 22.234955 
13.483486 5.061815 20.723370 
13.549716 4.996956 20.528625 
13.873141 4.547810 20.234021 
15.357952 2.227802 20.160617 
15.004113 2.512246 21.508755 
13.162457 5.153531 22.771154 
FEnd
FBeg
 1232  CZ2 TRP A 119 20296    O HOH A 613 unk
18.548 -4.953 15.943 21.465 -6.469 19.584  0.47
19.467347 -5.994924 18.371872 
19.208127 -6.535267 18.354564 
19.318343 -6.637450 18.223719 
19.669767 -6.670547 17.928393 
20.009811 -5.918633 17.969040 
FEnd
FBeg
 1229  NE1 TRP A 119 20296    O HOH A 613 hbw
19.590 -3.428 17.635 21.465 -6.469 19.584  4.24
20.009811 -5.918633 17.969040 
19.467347 -5.994924 18.371872 
20.439940 -4.397244 19.929045 
22.257826 -3.772105 19.155578 
21.528644 -4.812028 18.234496 
FEnd
FBeg
 1187   CB GLN A 117 20296    O HOH A 613 unk
22.822 -4.177 15.922 21.465 -6.469 19.584  5.05
22.257826 -3.772105 19.155578 
24.085503 -3.814856 19.806089 
24.986204 -4.796733 19.525311 
24.749895 -5.529944 18.978836 
24.514273 -5.571279 18.865653 
21.528644 -4.812028 18.234496 
FEnd
FBeg
 1229  NE1 TRP A 119 20354    O HOH B 501 hbw
19.590 -3.428 17.635 20.913 -2.633 21.387  2.05
20.439940 -4.397244 19.929045 
22.257826 -3.772105 19.155578 
22.323500 -3.119509 18.994144 
22.181040 -2.857615 18.988885 
20.000587 -3.656196 19.926948 
FEnd
FBeg
  992  CD1 LEU A 104 20354    O HOH B 501 unk
17.571 -4.618 20.117 20.913 -2.633 21.387  6.62
20.000587 -3.656196 19.926948 
20.439940 -4.397244 19.929045 
20.219850 -5.542440 22.298141 
18.906640 -3.488666 22.543816 
18.822447 -2.429545 21.109973 
18.929948 -2.308592 20.638034 
FEnd
FBeg
  943  OE2 GLU A 101 20354    O HOH B 501 hbw
19.546 -0.505 21.621 20.913 -2.633 21.387  7.43
18.822447 -2.429545 21.109973 
19.534492 -2.168567 22.896322 
19.918802 -1.932576 22.995307 
20.699649 -1.415460 22.854262 
21.913067 -0.476524 21.404205 
21.921975 -0.441931 21.141648 
20.801642 -1.027130 19.918610 
18.929948 -2.308592 20.638034 
FEnd
FBeg
  943  OE2 GLU A 101 20298    O HOH A 615 hbw
19.546 -0.505 21.621 21.393 0.954 19.231  2.19
21.921975 -0.441931 21.141648 
20.801642 -1.027130 19.918610 
20.325070 -0.655726 19.777041 
21.189965 0.975120 21.441002 
FEnd
FBeg
 6561    O ARG B 136 20298    O HOH A 615 hbw
23.305 1.358 21.994 21.393 0.954 19.231  7.86
21.189965 0.975120 21.441002 
21.921975 -0.441931 21.141648 
23.093951 -1.034175 20.417236 
23.984201 0.005068 19.649226 
23.253650 2.486564 19.791929 
23.087063 2.623119 19.887241 
21.081282 1.446181 21.447333 
FEnd
FBeg
 6272  CD2 HIS B 116 20298    O HOH A 615 unk
20.931 4.130 21.033 21.393 0.954 19.231  3.98
23.087063 2.623119 19.887241 
22.306997 3.049208 18.936271 
21.898833 3.045778 18.837670 
20.450001 1.983459 20.338538 
20.961540 1.507548 21.308474 
21.081282 1.446181 21.447333 
FEnd
FBeg
  942  OE1 GLU A 101 20298    O HOH A 615 hbw
18.830 1.405 20.804 21.393 0.954 19.231  2.22
20.450001 1.983459 20.338538 
19.617178 1.959282 18.988492 
19.438146 1.521741 18.822231 
19.403460 1.152863 18.871478 
19.453521 0.744343 19.070174 
20.961540 1.507548 21.308474 
FEnd
FBeg
 1225   CB TRP A 119 20298    O HOH A 615 unk
17.601 -0.303 17.602 21.393 0.954 19.231  0.38
19.403460 1.152863 18.871478 
19.864414 0.080645 18.625829 
19.667965 0.026308 19.125055 
19.453521 0.744343 19.070174 
FEnd
FBeg
 1221    N TRP A 119 20298    O HOH A 615 hbw
19.532 0.770 16.542 21.393 0.954 19.231  4.53
19.438146 1.521741 18.822231 
20.263893 2.468611 18.185957 
20.554526 2.658672 17.971811 
21.268733 2.222297 17.507384 
20.918333 -0.364197 17.926874 
19.864414 0.080645 18.625829 
19.403460 1.152863 18.871478 
FEnd
FBeg
 1201   CA TYR A 118 20298    O HOH A 615 unk
21.710 0.322 15.599 21.393 0.954 19.231  4.90
21.268733 2.222297 17.507384 
22.751231 2.091679 17.659504 
23.332975 0.785207 17.937616 
21.563803 -0.848184 18.067428 
20.918333 -0.364197 17.926874 
FEnd
FBeg
 1186    O GLN A 117 20298    O HOH A 615 hbw
23.384 -1.376 17.048 21.393 0.954 19.231  5.60
23.332975 0.785207 17.937616 
23.864728 0.784128 18.423752 
24.025687 -0.096949 19.510961 
23.221693 -1.278643 20.038948 
22.004943 -1.585791 19.257045 
21.563803 -0.848184 18.067428 
FEnd
FBeg
 1186    O GLN A 117 20371    O HOH B 518 hbw
23.384 -1.376 17.048 25.705 2.202 19.604  2.34
23.864728 0.784128 18.423752 
24.025687 -0.096949 19.510961 
26.383474 -0.777078 18.322025 
25.414730 -0.003588 18.118938 
FEnd
FBeg
 1207  CD2 TYR A 118 20371    O HOH B 518 unk
24.649 1.646 15.671 25.705 2.202 19.604  4.03
25.414730 -0.003588 18.118938 
23.864728 0.784128 18.423752 
23.494655 2.088179 18.338764 
25.540620 2.835841 17.683733 
25.627706 2.696393 17.680064 
FEnd
FBeg
 6217    O PRO B 112 20371    O HOH B 518 hbw
27.491 3.363 17.869 25.705 2.202 19.604  3.26
25.540620 2.835841 17.683733 
26.255768 3.625091 18.948040 
26.865592 3.417737 19.437035 
27.074252 3.070304 19.419339 
27.120843 2.888750 19.345810 
26.889722 1.258651 18.017091 
25.627706 2.696393 17.680064 
FEnd
FBeg
 6229   CA GLY B 113 20371    O HOH B 518 unk
29.189 1.836 19.447 25.705 2.202 19.604  4.52
27.120843 2.888750 19.345810 
26.954957 0.863337 20.386301 
26.694857 -0.734020 18.338164 
26.889722 1.258651 18.017091 
FEnd
FBeg
 6230    C GLY B 113 20371    O HOH B 518 unk
28.750 2.529 20.726 25.705 2.202 19.604  2.58
27.074252 3.070304 19.419339 
26.634161 3.066221 20.614894 
26.466467 2.728414 21.168451 
26.764989 1.171368 20.812084 
26.954957 0.863337 20.386301 
27.120843 2.888750 19.345810 
FEnd
FBeg
 6559   CA ARG B 136 20371    O HOH B 518 unk
25.484 1.381 23.006 25.705 2.202 19.604  4.61
26.466467 2.728414 21.168451 
26.114396 3.019390 21.215801 
24.344246 3.247987 21.155976 
24.637569 0.784012 20.580403 
26.764989 1.171368 20.812084 
FEnd
FBeg
 6236   CA LEU B 114 20371    O HOH B 518 unk
27.980 4.604 21.759 25.705 2.202 19.604  0.19
26.634161 3.066221 20.614894 
26.613231 3.141584 20.552989 
26.114396 3.019390 21.215801 
26.466467 2.728414 21.168451 
FEnd
FBeg
 6235    N LEU B 114 20371    O HOH B 518 hbw
28.507 3.832 20.641 25.705 2.202 19.604  0.29
26.865592 3.417737 19.437035 
26.613231 3.141584 20.552989 
26.634161 3.066221 20.614894 
27.074252 3.070304 19.419339 
FEnd
FBeg
 6254    N SER B 115 20371    O HOH B 518 hbw
26.049 5.072 20.392 25.705 2.202 19.604  3.49
26.255768 3.625091 18.948040 
24.132985 3.324170 20.970734 
24.344246 3.247987 21.155976 
26.114396 3.019390 21.215801 
26.613231 3.141584 20.552989 
26.865592 3.417737 19.437035 
FEnd
FBeg
 6258   CB SER B 115 20371    O HOH B 518 unk
24.362 5.008 18.612 25.705 2.202 19.604  6.69
23.494655 2.088179 18.338764 
23.253650 2.486564 19.791929 
24.132985 3.324170 20.970734 
26.255768 3.625091 18.948040 
25.540620 2.835841 17.683733 
FEnd
FBeg
 1209  CE2 TYR A 118 20371    O HOH B 518 unk
26.010 1.518 15.544 25.705 2.202 19.604  3.40
26.383474 -0.777078 18.322025 
25.414730 -0.003588 18.118938 
25.627706 2.696393 17.680064 
26.889722 1.258651 18.017091 
26.694857 -0.734020 18.338164 
FEnd
FBeg
 6563   CG ARG B 136 20371    O HOH B 518 unk
26.015 -0.945 22.019 25.705 2.202 19.604  6.23
24.025687 -0.096949 19.510961 
26.383474 -0.777078 18.322025 
26.694857 -0.734020 18.338164 
26.954957 0.863337 20.386301 
26.764989 1.171368 20.812084 
24.637569 0.784012 20.580403 
23.984201 0.005068 19.649226 
FEnd
FBeg
 1207  CD2 TYR A 118 20298    O HOH A 615 unk
24.649 1.646 15.671 21.393 0.954 19.231  1.25
22.751231 2.091679 17.659504 
23.139377 2.305198 18.056009 
23.494655 2.088179 18.338764 
23.864728 0.784128 18.423752 
23.332975 0.785207 17.937616 
FEnd
FBeg
 1224    O TRP A 119 20298    O HOH A 615 hbw
18.166 2.814 17.811 21.393 0.954 19.231  0.27
19.617178 1.959282 18.988492 
20.263893 2.468611 18.185957 
19.438146 1.521741 18.822231 
FEnd
FBeg
 6274  NE2 HIS B 116 20298    O HOH A 615 hbw
19.967 4.063 20.055 21.393 0.954 19.231  3.10
21.898833 3.045778 18.837670 
20.554526 2.658672 17.971811 
20.263893 2.468611 18.185957 
19.617178 1.959282 18.988492 
20.450001 1.983459 20.338538 
FEnd
FBeg
 1603   OH TYR A 144 20298    O HOH A 615 hbw
21.910 4.198 16.978 21.393 0.954 19.231  2.67
22.306997 3.049208 18.936271 
23.139377 2.305198 18.056009 
22.751231 2.091679 17.659504 
21.268733 2.222297 17.507384 
20.554526 2.658672 17.971811 
21.898833 3.045778 18.837670 
FEnd
FBeg
 6258   CB SER B 115 20298    O HOH A 615 unk
24.362 5.008 18.612 21.393 0.954 19.231  1.48
23.253650 2.486564 19.791929 
23.494655 2.088179 18.338764 
23.139377 2.305198 18.056009 
22.306997 3.049208 18.936271 
23.087063 2.623119 19.887241 
FEnd
FBeg
 6561    O ARG B 136 20371    O HOH B 518 hbw
23.305 1.358 21.994 25.705 2.202 19.604  3.90
23.984201 0.005068 19.649226 
23.253650 2.486564 19.791929 
24.132985 3.324170 20.970734 
24.344246 3.247987 21.155976 
24.637569 0.784012 20.580403 
FEnd
FBeg
 6563   CG ARG B 136 20298    O HOH A 615 unk
26.015 -0.945 22.019 21.393 0.954 19.231  0.49
23.093951 -1.034175 20.417236 
23.221693 -1.278643 20.038948 
24.025687 -0.096949 19.510961 
23.984201 0.005068 19.649226 
FEnd
FBeg
 6563   CG ARG B 136 20354    O HOH B 501 unk
26.015 -0.945 22.019 20.913 -2.633 21.387  3.91
23.093951 -1.034175 20.417236 
23.221693 -1.278643 20.038948 
24.084425 -3.797053 19.800683 
24.084586 -3.797620 19.800899 
24.004129 -3.819228 20.508124 
23.048845 -1.479391 21.970485 
23.046640 -1.469135 21.960892 
23.026307 -1.105770 21.154535 
FEnd
FBeg
 6560    C ARG B 136 20354    O HOH B 501 unk
23.989 1.072 22.979 20.913 -2.633 21.387  0.27
23.046640 -1.469135 21.960892 
23.026307 -1.105770 21.154535 
22.539912 -0.875778 21.559074 
FEnd
FBeg
 6589  OE1 GLN B 137 20354    O HOH B 501 hbw
22.197 -3.355 23.381 20.913 -2.633 21.387  9.90
24.004129 -3.819228 20.508124 
23.048845 -1.479391 21.970485 
22.231462 -1.621047 22.445532 
20.505406 -4.283803 22.592847 
20.249744 -5.540210 22.302549 
24.042706 -4.092759 20.384242 
FEnd
FBeg
 6589  OE1 GLN B 137 20296    O HOH A 613 hbw
22.197 -3.355 23.381 21.465 -6.469 19.584  4.71
20.249744 -5.540210 22.302549 
24.042706 -4.092759 20.384242 
24.736826 -5.613601 21.497702 
20.304188 -5.635846 22.370486 
FEnd
FBeg
 1071  NE2 GLN A 109 20296    O HOH A 613 hbw
22.153 -8.359 23.030 21.465 -6.469 19.584  9.90
24.736826 -5.613601 21.497702 
20.304188 -5.635846 22.370486 
20.162658 -5.684105 22.372274 
19.531428 -6.862262 21.852126 
19.433983 -7.981315 21.257823 
25.567850 -6.343127 20.931670 
FEnd
FBeg
 1068   CG GLN A 109 20296    O HOH A 613 unk
22.419 -9.747 21.061 21.465 -6.469 19.584  14.34
19.433983 -7.981315 21.257823 
19.268075 -8.380695 20.478614 
21.211911 -8.555647 18.834801 
22.178188 -8.425159 18.500278 
24.256043 -7.644497 18.890757 
25.069010 -7.300859 19.128315 
25.818909 -6.442224 20.549577 
25.567850 -6.343127 20.931670 
FEnd
FBeg
 1046    C LEU A 108 20296    O HOH A 613 unk
21.291 -10.800 17.392 21.465 -6.469 19.584  0.23
21.211911 -8.555647 18.834801 
21.407385 -8.313309 18.340467 
22.178188 -8.425159 18.500278 
FEnd
FBeg
  990   CB LEU A 104 20296    O HOH A 613 unk
16.258 -6.655 20.788 21.465 -6.469 19.584  1.92
19.531428 -6.862262 21.852126 
18.981975 -7.313828 19.406119 
18.982818 -7.319392 19.408907 
19.268075 -8.380695 20.478614 
19.433983 -7.981315 21.257823 
FEnd
FBeg
  941   CD GLU A 101 20298    O HOH A 615 unk
18.624 0.287 21.324 21.393 0.954 19.231  3.36
20.325070 -0.655726 19.777041 
21.189965 0.975120 21.441002 
21.081282 1.446181 21.447333 
20.961540 1.507548 21.308474 
19.453521 0.744343 19.070174 
19.667965 0.026308 19.125055 
FEnd
FBeg
 1227  CD1 TRP A 119 20298    O HOH A 615 unk
19.313 -2.156 18.074 21.393 0.954 19.231  3.77
20.801642 -1.027130 19.918610 
20.325070 -0.655726 19.777041 
19.667965 0.026308 19.125055 
19.864414 0.080645 18.625829 
20.918333 -0.364197 17.926874 
21.563803 -0.848184 18.067428 
22.004943 -1.585791 19.257045 
FEnd
FBeg
 6561    O ARG B 136 20354    O HOH B 501 hbw
23.305 1.358 21.994 20.913 -2.633 21.387  0.84
21.913067 -0.476524 21.404205 
22.539912 -0.875778 21.559074 
23.026307 -1.105770 21.154535 
23.093951 -1.034175 20.417236 
21.921975 -0.441931 21.141648 
FEnd
FBeg
 6583   CA GLN B 137 20354    O HOH B 501 unk
22.058 0.264 24.221 20.913 -2.633 21.387  2.12
20.699649 -1.415460 22.854262 
22.231462 -1.621047 22.445532 
23.048845 -1.479391 21.970485 
23.046640 -1.469135 21.960892 
22.539912 -0.875778 21.559074 
21.913067 -0.476524 21.404205 
FEnd
FBeg
 6588   CD GLN B 137 20354    O HOH B 501 unk
21.680 -2.962 24.427 20.913 -2.633 21.387  3.41
19.918802 -1.932576 22.995307 
20.505406 -4.283803 22.592847 
22.231462 -1.621047 22.445532 
20.699649 -1.415460 22.854262 
FEnd
FBeg
  939   CB GLU A 101 20354    O HOH B 501 unk
17.050 -1.149 22.710 20.913 -2.633 21.387  1.27
18.906640 -3.488666 22.543816 
19.534492 -2.168567 22.896322 
18.822447 -2.429545 21.109973 
FEnd
FBeg
 6590  NE2 GLN B 137 20354    O HOH B 501 hbw
20.461 -3.331 24.806 20.913 -2.633 21.387  3.05
20.219850 -5.542440 22.298141 
20.249744 -5.540210 22.302549 
20.505406 -4.283803 22.592847 
19.918802 -1.932576 22.995307 
19.534492 -2.168567 22.896322 
18.906640 -3.488666 22.543816 
FEnd
FBeg
 1227  CD1 TRP A 119 20354    O HOH B 501 unk
19.313 -2.156 18.074 20.913 -2.633 21.387  5.83
22.181040 -2.857615 18.988885 
20.000587 -3.656196 19.926948 
18.929948 -2.308592 20.638034 
20.801642 -1.027130 19.918610 
22.004943 -1.585791 19.257045 
FEnd
FBeg
 1186    O GLN A 117 20354    O HOH B 501 hbw
23.384 -1.376 17.048 20.913 -2.633 21.387  3.53
22.323500 -3.119509 18.994144 
22.181040 -2.857615 18.988885 
22.004943 -1.585791 19.257045 
23.221693 -1.278643 20.038948 
24.084425 -3.797053 19.800683 
FEnd
FBeg
 1190  OE1 GLN A 117 20296    O HOH A 613 hbw
21.969 -6.562 17.088 21.465 -6.469 19.584  12.54
19.669767 -6.670547 17.928393 
20.009811 -5.918633 17.969040 
21.528644 -4.812028 18.234496 
24.514273 -5.571279 18.865653 
24.688400 -5.728847 18.906684 
24.256043 -7.644497 18.890757 
22.178188 -8.425159 18.500278 
21.407385 -8.313309 18.340467 
FEnd
FBeg
 1048   CB LEU A 108 20296    O HOH A 613 unk
19.162 -9.507 17.184 21.465 -6.469 19.584  4.98
19.318343 -6.637450 18.223719 
19.669767 -6.670547 17.928393 
21.407385 -8.313309 18.340467 
21.211911 -8.555647 18.834801 
19.268075 -8.380695 20.478614 
18.982818 -7.319392 19.408907 
FEnd
FBeg
 1050  CD1 LEU A 108 20296    O HOH A 613 unk
16.966 -8.324 17.243 21.465 -6.469 19.584  0.13
19.208127 -6.535267 18.354564 
19.318343 -6.637450 18.223719 
18.982818 -7.319392 19.408907 
18.981975 -7.313828 19.406119 
FEnd
FBeg
  992  CD1 LEU A 104 20296    O HOH A 613 unk
17.571 -4.618 20.117 21.465 -6.469 19.584  8.36
19.467347 -5.994924 18.371872 
19.208127 -6.535267 18.354564 
18.981975 -7.313828 19.406119 
19.531428 -6.862262 21.852126 
20.162658 -5.684105 22.372274 
20.219850 -5.542440 22.298141 
20.439940 -4.397244 19.929045 
FEnd
FBeg
 6199   CB LEU B 111 20370    O HOH B 517 unk
31.597 7.311 19.679 32.863 3.321 19.296  2.00
31.078484 4.510893 20.344180 
31.086170 4.510944 20.369054 
31.832390 4.703703 20.827549 
32.853681 5.007152 21.042159 
33.076346 5.216210 19.600260 
31.583844 4.724700 19.787245 
FEnd
FBeg
 6197    C LEU B 111 20370    O HOH B 517 unk
30.366 5.907 18.023 32.863 3.321 19.296  1.74
31.583844 4.724700 19.787245 
32.130593 4.399495 18.054164 
31.970056 4.232576 18.029975 
31.459333 3.865449 18.285972 
30.929454 4.189505 19.983628 
31.078484 4.510893 20.344180 
FEnd
FBeg
 6228    N GLY B 113 20370    O HOH B 517 hbw
29.594 2.743 18.386 32.863 3.321 19.296  5.64
31.459333 3.865449 18.285972 
31.701630 3.426764 17.694202 
31.817648 3.120194 17.472152 
32.066884 2.130158 17.205658 
32.137884 1.819565 17.147880 
32.174254 0.541369 17.829093 
30.947351 3.813639 20.158077 
30.942516 3.839941 20.158739 
30.929454 4.189505 19.983628 
FEnd
FBeg
 6230    C GLY B 113 20370    O HOH B 517 unk
28.750 2.529 20.726 32.863 3.321 19.296  0.72
30.947351 3.813639 20.158077 
31.825480 1.783577 21.559431 
31.874479 1.842374 21.732928 
31.068150 3.888705 20.547097 
30.942516 3.839941 20.158739 
FEnd
FBeg
 6568  NH2 ARG B 136 20370    O HOH B 517 hbw
30.432 -0.894 21.411 32.863 3.321 19.296  4.58
31.825480 1.783577 21.559431 
32.531131 -0.302521 18.213111 
33.578131 -0.859583 18.306370 
32.966502 0.882781 21.075728 
32.452650 1.591025 21.896568 
32.097071 1.798237 21.900816 
31.874479 1.842374 21.732928 
FEnd
FBeg
 5842   CA ALA B  88 20370    O HOH B 517 unk
35.514 0.503 23.387 32.863 3.321 19.296  5.24
32.966502 0.882781 21.075728 
34.964986 1.800508 20.412852 
34.999136 1.997695 20.526551 
34.562826 3.088155 21.560423 
33.927087 3.410970 22.194752 
32.947661 2.574271 22.253085 
32.616030 2.127162 22.160003 
32.452650 1.591025 21.896568 
FEnd
FBeg
 5790   CA LYS B  85 20370    O HOH B 517 unk
37.439 4.164 20.338 32.863 3.321 19.296  6.11
34.999136 1.997695 20.526551 
35.559788 1.952540 18.100948 
35.547127 2.001354 18.117056 
34.594724 4.683586 20.129603 
34.367553 4.537423 21.245486 
34.387439 3.967925 21.618890 
34.562826 3.088155 21.560423 
FEnd
FBeg
 5778  CG1 VAL B  84 20370    O HOH B 517 unk
35.228 6.341 23.776 32.863 3.321 19.296  0.65
34.367553 4.537423 21.245486 
33.702224 4.678583 21.501558 
33.952342 3.517975 22.151894 
34.387439 3.967925 21.618890 
FEnd
FBeg
 5794   CG LYS B  85 20370    O HOH B 517 unk
36.676 5.450 18.263 32.863 3.321 19.296  9.43
35.547127 2.001354 18.117056 
35.572902 1.864930 17.931029 
35.636366 1.198392 16.791561 
34.702495 2.595368 16.223611 
34.369438 3.315544 16.478509 
33.802011 4.875102 17.598258 
33.880845 5.188352 18.534855 
34.594724 4.683586 20.129603 
FEnd
FBeg
 5792    O LYS B  85 20370    O HOH B 517 hbw
37.789 1.795 20.463 32.863 3.321 19.296  4.56
34.964986 1.800508 20.412852 
34.939909 -0.319470 17.746565 
35.636366 1.198392 16.791561 
35.572902 1.864930 17.931029 
35.559788 1.952540 18.100948 
34.999136 1.997695 20.526551 
FEnd
FBeg
 5845   CB ALA B  88 20370    O HOH B 517 unk
35.740 -0.671 22.443 32.863 3.321 19.296  6.42
33.578131 -0.859583 18.306370 
34.939909 -0.319470 17.746565 
34.964986 1.800508 20.412852 
32.966502 0.882781 21.075728 
FEnd
FBeg
 6229   CA GLY B 113 20370    O HOH B 517 unk
29.189 1.836 19.447 32.863 3.321 19.296  6.98
32.174254 0.541369 17.829093 
32.531131 -0.302521 18.213111 
31.825480 1.783577 21.559431 
30.947351 3.813639 20.158077 
FEnd
FBeg
 1504   SG CYS A 138 20370    O HOH B 517 hbw
31.862 0.591 14.227 32.863 3.321 19.296  9.79
32.137884 1.819565 17.147880 
32.180175 1.864286 17.115443 
34.702495 2.595368 16.223611 
35.636366 1.198392 16.791561 
34.939909 -0.319470 17.746565 
33.578131 -0.859583 18.306370 
32.531131 -0.302521 18.213111 
32.174254 0.541369 17.829093 
FEnd
FBeg
 6218   CB PRO B 112 20370    O HOH B 517 unk
29.889 3.354 15.464 32.863 3.321 19.296  0.01
32.066884 2.130158 17.205658 
32.180175 1.864286 17.115443 
32.137884 1.819565 17.147880 
FEnd
FBeg
 6219   CG PRO B 112 20370    O HOH B 517 unk
31.143 4.039 15.020 32.863 3.321 19.296  2.94
31.817648 3.120194 17.472152 
34.369438 3.315544 16.478509 
34.702495 2.595368 16.223611 
32.180175 1.864286 17.115443 
32.066884 2.130158 17.205658 
FEnd
FBeg
 6214    N PRO B 112 20370    O HOH B 517 hbw
30.355 5.149 16.914 32.863 3.321 19.296  0.26
31.970056 4.232576 18.029975 
31.701630 3.426764 17.694202 
31.459333 3.865449 18.285972 
FEnd
FBeg
 6220   CD PRO B 112 20370    O HOH B 517 unk
31.378 5.247 15.861 32.863 3.321 19.296  3.93
32.130593 4.399495 18.054164 
33.802011 4.875102 17.598258 
34.369438 3.315544 16.478509 
31.817648 3.120194 17.472152 
31.701630 3.426764 17.694202 
31.970056 4.232576 18.029975 
FEnd
FBeg
 6196   CA LEU B 111 20370    O HOH B 517 unk
31.585 6.800 18.240 32.863 3.321 19.296  3.51
33.076346 5.216210 19.600260 
33.880845 5.188352 18.534855 
33.802011 4.875102 17.598258 
32.130593 4.399495 18.054164 
31.583844 4.724700 19.787245 
FEnd
FBeg
 6202  CD2 LEU B 111 20370    O HOH B 517 unk
34.063 7.533 20.092 32.863 3.321 19.296  3.49
32.853681 5.007152 21.042159 
33.702224 4.678583 21.501558 
34.367553 4.537423 21.245486 
34.594724 4.683586 20.129603 
33.880845 5.188352 18.534855 
33.076346 5.216210 19.600260 
FEnd
FBeg
 6241  CD1 LEU B 114 20370    O HOH B 517 unk
31.353 5.386 23.562 32.863 3.321 19.296  3.52
31.832390 4.703703 20.827549 
32.947661 2.574271 22.253085 
33.927087 3.410970 22.194752 
33.952342 3.517975 22.151894 
33.702224 4.678583 21.501558 
32.853681 5.007152 21.042159 
FEnd
FBeg
 6240   CG LEU B 114 20370    O HOH B 517 unk
30.186 4.503 23.156 32.863 3.321 19.296  3.84
31.086170 4.510944 20.369054 
31.068150 3.888705 20.547097 
31.874479 1.842374 21.732928 
32.097071 1.798237 21.900816 
32.616030 2.127162 22.160003 
32.947661 2.574271 22.253085 
31.832390 4.703703 20.827549 
FEnd
FBeg
 6235    N LEU B 114 20370    O HOH B 517 hbw
28.507 3.832 20.641 32.863 3.321 19.296  0.24
31.078484 4.510893 20.344180 
30.929454 4.189505 19.983628 
30.942516 3.839941 20.158739 
31.068150 3.888705 20.547097 
31.086170 4.510944 20.369054 
FEnd

+-+CCS_record::Boundary loops before union-find
Start boundary loop loop_id 4  init_edge IE_A_Wi
xyz 13.0932 5.37058 22.235
xyz 13.3928 6.6129 22.5354
xyz 14.247 8.31772 21.5776
xyz 14.174 8.4945 21.345
xyz 13.9854 8.81232 20.4893
xyz 13.9911 7.25202 17.6918
xyz 15.2925 8.95238 16.5402
xyz 15.7588 8.78243 16.4418
xyz 15.5038 9.33987 16.5518
xyz 15.7617 10.2564 17.3558
xyz 17.418 12.4615 20.2436
xyz 18.6007 10.9107 20.3732
xyz 17.6016 9.59432 21.3196
xyz 16.7387 7.78607 21.8615
xyz 16.7403 7.77361 21.8671
xyz 14.8423 8.61464 22.7924
xyz 13.4559 6.51992 22.927
xyz 13.1625 5.15353 22.7712
End loop
Boundary info init_edge IE_A_Wi [total exposed]: 29.408015 29.408015
Start boundary loop loop_id 5  init_edge IE_A_Wi
xyz 24.9862 -4.79673 19.5253
xyz 24.7499 -5.52994 18.9788
xyz 24.5143 -5.57128 18.8657
xyz 24.6884 -5.72885 18.9067
xyz 24.256 -7.6445 18.8908
xyz 25.069 -7.30086 19.1283
xyz 25.8189 -6.44222 20.5496
xyz 25.5679 -6.34313 20.9317
xyz 24.7368 -5.6136 21.4977
xyz 24.0427 -4.09276 20.3842
xyz 24.0041 -3.81923 20.5081
xyz 24.0846 -3.79762 19.8009
xyz 24.0844 -3.79705 19.8007
xyz 22.3235 -3.11951 18.9941
xyz 22.2578 -3.77211 19.1556
xyz 24.0855 -3.81486 19.8061
End loop
Boundary info init_edge IE_A_Wi [total exposed]: 16.911152 16.911152
Start boundary loop loop_id 6  init_edge IE_A_Wi
xyz 20.2497 -5.54021 22.3025
xyz 20.3042 -5.63585 22.3705
xyz 20.1627 -5.6841 22.3723
xyz 20.2199 -5.54244 22.2981
End loop
Boundary info init_edge IE_A_Wi [total exposed]: 0.478981 0.478981
Start boundary loop loop_id 7  init_edge IE_B_Wi
xyz 33.9271 3.41097 22.1948
xyz 33.9523 3.51798 22.1519
xyz 34.3874 3.96793 21.6189
xyz 34.5628 3.08815 21.5604
End loop
Boundary info init_edge IE_B_Wi [total exposed]: 2.793424 2.793424
Start boundary loop loop_id 8  init_edge IE_B_Wi
xyz 35.5729 1.86493 17.931
xyz 35.5598 1.95254 18.1009
xyz 35.5471 2.00135 18.1171
End loop
Boundary info init_edge IE_B_Wi [total exposed]: 0.476688 0.476688
Start boundary loop loop_id 9  init_edge IE_B_Wi
xyz 32.0971 1.79824 21.9008
xyz 32.616 2.12716 22.16
xyz 32.4526 1.59103 21.8966
End loop
Boundary info init_edge IE_B_Wi [total exposed]: 1.697722 1.697722
+-+Surf_areas::Interface areas<Areas altogether before UFind>: IE_A_B: 596.75 IE_A_Wi: 101.80 IE_B_Wi: 98.35 
+-+Surf_areas::Chem Interface areas<Areas altogether before UFind>: ali: 155.93 aro: 21.46 hbd: 87.91 hbw: 89.35 hbdp: 0.00 elu: 0.00 elf: 17.15 hbwp: 0.00 ssb: 0.00 unk: 425.09 
+++UnionFindAlgo::processing merged ccs...

+-+MCC_record::Boundary nets of merged cc after union-find
Start boundary net with  1 loops
Start boundary loop loop_id 9
Start boundary loop auf loop_id 9  init_edge IE_B_Wi
xyz 32.0971 1.79824 21.9008
xyz 32.616 2.12716 22.16
xyz 32.4526 1.59103 21.8966
End loop. Loop info [total exposed]: 1.69772 1.69772
End net. Net info [total exposed]: 1.69772 1.69772
Start boundary net with  1 loops
Start boundary loop loop_id 7
Start boundary loop auf loop_id 7  init_edge IE_B_Wi
xyz 33.9271 3.41097 22.1948
xyz 33.9523 3.51798 22.1519
xyz 34.3874 3.96793 21.6189
xyz 34.5628 3.08815 21.5604
End loop. Loop info [total exposed]: 2.79342 2.79342
End net. Net info [total exposed]: 2.79342 2.79342
Start boundary net with  1 loops
Start boundary loop loop_id 4
Start boundary loop auf loop_id 4  init_edge IE_A_Wi
xyz 13.0932 5.37058 22.235
xyz 13.3928 6.6129 22.5354
xyz 14.247 8.31772 21.5776
xyz 14.174 8.4945 21.345
xyz 13.9854 8.81232 20.4893
xyz 13.9911 7.25202 17.6918
xyz 15.2925 8.95238 16.5402
xyz 15.7588 8.78243 16.4418
xyz 15.5038 9.33987 16.5518
xyz 15.7617 10.2564 17.3558
xyz 17.418 12.4615 20.2436
xyz 18.6007 10.9107 20.3732
xyz 17.6016 9.59432 21.3196
xyz 16.7387 7.78607 21.8615
xyz 16.7403 7.77361 21.8671
xyz 14.8423 8.61464 22.7924
xyz 13.4559 6.51992 22.927
xyz 13.1625 5.15353 22.7712
End loop. Loop info [total exposed]: 29.408 29.408
End net. Net info [total exposed]: 29.408 29.408
Start boundary net with  1 loops
Start boundary loop loop_id 5
Start boundary loop auf loop_id 5  init_edge IE_A_Wi
xyz 24.9862 -4.79673 19.5253
xyz 24.7499 -5.52994 18.9788
xyz 24.5143 -5.57128 18.8657
xyz 24.6884 -5.72885 18.9067
xyz 24.256 -7.6445 18.8908
xyz 25.069 -7.30086 19.1283
xyz 25.8189 -6.44222 20.5496
xyz 25.5679 -6.34313 20.9317
xyz 24.7368 -5.6136 21.4977
xyz 24.0427 -4.09276 20.3842
xyz 24.0041 -3.81923 20.5081
xyz 24.0846 -3.79762 19.8009
xyz 24.0844 -3.79705 19.8007
xyz 22.3235 -3.11951 18.9941
xyz 22.2578 -3.77211 19.1556
xyz 24.0855 -3.81486 19.8061
End loop. Loop info [total exposed]: 16.9112 16.9112
End net. Net info [total exposed]: 16.9112 16.9112
Start boundary net with  2 loops
Start boundary loop loop_id 0
Start boundary loop auf loop_id 0  init_edge IE_A_B
xyz 17.1427 5.11432 18.6544
xyz 17.7252 5.46086 17.8549
xyz 17.8588 5.59561 17.7383
xyz 18.3092 6.58636 17.9924
xyz 18.6661 7.85519 18.7776
xyz 18.7279 8.20923 19.0756
xyz 18.733 9.37887 19.5479
xyz 19.1721 10.8736 20.2621
xyz 20.0599 10.4533 20.3198
xyz 20.2532 10.2533 20.2886
xyz 20.6919 10.1758 20.1352
xyz 20.9419 11.0817 19.8395
xyz 21.6985 12.3813 19.0366
xyz 22.8836 11.3344 17.9759
xyz 23.1476 10.9264 17.7508
xyz 23.8921 8.9468 17.169
xyz 23.9967 8.84624 17.1313
xyz 24.2216 9.7828 17.3362
xyz 23.1476 10.9264 17.7508
xyz 22.8748 11.2929 17.7503
xyz 23.1078 11.386 17.1856
xyz 22.607 11.5549 17.3418
xyz 21.6419 12.8914 16.1298
xyz 21.5059 14.0228 14.548
xyz 21.5285 14.0807 14.4429
xyz 23.6234 14.552 12.0273
xyz 23.6646 14.5137 11.946
xyz 24.2566 14.8757 10.3201
xyz 25.2407 13.7146 10.0241
xyz 25.7124 16.1558 9.86317
xyz 26.0306 16.05 10.273
xyz 25.6886 16.3097 9.86952
xyz 26.1559 16.9719 9.29285
xyz 30.1081 18.2719 9.18486
xyz 32.2122 18.6753 9.44751
xyz 33.0924 18.7814 9.62687
xyz 32.944 17.9699 10.4768
xyz 32.7341 17.0166 11.4632
xyz 32.2781 15.9594 12.4818
xyz 32.2523 15.9359 12.499
xyz 32.2857 15.5233 12.6274
xyz 32.3354 15.5666 12.5948
xyz 32.4852 15.3121 12.5361
xyz 34.3435 17.4443 9.38313
xyz 34.5952 17.6775 8.92523
xyz 34.755 15.9892 7.61853
xyz 33.6118 13.3329 8.8143
xyz 34.1428 11.5671 8.93873
xyz 34.1121 11.3039 9.20302
xyz 33.8574 11.4626 9.65505
xyz 34.0722 11.1853 9.29222
xyz 33.9512 10.9704 9.39794
xyz 34.6123 10.5719 9.74443
xyz 36.1977 8.78962 11.3711
xyz 36.2526 8.28023 11.8583
xyz 35.8434 7.96303 12.1866
xyz 35.7123 7.93532 12.3774
xyz 35.2147 7.30385 13.2963
xyz 34.8421 7.13459 13.6576
xyz 34.9367 5.29685 13.657
xyz 34.6076 5.07217 13.761
xyz 34.9351 4.84252 13.7788
xyz 35.2615 4.38148 13.7075
xyz 35.3375 4.21321 13.6675
xyz 35.5996 3.32598 13.8602
xyz 35.3367 3.01884 14.9573
xyz 34.7025 2.59537 16.2236
xyz 32.1802 1.86429 17.1154
xyz 32.1379 1.81956 17.1479
xyz 32.1743 0.541369 17.8291
xyz 32.5311 -0.302521 18.2131
xyz 31.5769 -0.973408 17.8845
xyz 29.468 -0.250994 16.6323
xyz 28.5672 -0.914119 16.9716
xyz 28.3094 -0.939414 17.0399
xyz 28.2116 -1.02469 17.1265
xyz 27.3196 -1.37545 17.8815
xyz 26.8971 -1.09041 18.2024
xyz 26.6949 -0.73402 18.3382
xyz 26.8897 1.25865 18.0171
xyz 25.6277 2.69639 17.6801
xyz 25.5406 2.83584 17.6837
xyz 23.4947 2.08818 18.3388
xyz 23.1394 2.3052 18.056
xyz 22.307 3.04921 18.9363
xyz 21.8988 3.04578 18.8377
xyz 20.5545 2.65867 17.9718
xyz 20.2639 2.46861 18.186
xyz 19.6172 1.95928 18.9885
xyz 20.45 1.98346 20.3385
xyz 20.9615 1.50755 21.3085
xyz 21.0813 1.44618 21.4473
xyz 21.19 0.97512 21.441
xyz 21.922 -0.441931 21.1416
xyz 21.9131 -0.476524 21.4042
xyz 20.6996 -1.41546 22.8543
xyz 19.9188 -1.93258 22.9953
xyz 19.5345 -2.16857 22.8963
xyz 18.9066 -3.48867 22.5438
xyz 20.2199 -5.54244 22.2981
xyz 20.1627 -5.6841 22.3723
xyz 20.3042 -5.63585 22.3705
xyz 24.7368 -5.6136 21.4977
xyz 25.4913 -5.80585 24.1439
xyz 24.9102 -5.88691 25.3723
xyz 24.7168 -6.07094 26.0178
xyz 23.0201 -6.74701 28.0552
xyz 22.9557 -6.75574 28.0671
xyz 21.0909 -7.49157 28.3737
xyz 20.7052 -7.55896 28.197
xyz 19.1142 -7.76084 27.2528
xyz 18.576 -7.42554 25.7908
xyz 18.8472 -7.02865 27.4987
xyz 18.8456 -6.97232 27.5276
xyz 18.6308 -4.6883 27.8938
xyz 17.9158 -1.59587 26.1291
xyz 17.916 -1.59293 26.1295
xyz 17.9269 -1.55132 26.155
xyz 18.3838 -1.52612 27.2512
xyz 18.0973 -1.28757 27.5148
xyz 18.1447 -2.11181 28.6976
xyz 17.3233 -2.58776 29.2612
xyz 18.6127 -2.66601 28.5239
xyz 18.8303 -2.86018 28.344
xyz 18.6308 -4.6883 27.8938
xyz 17.3573 -5.9583 28.2087
xyz 17.1503 -6.07395 28.2135
xyz 17.8603 -6.4601 27.9586
xyz 18.1626 -6.7617 27.8577
xyz 14.2225 -7.97552 29.4607
xyz 11.3088 -10.9235 30.3007
xyz 11.6337 -8.57078 29.96
xyz 10.4303 -6.89775 31.6409
xyz 9.84178 -4.25529 33.3993
xyz 10.3486 -0.619799 29.6113
xyz 10.5042 -0.576479 28.8611
xyz 10.049 0.297797 28.5311
xyz 10.5308 0.946158 27.639
xyz 10.6148 0.994711 27.5343
xyz 10.6514 1.00876 27.4943
xyz 10.7979 1.01635 27.3726
xyz 14.177 -0.156759 25.6282
xyz 14.4854 0.227284 25.4563
xyz 14.8331 0.341227 25.4386
xyz 15.1087 0.226698 25.2773
xyz 15.0791 1.43516 24.2167
xyz 15.301 1.44722 24.1514
xyz 15.2707 1.48972 23.8722
xyz 15.1091 1.49109 23.8535
xyz 14.3577 2.05845 22.484
xyz 14.0895 2.11037 22.7961
xyz 12.3233 3.84862 24.3131
xyz 13.1625 5.15353 22.7712
xyz 15.0041 2.51225 21.5088
xyz 15.8324 2.67724 21.2113
xyz 16.6317 2.73959 20.5909
xyz 17.2385 3.23784 20.4082
xyz 17.2365 3.17317 20.0881
xyz 17.1837 4.17724 19.039
End loop. Loop info [total exposed]: 200.433 150.915
Start boundary loop loop_id 6
Start boundary loop auf loop_id 6  init_edge IE_A_Wi
xyz 20.2497 -5.54021 22.3025
xyz 20.3042 -5.63585 22.3705
xyz 20.1627 -5.6841 22.3723
xyz 20.2199 -5.54244 22.2981
End loop. Loop info [total exposed]: 0.478981 0.159627
End net. Net info [total exposed]: 200.912 151.075
Start boundary net with  1 loops
Start boundary loop loop_id 8
Start boundary loop auf loop_id 8  init_edge IE_B_Wi
xyz 35.5729 1.86493 17.931
xyz 35.5598 1.95254 18.1009
xyz 35.5471 2.00135 18.1171
End loop. Loop info [total exposed]: 0.476688 0.476688
End net. Net info [total exposed]: 0.476688 0.476688
Start boundary net with  1 loops
Start boundary loop loop_id 1
Start boundary loop auf loop_id 1  init_edge IE_A_B
xyz 26.3697 8.654 17.7228
xyz 25.9851 8.87809 17.8085
xyz 25.8308 9.1847 17.7985
xyz 26.0279 9.14672 17.7389
End loop. Loop info [total exposed]: 1.60589 1.60589
End net. Net info [total exposed]: 1.60589 1.60589
Start boundary net with  1 loops
Start boundary loop loop_id 2
Start boundary loop auf loop_id 2  init_edge IE_A_B
xyz 27.0555 6.82251 16.5461
xyz 27.174 7.07561 16.9208
xyz 27.2557 7.16778 16.981
xyz 27.2977 7.62637 17.2429
xyz 27.4179 7.55856 17.0888
xyz 27.4381 7.32805 16.9195
xyz 27.4435 7.27532 16.8688
xyz 27.5053 6.99857 16.0812
End loop. Loop info [total exposed]: 3.20871 3.20871
End net. Net info [total exposed]: 3.20871 3.20871
Start boundary net with  1 loops
Start boundary loop loop_id 3
Start boundary loop auf loop_id 3  init_edge IE_A_B
xyz 23.2217 -1.27864 20.0389
xyz 24.0257 -0.0969488 19.511
xyz 26.3835 -0.777078 18.322
xyz 26.8174 -1.26803 18.1349
xyz 26.7902 -1.35919 18.1572
xyz 26.5125 -1.77861 18.3406
xyz 24.0853 -3.79704 19.8002
xyz 24.0844 -3.79705 19.8007
End loop. Loop info [total exposed]: 11.7166 4.79341
End net. Net info [total exposed]: 11.7166 4.79341
+-+Surf_areas::Interface areas<for merged connected component>: IE_A_B: 596.75 IE_A_Wi: 101.80 IE_B_Wi: 98.35 
+-+Surf_areas::Chem Interface areas<for merged connected component>: ali: 155.93 aro: 21.46 hbd: 87.91 hbw: 89.35 hbdp: 0.00 elu: 0.00 elf: 17.15 hbwp: 0.00 ssb: 0.00 unk: 425.09 
+-+MCC_record::dump_stats::Nb loops_before - nets_after uf merge: 10 9
