Begin VSO per interface edge
1 2256  2
1 2257  1
1 2258  1
2 2256  3
2 2258  2
2 2265  4
3 2256  3
3 2257  2
4 2257  1
8 2256  3
8 2257  2
8 2265  4
12 2256  2
12 2257  1
13 2256  3
13 2257  2
13 2265  4
14 2256  4
14 2265  5
15 2230  1
15 2234  2
15 2235  2
15 2239  1
15 2254  2
15 2256  3
15 2257  2
16 2236  1
16 2243  2
16 2244  2
16 2245  1
16 2254  3
16 2255  2
16 2256  3
16 2265  4
17 2230  2
17 2234  1
17 2235  2
17 2236  1
17 2244  2
17 2254  3
17 2256  4
993 2264  1
1011 2262  3
1012 2262  3
1013 2264  1
1016 2262  2
1016 2263  1
1016 2264  1
1017 2262  3
1017 2264  2
1018 2260  2
1018 2261  3
1018 2262  3
1018 2264  3
1020 2258  2
1020 2260  2
1021 2255  3
1021 2256  3
1021 2258  2
1021 2260  3
1021 2261  4
1021 2262  3
1021 2264  2
1021 2265  4
1022 2265  5
1023 2245  2
1023 2255  3
1023 2256  4
1023 2261  3
1023 2262  2
1023 2264  1
1023 2265  4
1024 2245  1
1025 2265  5
1043 2259  1
1045 2258  2
1045 2259  1
1045 2260  1
1045 2262  2
1045 2263  1
1046 2258  2
1046 2259  2
1047 2258  1
1047 2259  1
1050 2258  1
1051 2258  2
1070 2204  1
1071 2203  1
1071 2204  1
1097 1148  1
1097 1150  2
1101 1148  2
1101 1150  1
1102 1148  2
1102 1150  2
1103 1149  1
1103 1150  1
1106 1148  1
1110 1149  2
1111 1149  2
1111 1150  2
1112 1149  1
1112 2156  2
1112 2157  1
1121 1148  2
1121 1149  3
1121 1150  3
1122 1149  2
1122 2154  3
1122 2156  3
1123 1134  2
1123 1135  3
1123 1136  3
1123 1141  3
1123 1145  2
1123 1146  3
1123 1147  4
1123 1148  3
1123 1149  3
1123 1150  4
1123 2154  3
1123 2156  4
1124 1134  1
1124 1136  2
1124 1137  1
1124 1141  2
1124 1145  1
1124 1146  2
1124 1148  2
1125 1134  1
1125 1135  2
1125 2153  2
1125 2154  2
1125 2178  2
1125 2179  2
1125 2180  1
1125 2183  1
1125 2184  2
1126 2176  1
1126 2178  1
1126 2179  2
1126 2180  1
1127 2151  2
1127 2153  2
1127 2154  3
1127 2178  1
1128 2151  3
1128 2154  4
1128 2156  3
1129 2144  3
1129 2145  3
1129 2149  2
1129 2150  3
1129 2151  3
1129 2154  3
1129 2156  2
1129 2178  2
1130 2149  1
1130 2178  1
1131 2126  1
1131 2146  1
1131 2149  1
1131 2150  2
1131 2151  3
1131 2154  2
1131 2156  1
1132 1135  4
1132 1141  4
1132 1146  4
1132 1147  5
1132 1149  4
1132 2154  4
1132 2155  5
1132 2156  5
1132 2158  5
End VSO per interface edge

Voronoi Facets of interface MI_AB
FBeg
 1021   CB LYS A 132  2261   NE ARG B 146 unk
24.592 6.984 25.920 23.167 4.213 24.555  2.46
24.032878 5.653322 24.129863 
24.991231 4.579880 25.308511 
24.423152 4.500297 26.063117 
23.403992 5.109941 25.889475 
23.541079 5.786270 24.373389 
FEnd
FBeg
 1018   CA LYS A 132  2261   NE ARG B 146 unk
24.245 7.860 24.741 23.167 4.213 24.555  0.16
23.541079 5.786270 24.373389 
24.032878 5.653322 24.129863 
23.547503 5.816046 23.752334 
FEnd
FBeg
 1018   CA LYS A 132  2260   CD ARG B 146 ali
24.245 7.860 24.741 21.740 4.500 24.554  2.21
23.547503 5.816046 23.752334 
23.541079 5.786270 24.373389 
21.951937 6.898990 25.667854 
21.798009 7.038218 25.228182 
23.296728 6.041183 23.066390 
FEnd
FBeg
 1045   CB ALA A 135  2260   CD ARG B 146 ali
20.961 7.247 22.747 21.740 4.500 24.554  19.91
21.798009 7.038218 25.228182 
23.296728 6.041183 23.066390 
22.510760 5.247182 22.198182 
18.062633 2.989357 20.683431 
17.586533 3.030572 20.951333 
17.924024 4.305053 22.743307 
20.165824 6.755365 25.501825 
20.891227 7.053116 25.641745 
FEnd
FBeg
 1045   CB ALA A 135  2258   CB ARG B 146 ali
20.961 7.247 22.747 21.228 4.558 27.085  0.19
20.165824 6.755365 25.501825 
20.891227 7.053116 25.641745 
20.655596 7.134079 25.706434 
20.313688 7.052376 25.676833 
19.821447 6.810939 25.557470 
FEnd
FBeg
 1046    N SER A 136  2258   CB ARG B 146 unk
19.494 9.394 24.454 21.228 4.558 27.085  0.13
20.313688 7.052376 25.676833 
19.821447 6.810939 25.557470 
19.466744 6.744737 25.669557 
19.640396 6.889063 25.820394 
FEnd
FBeg
 1047   CA SER A 136  2258   CB ARG B 146 ali
18.431 9.700 25.385 21.228 4.558 27.085  1.22
19.466744 6.744737 25.669557 
17.701910 6.026215 26.399912 
17.294776 6.060082 27.172203 
19.095286 6.752434 26.303995 
19.640396 6.889063 25.820394 
FEnd
FBeg
 1050   CB SER A 136  2258   CB ARG B 146 ali
19.025 9.877 26.758 21.228 4.558 27.085  2.54
17.294776 6.060082 27.172203 
17.046686 5.981454 27.564619 
16.748128 5.932330 28.776956 
18.418089 6.570643 27.909260 
19.095286 6.752434 26.303995 
FEnd
FBeg
    1    N VAL A   1  2258   CB ARG B 146 unk
21.293 7.490 29.367 21.228 4.558 27.085  12.05
16.748128 5.932330 28.776956 
16.715047 5.884815 28.838947 
16.791092 5.540205 29.279549 
18.268199 4.901218 30.058470 
20.588193 5.419095 29.327000 
22.486169 6.767085 27.540990 
22.448712 6.855377 27.428616 
22.077766 7.176617 27.026441 
21.417268 7.302759 26.883182 
18.418089 6.570643 27.909260 
FEnd
FBeg
 1021   CB LYS A 132  2258   CB ARG B 146 ali
24.592 6.984 25.920 21.228 4.558 27.085  1.86
22.448712 6.855377 27.428616 
22.529673 6.778712 27.502747 
22.643700 6.587357 27.433531 
22.902006 5.580279 26.082260 
21.900947 6.857095 25.850495 
22.077766 7.176617 27.026441 
FEnd
FBeg
 1021   CB LYS A 132  2256    C ARG B 146 ali
24.592 6.984 25.920 22.823 4.823 28.980  0.53
22.529673 6.778712 27.502747 
22.643700 6.587357 27.433531 
24.109193 5.687543 27.645282 
23.087102 6.778736 27.825017 
FEnd
FBeg
    2   CA VAL A   1  2256    C ARG B 146 ali
22.454 8.302 29.618 22.823 4.823 28.980  2.06
23.087102 6.778736 27.825017 
22.529673 6.778712 27.502747 
22.486169 6.767085 27.540990 
22.269689 6.259162 30.185473 
23.240321 6.396324 29.998919 
23.332210 6.419183 29.927417 
FEnd
FBeg
    2   CA VAL A   1  2265  OXT ARG B 146 unk
22.454 8.302 29.618 23.719 5.656 29.018  2.04
23.332210 6.419183 29.927417 
23.087102 6.778736 27.825017 
23.867651 7.073384 28.171276 
24.750797 7.280880 29.118184 
FEnd
FBeg
    8    N HIS A   2  2265  OXT ARG B 146 hbd
23.959 7.357 31.250 23.719 5.656 29.018  2.25
24.750797 7.280880 29.118184 
23.332210 6.419183 29.927417 
23.992351 5.686896 30.414508 
24.385328 5.775252 30.304916 
25.333146 6.431799 29.702648 
25.220274 6.962975 29.309977 
FEnd
FBeg
 1025   NZ LYS A 132  2265  OXT ARG B 146 hbd
27.299 6.467 29.086 23.719 5.656 29.018  0.21
25.333146 6.431799 29.702648 
25.431329 6.026823 29.363561 
25.254917 6.816377 29.234529 
25.220274 6.962975 29.309977 
FEnd
FBeg
 1023   CD LYS A 132  2265  OXT ARG B 146 unk
26.240 5.897 27.046 23.719 5.656 29.018  2.65
25.431329 6.026823 29.363561 
25.261423 5.175430 29.042305 
24.982986 4.702808 28.628592 
24.127461 5.667552 27.652792 
24.120206 5.679634 27.644995 
24.283707 6.211348 27.918995 
25.254917 6.816377 29.234529 
FEnd
FBeg
 1023   CD LYS A 132  2255   CA ARG B 146 ali
26.240 5.897 27.046 22.568 4.102 27.681  2.75
24.127461 5.667552 27.652792 
24.120206 5.679634 27.644995 
24.423152 4.500297 26.063117 
24.539626 4.266993 26.077151 
25.152568 3.634460 27.833570 
24.922869 4.261285 28.277187 
FEnd
FBeg
   16  CE1 HIS A   2  2255   CA ARG B 146 ali
25.676 3.415 30.261 22.568 4.102 27.681  0.89
25.152568 3.634460 27.833570 
24.922869 4.261285 28.277187 
23.960529 3.079810 29.121868 
24.233730 3.031107 28.779788 
25.114722 3.574779 27.863269 
FEnd
FBeg
   16  CE1 HIS A   2  2245    O TYR B 145 unk
25.676 3.415 30.261 24.274 2.423 26.481  4.85
25.114722 3.574779 27.863269 
25.152568 3.634460 27.833570 
26.866966 2.729021 27.435318 
29.399168 0.469036 27.089222 
29.201978 0.032888 27.276820 
28.463858 0.310547 27.477721 
26.492850 1.361356 27.932999 
FEnd
FBeg
   16  CE1 HIS A   2  2243   CA TYR B 145 ali
25.676 3.415 30.261 23.383 0.406 27.279  0.88
28.463858 0.310547 27.477721 
25.325101 1.432171 28.759480 
26.492850 1.361356 27.932999 
FEnd
FBeg
   16  CE1 HIS A   2  2236    O LYS B 144 unk
25.676 3.415 30.261 24.272 0.022 29.792  11.96
29.201978 0.032888 27.276820 
29.744664 -0.504563 29.540449 
28.424704 -0.275228 31.832746 
25.148030 1.491409 28.861004 
25.325101 1.432171 28.759480 
28.463858 0.310547 27.477721 
FEnd
FBeg
   17  NE2 HIS A   2  2236    O LYS B 144 hbd
24.770 2.648 30.804 24.272 0.022 29.792  12.35
28.424704 -0.275228 31.832746 
25.148030 1.491409 28.861004 
24.292625 1.533230 29.173423 
24.073679 0.669199 31.523207 
24.817992 0.076805 32.694115 
26.601310 -0.513046 33.347135 
26.679813 -0.518325 33.322202 
FEnd
FBeg
   17  NE2 HIS A   2  2234   CA LYS B 144 unk
24.770 2.648 30.804 22.213 -0.796 30.687  0.73
24.073679 0.669199 31.523207 
24.817992 0.076805 32.694115 
24.659097 0.192960 32.747605 
23.099872 1.406622 31.098752 
FEnd
FBeg
   15  CD2 HIS A   2  2234   CA LYS B 144 ali
24.190 3.256 31.800 22.213 -0.796 30.687  4.24
24.659097 0.192960 32.747605 
23.099872 1.406622 31.098752 
22.582236 1.730187 30.840246 
21.677504 1.480170 33.357516 
FEnd
FBeg
   15  CD2 HIS A   2  2239   CD LYS B 144 ali
24.190 3.256 31.800 22.252 -2.021 33.463  22.63
21.677504 1.480170 33.357516 
24.659097 0.192960 32.747605 
27.024777 -0.171578 34.347739 
27.887141 0.413225 37.208392 
26.923706 1.137464 38.383781 
24.347603 1.782928 37.429859 
21.686004 1.610617 33.781354 
21.614878 1.530194 33.443269 
FEnd
FBeg
   15  CD2 HIS A   2  2230    O SER B 143 unk
24.190 3.256 31.800 20.750 1.387 30.378  7.92
22.582236 1.730187 30.840246 
21.677504 1.480170 33.357516 
21.614878 1.530194 33.443269 
20.095777 3.474772 34.562322 
20.252287 3.949193 33.560150 
22.336972 2.644849 30.231389 
22.522743 2.325454 30.201780 
22.612138 1.944275 30.486525 
FEnd
FBeg
   17  NE2 HIS A   2  2230    O SER B 143 hbd
24.770 2.648 30.804 20.750 1.387 30.378  0.05
22.522743 2.325454 30.201780 
22.612138 1.944275 30.486525 
22.601114 2.096241 30.140713 
FEnd
FBeg
   17  NE2 HIS A   2  2254    N ARG B 146 hbd
24.770 2.648 30.804 22.561 2.672 27.879  1.61
22.601114 2.096241 30.140713 
22.522743 2.325454 30.201780 
22.720357 2.752704 30.056045 
23.960180 3.079582 29.122396 
24.147544 2.756209 28.978243 
23.632089 1.833612 29.359952 
FEnd
FBeg
   17  NE2 HIS A   2  2256    C ARG B 146 unk
24.770 2.648 30.804 22.823 4.823 28.980  0.90
22.720357 2.752704 30.056045 
23.899664 3.831856 30.084031 
23.960180 3.079582 29.122396 
FEnd
FBeg
   15  CD2 HIS A   2  2256    C ARG B 146 ali
24.190 3.256 31.800 22.823 4.823 28.980  1.75
22.720357 2.752704 30.056045 
23.899664 3.831856 30.084031 
24.014781 4.200933 30.233314 
23.022409 4.624058 30.949487 
22.438714 2.725005 30.177181 
FEnd
FBeg
   13   CG HIS A   2  2256    C ARG B 146 ali
24.777 4.499 31.879 22.823 4.823 28.980  1.80
24.014781 4.200933 30.233314 
24.250002 4.570934 30.116121 
24.280811 5.387017 30.186563 
23.992351 5.686896 30.414508 
23.207483 5.575956 30.931130 
22.984679 5.361639 31.057352 
23.022409 4.624058 30.949487 
FEnd
FBeg
   13   CG HIS A   2  2257    O ARG B 146 unk
24.777 4.499 31.879 22.114 4.644 29.956  0.24
22.984679 5.361639 31.057352 
23.022409 4.624058 30.949487 
22.627974 4.774889 31.507081 
FEnd
FBeg
   12   CB HIS A   2  2257    O ARG B 146 unk
24.353 5.547 32.910 22.114 4.644 29.956  3.99
22.627974 4.774889 31.507081 
22.984679 5.361639 31.057352 
22.902066 5.612369 31.043324 
22.697541 5.688639 31.175030 
21.500653 5.622103 32.102557 
19.662939 4.501698 33.837955 
19.723544 4.212137 33.880535 
20.252287 3.949193 33.560150 
FEnd
FBeg
    4    O VAL A   1  2257    O ARG B 146 unk
21.927 8.016 31.935 22.114 4.644 29.956  4.22
21.500653 5.622103 32.102557 
20.892545 5.952806 31.481615 
18.417368 5.389141 32.208153 
19.196296 4.767202 33.341473 
19.662939 4.501698 33.837955 
FEnd
FBeg
    3    C VAL A   1  2257    O ARG B 146 unk
22.782 7.934 31.054 22.114 4.644 29.956  1.60
22.697541 5.688639 31.175030 
22.760589 5.745919 30.965043 
22.002445 6.064176 30.472670 
20.892545 5.952806 31.481615 
21.500653 5.622103 32.102557 
FEnd
FBeg
    8    N HIS A   2  2257    O ARG B 146 hbd
23.959 7.357 31.250 22.114 4.644 29.956  0.02
22.902066 5.612369 31.043324 
22.760589 5.745919 30.965043 
22.697541 5.688639 31.175030 
FEnd
FBeg
   12   CB HIS A   2  2256    C ARG B 146 ali
24.353 5.547 32.910 22.823 4.823 28.980  0.04
23.207483 5.575956 30.931130 
22.902066 5.612369 31.043324 
22.984679 5.361639 31.057352 
FEnd
FBeg
   14  ND1 HIS A   2  2256    C ARG B 146 unk
25.690 4.548 30.912 22.823 4.823 28.980  0.34
24.250002 4.570934 30.116121 
24.726291 4.940899 29.461991 
24.280811 5.387017 30.186563 
FEnd
FBeg
   15  CD2 HIS A   2  2254    N ARG B 146 unk
24.190 3.256 31.800 22.561 2.672 27.879  0.09
22.336972 2.644849 30.231389 
22.438714 2.725005 30.177181 
22.720357 2.752704 30.056045 
22.522743 2.325454 30.201780 
FEnd
FBeg
   15  CD2 HIS A   2  2257    O ARG B 146 unk
24.190 3.256 31.800 22.114 4.644 29.956  4.92
20.252287 3.949193 33.560150 
22.627974 4.774889 31.507081 
23.022409 4.624058 30.949487 
22.438714 2.725005 30.177181 
22.336972 2.644849 30.231389 
FEnd
FBeg
   15  CD2 HIS A   2  2235    C LYS B 144 ali
24.190 3.256 31.800 23.100 -0.263 29.578  0.12
23.099872 1.406622 31.098752 
22.582236 1.730187 30.840246 
22.612138 1.944275 30.486525 
FEnd
FBeg
   17  NE2 HIS A   2  2235    C LYS B 144 unk
24.770 2.648 30.804 23.100 -0.263 29.578  3.05
24.292625 1.533230 29.173423 
24.073679 0.669199 31.523207 
23.099872 1.406622 31.098752 
22.612138 1.944275 30.486525 
22.601114 2.096241 30.140713 
23.632089 1.833612 29.359952 
FEnd
FBeg
   17  NE2 HIS A   2  2244    C TYR B 145 unk
24.770 2.648 30.804 23.417 1.912 27.198  0.98
25.148030 1.491409 28.861004 
24.292625 1.533230 29.173423 
23.632089 1.833612 29.359952 
24.147544 2.756209 28.978243 
FEnd
FBeg
 1024   CE LYS A 132  2245    O TYR B 145 unk
27.547 5.891 27.782 24.274 2.423 26.481  4.25
26.866966 2.729021 27.435318 
29.399168 0.469036 27.089222 
29.524825 0.674631 26.225060 
29.117045 1.229748 25.771191 
27.772867 2.478324 25.824562 
FEnd
FBeg
   16  CE1 HIS A   2  2244    C TYR B 145 ali
25.676 3.415 30.261 23.417 1.912 27.198  3.40
24.233730 3.031107 28.779788 
25.114722 3.574779 27.863269 
26.492850 1.361356 27.932999 
25.325101 1.432171 28.759480 
25.148030 1.491409 28.861004 
24.147544 2.756209 28.978243 
FEnd
FBeg
   16  CE1 HIS A   2  2254    N ARG B 146 unk
25.676 3.415 30.261 22.561 2.672 27.879  0.07
23.960529 3.079810 29.121868 
24.233730 3.031107 28.779788 
24.147544 2.756209 28.978243 
23.960180 3.079582 29.122396 
FEnd
FBeg
   16  CE1 HIS A   2  2256    C ARG B 146 ali
25.676 3.415 30.261 22.823 4.823 28.980  2.64
24.922869 4.261285 28.277187 
23.960529 3.079810 29.121868 
23.960180 3.079582 29.122396 
23.899664 3.831856 30.084031 
24.014781 4.200933 30.233314 
24.250002 4.570934 30.116121 
24.726291 4.940899 29.461991 
24.982986 4.702808 28.628592 
FEnd
FBeg
 1023   CD LYS A 132  2245    O TYR B 145 unk
26.240 5.897 27.046 24.274 2.423 26.481  5.59
24.539626 4.266993 26.077151 
25.019276 4.070142 25.618514 
25.049607 4.054822 25.607171 
27.772867 2.478324 25.824562 
26.866966 2.729021 27.435318 
25.152568 3.634460 27.833570 
FEnd
FBeg
 1023   CD LYS A 132  2264  NH2 ARG B 146 unk
26.240 5.897 27.046 25.085 3.421 23.559  6.86
25.049607 4.054822 25.607171 
25.152778 4.656337 25.145882 
26.506138 5.571020 24.048123 
26.569808 5.567968 24.029200 
28.232162 3.929099 24.642283 
28.333096 3.605139 24.838884 
27.772867 2.478324 25.824562 
FEnd
FBeg
  993    O ALA A 128  2264  NH2 ARG B 146 hbd
28.544 7.163 24.183 25.085 3.421 23.559  2.91
26.569808 5.567968 24.029200 
28.232162 3.929099 24.642283 
28.279557 4.091254 23.407156 
28.021138 4.456680 22.648251 
26.630903 5.602430 23.483874 
FEnd
FBeg
 1013   CB ASP A 131  2264  NH2 ARG B 146 unk
27.018 7.538 21.130 25.085 3.421 23.559  1.05
28.021138 4.456680 22.648251 
28.263965 4.003584 22.073524 
26.178752 5.653070 23.209883 
26.630903 5.602430 23.483874 
FEnd
FBeg
 1016  OD2 ASP A 131  2264  NH2 ARG B 146 elf
25.496 5.760 20.918 25.085 3.421 23.559  23.05
28.263965 4.003584 22.073524 
28.977846 2.728758 21.055571 
29.780001 0.881770 19.544621 
29.635829 0.432880 19.124626 
27.972648 -0.840991 17.737593 
27.471760 -0.776788 17.716505 
27.460557 -0.771487 17.719457 
25.099836 3.559884 21.188151 
25.367913 5.714145 23.137789 
26.178752 5.653070 23.209883 
FEnd
FBeg
 1016  OD2 ASP A 131  2262   CZ ARG B 146 unk
25.496 5.760 20.918 23.771 3.618 23.522  4.23
25.099836 3.559884 21.188151 
25.367913 5.714145 23.137789 
24.962293 5.872847 22.999635 
23.651281 6.136967 22.348424 
23.618478 6.131369 22.322090 
23.187693 5.652791 21.643050 
FEnd
FBeg
 1012    O ASP A 131  2262   CZ ARG B 146 unk
24.042 8.461 22.155 23.771 3.618 23.522  0.00
23.651281 6.136967 22.348424 
23.618478 6.131369 22.322090 
23.626240 6.157412 22.415895 
FEnd
FBeg
 1011    C ASP A 131  2262   CZ ARG B 146 ali
25.202 8.433 22.594 23.771 3.618 23.522  0.11
24.962293 5.872847 22.999635 
23.651281 6.136967 22.348424 
23.626240 6.157412 22.415895 
23.624879 6.171317 22.485940 
24.957608 5.874457 23.000761 
FEnd
FBeg
 1017    N LYS A 132  2262   CZ ARG B 146 unk
25.410 8.130 23.893 23.771 3.618 23.522  0.08
25.367913 5.714145 23.137789 
24.962293 5.872847 22.999635 
24.957608 5.874457 23.000761 
25.354491 5.690276 23.487364 
FEnd
FBeg
 1016  OD2 ASP A 131  2263  NH1 ARG B 146 elf
25.496 5.760 20.918 23.101 3.243 22.431  22.27
27.460557 -0.771487 17.719457 
25.099836 3.559884 21.188151 
23.187693 5.652791 21.643050 
22.451415 5.386251 20.034150 
22.734305 3.963585 18.115227 
23.271050 3.302075 17.864391 
26.106923 -0.053374 16.771365 
26.581968 -0.377229 16.984575 
FEnd
FBeg
 1017    N LYS A 132  2264  NH2 ARG B 146 hbd
25.410 8.130 23.893 25.085 3.421 23.559  0.78
26.506138 5.571020 24.048123 
26.569808 5.567968 24.029200 
26.630903 5.602430 23.483874 
26.178752 5.653070 23.209883 
25.367913 5.714145 23.137789 
25.354491 5.690276 23.487364 
25.516230 5.663948 23.701182 
FEnd
FBeg
 1018   CA LYS A 132  2264  NH2 ARG B 146 unk
24.245 7.860 24.741 25.085 3.421 23.559  0.02
25.354491 5.690276 23.487364 
25.337906 5.624110 23.724066 
25.516230 5.663948 23.701182 
FEnd
FBeg
 1021   CB LYS A 132  2264  NH2 ARG B 146 unk
24.592 6.984 25.920 25.085 3.421 23.559  1.09
25.152778 4.656337 25.145882 
26.506138 5.571020 24.048123 
25.516230 5.663948 23.701182 
25.337906 5.624110 23.724066 
FEnd
FBeg
 1023   CD LYS A 132  2262   CZ ARG B 146 ali
26.240 5.897 27.046 23.771 3.618 23.522  0.07
25.019276 4.070142 25.618514 
24.991231 4.579880 25.308511 
25.152778 4.656337 25.145882 
25.049607 4.054822 25.607171 
FEnd
FBeg
 1023   CD LYS A 132  2256    C ARG B 146 ali
26.240 5.897 27.046 22.823 4.823 28.980  0.46
24.982986 4.702808 28.628592 
24.127461 5.667552 27.652792 
24.922869 4.261285 28.277187 
FEnd
FBeg
   16  CE1 HIS A   2  2265  OXT ARG B 146 unk
25.676 3.415 30.261 23.719 5.656 29.018  0.24
25.261423 5.175430 29.042305 
24.726291 4.940899 29.461991 
24.982986 4.702808 28.628592 
FEnd
FBeg
   14  ND1 HIS A   2  2265  OXT ARG B 146 hbd
25.690 4.548 30.912 23.719 5.656 29.018  1.59
24.385328 5.775252 30.304916 
24.280811 5.387017 30.186563 
24.726291 4.940899 29.461991 
25.261423 5.175430 29.042305 
25.431329 6.026823 29.363561 
25.333146 6.431799 29.702648 
FEnd
FBeg
   13   CG HIS A   2  2265  OXT ARG B 146 unk
24.777 4.499 31.879 23.719 5.656 29.018  0.08
23.992351 5.686896 30.414508 
24.280811 5.387017 30.186563 
24.385328 5.775252 30.304916 
FEnd
FBeg
 1022   CG LYS A 132  2265  OXT ARG B 146 unk
25.754 7.299 26.760 23.719 5.656 29.018  1.27
23.867651 7.073384 28.171276 
24.750797 7.280880 29.118184 
25.220274 6.962975 29.309977 
25.254917 6.816377 29.234529 
24.283707 6.211348 27.918995 
FEnd
FBeg
    8    N HIS A   2  2256    C ARG B 146 unk
23.959 7.357 31.250 22.823 4.823 28.980  0.89
23.240321 6.396324 29.998919 
22.760589 5.745919 30.965043 
22.902066 5.612369 31.043324 
23.207483 5.575956 30.931130 
23.992351 5.686896 30.414508 
23.332210 6.419183 29.927417 
FEnd
FBeg
    3    C VAL A   1  2256    C ARG B 146 ali
22.782 7.934 31.054 22.823 4.823 28.980  0.72
22.269689 6.259162 30.185473 
22.002445 6.064176 30.472670 
22.760589 5.745919 30.965043 
23.240321 6.396324 29.998919 
FEnd
FBeg
 1021   CB LYS A 132  2265  OXT ARG B 146 unk
24.592 6.984 25.920 23.719 5.656 29.018  0.86
24.109193 5.687543 27.645282 
24.120206 5.679634 27.644995 
24.283707 6.211348 27.918995 
23.867651 7.073384 28.171276 
23.087102 6.778736 27.825017 
FEnd
FBeg
    2   CA VAL A   1  2258   CB ARG B 146 ali
22.454 8.302 29.618 21.228 4.558 27.085  0.00
22.486169 6.767085 27.540990 
22.529673 6.778712 27.502747 
22.448712 6.855377 27.428616 
FEnd
FBeg
    1    N VAL A   1  2256    C ARG B 146 unk
21.293 7.490 29.367 22.823 4.823 28.980  3.11
20.588193 5.419095 29.327000 
22.486169 6.767085 27.540990 
22.269689 6.259162 30.185473 
22.002445 6.064176 30.472670 
FEnd
FBeg
    1    N VAL A   1  2257    O ARG B 146 hbd
21.293 7.490 29.367 22.114 4.644 29.956  7.28
18.268199 4.901218 30.058470 
20.588193 5.419095 29.327000 
22.002445 6.064176 30.472670 
20.892545 5.952806 31.481615 
18.417368 5.389141 32.208153 
18.218517 5.263776 31.879573 
FEnd
FBeg
 1047   CA SER A 136  2259   CG ARG B 146 ali
18.431 9.700 25.385 20.909 3.951 25.717  1.22
19.466744 6.744737 25.669557 
17.701910 6.026215 26.399912 
18.218224 6.172272 25.075372 
19.029525 6.531500 25.240435 
FEnd
FBeg
 1043    C ALA A 135  2259   CG ARG B 146 ali
19.212 8.919 23.246 20.909 3.951 25.717  0.27
18.218224 6.172272 25.075372 
19.029525 6.531500 25.240435 
19.042513 6.533950 25.236439 
18.248858 5.913415 24.533896 
FEnd
FBeg
 1046    N SER A 136  2259   CG ARG B 146 unk
19.494 9.394 24.454 20.909 3.951 25.717  0.11
19.821447 6.810939 25.557470 
19.466744 6.744737 25.669557 
19.029525 6.531500 25.240435 
19.042513 6.533950 25.236439 
FEnd
FBeg
 1051   OG SER A 136  2258   CB ARG B 146 unk
20.148 9.058 27.139 21.228 4.558 27.085  3.55
20.655596 7.134079 25.706434 
20.313688 7.052376 25.676833 
19.640396 6.889063 25.820394 
19.095286 6.752434 26.303995 
18.418089 6.570643 27.909260 
21.417268 7.302759 26.883182 
FEnd
FBeg
 1020    O LYS A 132  2258   CB ARG B 146 unk
22.351 8.905 25.735 21.228 4.558 27.085  1.20
20.891227 7.053116 25.641745 
20.655596 7.134079 25.706434 
21.417268 7.302759 26.883182 
22.077766 7.176617 27.026441 
21.900947 6.857095 25.850495 
FEnd
FBeg
 1045   CB ALA A 135  2259   CG ARG B 146 ali
20.961 7.247 22.747 20.909 3.951 25.717  2.59
17.924024 4.305053 22.743307 
20.165824 6.755365 25.501825 
19.821447 6.810939 25.557470 
19.042513 6.533950 25.236439 
18.248858 5.913415 24.533896 
FEnd
FBeg
 1045   CB ALA A 135  2263  NH1 ARG B 146 unk
20.961 7.247 22.747 23.101 3.243 22.431  10.11
22.510760 5.247182 22.198182 
18.062633 2.989357 20.683431 
18.148892 3.087004 20.030313 
20.605134 4.470776 19.130739 
20.658029 4.499900 19.119923 
22.451415 5.386251 20.034150 
23.187693 5.652791 21.643050 
FEnd
FBeg
 1045   CB ALA A 135  2262   CZ ARG B 146 ali
20.961 7.247 22.747 23.771 3.618 23.522  1.04
23.296728 6.041183 23.066390 
22.510760 5.247182 22.198182 
23.187693 5.652791 21.643050 
23.618478 6.131369 22.322090 
23.626240 6.157412 22.415895 
23.624879 6.171317 22.485940 
FEnd
FBeg
 1020    O LYS A 132  2260   CD ARG B 146 unk
22.351 8.905 25.735 21.740 4.500 24.554  0.34
21.951937 6.898990 25.667854 
21.798009 7.038218 25.228182 
20.891227 7.053116 25.641745 
21.900947 6.857095 25.850495 
FEnd
FBeg
 1018   CA LYS A 132  2262   CZ ARG B 146 ali
24.245 7.860 24.741 23.771 3.618 23.522  2.20
24.032878 5.653322 24.129863 
23.547503 5.816046 23.752334 
23.296728 6.041183 23.066390 
23.624879 6.171317 22.485940 
24.957608 5.874457 23.000761 
25.354491 5.690276 23.487364 
25.337906 5.624110 23.724066 
FEnd
FBeg
 1021   CB LYS A 132  2260   CD ARG B 146 ali
24.592 6.984 25.920 21.740 4.500 24.554  2.28
23.403992 5.109941 25.889475 
22.902006 5.580279 26.082260 
21.900947 6.857095 25.850495 
21.951937 6.898990 25.667854 
23.541079 5.786270 24.373389 
FEnd
FBeg
 1021   CB LYS A 132  2255   CA ARG B 146 ali
24.592 6.984 25.920 22.568 4.102 27.681  3.24
24.423152 4.500297 26.063117 
24.120206 5.679634 27.644995 
24.109193 5.687543 27.645282 
22.643700 6.587357 27.433531 
22.902006 5.580279 26.082260 
23.403992 5.109941 25.889475 
FEnd
FBeg
 1023   CD LYS A 132  2261   NE ARG B 146 unk
26.240 5.897 27.046 23.167 4.213 24.555  0.33
24.991231 4.579880 25.308511 
24.423152 4.500297 26.063117 
24.539626 4.266993 26.077151 
25.019276 4.070142 25.618514 
FEnd
FBeg
 1021   CB LYS A 132  2262   CZ ARG B 146 ali
24.592 6.984 25.920 23.771 3.618 23.522  1.33
24.032878 5.653322 24.129863 
25.337906 5.624110 23.724066 
25.152778 4.656337 25.145882 
24.991231 4.579880 25.308511 
FEnd
FBeg
 1071  CG2 THR A 139  2204  CG2 THR B 139 ali
13.566 7.591 25.321 13.281 2.711 27.012  35.92
16.836540 5.414864 27.503207 
13.941645 4.368161 23.994660 
9.757156 5.279847 25.920411 
9.282903 5.733439 27.149489 
9.310715 6.171316 28.417830 
12.417455 6.739151 30.580132 
16.125530 6.313074 29.975490 
16.715047 5.884815 28.838947 
FEnd
FBeg
 1071  CG2 THR A 139  2203  OG1 THR B 139 unk
13.566 7.591 25.321 12.196 2.038 24.973  8.20
13.941645 4.368161 23.994660 
9.757156 5.279847 25.920411 
9.922008 5.278744 25.289014 
11.617911 5.071243 21.923690 
12.212020 4.942991 21.631313 
12.364777 4.904276 21.647708 
FEnd
FBeg
 1070  OG1 THR A 139  2204  CG2 THR B 139 unk
15.450 7.043 23.930 13.281 2.711 27.012  8.09
16.836540 5.414864 27.503207 
16.931315 5.026047 27.023393 
16.747519 2.898456 23.903543 
16.342897 2.739004 23.394662 
16.202897 2.758008 23.322847 
13.941645 4.368161 23.994660 
FEnd
FBeg
 1124    O ARG A 146  1134    N VAL B   1 hbd
4.114 6.583 25.057 4.688 4.175 26.695  7.32
5.639339 5.837006 25.668932 
7.508843 7.018428 26.750597 
6.742264 7.887719 28.297160 
6.455320 7.952370 28.492756 
4.441346 6.718811 27.385070 
3.796878 5.825063 26.297024 
FEnd
FBeg
 1123    C ARG A 146  1134    N VAL B   1 unk
3.831 5.750 24.211 4.688 4.175 26.695  3.07
3.796878 5.825063 26.297024 
5.639339 5.837006 25.668932 
4.452738 3.424736 24.548800 
3.658675 5.499001 26.137962 
FEnd
FBeg
 1123    C ARG A 146  1136    C VAL B   1 ali
3.831 5.750 24.211 2.609 4.643 27.542  0.68
3.658675 5.499001 26.137962 
3.796878 5.825063 26.297024 
2.977344 6.261519 26.141421 
2.819692 5.135652 25.709422 
FEnd
FBeg
 1123    C ARG A 146  1141    N HIS B   2 unk
3.831 5.750 24.211 1.546 5.052 26.864  0.95
2.977344 6.261519 26.141421 
2.804271 6.427390 26.035995 
2.627231 6.364158 25.866876 
2.042271 5.810963 25.217512 
2.740632 5.036053 25.615125 
2.819692 5.135652 25.709422 
FEnd
FBeg
 1132  OXT ARG A 146  1141    N HIS B   2 hbd
2.888 4.992 24.390 1.546 5.052 26.864  2.22
2.042271 5.810963 25.217512 
2.740632 5.036053 25.615125 
1.647594 3.677155 25.055172 
1.201329 3.984272 24.805651 
1.030130 4.653075 24.696566 
1.777126 5.659501 25.077360 
FEnd
FBeg
 1132  OXT ARG A 146  1146   CG HIS B   2 unk
2.888 4.992 24.390 0.967 7.560 25.249  0.05
1.777126 5.659501 25.077360 
2.042271 5.810963 25.217512 
1.939184 5.854226 24.857637 
FEnd
FBeg
 1132  OXT ARG A 146  1147  ND1 HIS B   2 hbd
2.888 4.992 24.390 0.511 6.810 24.248  1.53
1.030130 4.653075 24.696566 
1.777126 5.659501 25.077360 
1.939184 5.854226 24.857637 
1.875180 5.689829 23.824289 
1.554356 5.245524 23.506334 
1.138304 4.752969 24.164725 
FEnd
FBeg
 1132  OXT ARG A 146  2156   CD LYS B 132 unk
2.888 4.992 24.390 1.337 3.336 22.171  2.55
1.554356 5.245524 23.506334 
1.983584 5.384536 23.102578 
3.030739 4.130049 23.306856 
2.719702 3.871989 23.716845 
1.226324 4.064653 24.616880 
1.138304 4.752969 24.164725 
FEnd
FBeg
 1132  OXT ARG A 146  2154   CB LYS B 132 unk
2.888 4.992 24.390 3.120 2.029 22.701  0.86
3.030739 4.130049 23.306856 
3.762659 3.503003 24.507414 
2.880299 3.371400 24.617083 
2.719702 3.871989 23.716845 
FEnd
FBeg
 1123    C ARG A 146  2154   CB LYS B 132 ali
3.831 5.750 24.211 3.120 2.029 22.701  0.60
3.030739 4.130049 23.306856 
3.762659 3.503003 24.507414 
4.421526 3.377928 24.505395 
4.368446 3.479671 24.279668 
3.045972 4.138988 23.277655 
FEnd
FBeg
 1122   CA ARG A 146  2154   CB LYS B 132 ali
4.676 5.568 22.976 3.120 2.029 22.701  3.34
4.368446 3.479671 24.279668 
4.810522 3.414169 22.621270 
4.497299 3.600189 21.999633 
3.569565 4.060662 21.323055 
3.045972 4.138988 23.277655 
FEnd
FBeg
 1122   CA ARG A 146  2156   CD LYS B 132 ali
4.676 5.568 22.976 1.337 3.336 22.171  2.73
3.569565 4.060662 21.323055 
3.045972 4.138988 23.277655 
2.281112 5.546763 22.546868 
2.338829 5.732890 21.791396 
3.512332 4.195218 21.187372 
FEnd
FBeg
 1128   NE ARG A 146  2156   CD LYS B 132 unk
5.352 3.505 20.645 1.337 3.336 22.171  0.27
3.512332 4.195218 21.187372 
3.569565 4.060662 21.323055 
3.341287 3.479597 20.658089 
3.283347 4.002229 20.563525 
FEnd
FBeg
 1129   CZ ARG A 146  2156   CD LYS B 132 ali
5.294 3.261 19.332 1.337 3.336 22.171  0.06
3.341287 3.479597 20.658089 
3.253932 3.312843 20.540739 
3.254991 4.003391 20.523973 
3.283347 4.002229 20.563525 
FEnd
FBeg
 1131  NH2 ARG A 146  2156   CD LYS B 132 unk
4.113 3.248 18.722 1.337 3.336 22.171  6.69
3.253932 3.312843 20.540739 
2.307594 1.729370 19.819461 
2.255531 1.710704 19.778033 
0.754691 3.146485 18.533417 
0.634957 3.512423 18.427710 
0.906584 5.003664 18.608286 
3.254991 4.003391 20.523973 
FEnd
FBeg
 1131  NH2 ARG A 146  2126    O ALA B 128 hbd
4.113 3.248 18.722 0.188 0.292 20.045  2.95
2.255531 1.710704 19.778033 
0.754691 3.146485 18.533417 
1.163487 2.261696 17.769312 
1.645996 1.532507 17.571553 
2.411629 1.329185 19.388702 
FEnd
FBeg
 1131  NH2 ARG A 146  2146   CB ASP B 131 unk
4.113 3.248 18.722 2.720 -1.640 18.762  1.20
1.645996 1.532507 17.571553 
1.724986 1.502979 16.714063 
2.982698 1.166630 19.411964 
2.411629 1.329185 19.388702 
FEnd
FBeg
 1131  NH2 ARG A 146  2149  OD2 ASP B 131 elf
4.113 3.248 18.722 4.442 -0.166 18.143  23.43
1.724986 1.502979 16.714063 
1.660679 1.793608 14.963866 
1.788821 2.209191 12.586251 
2.413531 2.418983 11.704209 
4.115502 2.721432 10.887954 
4.790900 2.731100 11.214720 
4.854338 2.724754 11.288187 
5.022709 1.746901 17.149644 
3.707918 1.186462 19.707110 
2.982698 1.166630 19.411964 
FEnd
FBeg
 1129   CZ ARG A 146  2149  OD2 ASP B 131 unk
5.294 3.261 19.332 4.442 -0.166 18.143  4.23
5.022709 1.746901 17.149644 
3.707918 1.186462 19.707110 
4.038779 1.058070 19.840084 
5.497675 0.614622 20.072814 
5.583990 0.599514 20.054511 
6.283348 0.622071 19.488358 
FEnd
FBeg
 1129   CZ ARG A 146  2178   CB ALA B 135 ali
5.294 3.261 19.332 7.627 0.402 22.100  1.07
5.583990 0.599514 20.054511 
6.283348 0.622071 19.488358 
6.739285 1.387752 19.894926 
5.552543 1.179600 20.680173 
5.467502 0.692784 20.249029 
5.483871 0.674267 20.216107 
FEnd
FBeg
 1129   CZ ARG A 146  2151   CA LYS B 132 ali
5.294 3.261 19.332 3.772 0.676 22.551  2.19
5.552543 1.179600 20.680173 
5.107291 1.723494 20.906421 
4.486351 2.048125 20.873523 
3.501752 1.659835 20.096173 
3.577352 1.438921 19.954514 
4.090373 1.059044 19.892021 
5.467502 0.692784 20.249029 
FEnd
FBeg
 1131  NH2 ARG A 146  2151   CA LYS B 132 unk
4.113 3.248 18.722 3.772 0.676 22.551  0.03
3.501752 1.659835 20.096173 
3.577352 1.438921 19.954514 
3.325369 1.582349 20.028416 
FEnd
FBeg
 1128   NE ARG A 146  2151   CA LYS B 132 unk
5.352 3.505 20.645 3.772 0.676 22.551  0.19
5.107291 1.723494 20.906421 
4.486351 2.048125 20.873523 
4.850947 2.170222 21.356983 
FEnd
FBeg
 1127   CD ARG A 146  2151   CA LYS B 132 ali
6.609 3.486 21.379 3.772 0.676 22.551  2.26
5.552543 1.179600 20.680173 
5.107291 1.723494 20.906421 
4.850947 2.170222 21.356983 
5.617882 2.299595 23.523649 
5.919188 1.927129 23.359975 
FEnd
FBeg
 1127   CD ARG A 146  2153    O LYS B 132 unk
6.609 3.486 21.379 4.951 0.721 24.619  0.32
5.617882 2.299595 23.523649 
5.919188 1.927129 23.359975 
6.549242 2.281104 23.984472 
5.603967 2.418620 23.618103 
FEnd
FBeg
 1125   CB ARG A 146  2153    O LYS B 132 unk
6.065 5.043 23.367 4.951 0.721 24.619  1.28
6.549242 2.281104 23.984472 
5.603967 2.418620 23.618103 
4.909758 2.880843 24.596041 
5.557796 2.784180 24.838963 
6.764779 2.291497 24.212126 
FEnd
FBeg
 1125   CB ARG A 146  2178   CB ALA B 135 ali
6.065 5.043 23.367 7.627 0.402 22.100  0.23
6.764779 2.291497 24.212126 
6.549242 2.281104 23.984472 
7.326847 2.540107 23.994407 
7.642484 2.583034 24.226295 
7.035657 2.368297 24.264757 
FEnd
FBeg
 1125   CB ARG A 146  2179    N SER B 136 unk
6.065 5.043 23.367 7.979 -0.045 25.158  0.16
7.642484 2.583034 24.226295 
7.930481 2.753953 24.404080 
7.654964 2.700500 24.546665 
7.035657 2.368297 24.264757 
FEnd
FBeg
 1125   CB ARG A 146  2180   CA SER B 136 ali
6.065 5.043 23.367 8.534 0.426 26.407  1.28
7.930481 2.753953 24.404080 
9.328819 3.999843 25.160585 
9.389320 4.515871 25.895166 
7.972490 3.165949 24.995680 
7.654964 2.700500 24.546665 
FEnd
FBeg
 1125   CB ARG A 146  2183   CB SER B 136 ali
6.065 5.043 23.367 7.430 1.037 27.229  2.57
9.389320 4.515871 25.895166 
9.470069 4.851346 26.214609 
9.271721 5.662818 27.126443 
7.999673 4.405945 26.272304 
7.972490 3.165949 24.995680 
FEnd
FBeg
 1126   CG ARG A 146  2180   CA SER B 136 ali
6.980 4.738 22.178 8.534 0.426 26.407  1.19
7.930481 2.753953 24.404080 
9.328819 3.999843 25.160585 
9.363821 3.021432 24.150110 
8.502544 2.722460 24.161757 
FEnd
FBeg
 1126   CG ARG A 146  2176    C ALA B 135 ali
6.980 4.738 22.178 8.778 -0.365 24.146  0.29
9.363821 3.021432 24.150110 
8.502544 2.722460 24.161757 
8.480332 2.709456 24.148332 
9.595278 2.885917 23.587258 
FEnd
FBeg
 1126   CG ARG A 146  2179    N SER B 136 unk
6.980 4.738 22.178 7.979 -0.045 25.158  0.11
7.642484 2.583034 24.226295 
7.930481 2.753953 24.404080 
8.502544 2.722460 24.161757 
8.480332 2.709456 24.148332 
FEnd
FBeg
 1126   CG ARG A 146  2178   CB ALA B 135 ali
6.980 4.738 22.178 7.627 0.402 22.100  2.70
7.326847 2.540107 23.994407 
7.642484 2.583034 24.226295 
8.480332 2.709456 24.148332 
9.595278 2.885917 23.587258 
10.850089 3.111362 21.463325 
FEnd
FBeg
 1125   CB ARG A 146  2184   OG SER B 136 unk
6.065 5.043 23.367 6.378 1.755 26.554  3.57
5.557796 2.784180 24.838963 
6.764779 2.291497 24.212126 
7.035657 2.368297 24.264757 
7.654964 2.700500 24.546665 
7.972490 3.165949 24.995680 
7.999673 4.405945 26.272304 
FEnd
FBeg
 1127   CD ARG A 146  2178   CB ALA B 135 ali
6.609 3.486 21.379 7.627 0.402 22.100  19.86
6.739285 1.387752 19.894926 
5.552543 1.179600 20.680173 
5.919188 1.927129 23.359975 
6.549242 2.281104 23.984472 
7.326847 2.540107 23.994407 
10.850089 3.111362 21.463325 
12.012129 3.068591 19.639661 
11.683779 2.864953 19.232228 
FEnd
FBeg
 1130  NH1 ARG A 146  2178   CB ALA B 135 unk
6.386 2.992 18.614 7.627 0.402 22.100  10.01
6.283348 0.622071 19.488358 
6.739285 1.387752 19.894926 
11.683779 2.864953 19.232228 
11.849369 2.394948 18.824078 
9.810537 0.434434 18.093286 
9.738257 0.378541 18.077491 
7.559770 -0.024275 18.553741 
FEnd
FBeg
 1129   CZ ARG A 146  2145    O ASP B 131 unk
5.294 3.261 19.332 4.887 -1.333 21.205  0.01
5.497675 0.614622 20.072814 
5.583990 0.599514 20.054511 
5.483871 0.674267 20.216107 
FEnd
FBeg
 1129   CZ ARG A 146  2144    C ASP B 131 ali
5.294 3.261 19.332 3.665 -1.205 21.034  0.18
4.038779 1.058070 19.840084 
5.497675 0.614622 20.072814 
5.483871 0.674267 20.216107 
5.467502 0.692784 20.249029 
4.090373 1.059044 19.892021 
FEnd
FBeg
 1129   CZ ARG A 146  2150    N LYS B 132 unk
5.294 3.261 19.332 3.009 -0.209 21.667  0.09
3.707918 1.186462 19.707110 
4.038779 1.058070 19.840084 
4.090373 1.059044 19.892021 
3.577352 1.438921 19.954514 
FEnd
FBeg
 1130  NH1 ARG A 146  2149  OD2 ASP B 131 elf
6.386 2.992 18.614 4.442 -0.166 18.143  22.01
4.854338 2.724754 11.288187 
5.022709 1.746901 17.149644 
6.283348 0.622071 19.488358 
7.559770 -0.024275 18.553741 
8.283334 -0.115474 16.178786 
8.192839 -0.023499 15.935615 
6.268678 1.842948 11.363065 
FEnd
FBeg
 1131  NH2 ARG A 146  2150    N LYS B 132 hbd
4.113 3.248 18.722 3.009 -0.209 21.667  0.83
2.307594 1.729370 19.819461 
2.255531 1.710704 19.778033 
2.411629 1.329185 19.388702 
2.982698 1.166630 19.411964 
3.707918 1.186462 19.707110 
3.577352 1.438921 19.954514 
3.325369 1.582349 20.028416 
FEnd
FBeg
 1131  NH2 ARG A 146  2154   CB LYS B 132 unk
4.113 3.248 18.722 3.120 2.029 22.701  1.11
3.253932 3.312843 20.540739 
2.307594 1.729370 19.819461 
3.325369 1.582349 20.028416 
3.501752 1.659835 20.096173 
FEnd
FBeg
 1129   CZ ARG A 146  2154   CB LYS B 132 ali
5.294 3.261 19.332 3.120 2.029 22.701  1.27
3.341287 3.479597 20.658089 
3.253932 3.312843 20.540739 
3.501752 1.659835 20.096173 
4.486351 2.048125 20.873523 
FEnd
FBeg
 1112    O TYR A 145  2156   CD LYS B 132 unk
3.832 5.913 20.458 1.337 3.336 22.171  5.84
2.338829 5.732890 21.791396 
3.512332 4.195218 21.187372 
3.283347 4.002229 20.563525 
3.254991 4.003391 20.523973 
0.906584 5.003664 18.608286 
1.069983 5.964919 20.292369 
FEnd
FBeg
 1112    O TYR A 145  1149  CE1 HIS B   2 unk
3.832 5.913 20.458 0.943 7.306 23.119  4.37
1.069983 5.964919 20.292369 
2.338829 5.732890 21.791396 
2.339363 5.734040 21.791374 
1.397114 7.300420 19.948411 
-0.096069 7.569971 18.186183 
-0.623755 7.559826 17.618595 
-0.759257 7.178798 17.670945 
FEnd
FBeg
 1103    O LYS A 144  1149  CE1 HIS B   2 unk
2.856 9.795 21.296 0.943 7.306 23.119  12.25
-0.096069 7.569971 18.186183 
-0.623755 7.559826 17.618595 
-1.896938 9.260473 18.604503 
-1.585424 10.723527 20.928951 
2.299438 7.985617 21.267449 
2.175268 7.940725 21.075856 
FEnd
FBeg
 1103    O LYS A 144  1150  NE2 HIS B   2 hbd
2.856 9.795 21.296 1.663 8.361 23.389  11.64
-1.585424 10.723527 20.928951 
2.299438 7.985617 21.267449 
2.875084 8.235484 21.766759 
2.262096 10.402429 22.902021 
1.216882 11.468647 23.036765 
-0.496015 12.043018 22.453946 
-0.538191 12.027716 22.419422 
FEnd
FBeg
 1101   CA LYS A 144  1150  NE2 HIS B   2 unk
4.485 11.274 22.229 1.663 8.361 23.389  0.93
2.262096 10.402429 22.902021 
1.216882 11.468647 23.036765 
1.385968 11.411835 23.305441 
3.333726 9.610856 23.521234 
FEnd
FBeg
 1101   CA LYS A 144  1148  CD2 HIS B   2 ali
4.485 11.274 22.229 1.711 8.567 24.675  4.19
1.385968 11.411835 23.305441 
3.333726 9.610856 23.521234 
3.764882 9.335035 23.704954 
3.657476 11.206051 25.653809 
FEnd
FBeg
 1106   CD LYS A 144  1148  CD2 HIS B   2 ali
3.521 13.905 23.392 1.711 8.567 24.675  22.35
3.657476 11.206051 25.653809 
1.385968 11.411835 23.305441 
-1.405396 12.347350 23.259772 
-3.353254 13.477145 25.212403 
-3.050071 13.762327 26.826636 
-0.459898 13.064955 27.579278 
3.443542 11.360617 25.995079 
3.667431 11.219209 25.722598 
FEnd
FBeg
 1097    O SER A 143  1148  CD2 HIS B   2 unk
5.635 9.587 23.912 1.711 8.567 24.675  7.98
3.764882 9.335035 23.704954 
3.657476 11.206051 25.653809 
3.667431 11.219209 25.722598 
4.338835 10.578066 28.318432 
4.512450 9.542120 27.826430 
4.086833 8.280412 23.950856 
3.983675 8.473974 23.679088 
3.830471 9.004113 23.599885 
FEnd
FBeg
 1097    O SER A 143  1150  NE2 HIS B   2 hbd
5.635 9.587 23.912 1.663 8.361 23.389  0.06
3.983675 8.473974 23.679088 
3.830471 9.004113 23.599885 
3.969592 8.622469 23.437948 
FEnd
FBeg
 1121    N ARG A 146  1150  NE2 HIS B   2 hbd
4.801 6.809 22.250 1.663 8.361 23.389  1.59
3.969592 8.622469 23.437948 
3.983675 8.473974 23.679088 
3.799281 8.045752 23.754566 
3.003351 7.100154 22.850211 
2.930138 7.256135 22.435967 
3.367086 8.207918 22.342882 
FEnd
FBeg
 1121    N ARG A 146  1149  CE1 HIS B   2 unk
4.801 6.809 22.250 0.943 7.306 23.119  0.10
3.003351 7.100154 22.850211 
2.930138 7.256135 22.435967 
2.874755 6.831191 22.433126 
2.986411 7.040056 22.809377 
FEnd
FBeg
 1123    C ARG A 146  1149  CE1 HIS B   2 ali
3.831 5.750 24.211 0.943 7.306 23.119  2.68
2.986411 7.040056 22.809377 
3.003351 7.100154 22.850211 
2.588057 7.101866 23.950973 
2.366594 6.888745 24.232996 
2.139307 6.501128 24.281780 
1.875180 5.689829 23.824289 
1.983584 5.384536 23.102578 
2.281112 5.546763 22.546868 
FEnd
FBeg
 1123    C ARG A 146  1148  CD2 HIS B   2 ali
3.831 5.750 24.211 1.711 8.567 24.675  1.63
2.588057 7.101866 23.950973 
2.366594 6.888745 24.232996 
2.905153 7.113983 25.326206 
4.000034 8.169472 23.920681 
3.799281 8.045752 23.754566 
FEnd
FBeg
 1123    C ARG A 146  1150  NE2 HIS B   2 unk
3.831 5.750 24.211 1.663 8.361 23.389  0.84
3.799281 8.045752 23.754566 
2.588057 7.101866 23.950973 
3.003351 7.100154 22.850211 
FEnd
FBeg
 1121    N ARG A 146  1148  CD2 HIS B   2 unk
4.801 6.809 22.250 1.711 8.567 24.675  0.08
4.086833 8.280412 23.950856 
4.000034 8.169472 23.920681 
3.799281 8.045752 23.754566 
3.983675 8.473974 23.679088 
FEnd
FBeg
 1124    O ARG A 146  1148  CD2 HIS B   2 unk
4.114 6.583 25.057 1.711 8.567 24.675  4.82
4.512450 9.542120 27.826430 
3.037140 7.405129 26.008057 
2.905153 7.113983 25.326206 
4.000034 8.169472 23.920681 
4.086833 8.280412 23.950856 
FEnd
FBeg
 1124    O ARG A 146  1146   CG HIS B   2 unk
4.114 6.583 25.057 0.967 7.560 25.249  0.28
3.037140 7.405129 26.008057 
2.905153 7.113983 25.326206 
2.772611 6.573819 25.902406 
FEnd
FBeg
 1124    O ARG A 146  1145   CB HIS B   2 unk
4.114 6.583 25.057 0.796 7.422 26.763  3.81
4.512450 9.542120 27.826430 
3.037140 7.405129 26.008057 
2.772611 6.573819 25.902406 
2.804271 6.427390 26.035995 
2.958866 6.487859 26.306930 
3.702962 7.271010 27.368973 
4.865523 9.427801 28.569342 
4.845538 9.608036 28.441835 
FEnd
FBeg
 1102    C LYS A 144  1148  CD2 HIS B   2 ali
4.045 10.058 21.436 1.711 8.567 24.675  0.08
3.333726 9.610856 23.521234 
3.764882 9.335035 23.704954 
3.830471 9.004113 23.599885 
FEnd
FBeg
 1102    C LYS A 144  1150  NE2 HIS B   2 unk
4.045 10.058 21.436 1.663 8.361 23.389  3.14
2.875084 8.235484 21.766759 
2.262096 10.402429 22.902021 
3.333726 9.610856 23.521234 
3.830471 9.004113 23.599885 
3.969592 8.622469 23.437948 
3.367086 8.207918 22.342882 
FEnd
FBeg
 1111    C TYR A 145  1150  NE2 HIS B   2 unk
4.398 6.870 20.982 1.663 8.361 23.389  0.87
2.299438 7.985617 21.267449 
2.875084 8.235484 21.766759 
3.367086 8.207918 22.342882 
2.930138 7.256135 22.435967 
FEnd
FBeg
 1110   CA TYR A 145  1149  CE1 HIS B   2 ali
4.604 8.104 20.139 0.943 7.306 23.119  0.94
1.397114 7.300420 19.948411 
-0.096069 7.569971 18.186183 
2.175268 7.940725 21.075856 
FEnd
FBeg
 1111    C TYR A 145  1149  CE1 HIS B   2 ali
4.398 6.870 20.982 0.943 7.306 23.119  3.50
2.339363 5.734040 21.791374 
1.397114 7.300420 19.948411 
2.175268 7.940725 21.075856 
2.299438 7.985617 21.267449 
2.930138 7.256135 22.435967 
2.874755 6.831191 22.433126 
FEnd
FBeg
 1112    O TYR A 145  2157   CE LYS B 132 unk
3.832 5.913 20.458 -0.138 3.606 22.160  4.40
0.906584 5.003664 18.608286 
1.069983 5.964919 20.292369 
-0.759257 7.178798 17.670945 
-0.567162 6.467046 17.154261 
-0.034912 5.710676 17.370529 
FEnd
FBeg
 1122   CA ARG A 146  1149  CE1 HIS B   2 ali
4.676 5.568 22.976 0.943 7.306 23.119  0.80
2.281112 5.546763 22.546868 
2.986411 7.040056 22.809377 
2.874755 6.831191 22.433126 
2.339363 5.734040 21.791374 
2.338829 5.732890 21.791396 
FEnd
FBeg
 1128   NE ARG A 146  2154   CB LYS B 132 unk
5.352 3.505 20.645 3.120 2.029 22.701  2.46
4.497299 3.600189 21.999633 
4.850947 2.170222 21.356983 
4.486351 2.048125 20.873523 
3.341287 3.479597 20.658089 
3.569565 4.060662 21.323055 
FEnd
FBeg
 1127   CD ARG A 146  2154   CB LYS B 132 ali
6.609 3.486 21.379 3.120 2.029 22.701  2.15
4.810522 3.414169 22.621270 
5.603967 2.418620 23.618103 
5.617882 2.299595 23.523649 
4.850947 2.170222 21.356983 
4.497299 3.600189 21.999633 
FEnd
FBeg
 1125   CB ARG A 146  2154   CB LYS B 132 ali
6.065 5.043 23.367 3.120 2.029 22.701  1.85
4.421526 3.377928 24.505395 
4.535160 3.259303 24.539755 
4.909758 2.880843 24.596041 
5.603967 2.418620 23.618103 
4.810522 3.414169 22.621270 
4.368446 3.479671 24.279668 
FEnd
FBeg
 1125   CB ARG A 146  1135   CA VAL B   1 ali
6.065 5.043 23.367 3.418 3.531 26.901  0.01
4.421526 3.377928 24.505395 
4.535160 3.259303 24.539755 
4.452738 3.424736 24.548800 
FEnd
FBeg
 1123    C ARG A 146  2156   CD LYS B 132 ali
3.831 5.750 24.211 1.337 3.336 22.171  0.56
1.983584 5.384536 23.102578 
3.030739 4.130049 23.306856 
3.045972 4.138988 23.277655 
2.281112 5.546763 22.546868 
FEnd
FBeg
 1132  OXT ARG A 146  1149  CE1 HIS B   2 unk
2.888 4.992 24.390 0.943 7.306 23.119  0.19
1.875180 5.689829 23.824289 
1.983584 5.384536 23.102578 
1.554356 5.245524 23.506334 
FEnd
FBeg
 1123    C ARG A 146  1147  ND1 HIS B   2 unk
3.831 5.750 24.211 0.511 6.810 24.248  0.40
1.939184 5.854226 24.857637 
1.875180 5.689829 23.824289 
2.139307 6.501128 24.281780 
FEnd
FBeg
 1132  OXT ARG A 146  2158   NZ LYS B 132 hbd
2.888 4.992 24.390 -0.508 3.979 23.509  0.24
1.201329 3.984272 24.805651 
1.030130 4.653075 24.696566 
1.138304 4.752969 24.164725 
1.226324 4.064653 24.616880 
FEnd
FBeg
 1132  OXT ARG A 146  2155   CG LYS B 132 unk
2.888 4.992 24.390 1.689 2.131 23.013  1.37
1.647594 3.677155 25.055172 
1.201329 3.984272 24.805651 
1.226324 4.064653 24.616880 
2.719702 3.871989 23.716845 
2.880299 3.371400 24.617083 
FEnd
FBeg
 1132  OXT ARG A 146  1135   CA VAL B   1 unk
2.888 4.992 24.390 3.418 3.531 26.901  2.06
2.740632 5.036053 25.615125 
1.647594 3.677155 25.055172 
2.880299 3.371400 24.617083 
3.762659 3.503003 24.507414 
FEnd
FBeg
 1123    C ARG A 146  1146   CG HIS B   2 ali
3.831 5.750 24.211 0.967 7.560 25.249  1.77
2.627231 6.364158 25.866876 
2.772611 6.573819 25.902406 
2.905153 7.113983 25.326206 
2.366594 6.888745 24.232996 
2.139307 6.501128 24.281780 
1.939184 5.854226 24.857637 
2.042271 5.810963 25.217512 
FEnd
FBeg
 1123    C ARG A 146  1145   CB HIS B   2 ali
3.831 5.750 24.211 0.796 7.422 26.763  0.02
2.804271 6.427390 26.035995 
2.772611 6.573819 25.902406 
2.627231 6.364158 25.866876 
FEnd
FBeg
 1124    O ARG A 146  1141    N HIS B   2 hbd
4.114 6.583 25.057 1.546 5.052 26.864  0.03
2.977344 6.261519 26.141421 
2.804271 6.427390 26.035995 
2.958866 6.487859 26.306930 
FEnd
FBeg
 1123    C ARG A 146  1135   CA VAL B   1 ali
3.831 5.750 24.211 3.418 3.531 26.901  2.18
4.452738 3.424736 24.548800 
3.658675 5.499001 26.137962 
2.819692 5.135652 25.709422 
2.740632 5.036053 25.615125 
3.762659 3.503003 24.507414 
4.421526 3.377928 24.505395 
FEnd
FBeg
 1124    O ARG A 146  1136    C VAL B   1 unk
4.114 6.583 25.057 2.609 4.643 27.542  1.65
4.441346 6.718811 27.385070 
3.702962 7.271010 27.368973 
2.958866 6.487859 26.306930 
2.977344 6.261519 26.141421 
3.796878 5.825063 26.297024 
FEnd
FBeg
 1124    O ARG A 146  1137    O VAL B   1 unk
4.114 6.583 25.057 3.027 5.231 28.539  4.08
6.455320 7.952370 28.492756 
5.410553 9.007712 28.576374 
4.865523 9.427801 28.569342 
3.702962 7.271010 27.368973 
4.441346 6.718811 27.385070 
FEnd
FBeg
 1125   CB ARG A 146  1134    N VAL B   1 unk
6.065 5.043 23.367 4.688 4.175 26.695  11.85
5.639339 5.837006 25.668932 
7.508843 7.018428 26.750597 
9.095616 6.242413 27.204746 
9.282903 5.733439 27.149489 
9.271721 5.662818 27.126443 
7.999673 4.405945 26.272304 
5.557796 2.784180 24.838963 
4.909758 2.880843 24.596041 
4.535160 3.259303 24.539755 
4.452738 3.424736 24.548800 
FEnd

+-+CCS_record::Boundary loops before union-find
Start boundary loop loop_id 0  init_edge IE_A_B
xyz 22.4514 5.38625 20.0341
xyz 22.7343 3.96358 18.1152
xyz 23.2711 3.30208 17.8644
xyz 26.1069 -0.0533738 16.7714
xyz 26.582 -0.377229 16.9846
xyz 27.4606 -0.771487 17.7195
xyz 27.4718 -0.776788 17.7165
xyz 27.9726 -0.840991 17.7376
xyz 29.6358 0.43288 19.1246
xyz 29.78 0.88177 19.5446
xyz 28.9778 2.72876 21.0556
xyz 28.264 4.00358 22.0735
xyz 28.0211 4.45668 22.6483
xyz 28.2796 4.09125 23.4072
xyz 28.2322 3.9291 24.6423
xyz 28.3331 3.60514 24.8389
xyz 27.7729 2.47832 25.8246
xyz 29.117 1.22975 25.7712
xyz 29.5248 0.674631 26.2251
xyz 29.3992 0.469036 27.0892
xyz 29.202 0.0328882 27.2768
xyz 29.7447 -0.504563 29.5404
xyz 28.4247 -0.275228 31.8327
xyz 26.6798 -0.518325 33.3222
xyz 26.6013 -0.513046 33.3471
xyz 24.818 0.0768047 32.6941
xyz 24.6591 0.19296 32.7476
xyz 27.0248 -0.171578 34.3477
xyz 27.8871 0.413225 37.2084
xyz 26.9237 1.13746 38.3838
xyz 24.3476 1.78293 37.4299
xyz 21.686 1.61062 33.7814
xyz 21.6149 1.53019 33.4433
xyz 20.0958 3.47477 34.5623
xyz 20.2523 3.94919 33.5602
xyz 19.7235 4.21214 33.8805
xyz 19.6629 4.5017 33.838
xyz 19.1963 4.7672 33.3415
xyz 18.4174 5.38914 32.2082
xyz 18.2185 5.26378 31.8796
xyz 18.2682 4.90122 30.0585
xyz 16.7911 5.5402 29.2795
xyz 16.715 5.88481 28.8389
xyz 16.7481 5.93233 28.777
xyz 17.0467 5.98145 27.5646
xyz 17.2948 6.06008 27.1722
xyz 17.7019 6.02622 26.3999
xyz 18.2182 6.17227 25.0754
xyz 18.2489 5.91341 24.5339
xyz 17.924 4.30505 22.7433
xyz 17.5865 3.03057 20.9513
xyz 18.0626 2.98936 20.6834
xyz 18.1489 3.087 20.0303
xyz 20.6051 4.47078 19.1307
xyz 20.658 4.4999 19.1199
End loop
Boundary info init_edge IE_A_B [total exposed]: 78.946824 78.946824
Start boundary loop loop_id 1  init_edge IE_A_B
xyz 16.9313 5.02605 27.0234
xyz 16.7475 2.89846 23.9035
xyz 16.3429 2.739 23.3947
xyz 16.2029 2.75801 23.3228
xyz 13.9416 4.36816 23.9947
xyz 12.3648 4.90428 21.6477
xyz 12.212 4.94299 21.6313
xyz 11.6179 5.07124 21.9237
xyz 9.92201 5.27874 25.289
xyz 9.75716 5.27985 25.9204
xyz 9.2829 5.73344 27.1495
xyz 9.31071 6.17132 28.4178
xyz 12.4175 6.73915 30.5801
xyz 16.1255 6.31307 29.9755
xyz 16.715 5.88481 28.8389
xyz 16.8365 5.41486 27.5032
End loop
Boundary info init_edge IE_A_B [total exposed]: 29.342322 29.342322
Start boundary loop loop_id 2  init_edge IE_A_B
xyz -0.459898 13.065 27.5793
xyz 3.44354 11.3606 25.9951
xyz 3.66743 11.2192 25.7226
xyz 4.33883 10.5781 28.3184
xyz 4.51245 9.54212 27.8264
xyz 4.84554 9.60804 28.4418
xyz 4.86552 9.4278 28.5693
xyz 5.41055 9.00771 28.5764
xyz 6.45532 7.95237 28.4928
xyz 6.74226 7.88772 28.2972
xyz 7.50884 7.01843 26.7506
xyz 9.09562 6.24241 27.2047
xyz 9.2829 5.73344 27.1495
xyz 9.27172 5.66282 27.1264
xyz 9.47007 4.85135 26.2146
xyz 9.38932 4.51587 25.8952
xyz 9.32882 3.99984 25.1606
xyz 9.36382 3.02143 24.1501
xyz 9.59528 2.88592 23.5873
xyz 10.8501 3.11136 21.4633
xyz 12.0121 3.06859 19.6397
xyz 11.6838 2.86495 19.2322
xyz 11.8494 2.39495 18.8241
xyz 9.81054 0.434434 18.0933
xyz 9.73826 0.378541 18.0775
xyz 7.55977 -0.0242752 18.5537
xyz 8.28333 -0.115474 16.1788
xyz 8.19284 -0.0234994 15.9356
xyz 6.26868 1.84295 11.3631
xyz 4.85434 2.72475 11.2882
xyz 4.7909 2.7311 11.2147
xyz 4.1155 2.72143 10.888
xyz 2.41353 2.41898 11.7042
xyz 1.78882 2.20919 12.5863
xyz 1.66068 1.79361 14.9639
xyz 1.72499 1.50298 16.7141
xyz 1.646 1.53251 17.5716
xyz 1.16349 2.2617 17.7693
xyz 0.754691 3.14649 18.5334
xyz 0.634957 3.51242 18.4277
xyz 0.906584 5.00366 18.6083
xyz -0.0349118 5.71068 17.3705
xyz -0.567162 6.46705 17.1543
xyz -0.759257 7.1788 17.6709
xyz -0.623755 7.55983 17.6186
xyz -1.89694 9.26047 18.6045
xyz -1.58542 10.7235 20.929
xyz -0.538191 12.0277 22.4194
xyz -0.496015 12.043 22.4539
xyz 1.21688 11.4686 23.0368
xyz 1.38597 11.4118 23.3054
xyz -1.4054 12.3473 23.2598
xyz -3.35325 13.4771 25.2124
xyz -3.05007 13.7623 26.8266
End loop
Boundary info init_edge IE_A_B [total exposed]: 79.105550 79.105550
