4 318
-2.750 -2.480 -0.320 1.950
-3.190 -1.880 -2.020 1.950
-3.100 -1.730 -0.850 1.950
-3.460 -0.650 -0.220 1.950
-3.360 -0.570 0.740 1.950
-3.990 0.540 -0.880 1.950
-5.420 0.800 -0.460 1.950
-6.330 -0.380 -0.720 1.950
-6.020 1.970 -1.180 1.950
-3.100 1.720 -0.550 1.950
-2.890 2.040 0.590 1.950
-2.590 2.340 -1.580 1.950
-2.740 1.990 -2.480 1.950
-1.760 3.540 -1.510 1.950
-0.530 3.450 -2.390 1.950
-0.610 3.460 -3.570 1.950
0.610 3.370 -1.760 1.950
0.620 3.310 -0.790 1.950
1.920 3.320 -2.410 1.950
2.740 4.510 -1.970 1.955
2.660 2.030 -2.100 1.950
2.740 1.600 -0.980 1.950
3.190 1.420 -3.140 1.950
3.020 1.750 -4.040 1.950
3.930 0.160 -3.060 1.950
5.400 0.420 -3.330 1.950
6.280 -0.740 -3.000 1.950
6.460 -0.920 -1.570 1.950
7.600 -0.620 -3.640 1.950
3.350 -0.880 -4.000 1.950
3.360 -0.730 -5.200 1.950
2.790 -1.900 -3.390 1.950
2.770 -1.940 -2.410 1.950
2.150 -3.020 -4.080 1.950
2.890 -4.300 -3.720 1.955
0.680 -3.140 -3.720 1.950
0.300 -3.060 -2.570 1.950
-0.120 -3.340 -4.750 1.950
0.210 -3.280 -5.660 1.950
-1.570 -3.530 -4.620 1.950
-1.980 -4.960 -4.890 1.950
-1.280 -5.940 -4.000 1.950
-3.450 -5.180 -4.710 1.950
-2.300 -2.540 -5.520 1.950
-2.220 -2.590 -6.730 1.950
-2.990 -1.630 -4.870 1.950
-2.950 -1.600 -3.900 1.950
-3.840 -0.620 -5.480 1.950
-5.250 -0.800 -4.950 1.925
-5.860 -2.090 -5.420 1.955
-6.220 0.300 -5.280 1.955
-3.270 0.760 -5.190 1.950
-3.020 1.110 -4.060 1.950
-3.090 1.540 -6.240 1.950
-3.200 1.190 -7.150 1.950
-2.590 2.910 -6.160 1.950
-3.660 3.920 -6.510 1.950
-4.860 3.820 -5.600 1.950
-3.170 5.340 -6.410 1.950
-1.330 3.080 -7.010 1.950
-1.350 2.980 -8.210 1.950
-0.260 3.370 -6.320 1.950
-0.310 3.350 -5.350 1.950
1.040 3.740 -6.870 1.950
1.510 4.950 -6.080 1.950
2.790 5.600 -6.570 1.875
2.840 6.640 -7.350 1.950
4.080 5.310 -6.200 1.950
4.080 7.030 -7.500 1.950
4.370 7.770 -8.030 1.950
4.870 6.240 -6.810 1.950
4.650 4.370 -5.380 1.950
6.240 6.230 -6.630 1.950
6.010 4.370 -5.190 1.950
6.790 5.290 -5.810 1.950
2.040 2.590 -6.750 1.950
2.260 2.050 -5.680 1.950
2.590 2.210 -7.880 1.950
2.240 2.520 -8.740 1.950
3.670 1.220 -7.960 1.950
4.890 1.900 -8.570 1.950
6.130 1.040 -8.570 1.950
6.710 0.870 -7.210 1.950
7.150 1.620 -9.480 1.950
3.260 -0.020 -8.750 1.950
3.070 0.020 -9.940 1.950
3.100 -1.100 -8.020 1.950
3.150 -1.060 -7.050 1.950
2.800 -2.420 -8.600 1.950
3.760 -3.430 -8.010 1.950
3.630 -4.820 -8.630 1.875
4.110 -5.170 -9.780 1.950
2.900 -5.880 -8.150 1.950
3.720 -6.390 -10.070 1.950
3.900 -6.850 -10.890 1.950
2.980 -6.860 -9.090 1.950
2.200 -6.100 -7.000 1.950
2.350 -8.070 -8.910 1.950
1.570 -7.310 -6.810 1.950
1.650 -8.280 -7.760 1.950
1.350 -2.840 -8.380 1.950
0.840 -2.810 -7.290 1.950
0.740 -3.260 -9.470 1.950
1.180 -3.230 -10.320 1.950
-0.620 -3.790 -9.480 1.950
-0.570 -5.220 -10.010 1.950
-1.880 -5.950 -9.940 1.950
-2.220 -6.390 -8.600 1.950
-1.890 -7.100 -10.820 1.950
-1.560 -2.920 -10.300 1.950
-1.460 -2.830 -11.500 1.950
-2.460 -2.270 -9.590 1.950
-2.450 -2.300 -8.620 1.950
-3.520 -1.450 -10.190 1.950
-4.870 -1.940 -9.710 1.950
-6.030 -1.290 -10.430 1.875
-6.460 -1.620 -11.610 1.950
-6.770 -0.200 -10.030 1.950
-7.410 -0.800 -11.990 1.950
-7.850 -0.820 -12.840 1.950
-7.630 0.080 -11.050 1.950
-6.780 0.560 -8.900 1.950
-8.510 1.130 -10.960 1.950
-7.660 1.610 -8.810 1.950
-8.520 1.890 -9.830 1.950
-3.340 0.030 -9.920 1.950
-3.170 0.450 -8.800 1.950
-3.460 0.800 -10.980 1.950
-3.630 0.410 -11.850 1.950
-3.380 2.260 -10.960 1.950
-4.660 2.810 -11.540 1.950
-4.810 4.300 -11.410 1.950
-5.200 4.730 -10.100 1.950
-5.760 4.820 -12.350 1.950
-2.160 2.750 -11.730 1.950
-2.030 2.530 -12.880 1.950
-1.250 3.340 -11.010 1.950
-1.310 3.340 -10.050 1.950
-0.030 3.940 -11.570 1.950
0.280 5.220 -10.830 1.950
1.340 6.060 -11.510 1.875
1.100 6.970 -12.400 1.950
2.700 6.020 -11.330 1.950
2.230 7.500 -12.800 1.950
2.310 8.170 -13.470 1.950
3.230 6.950 -12.160 1.950
3.530 5.280 -10.550 1.950
4.580 7.160 -12.230 1.950
4.890 5.480 -10.620 1.950
5.410 6.410 -11.450 1.950
1.140 2.970 -11.480 1.950
1.450 2.500 -10.420 1.950
1.730 2.730 -12.600 1.950
1.430 3.120 -13.410 1.950
2.870 1.850 -12.740 1.950
3.620 1.760 -13.400 1.950
3.720 2.250 -13.340 1.950
4.690 0.940 -13.490 1.950
4.890 0.780 -13.710 1.950
-1.500 -3.150 0.310 1.950
-0.790 -3.430 1.990 1.950
-0.680 -3.280 0.830 1.950
0.460 -3.320 0.200 1.950
0.500 -3.200 -0.760 1.950
1.750 -3.500 0.840 1.950
2.410 -4.780 0.410 1.950
1.570 -5.980 0.630 1.950
3.690 -5.020 1.110 1.950
2.610 -2.290 0.530 1.950
2.860 -1.980 -0.600 1.950
3.030 -1.620 1.580 1.950
2.740 -1.870 2.470 1.950
3.920 -0.460 1.520 1.950
3.440 0.680 2.400 1.950
3.540 0.630 3.570 1.950
2.930 1.700 1.780 1.950
2.840 1.680 0.810 1.950
2.440 2.920 2.430 1.950
3.300 4.090 2.010 1.955
0.980 3.190 2.110 1.950
0.570 3.140 0.980 1.950
0.220 3.470 3.140 1.950
0.580 3.430 4.050 1.950
-1.210 3.760 3.050 1.950
-1.450 5.240 3.320 1.950
-2.850 5.690 2.990 1.950
-3.100 5.770 1.560 1.950
-3.150 6.980 3.600 1.950
-2.010 2.880 3.990 1.950
-1.870 2.930 5.190 1.950
-2.790 2.020 3.380 1.950
-2.810 1.980 2.410 1.950
-3.660 1.060 4.070 1.950
-5.100 1.360 3.720 1.955
-3.310 -0.380 3.700 1.950
-3.120 -0.700 2.550 1.950
-3.240 -1.210 4.720 1.950
-3.300 -0.880 5.640 1.950
-2.930 -2.630 4.580 1.950
-4.150 -3.500 4.830 1.950
-5.310 -3.150 3.960 1.950
-3.890 -4.940 4.610 1.950
-1.770 -3.000 5.490 1.950
-1.860 -2.990 6.690 1.950
-0.670 -3.310 4.840 1.950
-0.640 -3.220 3.880 1.950
0.570 -3.780 5.460 1.950
0.880 -5.170 4.930 1.925
-0.140 -6.170 5.390 1.955
2.220 -5.710 5.300 1.955
1.680 -2.770 5.160 1.950
1.920 -2.430 4.020 1.950
2.360 -2.360 6.210 1.950
2.100 -2.610 7.120 1.950
3.490 -1.430 6.120 1.950
4.810 -2.100 6.450 1.950
5.100 -3.250 5.530 1.950
5.980 -1.170 6.360 1.950
3.240 -0.200 6.990 1.950
3.120 -0.280 8.180 1.950
3.190 0.920 6.310 1.950
3.210 0.890 5.350 1.950
3.100 2.260 6.890 1.950
4.110 3.120 6.140 1.950
4.280 4.530 6.670 1.875
5.190 4.900 7.520 1.950
3.590 5.660 6.290 1.950
5.110 6.200 7.730 1.950
5.670 6.700 8.330 1.950
4.140 6.700 6.990 1.950
2.570 5.900 5.410 1.950
3.680 7.980 6.830 1.950
2.110 7.190 5.250 1.950
2.660 8.210 5.950 1.950
1.690 2.830 6.760 1.950
1.140 2.890 5.680 1.950
1.130 3.200 7.890 1.950
1.510 2.950 8.750 1.950
-0.160 3.890 7.960 1.950
0.070 5.270 8.540 1.950
-1.150 6.150 8.530 1.950
-1.480 6.660 7.190 1.950
-0.980 7.280 9.450 1.950
-1.190 3.090 8.750 1.950
-1.110 2.960 9.950 1.950
-2.140 2.550 8.030 1.950
-2.120 2.590 7.050 1.950
-3.280 1.830 8.610 1.950
-4.570 2.430 8.080 1.950
-5.820 1.830 8.710 1.875
-6.250 2.080 9.920 1.950
-6.600 0.810 8.210 1.950
-7.250 1.270 10.210 1.950
-7.680 1.220 11.070 1.950
-7.490 0.480 9.200 1.950
-6.630 0.150 7.010 1.950
-8.430 -0.510 9.000 1.950
-7.560 -0.850 6.820 1.950
-8.450 -1.170 7.810 1.950
-3.220 0.330 8.370 1.950
-3.100 -0.130 7.260 1.950
-3.390 -0.400 9.450 1.950
-3.470 0.020 10.320 1.950
-3.460 -1.860 9.450 1.950
-4.820 -2.270 9.980 1.950
-5.090 -3.750 9.910 1.950
-5.370 -4.230 8.560 1.950
-6.210 -4.110 10.780 1.950
-2.330 -2.470 10.280 1.950
-2.300 -2.360 11.480 1.950
-1.390 -3.070 9.580 1.950
-1.390 -3.040 8.610 1.950
-0.280 -3.800 10.190 1.950
-0.320 -5.240 9.750 1.950
0.670 -6.120 10.480 1.875
0.530 -6.570 11.700 1.950
1.920 -6.500 10.070 1.950
1.630 -7.180 12.080 1.950
1.790 -7.530 12.960 1.950
2.500 -7.170 11.110 1.950
2.610 -6.340 8.900 1.950
3.770 -7.680 11.010 1.950
3.880 -6.850 8.800 1.950
4.460 -7.510 9.840 1.950
1.080 -3.170 9.890 1.950
1.440 -2.950 8.760 1.950
1.840 -3.000 10.950 1.950
1.510 -3.230 11.820 1.950
3.200 -2.460 10.910 1.950
4.140 -3.510 11.460 1.950
5.600 -3.170 11.330 1.950
6.100 -3.370 9.980 1.950
6.410 -3.950 12.260 1.950
3.300 -1.160 11.700 1.950
3.180 -1.130 12.900 1.950
3.450 -0.080 10.970 1.950
3.400 -0.120 10.000 1.950
3.610 1.270 11.530 1.950
4.670 2.020 10.740 1.950
5.130 3.290 11.430 1.875
6.160 3.360 12.230 1.950
4.600 4.550 11.350 1.950
6.300 4.590 12.650 1.950
6.960 4.880 13.280 1.950
5.370 5.350 12.130 1.950
3.530 5.090 10.690 1.950
5.100 6.690 12.270 1.950
3.250 6.430 10.830 1.950
4.030 7.220 11.610 1.950
2.290 2.010 11.500 1.950
1.740 2.260 10.460 1.950
1.830 2.350 12.650 1.950
2.330 2.160 13.430 1.950
0.570 3.020 12.870 1.950
0.390 3.920 13.530 1.950
0.840 4.290 13.260 1.950
-0.810 4.540 13.710 1.950
-1.080 4.520 13.990 1.950
