Begin VSO per interface edge
1 3238  1
1 3264  1
1 3265  1
1 3273  1
4 3264  2
4 3265  1
4 3273  2
5 3238  1
7 3238  1
7 3239  1
7 3240  1
924 3272  1
926 3268  1
926 3269  2
926 3270  3
926 3272  2
944 3270  3
944 3271  2
945 3271  2
946 3270  2
946 3272  1
947 3270  3
947 3271  2
947 3272  1
948 3271  1
949 3270  2
949 3271  1
949 3272  1
950 3270  3
951 3269  2
951 3270  3
951 3271  2
954 3269  2
954 3270  3
955 3267  1
955 3269  1
955 3271  2
956 3266  1
956 3267  2
956 3268  1
956 3269  2
956 3273  1
957 3264  3
957 3273  2
958 3263  1
958 3264  2
958 3265  1
958 3266  1
958 3273  2
982 3271  1
1034 2205  1
1034 2209  1
1034 2211  1
1035 2211  1
1036 2211  1
1059 3162  1
1060 2205  1
1060 2208  2
1060 3161  3
1060 3162  2
1061 2205  1
1061 2208  1
1061 3162  1
1062 3160  1
1062 3162  1
1063 3159  1
1063 3160  2
1064 3130  1
1064 3160  1
1065 3130  2
1065 3155  2
1065 3158  2
1065 3159  1
1065 3160  2
1066 3130  3
1066 3148  3
1066 3150  2
1066 3151  3
1066 3153  2
1066 3154  3
1066 3155  3
1066 3158  3
1067 3148  2
1067 3149  2
1067 3151  2
1067 3152  1
1067 3153  1
1067 3155  2
1067 3159  2
1067 3186  1
1068 3128  1
1068 3130  2
1068 3150  1
1068 3151  1
1068 3153  1
1069 2205  1
1069 2208  2
1069 3160  1
1069 3161  2
1069 3162  2
End VSO per interface edge

Voronoi Facets of interface MI_AB
FBeg
  947   CG ASP A 126  3270   CZ ARG B 141 aro
11.558 7.128 3.128 9.268 8.931 5.414  0.49
10.319554 9.136002 3.304677 
10.987952 9.268931 3.869401 
11.005460 9.267535 3.888042 
11.127097 9.025985 4.200405 
10.113439 8.645792 3.484837 
FEnd
FBeg
  947   CG ASP A 126  3271  NH1 ARG B 141 unk
11.558 7.128 3.128 8.602 8.795 4.282  3.85
10.113439 8.645792 3.484837 
10.319554 9.136002 3.304677 
9.573230 8.702878 2.018613 
9.385957 8.520304 1.802644 
8.788455 7.651383 1.527321 
8.597451 6.350972 2.916557 
FEnd
FBeg
  949  OD2 ASP A 126  3271  NH1 ARG B 141 elf
10.818 7.392 4.036 8.602 8.795 4.282  5.69
8.597451 6.350972 2.916557 
10.113439 8.645792 3.484837 
8.817421 6.418145 4.514968 
6.795985 3.187828 4.728917 
6.730034 3.113852 4.556728 
6.737830 3.132915 4.518232 
FEnd
FBeg
  949  OD2 ASP A 126  3272  NH2 ARG B 141 elf
10.818 7.392 4.036 10.097 7.962 5.830  27.68
8.817421 6.418145 4.514968 
6.795985 3.187828 4.728917 
9.651152 0.919874 6.596983 
10.136222 0.659734 6.874583 
12.414160 4.672960 6.514970 
12.275949 6.789306 5.787006 
11.439251 8.790011 4.815066 
FEnd
FBeg
  946   CB ASP A 126  3272  NH2 ARG B 141 unk
12.891 7.829 3.151 10.097 7.962 5.830  4.70
12.275949 6.789306 5.787006 
11.439251 8.790011 4.815066 
11.983754 9.484830 5.348447 
12.617328 8.808197 6.042811 
13.351816 6.162755 6.940161 
12.920179 5.540180 6.520904 
FEnd
FBeg
  924   CA ALA A 123  3272  NH2 ARG B 141 unk
15.501 9.710 6.560 10.097 7.962 5.830  5.98
12.617328 8.808197 6.042811 
12.161535 9.621954 7.468375 
12.166593 9.587312 7.513881 
13.300559 5.557302 8.769368 
13.351816 6.162755 6.940161 
FEnd
FBeg
  926    O ALA A 123  3272  NH2 ARG B 141 hbd
13.833 10.941 5.324 10.097 7.962 5.830  1.49
11.983754 9.484830 5.348447 
11.807712 9.948739 6.779859 
11.811948 9.947331 6.802843 
12.161535 9.621954 7.468375 
12.617328 8.808197 6.042811 
FEnd
FBeg
  926    O ALA A 123  3268   CD ARG B 141 unk
13.833 10.941 5.324 8.727 10.045 7.568  1.02
11.811948 9.947331 6.802843 
12.161535 9.621954 7.468375 
12.166708 9.653383 7.492696 
12.117401 10.880508 7.870477 
11.661616 10.721763 6.769999 
FEnd
FBeg
  956   CD LYS A 127  3268   CD ARG B 141 ali
10.620 13.615 6.269 8.727 10.045 7.568  2.45
12.117401 10.880508 7.870477 
11.661616 10.721763 6.769999 
9.735767 11.564349 6.279161 
11.704274 11.299710 8.420515 
12.066441 11.155987 8.553304 
FEnd
FBeg
  956   CD LYS A 127  3266   CB ARG B 141 ali
10.620 13.615 6.269 8.579 11.531 9.580  1.80
11.704274 11.299710 8.420515 
12.066441 11.155987 8.553304 
12.331301 11.838493 9.146154 
10.656977 12.978017 8.831285 
10.239976 12.879956 8.512512 
FEnd
FBeg
  956   CD LYS A 127  3273  OXT ARG B 141 unk
10.620 13.615 6.269 8.973 13.984 8.310  5.54
10.656977 12.978017 8.831285 
10.228857 13.882609 8.322266 
8.260357 15.367173 6.465371 
7.908231 15.189304 6.213377 
7.361453 14.419818 5.911269 
7.247798 13.831019 5.926005 
10.239976 12.879956 8.512512 
FEnd
FBeg
    1    N VAL A   1  3273  OXT ARG B 141 hbd
6.280 17.225 4.929 8.973 13.984 8.310  1.42
7.908231 15.189304 6.213377 
7.361453 14.419818 5.911269 
6.921694 13.920682 5.783073 
6.439954 13.986868 6.230228 
7.563269 15.614186 6.895431 
FEnd
FBeg
    1    N VAL A   1  3264    C ARG B 141 unk
6.280 17.225 4.929 8.186 14.096 9.365  2.51
6.439954 13.986868 6.230228 
7.563269 15.614186 6.895431 
7.351417 16.002118 7.260090 
5.956281 15.196984 7.291620 
5.663347 13.821275 6.447106 
FEnd
FBeg
    1    N VAL A   1  3238    O SER B 138 hbd
6.280 17.225 4.929 3.271 15.967 8.022  14.88
5.956281 15.196984 7.291620 
6.013889 17.366456 8.230041 
5.307882 17.533433 7.611121 
2.964150 16.613034 4.956691 
2.912032 16.056184 4.679505 
3.856145 13.437166 4.532757 
4.601218 12.820598 5.006823 
4.734578 12.762205 5.112810 
5.663347 13.821275 6.447106 
FEnd
FBeg
    7  CG2 VAL A   1  3238    O SER B 138 unk
4.819 19.636 5.383 3.271 15.967 8.022  8.40
5.307882 17.533433 7.611121 
2.964150 16.613034 4.956691 
2.708274 17.521532 6.069682 
2.822108 19.087254 8.313278 
4.172604 18.981760 8.958791 
5.203076 18.555928 8.971218 
FEnd
FBeg
    7  CG2 VAL A   1  3239   CB SER B 138 ali
4.819 19.636 5.383 0.362 16.531 7.776  4.46
2.708274 17.521532 6.069682 
2.822108 19.087254 8.313278 
1.634492 20.685069 8.174546 
0.912526 21.366047 7.713466 
FEnd
FBeg
    7  CG2 VAL A   1  3240   OG SER B 138 unk
4.819 19.636 5.383 0.226 17.034 6.451  26.04
2.964150 16.613034 4.956691 
2.708274 17.521532 6.069682 
0.912526 21.366047 7.713466 
0.783989 21.557708 7.627633 
-0.294775 20.960159 1.532513 
-0.316579 20.923863 1.350314 
2.286603 16.707710 2.273522 
FEnd
FBeg
    5   CB VAL A   1  3238    O SER B 138 unk
6.317 19.598 5.527 3.271 15.967 8.022  1.11
6.013889 17.366456 8.230041 
5.307882 17.533433 7.611121 
5.203076 18.555928 8.971218 
5.853525 18.012600 8.974602 
FEnd
FBeg
    1    N VAL A   1  3265    O ARG B 141 hbd
6.280 17.225 4.929 7.591 15.139 9.671  2.32
7.351417 16.002118 7.260090 
6.805282 17.404982 8.028196 
6.013889 17.366456 8.230041 
5.956281 15.196984 7.291620 
FEnd
FBeg
    4    O VAL A   1  3265    O ARG B 141 unk
8.813 17.657 5.941 7.591 15.139 9.671  7.11
7.351417 16.002118 7.260090 
6.805282 17.404982 8.028196 
8.165580 19.559514 9.928302 
9.582334 18.002890 9.341625 
9.120231 16.702455 8.312353 
FEnd
FBeg
  958   NZ LYS A 127  3265    O ARG B 141 hbd
11.187 14.993 8.241 7.591 15.139 9.671  7.42
9.582334 18.002890 9.341625 
11.940105 16.996310 15.373446 
11.929473 16.688943 15.378093 
11.429426 16.304198 14.159913 
9.120231 16.702455 8.312353 
FEnd
FBeg
  958   NZ LYS A 127  3264    C ARG B 141 unk
11.187 14.993 8.241 8.186 14.096 9.365  11.82
11.429426 16.304198 14.159913 
9.120231 16.702455 8.312353 
9.115364 16.652434 8.259439 
9.428138 15.636984 8.284150 
10.539266 13.272734 9.364012 
10.597820 13.296392 9.539227 
FEnd
FBeg
  957   CE LYS A 127  3264    C ARG B 141 ali
11.161 14.949 6.762 8.186 14.096 9.365  0.36
9.115364 16.652434 8.259439 
9.428138 15.636984 8.284150 
8.793002 16.218073 7.748667 
FEnd
FBeg
  958   NZ LYS A 127  3263   CA ARG B 141 unk
11.187 14.993 8.241 8.044 12.831 10.214  22.40
11.929473 16.688943 15.378093 
11.429426 16.304198 14.159913 
10.597820 13.296392 9.539227 
13.408651 12.627105 13.283496 
14.318094 13.349516 15.523857 
14.410357 14.981988 17.459683 
FEnd
FBeg
    4    O VAL A   1  3264    C ARG B 141 unk
8.813 17.657 5.941 8.186 14.096 9.365  0.91
7.563269 15.614186 6.895431 
7.351417 16.002118 7.260090 
9.120231 16.702455 8.312353 
9.115364 16.652434 8.259439 
8.793002 16.218073 7.748667 
FEnd
FBeg
    4    O VAL A   1  3273  OXT ARG B 141 hbd
8.813 17.657 5.941 8.973 13.984 8.310  0.86
8.260357 15.367173 6.465371 
7.908231 15.189304 6.213377 
7.563269 15.614186 6.895431 
8.793002 16.218073 7.748667 
FEnd
FBeg
  957   CE LYS A 127  3273  OXT ARG B 141 unk
11.161 14.949 6.762 8.973 13.984 8.310  2.87
10.228857 13.882609 8.322266 
8.260357 15.367173 6.465371 
8.793002 16.218073 7.748667 
9.428138 15.636984 8.284150 
FEnd
FBeg
  958   NZ LYS A 127  3273  OXT ARG B 141 hbd
11.187 14.993 8.241 8.973 13.984 8.310  1.34
10.656977 12.978017 8.831285 
10.228857 13.882609 8.322266 
9.428138 15.636984 8.284150 
10.539266 13.272734 9.364012 
FEnd
FBeg
  958   NZ LYS A 127  3266   CB ARG B 141 unk
11.187 14.993 8.241 8.579 11.531 9.580  5.80
12.331301 11.838493 9.146154 
10.656977 12.978017 8.831285 
10.539266 13.272734 9.364012 
10.597820 13.296392 9.539227 
13.408651 12.627105 13.283496 
FEnd
FBeg
  956   CD LYS A 127  3267   CG ARG B 141 ali
10.620 13.615 6.269 8.386 11.441 8.054  8.11
9.735767 11.564349 6.279161 
11.704274 11.299710 8.420515 
10.239976 12.879956 8.512512 
7.247798 13.831019 5.926005 
8.929251 11.929908 5.714996 
FEnd
FBeg
  955   CG LYS A 127  3267   CG ARG B 141 ali
10.429 13.614 4.756 8.386 11.441 8.054  3.85
7.247798 13.831019 5.926005 
8.929251 11.929908 5.714996 
6.151978 12.428616 4.323161 
5.827020 12.732896 4.322345 
6.921694 13.920682 5.783073 
FEnd
FBeg
  955   CG LYS A 127  3269   NE ARG B 141 unk
10.429 13.614 4.756 9.095 10.056 6.143  4.50
8.929251 11.929908 5.714996 
6.151978 12.428616 4.323161 
7.291440 11.864608 3.972261 
8.355962 11.461922 3.963114 
10.183158 11.182135 5.002768 
10.525691 11.252966 5.513910 
FEnd
FBeg
  954   CB LYS A 127  3269   NE ARG B 141 unk
11.603 12.952 4.061 9.095 10.056 6.143  0.73
10.183158 11.182135 5.002768 
10.525691 11.252966 5.513910 
11.530242 10.801896 6.096579 
11.514448 10.568819 5.753350 
10.665167 10.848799 5.119739 
FEnd
FBeg
  954   CB LYS A 127  3270   CZ ARG B 141 ali
11.603 12.952 4.061 9.268 8.931 5.414  0.28
11.514448 10.568819 5.753350 
10.665167 10.848799 5.119739 
11.369486 10.467392 5.201742 
11.576716 10.411243 5.392509 
FEnd
FBeg
  951   CA LYS A 127  3270   CZ ARG B 141 ali
11.220 12.002 2.932 9.268 8.931 5.414  3.15
10.665167 10.848799 5.119739 
11.369486 10.467392 5.201742 
10.337749 9.745766 3.497445 
10.136509 9.745717 3.339118 
8.655440 11.245719 4.030277 
FEnd
FBeg
  951   CA LYS A 127  3271  NH1 ARG B 141 unk
11.220 12.002 2.932 8.602 8.795 4.282  2.11
10.136509 9.745717 3.339118 
8.655440 11.245719 4.030277 
8.355962 11.461922 3.963114 
8.009824 11.621815 3.671698 
9.471927 9.921704 2.468387 
FEnd
FBeg
  951   CA LYS A 127  3269   NE ARG B 141 unk
11.220 12.002 2.932 9.095 10.056 6.143  0.53
8.355962 11.461922 3.963114 
10.183158 11.182135 5.002768 
10.665167 10.848799 5.119739 
8.655440 11.245719 4.030277 
FEnd
FBeg
  955   CG LYS A 127  3271  NH1 ARG B 141 unk
10.429 13.614 4.756 8.602 8.795 4.282  0.17
7.291440 11.864608 3.972261 
8.009824 11.621815 3.671698 
8.355962 11.461922 3.963114 
FEnd
FBeg
  956   CD LYS A 127  3269   NE ARG B 141 unk
10.620 13.615 6.269 9.095 10.056 6.143  1.92
11.661616 10.721763 6.769999 
9.735767 11.564349 6.279161 
8.929251 11.929908 5.714996 
10.525691 11.252966 5.513910 
11.530242 10.801896 6.096579 
FEnd
FBeg
  926    O ALA A 123  3269   NE ARG B 141 hbd
13.833 10.941 5.324 9.095 10.056 6.143  0.51
11.807712 9.948739 6.779859 
11.811948 9.947331 6.802843 
11.661616 10.721763 6.769999 
11.530242 10.801896 6.096579 
11.514448 10.568819 5.753350 
FEnd
FBeg
  926    O ALA A 123  3270   CZ ARG B 141 unk
13.833 10.941 5.324 9.268 8.931 5.414  1.01
11.983754 9.484830 5.348447 
11.807712 9.948739 6.779859 
11.514448 10.568819 5.753350 
11.576716 10.411243 5.392509 
11.921369 9.619115 5.183178 
FEnd
FBeg
  947   CG ASP A 126  3272  NH2 ARG B 141 unk
11.558 7.128 3.128 10.097 7.962 5.830  0.70
12.414160 4.672960 6.514970 
12.275949 6.789306 5.787006 
12.920179 5.540180 6.520904 
FEnd
FBeg
  948  OD1 ASP A 126  3271  NH1 ARG B 141 elf
11.222 6.296 2.303 8.602 8.795 4.282  7.41
8.788455 7.651383 1.527321 
8.597451 6.350972 2.916557 
6.737830 3.132915 4.518232 
6.655721 3.452178 4.006376 
6.912165 5.964309 1.173666 
FEnd
FBeg
  982   CB ALA A 130  3271  NH1 ARG B 141 unk
7.653 10.638 0.525 8.602 8.795 4.282  29.64
9.385957 8.520304 1.802644 
8.788455 7.651383 1.527321 
6.912165 5.964309 1.173666 
5.692798 6.092442 1.544529 
4.145160 6.308845 2.041611 
3.766200 8.585733 3.254264 
4.889669 11.742829 4.519198 
5.433516 11.884197 4.451173 
7.291440 11.864608 3.972261 
8.009824 11.621815 3.671698 
9.471927 9.921704 2.468387 
9.471221 9.285655 2.156550 
FEnd
FBeg
  945    O ASP A 126  3271  NH1 ARG B 141 hbd
11.204 10.032 0.980 8.602 8.795 4.282  0.08
9.573230 8.702878 2.018613 
9.385957 8.520304 1.802644 
9.471221 9.285655 2.156550 
FEnd
FBeg
  944    C ASP A 126  3271  NH1 ARG B 141 unk
12.034 9.960 1.898 8.602 8.795 4.282  1.27
10.319554 9.136002 3.304677 
9.573230 8.702878 2.018613 
9.471221 9.285655 2.156550 
9.471927 9.921704 2.468387 
10.136509 9.745717 3.339118 
FEnd
FBeg
  949  OD2 ASP A 126  3270   CZ ARG B 141 unk
10.818 7.392 4.036 9.268 8.931 5.414  2.93
11.127097 9.025985 4.200405 
11.439251 8.790011 4.815066 
8.817421 6.418145 4.514968 
10.113439 8.645792 3.484837 
FEnd
FBeg
  946   CB ASP A 126  3270   CZ ARG B 141 ali
12.891 7.829 3.151 9.268 8.931 5.414  0.73
11.005460 9.267535 3.888042 
11.921369 9.619115 5.183178 
11.983754 9.484830 5.348447 
11.439251 8.790011 4.815066 
11.127097 9.025985 4.200405 
FEnd
FBeg
  950    N LYS A 127  3270   CZ ARG B 141 unk
12.126 10.846 2.873 9.268 8.931 5.414  1.77
10.987952 9.268931 3.869401 
10.337749 9.745766 3.497445 
11.369486 10.467392 5.201742 
11.576716 10.411243 5.392509 
11.921369 9.619115 5.183178 
11.005460 9.267535 3.888042 
FEnd
FBeg
  944    C ASP A 126  3270   CZ ARG B 141 ali
12.034 9.960 1.898 9.268 8.931 5.414  0.34
10.319554 9.136002 3.304677 
10.136509 9.745717 3.339118 
10.337749 9.745766 3.497445 
10.987952 9.268931 3.869401 
FEnd
FBeg
 1034    O SER A 138  2205    N VAL B   1 hbd
-3.271 15.967 -8.022 -6.280 17.225 -4.929  14.88
-5.956281 15.196984 -7.291620 
-5.663347 13.821275 -6.447106 
-4.734578 12.762205 -5.112810 
-4.601218 12.820598 -5.006823 
-3.856145 13.437166 -4.532757 
-2.912032 16.056184 -4.679505 
-2.964150 16.613034 -4.956691 
-5.307882 17.533433 -7.611121 
-6.013889 17.366456 -8.230041 
FEnd
FBeg
 1061    O ARG A 141  2205    N VAL B   1 hbd
-7.591 15.139 -9.671 -6.280 17.225 -4.929  2.32
-6.013889 17.366456 -8.230041 
-5.956281 15.196984 -7.291620 
-7.351417 16.002118 -7.260090 
-6.805282 17.404982 -8.028196 
FEnd
FBeg
 1061    O ARG A 141  2208    O VAL B   1 unk
-7.591 15.139 -9.671 -8.813 17.657 -5.941  7.11
-7.351417 16.002118 -7.260090 
-6.805282 17.404982 -8.028196 
-8.165580 19.559514 -9.928302 
-9.582334 18.002890 -9.341625 
-9.120231 16.702455 -8.312353 
FEnd
FBeg
 1060    C ARG A 141  2208    O VAL B   1 unk
-8.186 14.096 -9.365 -8.813 17.657 -5.941  0.91
-9.120231 16.702455 -8.312353 
-7.351417 16.002118 -7.260090 
-7.563269 15.614186 -6.895431 
-8.793002 16.218073 -7.748667 
-9.115364 16.652434 -8.259439 
FEnd
FBeg
 1060    C ARG A 141  3162   NZ LYS B 127 unk
-8.186 14.096 -9.365 -11.187 14.993 -8.241  11.82
-9.115364 16.652434 -8.259439 
-9.120231 16.702455 -8.312353 
-11.429426 16.304198 -14.159913 
-10.597820 13.296392 -9.539227 
-10.539266 13.272734 -9.364012 
-9.428138 15.636984 -8.284150 
FEnd
FBeg
 1069  OXT ARG A 141  3162   NZ LYS B 127 hbd
-8.973 13.984 -8.310 -11.187 14.993 -8.241  1.34
-10.539266 13.272734 -9.364012 
-9.428138 15.636984 -8.284150 
-10.228857 13.882609 -8.322266 
-10.656977 12.978017 -8.831285 
FEnd
FBeg
 1069  OXT ARG A 141  3160   CD LYS B 127 unk
-8.973 13.984 -8.310 -10.620 13.615 -6.269  5.54
-10.228857 13.882609 -8.322266 
-10.656977 12.978017 -8.831285 
-10.239976 12.879956 -8.512512 
-7.247798 13.831019 -5.926005 
-7.361453 14.419818 -5.911269 
-7.908231 15.189304 -6.213377 
-8.260357 15.367173 -6.465371 
FEnd
FBeg
 1069  OXT ARG A 141  2205    N VAL B   1 hbd
-8.973 13.984 -8.310 -6.280 17.225 -4.929  1.42
-7.361453 14.419818 -5.911269 
-6.921694 13.920682 -5.783073 
-6.439954 13.986868 -6.230228 
-7.563269 15.614186 -6.895431 
-7.908231 15.189304 -6.213377 
FEnd
FBeg
 1063   CG ARG A 141  3160   CD LYS B 127 ali
-8.386 11.441 -8.054 -10.620 13.615 -6.269  8.11
-10.239976 12.879956 -8.512512 
-7.247798 13.831019 -5.926005 
-8.929251 11.929908 -5.714996 
-9.735767 11.564349 -6.279161 
-11.704274 11.299710 -8.420515 
FEnd
FBeg
 1064   CD ARG A 141  3160   CD LYS B 127 ali
-8.727 10.045 -7.568 -10.620 13.615 -6.269  2.45
-9.735767 11.564349 -6.279161 
-11.661616 10.721763 -6.769999 
-12.117401 10.880508 -7.870477 
-12.066441 11.155987 -8.553304 
-11.704274 11.299710 -8.420515 
FEnd
FBeg
 1064   CD ARG A 141  3130    O ALA B 123 unk
-8.727 10.045 -7.568 -13.833 10.941 -5.324  1.02
-11.661616 10.721763 -6.769999 
-12.117401 10.880508 -7.870477 
-12.166708 9.653383 -7.492696 
-12.161535 9.621954 -7.468375 
-11.811948 9.947331 -6.802843 
FEnd
FBeg
 1065   NE ARG A 141  3130    O ALA B 123 hbd
-9.095 10.056 -6.143 -13.833 10.941 -5.324  0.51
-11.811948 9.947331 -6.802843 
-11.661616 10.721763 -6.769999 
-11.530242 10.801896 -6.096579 
-11.514448 10.568819 -5.753350 
-11.807712 9.948739 -6.779859 
FEnd
FBeg
 1066   CZ ARG A 141  3130    O ALA B 123 unk
-9.268 8.931 -5.414 -13.833 10.941 -5.324  1.01
-11.514448 10.568819 -5.753350 
-11.576716 10.411243 -5.392509 
-11.921369 9.619115 -5.183178 
-11.983754 9.484830 -5.348447 
-11.807712 9.948739 -6.779859 
FEnd
FBeg
 1066   CZ ARG A 141  3150   CB ASP B 126 ali
-9.268 8.931 -5.414 -12.891 7.829 -3.151  0.73
-11.921369 9.619115 -5.183178 
-11.983754 9.484830 -5.348447 
-11.439251 8.790011 -4.815066 
-11.127097 9.025985 -4.200405 
-11.005460 9.267535 -3.888042 
FEnd
FBeg
 1066   CZ ARG A 141  3151   CG ASP B 126 aro
-9.268 8.931 -5.414 -11.558 7.128 -3.128  0.49
-11.127097 9.025985 -4.200405 
-10.113439 8.645792 -3.484837 
-10.319554 9.136002 -3.304677 
-10.987952 9.268931 -3.869401 
-11.005460 9.267535 -3.888042 
FEnd
FBeg
 1066   CZ ARG A 141  3148    C ASP B 126 ali
-9.268 8.931 -5.414 -12.034 9.960 -1.898  0.34
-10.319554 9.136002 -3.304677 
-10.136509 9.745717 -3.339118 
-10.337749 9.745766 -3.497445 
-10.987952 9.268931 -3.869401 
FEnd
FBeg
 1066   CZ ARG A 141  3155   CA LYS B 127 ali
-9.268 8.931 -5.414 -11.220 12.002 -2.932  3.15
-10.136509 9.745717 -3.339118 
-8.655440 11.245719 -4.030277 
-10.665167 10.848799 -5.119739 
-11.369486 10.467392 -5.201742 
-10.337749 9.745766 -3.497445 
FEnd
FBeg
 1065   NE ARG A 141  3155   CA LYS B 127 unk
-9.095 10.056 -6.143 -11.220 12.002 -2.932  0.53
-8.655440 11.245719 -4.030277 
-10.665167 10.848799 -5.119739 
-10.183158 11.182135 -5.002768 
-8.355962 11.461922 -3.963114 
FEnd
FBeg
 1065   NE ARG A 141  3159   CG LYS B 127 unk
-9.095 10.056 -6.143 -10.429 13.614 -4.756  4.50
-10.183158 11.182135 -5.002768 
-8.355962 11.461922 -3.963114 
-7.291440 11.864608 -3.972261 
-6.151978 12.428616 -4.323161 
-8.929251 11.929908 -5.714996 
-10.525691 11.252966 -5.513910 
FEnd
FBeg
 1067  NH1 ARG A 141  3159   CG LYS B 127 unk
-8.602 8.795 -4.282 -10.429 13.614 -4.756  0.17
-8.355962 11.461922 -3.963114 
-7.291440 11.864608 -3.972261 
-8.009824 11.621815 -3.671698 
FEnd
FBeg
 1067  NH1 ARG A 141  3186   CB ALA B 130 unk
-8.602 8.795 -4.282 -7.653 10.638 -0.525  29.64
-7.291440 11.864608 -3.972261 
-8.009824 11.621815 -3.671698 
-9.471927 9.921704 -2.468387 
-9.471221 9.285655 -2.156550 
-9.385957 8.520304 -1.802644 
-8.788455 7.651383 -1.527321 
-6.912165 5.964309 -1.173666 
-5.692798 6.092442 -1.544529 
-4.145160 6.308845 -2.041611 
-3.766200 8.585733 -3.254264 
-4.889669 11.742829 -4.519198 
-5.433516 11.884197 -4.451173 
FEnd
FBeg
 1067  NH1 ARG A 141  3152  OD1 ASP B 126 elf
-8.602 8.795 -4.282 -11.222 6.296 -2.303  7.41
-8.788455 7.651383 -1.527321 
-8.597451 6.350972 -2.916557 
-6.737830 3.132915 -4.518232 
-6.655721 3.452178 -4.006376 
-6.912165 5.964309 -1.173666 
FEnd
FBeg
 1067  NH1 ARG A 141  3153  OD2 ASP B 126 elf
-8.602 8.795 -4.282 -10.818 7.392 -4.036  5.69
-8.597451 6.350972 -2.916557 
-10.113439 8.645792 -3.484837 
-8.817421 6.418145 -4.514968 
-6.795985 3.187828 -4.728917 
-6.730034 3.113852 -4.556728 
-6.737830 3.132915 -4.518232 
FEnd
FBeg
 1068  NH2 ARG A 141  3153  OD2 ASP B 126 elf
-10.097 7.962 -5.830 -10.818 7.392 -4.036  27.68
-8.817421 6.418145 -4.514968 
-6.795985 3.187828 -4.728917 
-9.651152 0.919874 -6.596983 
-10.136222 0.659734 -6.874583 
-12.414160 4.672960 -6.514970 
-12.275949 6.789306 -5.787006 
-11.439251 8.790011 -4.815066 
FEnd
FBeg
 1068  NH2 ARG A 141  3151   CG ASP B 126 unk
-10.097 7.962 -5.830 -11.558 7.128 -3.128  0.70
-12.414160 4.672960 -6.514970 
-12.275949 6.789306 -5.787006 
-12.920179 5.540180 -6.520904 
FEnd
FBeg
 1067  NH1 ARG A 141  3149    O ASP B 126 hbd
-8.602 8.795 -4.282 -11.204 10.032 -0.980  0.08
-9.471221 9.285655 -2.156550 
-9.573230 8.702878 -2.018613 
-9.385957 8.520304 -1.802644 
FEnd
FBeg
 1067  NH1 ARG A 141  3155   CA LYS B 127 unk
-8.602 8.795 -4.282 -11.220 12.002 -2.932  2.11
-10.136509 9.745717 -3.339118 
-8.655440 11.245719 -4.030277 
-8.355962 11.461922 -3.963114 
-8.009824 11.621815 -3.671698 
-9.471927 9.921704 -2.468387 
FEnd
FBeg
 1067  NH1 ARG A 141  3148    C ASP B 126 unk
-8.602 8.795 -4.282 -12.034 9.960 -1.898  1.27
-10.319554 9.136002 -3.304677 
-10.136509 9.745717 -3.339118 
-9.471927 9.921704 -2.468387 
-9.471221 9.285655 -2.156550 
-9.573230 8.702878 -2.018613 
FEnd
FBeg
 1067  NH1 ARG A 141  3151   CG ASP B 126 unk
-8.602 8.795 -4.282 -11.558 7.128 -3.128  3.85
-10.113439 8.645792 -3.484837 
-10.319554 9.136002 -3.304677 
-9.573230 8.702878 -2.018613 
-9.385957 8.520304 -1.802644 
-8.788455 7.651383 -1.527321 
-8.597451 6.350972 -2.916557 
FEnd
FBeg
 1066   CZ ARG A 141  3153  OD2 ASP B 126 unk
-9.268 8.931 -5.414 -10.818 7.392 -4.036  2.93
-11.439251 8.790011 -4.815066 
-8.817421 6.418145 -4.514968 
-10.113439 8.645792 -3.484837 
-11.127097 9.025985 -4.200405 
FEnd
FBeg
 1068  NH2 ARG A 141  3150   CB ASP B 126 unk
-10.097 7.962 -5.830 -12.891 7.829 -3.151  4.70
-11.983754 9.484830 -5.348447 
-11.439251 8.790011 -4.815066 
-12.275949 6.789306 -5.787006 
-12.920179 5.540180 -6.520904 
-13.351816 6.162755 -6.940161 
-12.617328 8.808197 -6.042811 
FEnd
FBeg
 1068  NH2 ARG A 141  3128   CA ALA B 123 unk
-10.097 7.962 -5.830 -15.501 9.710 -6.560  5.98
-13.351816 6.162755 -6.940161 
-12.617328 8.808197 -6.042811 
-12.161535 9.621954 -7.468375 
-12.166593 9.587312 -7.513881 
-13.300559 5.557302 -8.769368 
FEnd
FBeg
 1066   CZ ARG A 141  3154    N LYS B 127 unk
-9.268 8.931 -5.414 -12.126 10.846 -2.873  1.77
-11.576716 10.411243 -5.392509 
-11.921369 9.619115 -5.183178 
-11.005460 9.267535 -3.888042 
-10.987952 9.268931 -3.869401 
-10.337749 9.745766 -3.497445 
-11.369486 10.467392 -5.201742 
FEnd
FBeg
 1066   CZ ARG A 141  3158   CB LYS B 127 ali
-9.268 8.931 -5.414 -11.603 12.952 -4.061  0.28
-11.514448 10.568819 -5.753350 
-11.576716 10.411243 -5.392509 
-11.369486 10.467392 -5.201742 
-10.665167 10.848799 -5.119739 
FEnd
FBeg
 1065   NE ARG A 141  3158   CB LYS B 127 unk
-9.095 10.056 -6.143 -11.603 12.952 -4.061  0.73
-11.530242 10.801896 -6.096579 
-11.514448 10.568819 -5.753350 
-10.665167 10.848799 -5.119739 
-10.183158 11.182135 -5.002768 
-10.525691 11.252966 -5.513910 
FEnd
FBeg
 1068  NH2 ARG A 141  3130    O ALA B 123 hbd
-10.097 7.962 -5.830 -13.833 10.941 -5.324  1.49
-12.161535 9.621954 -7.468375 
-11.811948 9.947331 -6.802843 
-11.807712 9.948739 -6.779859 
-11.983754 9.484830 -5.348447 
-12.617328 8.808197 -6.042811 
FEnd
FBeg
 1065   NE ARG A 141  3160   CD LYS B 127 unk
-9.095 10.056 -6.143 -10.620 13.615 -6.269  1.92
-8.929251 11.929908 -5.714996 
-10.525691 11.252966 -5.513910 
-11.530242 10.801896 -6.096579 
-11.661616 10.721763 -6.769999 
-9.735767 11.564349 -6.279161 
FEnd
FBeg
 1063   CG ARG A 141  3159   CG LYS B 127 ali
-8.386 11.441 -8.054 -10.429 13.614 -4.756  3.85
-7.247798 13.831019 -5.926005 
-8.929251 11.929908 -5.714996 
-6.151978 12.428616 -4.323161 
-5.827020 12.732896 -4.322345 
-6.921694 13.920682 -5.783073 
FEnd
FBeg
 1062   CB ARG A 141  3160   CD LYS B 127 ali
-8.579 11.531 -9.580 -10.620 13.615 -6.269  1.80
-10.656977 12.978017 -8.831285 
-10.239976 12.879956 -8.512512 
-11.704274 11.299710 -8.420515 
-12.066441 11.155987 -8.553304 
-12.331301 11.838493 -9.146154 
FEnd
FBeg
 1069  OXT ARG A 141  3161   CE LYS B 127 unk
-8.973 13.984 -8.310 -11.161 14.949 -6.762  2.87
-9.428138 15.636984 -8.284150 
-10.228857 13.882609 -8.322266 
-8.260357 15.367173 -6.465371 
-8.793002 16.218073 -7.748667 
FEnd
FBeg
 1062   CB ARG A 141  3162   NZ LYS B 127 unk
-8.579 11.531 -9.580 -11.187 14.993 -8.241  5.80
-10.597820 13.296392 -9.539227 
-10.539266 13.272734 -9.364012 
-10.656977 12.978017 -8.831285 
-12.331301 11.838493 -9.146154 
-13.408651 12.627105 -13.283496 
FEnd
FBeg
 1059   CA ARG A 141  3162   NZ LYS B 127 unk
-8.044 12.831 -10.214 -11.187 14.993 -8.241  22.40
-11.429426 16.304198 -14.159913 
-10.597820 13.296392 -9.539227 
-13.408651 12.627105 -13.283496 
-14.318094 13.349516 -15.523857 
-14.410357 14.981988 -17.459683 
-11.929473 16.688943 -15.378093 
FEnd
FBeg
 1060    C ARG A 141  3161   CE LYS B 127 ali
-8.186 14.096 -9.365 -11.161 14.949 -6.762  0.36
-8.793002 16.218073 -7.748667 
-9.115364 16.652434 -8.259439 
-9.428138 15.636984 -8.284150 
FEnd
FBeg
 1069  OXT ARG A 141  2208    O VAL B   1 hbd
-8.973 13.984 -8.310 -8.813 17.657 -5.941  0.86
-7.563269 15.614186 -6.895431 
-7.908231 15.189304 -6.213377 
-8.260357 15.367173 -6.465371 
-8.793002 16.218073 -7.748667 
FEnd
FBeg
 1061    O ARG A 141  3162   NZ LYS B 127 hbd
-7.591 15.139 -9.671 -11.187 14.993 -8.241  7.42
-9.582334 18.002890 -9.341625 
-11.940105 16.996310 -15.373446 
-11.929473 16.688943 -15.378093 
-11.429426 16.304198 -14.159913 
-9.120231 16.702455 -8.312353 
FEnd
FBeg
 1034    O SER A 138  2209   CB VAL B   1 unk
-3.271 15.967 -8.022 -6.317 19.598 -5.527  1.11
-5.307882 17.533433 -7.611121 
-5.203076 18.555928 -8.971218 
-5.853525 18.012600 -8.974602 
-6.013889 17.366456 -8.230041 
FEnd
FBeg
 1034    O SER A 138  2211  CG2 VAL B   1 unk
-3.271 15.967 -8.022 -4.819 19.636 -5.383  8.40
-2.964150 16.613034 -4.956691 
-2.708274 17.521532 -6.069682 
-2.822108 19.087254 -8.313278 
-4.172604 18.981760 -8.958791 
-5.203076 18.555928 -8.971218 
-5.307882 17.533433 -7.611121 
FEnd
FBeg
 1035   CB SER A 138  2211  CG2 VAL B   1 ali
-0.362 16.531 -7.776 -4.819 19.636 -5.383  4.46
-2.708274 17.521532 -6.069682 
-2.822108 19.087254 -8.313278 
-1.634492 20.685069 -8.174546 
-0.912526 21.366047 -7.713466 
FEnd
FBeg
 1036   OG SER A 138  2211  CG2 VAL B   1 unk
-0.226 17.034 -6.451 -4.819 19.636 -5.383  26.04
-2.964150 16.613034 -4.956691 
-2.708274 17.521532 -6.069682 
-0.912526 21.366047 -7.713466 
-0.783989 21.557708 -7.627633 
0.294775 20.960159 -1.532513 
0.316579 20.923863 -1.350314 
-2.286603 16.707710 -2.273522 
FEnd
FBeg
 1060    C ARG A 141  2205    N VAL B   1 unk
-8.186 14.096 -9.365 -6.280 17.225 -4.929  2.51
-5.956281 15.196984 -7.291620 
-5.663347 13.821275 -6.447106 
-6.439954 13.986868 -6.230228 
-7.563269 15.614186 -6.895431 
-7.351417 16.002118 -7.260090 
FEnd

+-+CCS_record::Boundary loops before union-find
Start boundary loop loop_id 0  init_edge IE_A_B
xyz 6.65572 3.45218 4.00638
xyz 6.91217 5.96431 1.17367
xyz 5.6928 6.09244 1.54453
xyz 4.14516 6.30884 2.04161
xyz 3.7662 8.58573 3.25426
xyz 4.88967 11.7428 4.5192
xyz 5.43352 11.8842 4.45117
xyz 7.29144 11.8646 3.97226
xyz 6.15198 12.4286 4.32316
xyz 5.82702 12.7329 4.32235
xyz 6.92169 13.9207 5.78307
xyz 7.2478 13.831 5.92601
xyz 7.36145 14.4198 5.91127
xyz 6.92169 13.9207 5.78307
xyz 6.43995 13.9869 6.23023
xyz 5.66335 13.8213 6.44711
xyz 4.73458 12.7622 5.11281
xyz 4.60122 12.8206 5.00682
xyz 3.85614 13.4372 4.53276
xyz 2.91203 16.0562 4.6795
xyz 2.96415 16.613 4.95669
xyz 2.2866 16.7077 2.27352
xyz -0.316579 20.9239 1.35031
xyz -0.294775 20.9602 1.53251
xyz 0.783989 21.5577 7.62763
xyz 0.912526 21.366 7.71347
xyz 1.63449 20.6851 8.17455
xyz 2.82211 19.0873 8.31328
xyz 4.1726 18.9818 8.95879
xyz 5.20308 18.5559 8.97122
xyz 5.85353 18.0126 8.9746
xyz 6.01389 17.3665 8.23004
xyz 6.80528 17.405 8.0282
xyz 8.16558 19.5595 9.9283
xyz 9.58233 18.0029 9.34162
xyz 11.9401 16.9963 15.3734
xyz 11.9295 16.6889 15.3781
xyz 14.4104 14.982 17.4597
xyz 14.3181 13.3495 15.5239
xyz 13.4087 12.6271 13.2835
xyz 12.3313 11.8385 9.14615
xyz 12.0664 11.156 8.5533
xyz 12.1174 10.8805 7.87048
xyz 12.1667 9.65338 7.4927
xyz 12.1615 9.62195 7.46838
xyz 12.1666 9.58731 7.51388
xyz 13.3006 5.5573 8.76937
xyz 13.3518 6.16275 6.94016
xyz 12.9202 5.54018 6.5209
xyz 12.4142 4.67296 6.51497
xyz 10.1362 0.659734 6.87458
xyz 9.65115 0.919874 6.59698
xyz 6.79598 3.18783 4.72892
xyz 6.73003 3.11385 4.55673
xyz 6.73783 3.13292 4.51823
End loop
Boundary info init_edge IE_A_B [total exposed]: 98.614735 98.614735
Start boundary loop loop_id 1  init_edge IE_A_B
xyz -3.85614 13.4372 -4.53276
xyz -2.91203 16.0562 -4.6795
xyz -2.96415 16.613 -4.95669
xyz -2.2866 16.7077 -2.27352
xyz 0.316579 20.9239 -1.35031
xyz 0.294775 20.9602 -1.53251
xyz -0.783989 21.5577 -7.62763
xyz -0.912526 21.366 -7.71347
xyz -1.63449 20.6851 -8.17455
xyz -2.82211 19.0873 -8.31328
xyz -4.1726 18.9818 -8.95879
xyz -5.20308 18.5559 -8.97122
xyz -5.85353 18.0126 -8.9746
xyz -6.01389 17.3665 -8.23004
xyz -6.80528 17.405 -8.0282
xyz -8.16558 19.5595 -9.9283
xyz -9.58233 18.0029 -9.34162
xyz -11.9401 16.9963 -15.3734
xyz -11.9295 16.6889 -15.3781
xyz -14.4104 14.982 -17.4597
xyz -14.3181 13.3495 -15.5239
xyz -13.4087 12.6271 -13.2835
xyz -12.3313 11.8385 -9.14615
xyz -12.0664 11.156 -8.5533
xyz -12.1174 10.8805 -7.87048
xyz -12.1667 9.65338 -7.4927
xyz -12.1615 9.62195 -7.46838
xyz -12.1666 9.58731 -7.51388
xyz -13.3006 5.5573 -8.76937
xyz -13.3518 6.16275 -6.94016
xyz -12.9202 5.54018 -6.5209
xyz -12.4142 4.67296 -6.51497
xyz -10.1362 0.659734 -6.87458
xyz -9.65115 0.919874 -6.59698
xyz -6.79598 3.18783 -4.72892
xyz -6.73003 3.11385 -4.55673
xyz -6.73783 3.13292 -4.51823
xyz -6.65572 3.45218 -4.00638
xyz -6.91217 5.96431 -1.17367
xyz -5.6928 6.09244 -1.54453
xyz -4.14516 6.30884 -2.04161
xyz -3.7662 8.58573 -3.25426
xyz -4.88967 11.7428 -4.5192
xyz -5.43352 11.8842 -4.45117
xyz -7.29144 11.8646 -3.97226
xyz -6.15198 12.4286 -4.32316
xyz -5.82702 12.7329 -4.32235
xyz -6.92169 13.9207 -5.78307
xyz -7.2478 13.831 -5.92601
xyz -7.36145 14.4198 -5.91127
xyz -6.92169 13.9207 -5.78307
xyz -6.43995 13.9869 -6.23023
xyz -5.66335 13.8213 -6.44711
xyz -4.73458 12.7622 -5.11281
xyz -4.60122 12.8206 -5.00682
End loop
Boundary info init_edge IE_A_B [total exposed]: 98.614735 98.614735
