Begin VSO per interface edge
189 1490  2
190 1490  1
190 1514  1
191 1490  1
191 1514  1
191 1549  2
191 1550  2
191 1551  1
191 1552  2
191 1553  2
191 1554  3
191 1555  3
246 1246  1
247 1245  1
247 1246  1
248 1245  2
248 1246  1
248 1249  1
250 1245  1
250 1246  2
250 1249  1
250 1599  1
254 1237  2
254 1238  1
254 1239  1
254 1240  1
263 1233  2
263 1237  1
264 1237  2
266 1233  2
268 1233  1
268 1234  2
268 1235  1
268 1600  2
270 1235  1
270 1599  2
270 1600  2
273 1232  3
273 1233  3
273 1237  2
274 1232  4
275 1232  4
275 1553  4
275 1555  4
276 1231  4
276 1232  4
276 1233  3
276 1234  4
276 1553  4
276 1555  5
276 1573  5
277 1221  4
277 1231  4
277 1232  4
277 1236  4
277 1237  3
277 1553  3
277 1555  4
278 1237  3
279 1220  3
279 1221  4
279 1222  3
279 1236  4
279 1237  3
279 1553  4
280 1220  2
280 1221  3
280 1222  2
280 1261  1
280 1532  1
280 1551  2
280 1553  3
281 1220  3
281 1221  3
281 1222  2
281 1237  2
281 1239  1
281 1259  2
281 1260  1
281 1261  1
282 1555  4
283 1555  4
283 1572  4
283 1573  5
284 1555  4
286 1572  4
286 1573  4
287 1572  3
287 1573  3
287 1574  2
289 1555  4
289 1572  3
289 1574  2
293 1574  2
294 1554  3
294 1555  4
295 1554  2
295 1555  3
295 1571  1
295 1572  2
295 1574  1
296 1554  3
296 1555  4
297 1552  1
297 1554  2
297 1567  1
297 1571  1
298 1552  2
298 1554  3
300 1549  1
300 1552  1
300 1554  2
302 1490  1
325 1574  2
326 1574  1
327 1572  2
327 1573  3
327 1574  1
608 1606  1
632 1592  3
633 1592  3
633 1599  2
633 1600  3
634 1599  1
634 1600  2
634 1601  2
634 1602  2
634 1605  1
634 1606  1
634 1609  1
635 1592  3
635 1600  3
635 1601  3
635 1605  2
636 1592  3
636 1605  2
636 1606  2
636 1772  2
637 1606  1
637 1772  1
638 1591  2
638 1592  2
638 1593  2
638 1605  2
638 1606  2
638 1772  2
638 1781  2
638 1782  1
638 1783  1
638 1784  1
659 1233  2
659 1234  3
659 1235  2
665 1587  2
665 1590  1
665 1591  1
665 1592  1
666 1586  1
666 1587  2
666 1590  1
666 1846  1
667 1587  3
667 1590  2
667 1591  2
667 1592  2
667 1600  3
695 1570  1
696 1570  2
696 1572  1
696 1573  2
696 1574  1
697 1569  2
697 1570  2
697 1572  2
697 1576  1
697 1577  2
697 1586  2
697 1587  3
698 1569  3
698 1570  3
698 1572  2
698 1573  3
699 1234  4
699 1568  4
699 1569  3
699 1573  4
699 1577  3
699 1578  4
700 1234  3
700 1235  2
700 1577  3
700 1578  4
700 1587  3
700 1600  3
701 1231  5
701 1234  4
701 1568  5
701 1573  4
708 1585  1
708 1834  1
708 1835  1
708 1836  1
708 1846  1
719 1801  3
719 1804  2
719 1836  2
720 1836  1
721 1804  1
721 1835  2
721 1836  2
721 1837  1
734 1784  1
734 1789  1
734 1809  2
735 1789  2
735 1809  2
736 1789  3
736 1790  3
736 1809  3
737 1806  1
737 1809  1
738 1790  3
738 1801  3
738 1803  3
738 1804  2
738 1805  3
738 1806  2
738 1809  2
738 1836  3
739 1806  1
739 1809  2
739 1836  2
743 1785  2
743 1789  1
753 1767  1
753 1777  1
753 1784  1
753 1785  1
756 1784  1
759 1767  2
759 1777  2
759 1785  1
760 1767  3
761 1765  2
761 1767  3
761 1768  2
762 1765  1
762 1768  1
763 1765  1
763 1767  2
763 1785  1
763 1786  1
763 2015  1
763 2016  1
763 2017  1
768 1768  1
769 1768  1
771 1766  1
771 1767  2
771 1768  2
771 1769  1
771 1770  2
773 1766  1
773 1770  1
773 1772  1
773 1777  2
773 1782  1
773 1784  2
775 1772  1
949 1790  2
950 1790  1
951 1790  1
951 1799  1
951 1803  1
952 1790  2
952 1803  2
952 1804  1
958 1789  1
958 1790  2
978 2017  1
18975 1789  2
18975 1790  2
18975 1803  3
End VSO per interface edge

Voronoi Facets of interface MI_AB
FBeg
  276    O GLN A  52  1233    O SER B  47 unk
-12.639 -5.534 6.282 -10.661 -4.675 4.143  0.57
-11.670748 -4.846281 5.297011 
-11.061753 -3.818207 6.273033 
-10.868502 -4.010028 6.374704 
-11.035464 -4.726761 5.932477 
-11.169492 -4.834850 5.765129 
FEnd
FBeg
  276    O GLN A  52  1232    C SER B  47 unk
-12.639 -5.534 6.282 -10.419 -5.868 3.913  0.57
-11.169492 -4.834850 5.765129 
-12.305133 -6.283779 4.905196 
-12.284949 -6.102506 4.898554 
-11.710377 -4.880855 5.264750 
-11.670748 -4.846281 5.297011 
FEnd
FBeg
  273    N GLN A  52  1232    C SER B  47 unk
-12.699 -3.557 4.237 -10.419 -5.868 3.913  1.16
-11.710377 -4.880855 5.264750 
-11.670748 -4.846281 5.297011 
-11.527049 -4.404283 3.155583 
-12.031957 -4.899139 3.132199 
-12.107146 -5.084873 3.927874 
-11.794034 -4.949064 5.162563 
FEnd
FBeg
  274   CA GLN A  52  1232    C SER B  47 ali
-13.874 -4.330 4.620 -10.419 -5.868 3.913  0.57
-12.107146 -5.084873 3.927874 
-12.249127 -5.817810 4.828458 
-11.794034 -4.949064 5.162563 
FEnd
FBeg
  273    N GLN A  52  1237   CA GLY B  48 unk
-12.699 -3.557 4.237 -10.635 -5.536 1.551  1.33
-11.527049 -4.404283 3.155583 
-12.031957 -4.899139 3.132199 
-12.537251 -4.273058 2.282630 
-12.554543 -3.984268 2.056566 
-11.686691 -3.709841 2.521256 
-11.211314 -3.812468 2.962163 
FEnd
FBeg
  263   CA PHE A  51  1237   CA GLY B  48 ali
-11.514 -1.578 3.420 -10.635 -5.536 1.551  3.62
-11.686691 -3.709841 2.521256 
-11.211314 -3.812468 2.962163 
-8.722604 -3.170930 2.774024 
-8.415253 -2.818372 2.171957 
-8.548334 -2.653374 1.759950 
-11.944682 -3.499147 1.953734 
FEnd
FBeg
  254    O ARG A  50  1237   CA GLY B  48 unk
-11.482 -2.332 0.690 -10.635 -5.536 1.551  8.95
-8.548334 -2.653374 1.759950 
-8.951595 -3.013223 0.817563 
-11.501347 -4.173889 -0.993277 
-12.206156 -4.384746 -1.084584 
-12.859364 -4.088557 0.660198 
-12.613896 -3.754919 1.660275 
-11.944682 -3.499147 1.953734 
FEnd
FBeg
  281  NE2 GLN A  52  1237   CA GLY B  48 unk
-14.249 -6.184 0.308 -10.635 -5.536 1.551  6.40
-12.206156 -4.384746 -1.084584 
-12.028367 -7.148276 -0.160819 
-12.146317 -7.338255 0.281158 
-12.226144 -7.373454 0.531603 
-12.587764 -7.239414 1.513129 
-12.854282 -5.777999 1.526162 
-12.859364 -4.088557 0.660198 
FEnd
FBeg
  279   CD GLN A  52  1237   CA GLY B  48 ali
-14.854 -6.305 1.504 -10.635 -5.536 1.551  0.72
-12.587764 -7.239414 1.513129 
-12.592417 -7.248555 2.080365 
-12.627723 -7.063641 2.224151 
-12.805928 -6.066105 1.899473 
-12.854282 -5.777999 1.526162 
FEnd
FBeg
  279   CD GLN A  52  1236    N GLY B  48 unk
-14.854 -6.305 1.504 -10.461 -6.390 2.692  0.03
-12.592417 -7.248555 2.080365 
-12.627723 -7.063641 2.224151 
-12.662492 -7.316546 2.334625 
FEnd
FBeg
  277   CB GLN A  52  1236    N GLY B  48 unk
-14.095 -5.468 3.659 -10.461 -6.390 2.692  1.30
-12.627723 -7.063641 2.224151 
-12.662492 -7.316546 2.334625 
-12.593750 -7.583302 2.847302 
-12.332224 -7.354156 3.611636 
-12.134893 -5.931269 2.996538 
FEnd
FBeg
  277   CB GLN A  52  1553  CE1 PHE B  83 ali
-14.095 -5.468 3.659 -13.383 -9.336 4.575  6.19
-12.593750 -7.583302 2.847302 
-12.332224 -7.354156 3.611636 
-12.354054 -7.241249 4.105376 
-12.621040 -7.064108 5.060918 
-12.920677 -7.079970 5.226845 
-13.364672 -7.140507 5.316327 
-15.112020 -7.495892 5.173840 
-15.171798 -7.839055 3.771227 
-14.285994 -7.833271 3.107125 
-13.092495 -7.723245 2.644035 
FEnd
FBeg
  279   CD GLN A  52  1553  CE1 PHE B  83 aro
-14.854 -6.305 1.504 -13.383 -9.336 4.575  0.52
-14.285994 -7.833271 3.107125 
-13.092495 -7.723245 2.644035 
-13.790493 -8.376582 2.333547 
FEnd
FBeg
  280  OE1 GLN A  52  1553  CE1 PHE B  83 unk
-15.427 -7.343 1.866 -13.383 -9.336 4.575  1.87
-15.171798 -7.839055 3.771227 
-14.285994 -7.833271 3.107125 
-13.790493 -8.376582 2.333547 
-13.995299 -8.722372 2.233682 
-15.217889 -9.083046 2.890806 
FEnd
FBeg
  280  OE1 GLN A  52  1551  CD1 PHE B  83 unk
-15.427 -7.343 1.866 -13.416 -10.525 3.861  2.28
-13.995299 -8.722372 2.233682 
-15.217889 -9.083046 2.890806 
-15.948735 -10.364984 1.582837 
-15.200423 -10.085334 1.274563 
-14.335340 -9.231888 1.763778 
FEnd
FBeg
  280  OE1 GLN A  52  1220   CG ASN B  45 unk
-15.427 -7.343 1.866 -12.141 -9.869 0.462  1.35
-15.200423 -10.085334 1.274563 
-15.130013 -9.719951 0.781979 
-14.296659 -8.637344 0.784641 
-14.031083 -8.594230 1.328639 
-14.335340 -9.231888 1.763778 
FEnd
FBeg
  279   CD GLN A  52  1220   CG ASN B  45 aro
-14.854 -6.305 1.504 -12.141 -9.869 0.462  0.33
-14.296659 -8.637344 0.784641 
-14.031083 -8.594230 1.328639 
-13.476136 -8.069782 0.979734 
-13.927704 -8.338785 0.724092 
FEnd
FBeg
  279   CD GLN A  52  1222  ND2 ASN B  45 unk
-14.854 -6.305 1.504 -12.644 -9.479 -0.680  0.14
-13.927704 -8.338785 0.724092 
-14.296659 -8.637344 0.784641 
-14.686542 -8.585822 0.315239 
FEnd
FBeg
  280  OE1 GLN A  52  1222  ND2 ASN B  45 hbd
-15.427 -7.343 1.866 -12.644 -9.479 -0.680  1.19
-15.130013 -9.719951 0.781979 
-15.529270 -8.968581 -0.284816 
-15.393888 -8.736415 -0.331610 
-14.686542 -8.585822 0.315239 
-14.296659 -8.637344 0.784641 
FEnd
FBeg
  280  OE1 GLN A  52  1261  NH2 ARG B  50 hbd
-15.427 -7.343 1.866 -15.013 -8.567 -3.009  3.02
-15.529270 -8.968581 -0.284816 
-16.926305 -8.986172 -0.399040 
-19.315122 -6.790475 -1.153194 
-19.119445 -6.656781 -1.170144 
-16.887476 -7.728899 -0.711414 
-15.393888 -8.736415 -0.331610 
FEnd
FBeg
  281  NE2 GLN A  52  1261  NH2 ARG B  50 hbd
-14.249 -6.184 0.308 -15.013 -8.567 -3.009  10.82
-16.887476 -7.728899 -0.711414 
-15.393888 -8.736415 -0.331610 
-14.406141 -8.036234 -1.062141 
-15.019108 -6.765622 -1.833790 
-17.196570 -4.566250 -2.912332 
-17.787566 -4.541319 -2.794120 
-17.799018 -4.548254 -2.786500 
-18.646655 -6.148751 -1.441436 
FEnd
FBeg
  281  NE2 GLN A  52  1260  NH1 ARG B  50 hbd
-14.249 -6.184 0.308 -13.351 -7.001 -3.171  11.79
-15.019108 -6.765622 -1.833790 
-17.196570 -4.566250 -2.912332 
-14.175447 -3.988432 -2.268213 
-12.351542 -4.321288 -1.719259 
-12.234537 -6.977500 -1.065279 
-13.375108 -7.480195 -1.241632 
FEnd
FBeg
  281  NE2 GLN A  52  1259   CZ ARG B  50 unk
-14.249 -6.184 0.308 -13.794 -8.234 -3.429  0.95
-14.406141 -8.036234 -1.062141 
-15.019108 -6.765622 -1.833790 
-13.375108 -7.480195 -1.241632 
FEnd
FBeg
  280  OE1 GLN A  52  1532  OE2 GLU B  81 hbd
-15.427 -7.343 1.866 -15.127 -11.487 -1.165  3.06
-15.948735 -10.364984 1.582837 
-16.417107 -10.253804 1.384472 
-16.926305 -8.986172 -0.399040 
-15.529270 -8.968581 -0.284816 
-15.130013 -9.719951 0.781979 
-15.200423 -10.085334 1.274563 
FEnd
FBeg
  191  CD2 LEU A  41  1551  CD1 PHE B  83 ali
-17.104 -9.305 4.726 -13.416 -10.525 3.861  5.03
-15.217889 -9.083046 2.890806 
-15.948735 -10.364984 1.582837 
-16.196638 -11.301282 1.846442 
-16.199238 -11.314738 1.854331 
-15.940443 -11.401168 3.079629 
-15.152499 -10.438924 5.081939 
-15.139309 -10.411871 5.100022 
FEnd
FBeg
  191  CD2 LEU A  41  1552  CD2 PHE B  83 ali
-17.104 -9.305 4.726 -13.672 -11.743 5.870  1.91
-15.152499 -10.438924 5.081939 
-15.139309 -10.411871 5.100022 
-15.138844 -10.406368 5.110353 
-16.096452 -11.156512 6.384532 
-16.653181 -12.594512 4.990171 
-16.605742 -12.541549 4.960724 
FEnd
FBeg
  300  CZ2 TRP A  54  1552  CD2 PHE B  83 aro
-17.626 -12.327 8.051 -13.672 -11.743 5.870  7.97
-16.096452 -11.156512 6.384532 
-16.653181 -12.594512 4.990171 
-15.529682 -14.934104 6.400531 
-14.637002 -14.504281 8.133989 
-15.390872 -12.088624 7.414110 
-15.665696 -11.583746 7.051062 
FEnd
FBeg
  300  CZ2 TRP A  54  1554  CE2 PHE B  83 aro
-17.626 -12.327 8.051 -13.628 -10.566 6.596  0.16
-15.665696 -11.583746 7.051062 
-16.096452 -11.156512 6.384532 
-16.126649 -10.896978 6.615674 
FEnd
FBeg
  298  CE2 TRP A  54  1554  CE2 PHE B  83 aro
-17.053 -11.401 8.905 -13.628 -10.566 6.596  1.93
-16.126649 -10.896978 6.615674 
-15.665696 -11.583746 7.051062 
-15.390549 -11.797988 7.381719 
-15.655768 -9.604880 7.781403 
-15.873472 -9.164634 7.617683 
-15.964408 -9.162961 7.483400 
FEnd
FBeg
  296  CD2 TRP A  54  1554  CE2 PHE B  83 aro
-17.768 -10.293 9.403 -13.628 -10.566 6.596  0.02
-15.873472 -9.164634 7.617683 
-15.872965 -9.086344 7.610816 
-15.896027 -9.009408 7.569319 
-15.934540 -9.033917 7.514900 
-15.964408 -9.162961 7.483400 
FEnd
FBeg
  296  CD2 TRP A  54  1555   CZ PHE B  83 aro
-17.768 -10.293 9.403 -13.490 -9.364 5.957  0.00
-15.896027 -9.009408 7.569319 
-15.934540 -9.033917 7.514900 
-15.940662 -8.918550 7.538402 
FEnd
FBeg
  294   CG TRP A  54  1555   CZ PHE B  83 aro
-16.875 -9.562 10.262 -13.490 -9.364 5.957  0.07
-15.940662 -8.918550 7.538402 
-15.896027 -9.009408 7.569319 
-15.814332 -8.984018 7.634724 
-15.669683 -8.733749 7.759971 
-15.940557 -8.716362 7.547784 
FEnd
FBeg
  289    N TRP A  54  1555   CZ PHE B  83 unk
-16.160 -6.697 9.584 -13.490 -9.364 5.957  0.70
-15.669683 -8.733749 7.759971 
-14.456238 -8.447504 8.442762 
-14.390346 -8.320488 8.397871 
-15.200984 -8.183307 7.700252 
-15.885713 -8.459247 7.399095 
-15.940557 -8.716362 7.547784 
FEnd
FBeg
  284    C THR A  53  1555   CZ PHE B  83 ali
-16.099 -5.793 8.617 -13.490 -9.364 5.957  0.39
-15.200984 -8.183307 7.700252 
-15.642760 -7.774872 6.718629 
-15.885713 -8.459247 7.399095 
FEnd
FBeg
  283   CA THR A  53  1555   CZ PHE B  83 ali
-14.705 -5.422 8.144 -13.490 -9.364 5.957  4.69
-14.390346 -8.320488 8.397871 
-13.072135 -7.638339 7.900658 
-12.724119 -7.371218 7.612523 
-13.415229 -7.151467 6.832478 
-15.011515 -7.222325 6.073371 
-15.404550 -7.325410 6.040827 
-15.642760 -7.774872 6.718629 
-15.200984 -8.183307 7.700252 
FEnd
FBeg
  282    N THR A  53  1555   CZ PHE B  83 unk
-14.744 -4.849 6.800 -13.490 -9.364 5.957  0.07
-15.011515 -7.222325 6.073371 
-15.292292 -7.233519 5.715661 
-15.404550 -7.325410 6.040827 
FEnd
FBeg
  275    C GLN A  52  1555   CZ PHE B  83 ali
-13.698 -4.946 5.982 -13.490 -9.364 5.957  1.97
-13.415229 -7.151467 6.832478 
-12.978211 -7.122484 5.346613 
-13.364672 -7.140507 5.316327 
-15.274456 -7.232384 5.663354 
-15.292292 -7.233519 5.715661 
-15.011515 -7.222325 6.073371 
FEnd
FBeg
  276    O GLN A  52  1555   CZ PHE B  83 unk
-12.639 -5.534 6.282 -13.490 -9.364 5.957  2.24
-12.724119 -7.371218 7.612523 
-11.794195 -7.551450 7.301510 
-12.547913 -7.220751 5.377938 
-12.978211 -7.122484 5.346613 
-13.415229 -7.151467 6.832478 
FEnd
FBeg
  276    O GLN A  52  1573  OD1 ASP B  85 unk
-12.639 -5.534 6.282 -11.861 -7.437 9.711  1.31
-12.724119 -7.371218 7.612523 
-11.794195 -7.551450 7.301510 
-11.398429 -6.978302 7.529797 
-12.029403 -5.976909 8.228703 
-12.111285 -6.039741 8.212411 
FEnd
FBeg
  286   CB THR A  53  1573  OD1 ASP B  85 unk
-14.041 -4.447 9.136 -11.861 -7.437 9.711  1.34
-12.029403 -5.976909 8.228703 
-12.111285 -6.039741 8.212411 
-13.226079 -6.602641 9.511856 
-13.217166 -6.591022 9.538483 
-11.679117 -5.475340 9.508821 
FEnd
FBeg
  287  OG1 THR A  53  1573  OD1 ASP B  85 hbd
-13.493 -5.173 10.244 -11.861 -7.437 9.711  2.35
-13.217166 -6.591022 9.538483 
-11.885885 -6.083442 11.458724 
-11.870105 -6.071997 11.458423 
-11.602814 -5.795368 11.101826 
-11.497064 -5.504706 10.190987 
-11.599377 -5.452532 9.656100 
-11.679117 -5.475340 9.508821 
FEnd
FBeg
  699   CZ ARG A  99  1573  OD1 ASP B  85 unk
-9.134 -5.370 9.391 -11.861 -7.437 9.711  1.42
-11.497064 -5.504706 10.190987 
-10.174831 -7.426434 9.045725 
-10.181216 -7.429141 8.973837 
-10.316114 -7.325682 8.492531 
-11.599377 -5.452532 9.656100 
FEnd
FBeg
  699   CZ ARG A  99  1568   CA ASP B  85 ali
-9.134 -5.370 9.391 -10.723 -9.861 8.871  0.20
-10.181216 -7.429141 8.973837 
-10.316114 -7.325682 8.492531 
-9.880261 -7.440559 8.152803 
-9.730471 -7.495665 8.171010 
FEnd
FBeg
  699   CZ ARG A  99  1234   CB SER B  47 ali
-9.134 -5.370 9.391 -9.018 -6.185 5.970  4.43
-9.880261 -7.440559 8.152803 
-8.384244 -4.031606 7.391400 
-7.213290 -5.941906 7.886205 
-8.918953 -7.550322 8.211549 
-9.730471 -7.495665 8.171010 
FEnd
FBeg
  699   CZ ARG A  99  1578    O ARG B  86 unk
-9.134 -5.370 9.391 -6.982 -7.962 7.859  1.41
-7.213290 -5.941906 7.886205 
-7.074741 -6.217571 8.547223 
-8.565010 -7.552954 8.713184 
-8.918953 -7.550322 8.211549 
FEnd
FBeg
  699   CZ ARG A  99  1577    C ARG B  86 ali
-9.134 -5.370 9.391 -6.405 -8.485 8.832  1.83
-7.074741 -6.217571 8.547223 
-7.029324 -6.385399 9.704156 
-8.384092 -7.531959 9.479419 
-8.565010 -7.552954 8.713184 
FEnd
FBeg
  697   CD ARG A  99  1577    C ARG B  86 ali
-8.676 -6.342 11.589 -6.405 -8.485 8.832  2.32
-7.029324 -6.385399 9.704156 
-8.384092 -7.531959 9.479419 
-8.286313 -7.673725 9.670156 
-6.602087 -7.691296 11.071147 
-6.629991 -6.273344 9.945996 
-6.642118 -6.258229 9.924257 
FEnd
FBeg
  697   CD ARG A  99  1587   CA ASP B  87 ali
-8.676 -6.342 11.589 -4.424 -7.028 8.740  0.16
-6.629991 -6.273344 9.945996 
-6.642118 -6.258229 9.924257 
-6.328880 -5.896879 10.304743 
-6.203501 -6.129295 10.547828 
-6.181482 -6.247076 10.609049 
FEnd
FBeg
  666  OD1 ASN A  96  1587   CA ASP B  87 unk
-4.747 -5.450 11.892 -4.424 -7.028 8.740  0.61
-6.203501 -6.129295 10.547828 
-6.181482 -6.247076 10.609049 
-5.128284 -6.846045 11.016840 
-4.988550 -6.026804 10.621019 
FEnd
FBeg
  666  OD1 ASN A  96  1590   CB ASP B  87 unk
-4.747 -5.450 11.892 -3.194 -6.816 9.613  8.49
-5.128284 -6.846045 11.016840 
-4.988550 -6.026804 10.621019 
-1.189075 -5.254146 12.747010 
-1.429407 -6.234024 13.170563 
-1.936851 -7.008815 13.289170 
-1.999532 -7.055641 13.274523 
-4.590083 -7.961154 12.051972 
FEnd
FBeg
  666  OD1 ASN A  96  1846  OE2 GLU B 117 hbd
-4.747 -5.450 11.892 -3.297 -10.114 12.274  5.58
-1.999532 -7.055641 13.274523 
-1.988593 -7.045026 13.362600 
-2.379565 -7.094862 14.238188 
-3.029945 -7.298072 14.225826 
-5.451381 -8.090757 13.738922 
-5.886434 -8.300581 12.828458 
-5.873363 -8.308492 12.682261 
-5.845447 -8.302889 12.644703 
-4.590083 -7.961154 12.051972 
FEnd
FBeg
  708  CG2 THR A 100  1846  OE2 GLU B 117 unk
-4.787 -8.673 17.338 -3.297 -10.114 12.274  7.91
-3.029945 -7.298072 14.225826 
-5.451381 -8.090757 13.738922 
-6.051342 -8.984346 13.816672 
-3.193996 -10.432743 15.069552 
-2.178577 -8.689926 14.872390 
-2.392965 -7.324690 14.420822 
FEnd
FBeg
  708  CG2 THR A 100  1834   CB ASP B 116 ali
-4.787 -8.673 17.338 -0.518 -11.221 16.801  10.38
-3.193996 -10.432743 15.069552 
-2.178577 -8.689926 14.872390 
-1.517135 -7.830265 16.051687 
-1.460742 -7.789808 16.308029 
-3.242934 -11.113986 17.912923 
-4.624158 -13.595632 18.707681 
FEnd
FBeg
  708  CG2 THR A 100  1835   CG ASP B 116 ali
-4.787 -8.673 17.338 -0.464 -10.779 18.275  3.73
-3.242934 -11.113986 17.912923 
-6.212710 -15.572902 21.592611 
-6.214100 -15.599139 21.540050 
-5.955908 -15.385822 20.828293 
-4.624158 -13.595632 18.707681 
FEnd
FBeg
  708  CG2 THR A 100  1836  OD1 ASP B 116 unk
-4.787 -8.673 17.338 -1.294 -9.906 18.663  20.74
-1.460742 -7.789808 16.308029 
-1.459594 -7.677208 16.409784 
-1.856136 -7.311197 17.795756 
-2.651222 -8.225468 19.040994 
-6.401456 -14.821029 22.789853 
-6.212710 -15.572902 21.592611 
-3.242934 -11.113986 17.912923 
FEnd
FBeg
  720   CE LYS A 102  1836  OD1 ASP B 116 unk
-1.854 -7.879 21.669 -1.294 -9.906 18.663  18.98
-2.651222 -8.225468 19.040994 
-6.401456 -14.821029 22.789853 
-5.506440 -15.536303 23.438912 
-3.950713 -13.860614 22.598787 
0.120754 -8.467600 19.720670 
FEnd
FBeg
  721   NZ LYS A 102  1836  OD1 ASP B 116 elf
-0.606 -8.644 22.001 -1.294 -9.906 18.663  0.73
-3.950713 -13.860614 22.598787 
-3.895577 -13.802228 22.565349 
0.291486 -8.556377 19.719045 
0.246187 -8.430242 19.680694 
0.120754 -8.467600 19.720670 
FEnd
FBeg
  721   NZ LYS A 102  1804   OG SER B 112 hbd
-0.606 -8.644 22.001 2.534 -8.077 20.157  38.24
0.291486 -8.556377 19.719045 
0.246187 -8.430242 19.680694 
1.638618 -6.281989 22.712306 
2.202143 -6.451280 23.619834 
2.936649 -7.130839 24.661612 
6.101511 -12.451568 28.414765 
6.053091 -13.116862 28.127746 
4.205438 -13.355520 24.908143 
0.753356 -9.429624 20.237018 
FEnd
FBeg
  952   SG CYS A 131  1804   OG SER B 112 hbd
2.915 -3.469 20.780 2.534 -8.077 20.157  1.55
1.638618 -6.281989 22.712306 
2.202143 -6.451280 23.619834 
2.539949 -6.364314 22.770004 
1.453116 -5.964905 20.480451 
1.339419 -5.968870 20.579310 
FEnd
FBeg
  738  CE1 HIS A 104  1804   OG SER B 112 unk
0.732 -4.450 18.230 2.534 -8.077 20.157  1.10
1.453116 -5.964905 20.480451 
1.173730 -7.069471 18.662699 
0.355147 -7.541487 18.539755 
1.339419 -5.968870 20.579310 
FEnd
FBeg
  738  CE1 HIS A 104  1801    C SER B 112 ali
0.732 -4.450 18.230 3.135 -8.397 17.384  0.55
1.173730 -7.069471 18.662699 
0.355147 -7.541487 18.539755 
0.259780 -7.576551 18.432467 
0.228103 -7.573178 18.326753 
1.218232 -6.930404 18.140290 
1.668181 -6.711518 18.397127 
FEnd
FBeg
  738  CE1 HIS A 104  1805    N ALA B 113 unk
0.732 -4.450 18.230 3.034 -7.307 16.632  1.33
1.218232 -6.930404 18.140290 
2.412458 -5.407413 17.137738 
2.453709 -5.377012 17.142808 
2.628487 -5.850965 18.241947 
1.668181 -6.711518 18.397127 
FEnd
FBeg
  738  CE1 HIS A 104  1790   SG CYS B 110 unk
0.732 -4.450 18.230 4.644 -4.589 17.548  1.65
2.453709 -5.377012 17.142808 
2.421391 -4.594263 16.797897 
2.532762 -4.446771 17.406665 
2.788060 -5.325543 19.050179 
2.628487 -5.850965 18.241947 
FEnd
FBeg
18975   ZN ZN A 601  1790   SG CYS B 110 unk
3.351 -2.711 18.753 4.644 -4.589 17.548  10.23
2.532762 -4.446771 17.406665 
2.788060 -5.325543 19.050179 
2.909096 -5.298817 19.138402 
4.075227 -4.781102 19.582832 
6.518347 -2.859219 19.209105 
6.554221 -2.801786 19.158090 
6.713837 -2.425692 18.743217 
6.485714 -2.403985 18.464604 
2.728299 -3.711693 16.470858 
FEnd
FBeg
18975   ZN ZN A 601  1789   CB CYS B 110 unk
3.351 -2.711 18.753 5.091 -3.652 16.091  4.28
6.485714 -2.403985 18.464604 
2.728299 -3.711693 16.470858 
2.662150 -3.024291 16.184629 
2.665820 -3.000571 16.178643 
3.266919 -1.829964 16.157745 
FEnd
FBeg
  958   SG CYS A 132  1789   CB CYS B 110 unk
3.887 -0.903 18.455 5.091 -3.652 16.091  8.94
3.266919 -1.829964 16.157745 
6.485714 -2.403985 18.464604 
6.857315 -2.362316 18.605407 
7.568357 -1.536517 18.007257 
7.172173 -0.558153 16.667778 
6.979956 -0.493741 16.494979 
3.663945 -0.998957 15.393608 
FEnd
FBeg
  743    O TYR A 105  1789   CB CYS B 110 unk
4.580 1.422 15.302 5.091 -3.652 16.091  5.21
6.979956 -0.493741 16.494979 
6.375081 -0.840617 14.655994 
6.200717 -0.881563 14.505605 
4.347603 -1.160525 13.911799 
3.583077 -1.213862 14.063942 
3.531507 -1.175593 14.343450 
3.663945 -0.998957 15.393608 
FEnd
FBeg
  743    O TYR A 105  1785    N CYS B 110 hbd
4.580 1.422 15.302 5.869 -3.952 13.804  0.45
6.200717 -0.881563 14.505605 
4.347603 -1.160525 13.911799 
5.292697 -0.892371 13.763045 
FEnd
FBeg
  759    N ARG A 107  1785    N CYS B 110 hbd
6.466 1.886 12.989 5.869 -3.952 13.804  0.81
5.292697 -0.892371 13.763045 
6.200717 -0.881563 14.505605 
6.398756 -0.892214 14.574372 
6.511798 -0.946247 14.270131 
5.595544 -1.014756 13.108220 
5.400864 -1.000624 13.066841 
FEnd
FBeg
  759    N ARG A 107  1777   CA GLU B 109 unk
6.466 1.886 12.989 6.387 -3.700 11.453  0.08
5.595544 -1.014756 13.108220 
5.400864 -1.000624 13.066841 
5.532419 -0.784770 12.275072 
FEnd
FBeg
  753   CA PRO A 106  1777   CA GLU B 109 ali
4.005 1.948 12.597 6.387 -3.700 11.453  1.99
5.400864 -1.000624 13.066841 
5.532419 -0.784770 12.275072 
5.548184 -0.532759 11.063707 
5.525687 -0.528358 10.995134 
4.577787 -0.905788 10.884841 
4.674765 -1.268628 12.878131 
FEnd
FBeg
  753   CA PRO A 106  1784  OE2 GLU B 109 unk
4.005 1.948 12.597 3.320 -3.432 11.651  6.73
4.577787 -0.905788 10.884841 
4.674765 -1.268628 12.878131 
3.899525 -1.328756 13.781438 
3.450708 -1.303312 13.961720 
1.395345 -0.799414 12.584296 
1.434259 -0.765113 12.361043 
3.727259 -0.766190 10.706802 
FEnd
FBeg
  773  CE2 TYR A 108  1784  OE2 GLU B 109 unk
4.762 1.261 8.442 3.320 -3.432 11.651  0.96
3.727259 -0.766190 10.706802 
4.577787 -0.905788 10.884841 
4.516453 -1.233384 10.378187 
4.389518 -1.287958 10.241336 
2.539574 -0.827541 10.083379 
FEnd
FBeg
  773  CE2 TYR A 108  1782   CD GLU B 109 aro
4.762 1.261 8.442 3.221 -4.178 10.636  1.78
4.389518 -1.287958 10.241336 
2.539574 -0.827541 10.083379 
2.468983 -0.823678 10.043374 
2.991916 -1.518459 8.688281 
3.794572 -1.508634 9.276401 
FEnd
FBeg
  773  CE2 TYR A 108  1772  CE1 TYR B 108 aro
4.762 1.261 8.442 5.694 -2.748 7.237  7.50
2.991916 -1.518459 8.688281 
3.030771 -1.027734 7.085703 
3.506865 -0.653503 6.208881 
5.548262 0.265149 4.731457 
6.371846 0.359084 5.055935 
3.794572 -1.508634 9.276401 
FEnd
FBeg
  775   OH TYR A 108  1772  CE1 TYR B 108 unk
2.604 1.729 7.470 5.694 -2.748 7.237  1.49
3.030771 -1.027734 7.085703 
3.506865 -0.653503 6.208881 
3.850235 -0.315425 4.266560 
3.544925 -0.524677 4.238287 
3.348403 -0.680126 4.618941 
2.933090 -1.039022 6.007183 
FEnd
FBeg
  637  NH1 ARG A  92  1772  CE1 TYR B 108 unk
0.197 -0.755 7.714 5.694 -2.748 7.237  1.41
2.991916 -1.518459 8.688281 
3.030771 -1.027734 7.085703 
2.933090 -1.039022 6.007183 
2.699895 -2.070169 7.628158 
2.720152 -2.050833 7.780809 
2.961144 -1.590701 8.635499 
FEnd
FBeg
  638  NH2 ARG A  92  1772  CE1 TYR B 108 unk
0.178 -2.779 8.809 5.694 -2.748 7.237  0.40
2.720152 -2.050833 7.780809 
2.698915 -2.143024 7.704472 
2.798306 -2.717355 8.041901 
2.799487 -2.711972 8.046151 
2.961144 -1.590701 8.635499 
FEnd
FBeg
  638  NH2 ARG A  92  1782   CD GLU B 109 unk
0.178 -2.779 8.809 3.221 -4.178 10.636  7.38
2.799487 -2.711972 8.046151 
2.961144 -1.590701 8.635499 
2.467789 -0.823817 10.044448 
2.434169 -0.830161 10.095586 
0.546612 -2.802396 11.729236 
2.251602 -3.646184 8.243334 
2.793881 -2.726511 8.044356 
FEnd
FBeg
  638  NH2 ARG A  92  1783  OE1 GLU B 109 elf
0.178 -2.779 8.809 2.121 -4.616 10.204  9.09
0.546612 -2.802396 11.729236 
-0.296149 -3.025105 12.609788 
-0.424298 -3.137763 12.639924 
-0.769415 -3.561777 12.562253 
-0.860933 -3.769304 12.416441 
-0.897266 -3.915553 12.274459 
-0.772662 -4.112653 11.841356 
0.243827 -4.997441 9.260430 
0.549052 -5.061833 8.750508 
1.628573 -4.289520 8.263934 
2.251602 -3.646184 8.243334 
FEnd
FBeg
  638  NH2 ARG A  92  1605   CB GLU B  89 unk
0.178 -2.779 8.809 0.299 -4.704 6.022  2.96
0.549052 -5.061833 8.750508 
0.007968 -4.855140 8.584252 
-0.891688 -4.208900 8.098831 
-0.934911 -4.153560 8.058730 
1.202050 -3.280774 7.548669 
1.628573 -4.289520 8.263934 
FEnd
FBeg
  636   CZ ARG A  92  1605   CB GLU B  89 ali
-0.376 -1.931 7.939 0.299 -4.704 6.022  4.34
-0.934911 -4.153560 8.058730 
1.202050 -3.280774 7.548669 
0.323951 -2.015324 5.408967 
-0.631581 -2.824793 6.243434 
-1.172667 -4.060245 7.840030 
FEnd
FBeg
  636   CZ ARG A  92  1592  OD1 ASP B  87 unk
-0.376 -1.931 7.939 -2.374 -4.678 8.939  2.10
-1.172667 -4.060245 7.840030 
-0.934911 -4.153560 8.058730 
-2.119552 -2.392406 10.529708 
-2.616444 -2.354615 9.640728 
-2.636809 -2.387990 9.508359 
FEnd
FBeg
  635   NE ARG A  92  1592  OD1 ASP B  87 elf
-1.497 -2.271 7.296 -2.374 -4.678 8.939  3.67
-2.636809 -2.387990 9.508359 
-1.172667 -4.060245 7.840030 
-2.121284 -4.306470 6.972958 
-2.291089 -4.276315 6.926495 
-3.187192 -3.510248 7.570465 
-2.972749 -2.562765 9.072996 
FEnd
FBeg
  633   CG ARG A  92  1592  OD1 ASP B  87 unk
-3.595 -1.054 6.828 -2.374 -4.678 8.939  0.70
-3.187192 -3.510248 7.570465 
-3.850140 -3.397213 8.147963 
-3.014249 -2.570484 9.083749 
-2.972749 -2.562765 9.072996 
FEnd
FBeg
  633   CG ARG A  92  1600   CD PRO B  88 ali
-3.595 -1.054 6.828 -4.704 -5.249 6.376  5.06
-3.187192 -3.510248 7.570465 
-3.850140 -3.397213 8.147963 
-6.391753 -2.689569 7.816292 
-6.534273 -2.634241 7.652469 
-5.924308 -2.650939 6.310869 
-3.549400 -3.278399 6.307381 
-3.174380 -3.508059 7.518722 
FEnd
FBeg
  634   CD ARG A  92  1600   CD PRO B  88 ali
-2.209 -1.428 6.328 -4.704 -5.249 6.376  1.02
-3.549400 -3.278399 6.307381 
-3.174380 -3.508059 7.518722 
-2.371623 -4.045533 6.460196 
-2.448156 -3.999243 6.166936 
FEnd
FBeg
  634   CD ARG A  92  1599   CG PRO B  88 ali
-2.209 -1.428 6.328 -4.583 -4.783 4.933  5.93
-2.448156 -3.999243 6.166936 
-3.549400 -3.278399 6.307381 
-3.982719 -2.108479 4.231121 
-2.178616 -2.909455 3.087275 
-1.748424 -3.316253 3.333532 
-1.740818 -3.332512 3.359692 
-1.832558 -3.504452 3.929333 
FEnd
FBeg
  634   CD ARG A  92  1602   CA GLU B  89 ali
-2.209 -1.428 6.328 -0.236 -5.913 5.292  0.08
-1.740818 -3.332512 3.359692 
-1.575947 -3.290918 3.493614 
-1.815338 -3.527114 4.060237 
-1.832558 -3.504452 3.929333 
FEnd
FBeg
  634   CD ARG A  92  1609  OE2 GLU B  89 unk
-2.209 -1.428 6.328 1.062 -4.728 3.326  3.02
-1.748424 -3.316253 3.333532 
-0.968948 -1.601225 2.297580 
-0.841820 -1.470824 2.292754 
0.285902 -1.260461 3.290283 
-0.105082 -2.202849 3.900200 
-1.575947 -3.290918 3.493614 
-1.740818 -3.332512 3.359692 
FEnd
FBeg
  250  NH2 ARG A  49  1599   CG PRO B  88 unk
-5.016 -1.724 2.108 -4.583 -4.783 4.933  7.43
-3.982719 -2.108479 4.231121 
-2.178616 -2.909455 3.087275 
-3.315526 -3.621595 2.490406 
-7.171848 -3.477431 3.237587 
-7.178077 -3.370138 3.354723 
-5.041025 -1.980781 4.531607 
FEnd
FBeg
  270  CE1 PHE A  51  1599   CG PRO B  88 ali
-7.367 -0.649 5.108 -4.583 -4.783 4.933  4.51
-7.178077 -3.370138 3.354723 
-6.946193 -3.326258 6.007095 
-5.924308 -2.650939 6.310869 
-5.041025 -1.980781 4.531607 
FEnd
FBeg
  270  CE1 PHE A  51  1235   OG SER B  47 unk
-7.367 -0.649 5.108 -8.127 -5.337 5.252  0.66
-7.178077 -3.370138 3.354723 
-6.946193 -3.326258 6.007095 
-7.210654 -3.258808 6.807198 
-7.294655 -3.354220 3.257660 
FEnd
FBeg
  268  CD1 PHE A  51  1235   OG SER B  47 unk
-8.699 -1.076 5.151 -8.127 -5.337 5.252  6.05
-7.210654 -3.258808 6.807198 
-7.294655 -3.354220 3.257660 
-7.428048 -3.375844 3.100817 
-7.800677 -3.431262 2.873177 
-8.210512 -3.485623 2.900864 
-9.290734 -3.573368 5.316731 
-8.117007 -3.375749 7.006665 
-8.089651 -3.371699 7.022618 
-7.268039 -3.262362 6.982233 
FEnd
FBeg
  268  CD1 PHE A  51  1600   CD PRO B  88 ali
-8.699 -1.076 5.151 -4.704 -5.249 6.376  0.01
-7.268039 -3.262362 6.982233 
-7.210654 -3.258808 6.807198 
-7.220826 -3.205424 7.022224 
FEnd
FBeg
  700  NH1 ARG A  99  1235   OG SER B  47 hbd
-8.010 -4.666 9.449 -8.127 -5.337 5.252  0.37
-8.089651 -3.371699 7.022618 
-8.098558 -3.380257 7.024234 
-7.291864 -4.143570 7.123782 
-7.268039 -3.262362 6.982233 
FEnd
FBeg
  659  CD2 LEU A  95  1235   OG SER B  47 unk
-10.540 -2.195 8.592 -8.127 -5.337 5.252  0.00
-8.117007 -3.375749 7.006665 
-8.098558 -3.380257 7.024234 
-8.089651 -3.371699 7.022618 
FEnd
FBeg
  659  CD2 LEU A  95  1234   CB SER B  47 ali
-10.540 -2.195 8.592 -9.018 -6.185 5.970  1.57
-8.117007 -3.375749 7.006665 
-8.098558 -3.380257 7.024234 
-8.409888 -3.629929 7.223450 
-10.870594 -4.050867 6.435636 
-10.868502 -4.010028 6.374704 
-9.932884 -3.420439 6.020603 
FEnd
FBeg
  268  CD1 PHE A  51  1234   CB SER B  47 ali
-8.699 -1.076 5.151 -9.018 -6.185 5.970  0.97
-9.290734 -3.573368 5.316731 
-8.117007 -3.375749 7.006665 
-9.932884 -3.420439 6.020603 
FEnd
FBeg
  268  CD1 PHE A  51  1233    O SER B  47 unk
-8.699 -1.076 5.151 -10.661 -4.675 4.143  2.68
-8.210512 -3.485623 2.900864 
-9.290734 -3.573368 5.316731 
-9.932884 -3.420439 6.020603 
-10.210291 -3.243736 5.929648 
-9.942808 -3.051826 4.723812 
-8.722604 -3.170930 2.774024 
-8.236522 -3.464606 2.876452 
FEnd
FBeg
  266   CB PHE A  51  1233    O SER B  47 unk
-11.086 -0.809 4.664 -10.661 -4.675 4.143  0.72
-10.210291 -3.243736 5.929648 
-9.942808 -3.051826 4.723812 
-10.773249 -3.193419 5.097055 
-10.799553 -3.316112 5.986019 
FEnd
FBeg
  250  NH2 ARG A  49  1245   CG ARG B  49 unk
-5.016 -1.724 2.108 -5.410 -4.686 0.646  8.92
-3.315526 -3.621595 2.490406 
-7.171848 -3.477431 3.237587 
-7.428048 -3.375844 3.100817 
-8.021506 -2.891463 2.279397 
-8.238294 -2.379074 1.299724 
-8.202781 -2.283681 1.096888 
-7.035505 -2.310541 0.836733 
-6.206992 -2.406036 0.806927 
-3.311547 -3.377971 1.995753 
FEnd
FBeg
  250  NH2 ARG A  49  1246   CD ARG B  49 unk
-5.016 -1.724 2.108 -4.678 -3.819 -0.428  2.29
-6.206992 -2.406036 0.806927 
-2.598416 -2.405840 1.287718 
-3.311547 -3.377971 1.995753 
FEnd
FBeg
  248   CZ ARG A  49  1246   CD ARG B  49 ali
-4.916 -0.622 1.357 -4.678 -3.819 -0.428  6.81
-6.206992 -2.406036 0.806927 
-2.598416 -2.405840 1.287718 
-1.799044 -1.678527 0.091658 
-1.623776 -1.113395 -0.897145 
-3.381326 -1.372725 -0.667016 
-6.548214 -2.334040 0.632483 
FEnd
FBeg
  247   NE ARG A  49  1246   CD ARG B  49 unk
-5.433 -0.591 0.120 -4.678 -3.819 -0.428  6.77
-3.381326 -1.372725 -0.667016 
-8.073923 -2.238082 -2.034784 
-8.243288 -2.440014 -1.078645 
-8.173376 -2.502961 -0.611533 
-6.548214 -2.334040 0.632483 
FEnd
FBeg
  246   CD ARG A  49  1246   CD ARG B  49 ali
-5.374 0.559 -0.810 -4.678 -3.819 -0.428  24.28
-1.623776 -1.113395 -0.897145 
-1.835836 -1.235904 -1.914814 
-6.980928 -2.537454 -7.457232 
-8.164169 -2.533926 -5.260937 
-8.073923 -2.238082 -2.034784 
-3.381326 -1.372725 -0.667016 
FEnd
FBeg
  248   CZ ARG A  49  1249  NH1 ARG B  49 unk
-4.916 -0.622 1.357 -2.204 -4.915 0.559  3.56
-2.598416 -2.405840 1.287718 
-1.799044 -1.678527 0.091658 
-0.517486 -0.799842 -0.280035 
-1.133945 -1.676887 2.343170 
-1.264174 -1.769546 2.399064 
FEnd
FBeg
  248   CZ ARG A  49  1245   CG ARG B  49 ali
-4.916 -0.622 1.357 -5.410 -4.686 0.646  0.08
-7.035505 -2.310541 0.836733 
-6.206992 -2.406036 0.806927 
-6.548214 -2.334040 0.632483 
FEnd
FBeg
  247   NE ARG A  49  1245   CG ARG B  49 unk
-5.433 -0.591 0.120 -5.410 -4.686 0.646  1.55
-8.202781 -2.283681 1.096888 
-7.035505 -2.310541 0.836733 
-6.548214 -2.334040 0.632483 
-8.173376 -2.502961 -0.611533 
-8.225681 -2.491998 -0.523895 
-8.251112 -2.392544 0.251480 
FEnd
FBeg
  250  NH2 ARG A  49  1249  NH1 ARG B  49 elu
-5.016 -1.724 2.108 -2.204 -4.915 0.559  2.89
-2.178616 -2.909455 3.087275 
-3.315526 -3.621595 2.490406 
-3.311547 -3.377971 1.995753 
-2.598416 -2.405840 1.287718 
-1.264174 -1.769546 2.399064 
FEnd
FBeg
  634   CD ARG A  92  1601    N GLU B  89 unk
-2.209 -1.428 6.328 -1.664 -6.045 5.457  0.48
-2.371623 -4.045533 6.460196 
-2.448156 -3.999243 6.166936 
-1.832558 -3.504452 3.929333 
-1.815338 -3.527114 4.060237 
-2.150685 -3.996802 6.340126 
FEnd
FBeg
  633   CG ARG A  92  1599   CG PRO B  88 ali
-3.595 -1.054 6.828 -4.583 -4.783 4.933  3.77
-5.924308 -2.650939 6.310869 
-5.041025 -1.980781 4.531607 
-3.982719 -2.108479 4.231121 
-3.549400 -3.278399 6.307381 
FEnd
FBeg
  270  CE1 PHE A  51  1600   CD PRO B  88 ali
-7.367 -0.649 5.108 -4.704 -5.249 6.376  1.47
-6.534273 -2.634241 7.652469 
-5.924308 -2.650939 6.310869 
-6.946193 -3.326258 6.007095 
-7.210654 -3.258808 6.807198 
-7.220826 -3.205424 7.022224 
FEnd
FBeg
  700  NH1 ARG A  99  1600   CD PRO B  88 unk
-8.010 -4.666 9.449 -4.704 -5.249 6.376  4.16
-6.391753 -2.689569 7.816292 
-6.534273 -2.634241 7.652469 
-7.220826 -3.205424 7.022224 
-7.268039 -3.262362 6.982233 
-7.291864 -4.143570 7.123782 
-6.989830 -5.814047 7.765634 
-6.759993 -5.866438 8.022838 
-6.015155 -4.922391 8.645048 
FEnd
FBeg
  667  ND2 ASN A  96  1600   CD PRO B  88 unk
-4.817 -3.796 10.342 -4.704 -5.249 6.376  4.18
-3.850140 -3.397213 8.147963 
-6.391753 -2.689569 7.816292 
-6.015155 -4.922391 8.645048 
-4.044062 -4.663545 8.606377 
FEnd
FBeg
  667  ND2 ASN A  96  1587   CA ASP B  87 unk
-4.817 -3.796 10.342 -4.424 -7.028 8.740  3.09
-6.015155 -4.922391 8.645048 
-4.044062 -4.663545 8.606377 
-3.980529 -4.731978 8.760025 
-3.964522 -4.788239 8.877456 
-4.752429 -5.522697 10.165922 
-6.218511 -5.667194 10.097784 
FEnd
FBeg
  667  ND2 ASN A  96  1590   CB ASP B  87 unk
-4.817 -3.796 10.342 -3.194 -6.816 9.613  1.42
-3.964522 -4.788239 8.877456 
-3.046860 -4.683422 10.486261 
-4.752429 -5.522697 10.165922 
FEnd
FBeg
  667  ND2 ASN A  96  1591   CG ASP B  87 unk
-4.817 -3.796 10.342 -2.159 -5.916 8.964  0.28
-3.980529 -4.731978 8.760025 
-2.867876 -4.502535 10.553214 
-3.046860 -4.683422 10.486261 
-3.964522 -4.788239 8.877456 
FEnd
FBeg
  665   CG ASN A  96  1591   CG ASP B  87 aro
-4.831 -4.250 11.606 -2.159 -5.916 8.964  2.02
-2.867876 -4.502535 10.553214 
-3.046860 -4.683422 10.486261 
-1.172045 -5.225613 12.724262 
-0.877058 -4.397702 12.500532 
-0.902505 -4.125872 12.303384 
FEnd
FBeg
  665   CG ASN A  96  1592  OD1 ASP B  87 unk
-4.831 -4.250 11.606 -2.374 -4.678 8.939  2.28
-0.902505 -4.125872 12.303384 
-2.867876 -4.502535 10.553214 
-1.846301 -2.713239 11.207204 
-0.897266 -3.915553 12.274459 
FEnd
FBeg
  635   NE ARG A  92  1600   CD PRO B  88 unk
-1.497 -2.271 7.296 -4.704 -5.249 6.376  0.37
-2.291089 -4.276315 6.926495 
-3.187192 -3.510248 7.570465 
-3.174380 -3.508059 7.518722 
-2.371623 -4.045533 6.460196 
FEnd
FBeg
  635   NE ARG A  92  1601    N GLU B  89 hbd
-1.497 -2.271 7.296 -1.664 -6.045 5.457  0.12
-2.121284 -4.306470 6.972958 
-2.291089 -4.276315 6.926495 
-2.371623 -4.045533 6.460196 
-2.150685 -3.996802 6.340126 
FEnd
FBeg
  632   CB ARG A  92  1592  OD1 ASP B  87 unk
-3.486 -0.077 7.950 -2.374 -4.678 8.939  0.03
-2.616444 -2.354615 9.640728 
-2.636809 -2.387990 9.508359 
-2.972749 -2.562765 9.072996 
-3.014249 -2.570484 9.083749 
FEnd
FBeg
  667  ND2 ASN A  96  1592  OD1 ASP B  87 hbd
-4.817 -3.796 10.342 -2.374 -4.678 8.939  6.29
-2.119552 -2.392406 10.529708 
-2.616444 -2.354615 9.640728 
-3.014249 -2.570484 9.083749 
-3.850140 -3.397213 8.147963 
-4.044062 -4.663545 8.606377 
-3.980529 -4.731978 8.760025 
-2.867876 -4.502535 10.553214 
-1.846301 -2.713239 11.207204 
FEnd
FBeg
  635   NE ARG A  92  1605   CB GLU B  89 unk
-1.497 -2.271 7.296 0.299 -4.704 6.022  1.99
-0.631581 -2.824793 6.243434 
-2.150685 -3.996802 6.340126 
-2.121284 -4.306470 6.972958 
-1.172667 -4.060245 7.840030 
FEnd
FBeg
  634   CD ARG A  92  1605   CB GLU B  89 ali
-2.209 -1.428 6.328 0.299 -4.704 6.022  6.41
0.323951 -2.015324 5.408967 
-0.043419 -2.161092 3.958549 
-0.105082 -2.202849 3.900200 
-1.575947 -3.290918 3.493614 
-1.815338 -3.527114 4.060237 
-2.150685 -3.996802 6.340126 
-0.631581 -2.824793 6.243434 
FEnd
FBeg
  634   CD ARG A  92  1606   CG GLU B  89 ali
-2.209 -1.428 6.328 1.726 -4.380 5.628  1.22
0.323951 -2.015324 5.408967 
-0.043419 -2.161092 3.958549 
0.589854 -1.316463 3.956525 
0.734803 -1.359482 4.952767 
0.645677 -1.535208 5.192811 
FEnd
FBeg
  608  OE1 GLU A  89  1606   CG GLU B  89 unk
0.344 1.153 6.068 1.726 -4.380 5.628  3.02
0.589854 -1.316463 3.956525 
0.734803 -1.359482 4.952767 
2.763140 -0.908805 5.656326 
3.348403 -0.680126 4.618941 
3.425685 -0.642644 4.390337 
FEnd
FBeg
  636   CZ ARG A  92  1606   CG GLU B  89 ali
-0.376 -1.931 7.939 1.726 -4.380 5.628  3.63
1.202050 -3.280774 7.548669 
0.323951 -2.015324 5.408967 
0.645677 -1.535208 5.192811 
2.699895 -2.070169 7.628158 
2.698915 -2.143024 7.704472 
FEnd
FBeg
  638  NH2 ARG A  92  1593  OD2 ASP B  87 elf
0.178 -2.779 8.809 -1.125 -6.445 8.492  0.17
0.243827 -4.997441 9.260430 
0.007968 -4.855140 8.584252 
0.549052 -5.061833 8.750508 
FEnd
FBeg
  638  NH2 ARG A  92  1591   CG ASP B  87 unk
0.178 -2.779 8.809 -2.159 -5.916 8.964  2.87
-0.772662 -4.112653 11.841356 
-0.891688 -4.208900 8.098831 
0.007968 -4.855140 8.584252 
0.243827 -4.997441 9.260430 
FEnd
FBeg
  638  NH2 ARG A  92  1592  OD1 ASP B  87 elf
0.178 -2.779 8.809 -2.374 -4.678 8.939  5.14
-0.897266 -3.915553 12.274459 
-1.846301 -2.713239 11.207204 
-2.119552 -2.392406 10.529708 
-0.934911 -4.153560 8.058730 
-0.891688 -4.208900 8.098831 
-0.772662 -4.112653 11.841356 
FEnd
FBeg
  638  NH2 ARG A  92  1784  OE2 GLU B 109 elf
0.178 -2.779 8.809 3.320 -3.432 11.651  3.38
2.434169 -0.830161 10.095586 
1.382234 -0.812599 11.262598 
0.154074 -1.902078 12.370074 
-0.296149 -3.025105 12.609788 
0.546612 -2.802396 11.729236 
FEnd
FBeg
  638  NH2 ARG A  92  1781   CG GLU B 109 unk
0.178 -2.779 8.809 4.496 -4.577 9.886  0.00
2.798306 -2.717355 8.041901 
2.799487 -2.711972 8.046151 
2.793881 -2.726511 8.044356 
FEnd
FBeg
  638  NH2 ARG A  92  1606   CG GLU B  89 unk
0.178 -2.779 8.809 1.726 -4.380 5.628  1.86
2.698915 -2.143024 7.704472 
2.798306 -2.717355 8.041901 
2.793881 -2.726511 8.044356 
2.251602 -3.646184 8.243334 
1.628573 -4.289520 8.263934 
1.202050 -3.280774 7.548669 
FEnd
FBeg
  636   CZ ARG A  92  1772  CE1 TYR B 108 aro
-0.376 -1.931 7.939 5.694 -2.748 7.237  0.01
2.699895 -2.070169 7.628158 
2.698915 -2.143024 7.704472 
2.720152 -2.050833 7.780809 
FEnd
FBeg
  637  NH1 ARG A  92  1606   CG GLU B  89 unk
0.197 -0.755 7.714 1.726 -4.380 5.628  3.14
2.933090 -1.039022 6.007183 
2.699895 -2.070169 7.628158 
0.645677 -1.535208 5.192811 
0.734803 -1.359482 4.952767 
2.763140 -0.908805 5.656326 
FEnd
FBeg
  773  CE2 TYR A 108  1770  CD1 TYR B 108 aro
4.762 1.261 8.442 6.556 -2.019 8.086  7.70
4.516453 -1.233384 10.378187 
4.389518 -1.287958 10.241336 
3.794572 -1.508634 9.276401 
6.371846 0.359084 5.055935 
6.394308 0.372782 5.042925 
6.415413 0.383960 5.046294 
6.475434 0.409292 5.115357 
6.490696 0.409434 5.190963 
5.673509 -0.629663 10.646597 
5.573652 -0.690334 10.702373 
FEnd
FBeg
  773  CE2 TYR A 108  1766    C TYR B 108 ali
4.762 1.261 8.442 8.261 -2.207 10.934  0.03
5.673509 -0.629663 10.646597 
5.556170 -0.497302 10.995553 
5.525687 -0.528358 10.995134 
5.573652 -0.690334 10.702373 
FEnd
FBeg
  771  CD2 TYR A 108  1766    C TYR B 108 ali
6.082 1.693 8.722 8.261 -2.207 10.934  1.19
5.673509 -0.629663 10.646597 
5.556170 -0.497302 10.995553 
5.608324 -0.453926 11.020653 
7.518349 0.464938 10.759182 
6.638142 -0.410024 10.083603 
FEnd
FBeg
  771  CD2 TYR A 108  1768   CB TYR B 108 ali
6.082 1.693 8.722 8.865 -1.109 8.725  6.51
7.518349 0.464938 10.759182 
6.638142 -0.410024 10.083603 
7.071974 0.018534 7.905658 
8.039338 0.977404 6.098406 
8.122910 1.060797 6.460045 
8.222131 1.163406 10.252853 
7.722918 0.668202 10.835930 
FEnd
FBeg
  761    C ARG A 107  1768   CB TYR B 108 ali
8.487 3.160 12.027 8.865 -1.109 8.725  1.69
8.222131 1.163406 10.252853 
7.722918 0.668202 10.835930 
8.338539 0.609288 10.982572 
10.010832 1.089547 10.553105 
9.947512 1.507278 10.005792 
FEnd
FBeg
  762    O ARG A 107  1768   CB TYR B 108 unk
9.719 3.238 11.944 8.865 -1.109 8.725  1.88
10.010832 1.089547 10.553105 
11.693784 1.233862 9.911733 
12.410203 1.977731 8.717132 
9.947512 1.507278 10.005792 
FEnd
FBeg
  762    O ARG A 107  1765   CA TYR B 108 unk
9.719 3.238 11.944 9.401 -1.871 9.960  2.10
10.010832 1.089547 10.553105 
11.693784 1.233862 9.911733 
11.553151 0.545579 11.706671 
10.073887 0.820386 11.236114 
FEnd
FBeg
  763   CB ARG A 107  1765   CA TYR B 108 ali
8.764 1.474 13.916 9.401 -1.871 9.960  2.95
11.553151 0.545579 11.706671 
10.073887 0.820386 11.236114 
8.678918 0.573462 11.220281 
10.182079 -0.600769 12.455194 
11.507181 0.224890 11.970427 
FEnd
FBeg
  763   CB ARG A 107  2016  NH1 ARG B 139 unk
8.764 1.474 13.916 11.155 -2.378 13.891  12.95
10.182079 -0.600769 12.455194 
11.507181 0.224890 11.970427 
12.289156 0.708727 12.209042 
14.032342 1.779058 14.010669 
13.665633 1.548776 14.420466 
11.986975 0.497701 15.823372 
11.763274 0.358264 15.912981 
9.431738 -1.077114 14.087982 
9.173353 -1.235405 13.765437 
FEnd
FBeg
  763   CB ARG A 107  2017  NH2 ARG B 139 unk
8.764 1.474 13.916 9.500 -2.788 15.418  8.41
9.431738 -1.077114 14.087982 
10.480918 -0.094175 16.363009 
7.744410 -0.278796 17.180063 
7.537510 -0.311137 17.189678 
7.172173 -0.558153 16.667778 
7.056464 -1.082522 15.236555 
7.199667 -1.297712 14.555770 
9.173353 -1.235405 13.765437 
FEnd
FBeg
  763   CB ARG A 107  1786   CA CYS B 110 ali
8.764 1.474 13.916 6.136 -4.299 15.188  0.24
7.056464 -1.082522 15.236555 
6.606197 -1.004654 14.659690 
7.044677 -1.235660 14.517180 
7.199667 -1.297712 14.555770 
FEnd
FBeg
  978   CG GLU A 135  2017  NH2 ARG B 139 unk
10.124 2.346 18.668 9.500 -2.788 15.418  7.50
10.480918 -0.094175 16.363009 
7.744410 -0.278796 17.180063 
7.748381 -0.675076 17.805300 
7.783207 -0.749166 17.915652 
10.823487 -2.214225 19.646262 
11.102412 -1.825903 18.979278 
FEnd
FBeg
  763   CB ARG A 107  2015   CZ ARG B 139 ali
8.764 1.474 13.916 10.723 -3.038 14.962  1.89
11.763274 0.358264 15.912981 
10.480918 -0.094175 16.363009 
9.431738 -1.077114 14.087982 
FEnd
FBeg
  763   CB ARG A 107  1767    O TYR B 108 unk
8.764 1.474 13.916 8.063 -1.512 11.930  7.94
8.678918 0.573462 11.220281 
10.182079 -0.600769 12.455194 
9.173353 -1.235405 13.765437 
7.199667 -1.297712 14.555770 
7.044677 -1.235660 14.517180 
6.511798 -0.946247 14.270131 
7.678768 0.327372 11.943308 
8.432166 0.594711 11.275430 
FEnd
FBeg
  760   CA ARG A 107  1767    O TYR B 108 unk
7.809 2.489 13.245 8.063 -1.512 11.930  0.39
7.678768 0.327372 11.943308 
8.432166 0.594711 11.275430 
7.721619 0.666585 10.919500 
FEnd
FBeg
  761    C ARG A 107  1765   CA TYR B 108 ali
8.487 3.160 12.027 9.401 -1.871 9.960  0.82
8.338539 0.609288 10.982572 
10.010832 1.089547 10.553105 
10.073887 0.820386 11.236114 
8.678918 0.573462 11.220281 
FEnd
FBeg
  761    C ARG A 107  1767    O TYR B 108 unk
8.487 3.160 12.027 8.063 -1.512 11.930  0.15
7.722918 0.668202 10.835930 
8.338539 0.609288 10.982572 
8.678918 0.573462 11.220281 
8.432166 0.594711 11.275430 
7.721619 0.666585 10.919500 
7.690084 0.670709 10.858711 
FEnd
FBeg
  768   CB TYR A 108  1768   CB TYR B 108 ali
7.944 3.441 8.626 8.865 -1.109 8.725  25.47
8.122910 1.060797 6.460045 
8.222131 1.163406 10.252853 
9.947512 1.507278 10.005792 
12.410203 1.977731 8.717132 
14.601644 2.307264 3.475299 
8.444122 1.106612 5.577459 
8.258668 1.073770 5.793338 
FEnd
FBeg
  769   CG TYR A 108  1768   CB TYR B 108 ali
6.521 2.966 8.327 8.865 -1.109 8.725  0.06
8.039338 0.977404 6.098406 
8.122910 1.060797 6.460045 
8.258668 1.073770 5.793338 
FEnd
FBeg
  771  CD2 TYR A 108  1769   CG TYR B 108 aro
6.082 1.693 8.722 7.937 -1.903 7.807  2.61
7.071974 0.018534 7.905658 
6.490696 0.409434 5.190963 
6.499353 0.433881 5.112436 
7.506268 0.909144 5.285968 
8.039338 0.977404 6.098406 
FEnd
FBeg
  771  CD2 TYR A 108  1767    O TYR B 108 unk
6.082 1.693 8.722 8.063 -1.512 11.930  0.30
5.608324 -0.453926 11.020653 
7.518349 0.464938 10.759182 
7.722918 0.668202 10.835930 
7.690084 0.670709 10.858711 
5.734660 -0.317073 11.079363 
FEnd
FBeg
  771  CD2 TYR A 108  1770  CD1 TYR B 108 aro
6.082 1.693 8.722 6.556 -2.019 8.086  3.70
6.490696 0.409434 5.190963 
5.673509 -0.629663 10.646597 
6.638142 -0.410024 10.083603 
7.071974 0.018534 7.905658 
FEnd
FBeg
  756   CB PRO A 106  1784  OE2 GLU B 109 unk
3.146 2.426 11.406 3.320 -3.432 11.651  2.42
1.434259 -0.765113 12.361043 
3.727259 -0.766190 10.706802 
2.539574 -0.827541 10.083379 
2.434169 -0.830161 10.095586 
1.382234 -0.812599 11.262598 
FEnd
FBeg
  734   CB HIS A 104  1784  OE2 GLU B 109 unk
0.725 -1.407 16.264 3.320 -3.432 11.651  7.09
3.450708 -1.303312 13.961720 
1.395345 -0.799414 12.584296 
0.154074 -1.902078 12.370074 
-0.296149 -3.025105 12.609788 
-0.240455 -3.229392 12.730796 
-0.086694 -3.297933 12.847380 
2.684477 -2.811246 14.192632 
FEnd
FBeg
  734   CB HIS A 104  1809   CB ALA B 113 ali
0.725 -1.407 16.264 2.213 -5.891 14.821  2.95
-0.086694 -3.297933 12.847380 
2.684477 -2.811246 14.192632 
2.488323 -3.292332 15.485295 
0.689740 -3.485510 14.230908 
FEnd
FBeg
  737  CD2 HIS A 104  1809   CB ALA B 113 ali
-0.586 -3.603 16.702 2.213 -5.891 14.821  10.10
0.689740 -3.485510 14.230908 
-0.086694 -3.297933 12.847380 
-0.176644 -3.349355 12.776080 
-0.835798 -4.015326 12.605305 
-1.372848 -5.159538 13.197943 
-1.757089 -6.245771 13.947444 
-1.575321 -6.425214 14.436191 
-0.869874 -6.121533 15.116533 
0.938680 -4.850984 16.262267 
1.194523 -4.511350 16.229851 
FEnd
FBeg
  739  NE2 HIS A 104  1809   CB ALA B 113 unk
-0.372 -4.666 17.543 2.213 -5.891 14.821  0.86
-0.869874 -6.121533 15.116533 
0.902361 -5.535615 16.535886 
0.938680 -4.850984 16.262267 
FEnd
FBeg
  739  NE2 HIS A 104  1806   CA ALA B 113 unk
-0.372 -4.666 17.543 2.009 -7.178 15.607  7.07
-0.869874 -6.121533 15.116533 
0.902361 -5.535615 16.535886 
0.199309 -7.564329 18.303531 
-1.459594 -7.677208 16.409784 
-1.729682 -7.340258 15.640415 
-1.687299 -6.595208 14.725822 
FEnd
FBeg
  737  CD2 HIS A 104  1806   CA ALA B 113 ali
-0.586 -3.603 16.702 2.009 -7.178 15.607  0.18
-1.575321 -6.425214 14.436191 
-0.869874 -6.121533 15.116533 
-1.687299 -6.595208 14.725822 
FEnd
FBeg
  735   CG HIS A 104  1809   CB ALA B 113 ali
0.426 -2.727 16.896 2.213 -5.891 14.821  2.53
2.488323 -3.292332 15.485295 
0.689740 -3.485510 14.230908 
1.194523 -4.511350 16.229851 
1.554030 -4.372140 16.327190 
2.511757 -3.600033 15.974665 
FEnd
FBeg
  736  ND1 HIS A 104  1809   CB ALA B 113 unk
1.232 -3.288 17.857 2.213 -5.891 14.821  0.70
1.554030 -4.372140 16.327190 
2.421391 -4.594263 16.797897 
2.628228 -3.933037 16.297810 
2.511757 -3.600033 15.974665 
FEnd
FBeg
  773  CE2 TYR A 108  1777   CA GLU B 109 ali
4.762 1.261 8.442 6.387 -3.700 11.453  0.49
5.525687 -0.528358 10.995134 
5.573652 -0.690334 10.702373 
4.516453 -1.233384 10.378187 
4.577787 -0.905788 10.884841 
FEnd
FBeg
  753   CA PRO A 106  1767    O TYR B 108 unk
4.005 1.948 12.597 8.063 -1.512 11.930  0.18
5.532419 -0.784770 12.275072 
5.548184 -0.532759 11.063707 
5.608324 -0.453926 11.020653 
5.734660 -0.317073 11.079363 
FEnd
FBeg
  759    N ARG A 107  1767    O TYR B 108 hbd
6.466 1.886 12.989 8.063 -1.512 11.930  5.71
6.511798 -0.946247 14.270131 
5.595544 -1.014756 13.108220 
5.532419 -0.784770 12.275072 
5.734660 -0.317073 11.079363 
7.690084 0.670709 10.858711 
7.721619 0.666585 10.919500 
7.678768 0.327372 11.943308 
FEnd
FBeg
  763   CB ARG A 107  1785    N CYS B 110 unk
8.764 1.474 13.916 5.869 -3.952 13.804  0.15
6.398756 -0.892214 14.574372 
6.606197 -1.004654 14.659690 
7.044677 -1.235660 14.517180 
6.511798 -0.946247 14.270131 
FEnd
FBeg
  753   CA PRO A 106  1785    N CYS B 110 unk
4.005 1.948 12.597 5.869 -3.952 13.804  1.05
4.347603 -1.160525 13.911799 
5.292697 -0.892371 13.763045 
5.400864 -1.000624 13.066841 
4.674765 -1.268628 12.878131 
3.899525 -1.328756 13.781438 
FEnd
FBeg
  734   CB HIS A 104  1789   CB CYS B 110 ali
0.725 -1.407 16.264 5.091 -3.652 16.091  4.34
2.665820 -3.000571 16.178643 
3.266919 -1.829964 16.157745 
3.663945 -0.998957 15.393608 
3.531507 -1.175593 14.343450 
3.484965 -1.243283 14.047283 
3.450708 -1.303312 13.961720 
2.684477 -2.811246 14.192632 
2.488323 -3.292332 15.485295 
FEnd
FBeg
  735   CG HIS A 104  1789   CB CYS B 110 ali
0.426 -2.727 16.896 5.091 -3.652 16.091  0.19
2.662150 -3.024291 16.184629 
2.665820 -3.000571 16.178643 
2.488323 -3.292332 15.485295 
2.511757 -3.600033 15.974665 
FEnd
FBeg
  736  ND1 HIS A 104  1789   CB CYS B 110 unk
1.232 -3.288 17.857 5.091 -3.652 16.091  0.24
2.728299 -3.711693 16.470858 
2.662150 -3.024291 16.184629 
2.511757 -3.600033 15.974665 
2.628228 -3.933037 16.297810 
FEnd
FBeg
  958   SG CYS A 132  1790   SG CYS B 110 ssb
3.887 -0.903 18.455 4.644 -4.589 17.548  0.04
6.713837 -2.425692 18.743217 
6.857315 -2.362316 18.605407 
6.485714 -2.403985 18.464604 
FEnd
FBeg
  950    O CYS A 131  1790   SG CYS B 110 hbd
6.831 -1.375 21.303 4.644 -4.589 17.548  2.21
6.554221 -2.801786 19.158090 
6.586880 -2.890613 19.215098 
8.254367 -4.353349 19.495907 
8.405969 -4.181075 19.260157 
8.449455 -3.867661 18.966570 
7.934412 -3.001246 18.524957 
6.857315 -2.362316 18.605407 
6.713837 -2.425692 18.743217 
FEnd
FBeg
  949    C CYS A 131  1790   SG CYS B 110 unk
5.677 -1.540 21.707 4.644 -4.589 17.548  0.00
6.518347 -2.859219 19.209105 
6.586880 -2.890613 19.215098 
6.554221 -2.801786 19.158090 
FEnd
FBeg
  951   CB CYS A 131  1790   SG CYS B 110 unk
4.648 -3.839 21.431 4.644 -4.589 17.548  7.33
4.075227 -4.781102 19.582832 
3.946964 -5.229307 19.669535 
6.345992 -5.854593 19.787838 
7.078193 -5.671256 19.751672 
8.254367 -4.353349 19.495907 
6.586880 -2.890613 19.215098 
6.518347 -2.859219 19.209105 
FEnd
FBeg
  951   CB CYS A 131  1799    N SER B 112 unk
4.648 -3.839 21.431 5.485 -7.872 17.932  0.49
6.345992 -5.854593 19.787838 
7.078193 -5.671256 19.751672 
7.195886 -6.511015 20.747744 
FEnd
FBeg
  951   CB CYS A 131  1803   CB SER B 112 ali
4.648 -3.839 21.431 3.762 -7.573 19.662  26.52
3.946964 -5.229307 19.669535 
6.345992 -5.854593 19.787838 
7.195886 -6.511015 20.747744 
7.579967 -7.040956 21.673977 
7.845963 -7.987436 23.538579 
7.200717 -8.896791 25.781214 
4.003191 -7.758661 24.980327 
2.539949 -6.364314 22.770004 
FEnd
FBeg
  952   SG CYS A 131  1790   SG CYS B 110 ssb
2.915 -3.469 20.780 4.644 -4.589 17.548  0.27
2.909096 -5.298817 19.138402 
3.946964 -5.229307 19.669535 
4.075227 -4.781102 19.582832 
FEnd
FBeg
18975   ZN ZN A 601  1803   CB SER B 112 unk
3.351 -2.711 18.753 3.762 -7.573 19.662  0.00
2.788060 -5.325543 19.050179 
2.909096 -5.298817 19.138402 
2.772147 -5.317185 19.102076 
FEnd
FBeg
  736  ND1 HIS A 104  1790   SG CYS B 110 hbd
1.232 -3.288 17.857 4.644 -4.589 17.548  0.44
2.421391 -4.594263 16.797897 
2.532762 -4.446771 17.406665 
2.728299 -3.711693 16.470858 
2.628228 -3.933037 16.297810 
FEnd
FBeg
  738  CE1 HIS A 104  1809   CB ALA B 113 ali
0.732 -4.450 18.230 2.213 -5.891 14.821  1.70
2.412458 -5.407413 17.137738 
0.902361 -5.535615 16.535886 
0.938680 -4.850984 16.262267 
1.194523 -4.511350 16.229851 
1.554030 -4.372140 16.327190 
2.421391 -4.594263 16.797897 
2.453709 -5.377012 17.142808 
FEnd
FBeg
  738  CE1 HIS A 104  1806   CA ALA B 113 ali
0.732 -4.450 18.230 2.009 -7.178 15.607  2.89
0.228103 -7.573178 18.326753 
0.199309 -7.564329 18.303531 
0.902361 -5.535615 16.535886 
2.412458 -5.407413 17.137738 
1.218232 -6.930404 18.140290 
FEnd
FBeg
  738  CE1 HIS A 104  1836  OD1 ASP B 116 unk
0.732 -4.450 18.230 -1.294 -9.906 18.663  0.01
0.259780 -7.576551 18.432467 
0.153794 -7.542176 18.369707 
0.199309 -7.564329 18.303531 
0.228103 -7.573178 18.326753 
FEnd
FBeg
  719   CD LYS A 102  1801    C SER B 112 ali
-1.563 -6.549 20.956 3.135 -8.397 17.384  0.01
0.355147 -7.541487 18.539755 
0.259780 -7.576551 18.432467 
0.316194 -7.647939 18.543597 
FEnd
FBeg
  738  CE1 HIS A 104  1803   CB SER B 112 ali
0.732 -4.450 18.230 3.762 -7.573 19.662  3.15
1.453116 -5.964905 20.480451 
1.173730 -7.069471 18.662699 
1.668181 -6.711518 18.397127 
2.628487 -5.850965 18.241947 
2.788060 -5.325543 19.050179 
2.772147 -5.317185 19.102076 
FEnd
FBeg
  952   SG CYS A 131  1803   CB SER B 112 unk
2.915 -3.469 20.780 3.762 -7.573 19.662  4.75
2.539949 -6.364314 22.770004 
1.453116 -5.964905 20.480451 
2.772147 -5.317185 19.102076 
2.909096 -5.298817 19.138402 
3.946964 -5.229307 19.669535 
FEnd
FBeg
  719   CD LYS A 102  1804   OG SER B 112 unk
-1.563 -6.549 20.956 2.534 -8.077 20.157  5.02
0.246187 -8.430242 19.680694 
1.638618 -6.281989 22.712306 
1.339419 -5.968870 20.579310 
0.355147 -7.541487 18.539755 
0.316194 -7.647939 18.543597 
FEnd
FBeg
  721   NZ LYS A 102  1835   CG ASP B 116 unk
-0.606 -8.644 22.001 -0.464 -10.779 18.275  3.51
-3.895577 -13.802228 22.565349 
0.291486 -8.556377 19.719045 
0.753356 -9.429624 20.237018 
FEnd
FBeg
  721   NZ LYS A 102  1837  OD2 ASP B 116 elf
-0.606 -8.644 22.001 0.396 -11.286 19.040  76.77
-3.950713 -13.860614 22.598787 
-3.895577 -13.802228 22.565349 
0.753356 -9.429624 20.237018 
4.205438 -13.355520 24.908143 
4.179427 -18.061274 29.098126 
3.194186 -19.068528 29.663461 
-3.818171 -17.021228 25.463748 
-4.118072 -16.788321 25.154447 
-5.343154 -15.645525 23.720202 
FEnd
FBeg
  719   CD LYS A 102  1836  OD1 ASP B 116 unk
-1.563 -6.549 20.956 -1.294 -9.906 18.663  4.31
-1.856136 -7.311197 17.795756 
-2.651222 -8.225468 19.040994 
0.120754 -8.467600 19.720670 
0.246187 -8.430242 19.680694 
0.316194 -7.647939 18.543597 
0.259780 -7.576551 18.432467 
0.153794 -7.542176 18.369707 
FEnd
FBeg
  739  NE2 HIS A 104  1836  OD1 ASP B 116 hbd
-0.372 -4.666 17.543 -1.294 -9.906 18.663  1.66
-1.459594 -7.677208 16.409784 
-1.856136 -7.311197 17.795756 
0.153794 -7.542176 18.369707 
0.199309 -7.564329 18.303531 
FEnd
FBeg
  708  CG2 THR A 100  1585  NH2 ARG B  86 unk
-4.787 -8.673 17.338 -5.176 -12.301 14.031  34.08
-6.051342 -8.984346 13.816672 
-3.193996 -10.432743 15.069552 
-4.624158 -13.595632 18.707681 
-5.955908 -15.385822 20.828293 
-6.148005 -15.511473 20.988736 
-7.970118 -14.894856 20.526599 
-8.010180 -14.875418 20.509988 
-8.934715 -14.267006 19.951271 
-8.000491 -10.760532 15.994543 
-7.498464 -10.051660 15.157810 
-6.913913 -9.489652 14.472489 
FEnd
FBeg
  665   CG ASN A  96  1590   CB ASP B  87 ali
-4.831 -4.250 11.606 -3.194 -6.816 9.613  3.95
-4.988550 -6.026804 10.621019 
-1.189075 -5.254146 12.747010 
-1.172045 -5.225613 12.724262 
-3.046860 -4.683422 10.486261 
-4.752429 -5.522697 10.165922 
FEnd
FBeg
  666  OD1 ASN A  96  1586    N ASP B  87 hbd
-4.747 -5.450 11.892 -5.243 -8.063 9.335  2.60
-6.181482 -6.247076 10.609049 
-5.128284 -6.846045 11.016840 
-4.590083 -7.961154 12.051972 
-5.845447 -8.302889 12.644703 
-5.876805 -8.271875 12.619092 
FEnd
FBeg
  665   CG ASN A  96  1587   CA ASP B  87 ali
-4.831 -4.250 11.606 -4.424 -7.028 8.740  0.93
-6.328880 -5.896879 10.304743 
-6.203501 -6.129295 10.547828 
-4.988550 -6.026804 10.621019 
-4.752429 -5.522697 10.165922 
-6.218511 -5.667194 10.097784 
FEnd
FBeg
  700  NH1 ARG A  99  1587   CA ASP B  87 unk
-8.010 -4.666 9.449 -4.424 -7.028 8.740  2.10
-6.642118 -6.258229 9.924257 
-6.328880 -5.896879 10.304743 
-6.218511 -5.667194 10.097784 
-6.015155 -4.922391 8.645048 
-6.759993 -5.866438 8.022838 
-6.826545 -6.099718 8.463388 
FEnd
FBeg
  697   CD ARG A  99  1586    N ASP B  87 unk
-8.676 -6.342 11.589 -5.243 -8.063 9.335  1.90
-6.602087 -7.691296 11.071147 
-6.629991 -6.273344 9.945996 
-6.181482 -6.247076 10.609049 
-5.876805 -8.271875 12.619092 
FEnd
FBeg
  697   CD ARG A  99  1576   CA ARG B  86 ali
-8.676 -6.342 11.589 -7.028 -9.677 9.566  5.07
-8.286313 -7.673725 9.670156 
-6.602087 -7.691296 11.071147 
-5.876805 -8.271875 12.619092 
-5.873363 -8.308492 12.682261 
-5.996337 -8.457454 12.827652 
-7.525454 -9.203363 12.811649 
-8.307851 -8.226417 10.563746 
FEnd
FBeg
  697   CD ARG A  99  1570    O ASP B  85 unk
-8.676 -6.342 11.589 -9.403 -9.048 10.666  6.11
-7.525454 -9.203363 12.811649 
-9.768258 -8.590858 12.782482 
-10.574532 -8.135281 12.081907 
-10.310240 -7.720985 10.659130 
-9.861848 -7.741027 10.364712 
-8.307851 -8.226417 10.563746 
FEnd
FBeg
  698   NE ARG A  99  1570    O ASP B  85 hbd
-9.457 -6.187 10.389 -9.403 -9.048 10.666  0.06
-10.310240 -7.720985 10.659130 
-9.861848 -7.741027 10.364712 
-10.280869 -7.747769 10.376766 
FEnd
FBeg
  698   NE ARG A  99  1572   CG ASP B  85 unk
-9.457 -6.187 10.389 -12.336 -8.427 10.302  0.62
-10.280869 -7.747769 10.376766 
-10.310240 -7.720985 10.659130 
-11.027685 -6.821524 11.242247 
-11.242977 -6.543370 11.205006 
-10.331729 -7.669731 10.050598 
FEnd
FBeg
  696   CG ARG A  99  1572   CG ASP B  85 ali
-9.424 -5.842 12.775 -12.336 -8.427 10.302  3.41
-11.027685 -6.821524 11.242247 
-11.242977 -6.543370 11.205006 
-11.870054 -6.086679 11.466025 
-11.732482 -7.400318 12.677165 
-11.076711 -8.872867 13.444222 
-10.898225 -8.944728 13.309167 
-10.574532 -8.135281 12.081907 
FEnd
FBeg
  696   CG ARG A  99  1574  OD2 ASP B  85 unk
-9.424 -5.842 12.775 -13.164 -8.304 11.246  0.63
-11.732482 -7.400318 12.677165 
-11.076711 -8.872867 13.444222 
-11.417501 -8.559685 13.773523 
-11.570908 -8.340759 13.796247 
FEnd
FBeg
  327  CG2 THR A  57  1574  OD2 ASP B  85 unk
-13.295 -5.354 13.744 -13.164 -8.304 11.246  3.91
-11.570908 -8.340759 13.796247 
-11.732482 -7.400318 12.677165 
-12.935599 -6.455966 11.498843 
-13.353905 -6.492960 11.520594 
-13.348986 -7.274704 12.444049 
-12.497045 -8.685424 14.154709 
-11.806881 -8.700354 14.208533 
FEnd
FBeg
  326  OG1 THR A  57  1574  OD2 ASP B  85 hbd
-14.799 -7.082 13.068 -13.164 -8.304 11.246  8.57
-13.348986 -7.274704 12.444049 
-14.473103 -6.845715 11.147585 
-14.833587 -7.440067 11.222726 
-14.870099 -8.866166 12.146434 
-14.124151 -10.908286 14.185455 
-12.497045 -8.685424 14.154709 
FEnd
FBeg
  295  CD1 TRP A  54  1574  OD2 ASP B  85 unk
-15.695 -10.233 10.240 -13.164 -8.304 11.246  6.59
-14.870099 -8.866166 12.146434 
-14.791181 -8.110201 10.498326 
-14.651738 -8.144683 10.213619 
-13.815973 -9.731397 11.153428 
-13.248791 -12.135977 14.337223 
-13.286708 -12.083256 14.331528 
-14.124151 -10.908286 14.185455 
FEnd
FBeg
  295  CD1 TRP A  54  1571   CB ASP B  85 ali
-15.695 -10.233 10.240 -11.910 -9.846 9.858  12.70
-13.815973 -9.731397 11.153428 
-13.248791 -12.135977 14.337223 
-13.063495 -13.830481 14.456521 
-13.053089 -13.996648 14.391291 
-13.146857 -13.981765 13.477279 
-13.972011 -10.509411 8.819145 
-14.147290 -9.026976 8.584252 
FEnd
FBeg
  297  NE1 TRP A  54  1571   CB ASP B  85 unk
-15.792 -11.344 9.429 -11.910 -9.846 9.858  7.27
-13.146857 -13.981765 13.477279 
-13.972011 -10.509411 8.819145 
-13.157766 -12.630772 8.858541 
-12.841216 -13.829779 10.180834 
FEnd
FBeg
  297  NE1 TRP A  54  1567    N ASP B  85 hbd
-15.792 -11.344 9.429 -10.592 -11.203 8.312  0.82
-13.157766 -12.630772 8.858541 
-12.841216 -13.829779 10.180834 
-12.905227 -13.894269 9.874700 
-13.059981 -13.881038 9.155939 
-13.107851 -13.705230 8.955281 
-13.162950 -12.766728 8.817245 
FEnd
FBeg
  295  CD1 TRP A  54  1572   CG ASP B  85 aro
-15.695 -10.233 10.240 -12.336 -8.427 10.302  2.56
-14.651738 -8.144683 10.213619 
-13.815973 -9.731397 11.153428 
-14.147290 -9.026976 8.584252 
-14.311990 -8.716467 8.462453 
-14.456238 -8.447504 8.442762 
FEnd
FBeg
  293   CB TRP A  54  1574  OD2 ASP B  85 unk
-17.190 -8.335 11.039 -13.164 -8.304 11.246  0.83
-14.833587 -7.440067 11.222726 
-14.791181 -8.110201 10.498326 
-14.870099 -8.866166 12.146434 
FEnd
FBeg
  289    N TRP A  54  1574  OD2 ASP B  85 hbd
-16.160 -6.697 9.584 -13.164 -8.304 11.246  1.06
-14.473103 -6.845715 11.147585 
-14.382605 -6.739887 11.086773 
-14.143458 -6.903280 10.497690 
-14.651738 -8.144683 10.213619 
-14.791181 -8.110201 10.498326 
-14.833587 -7.440067 11.222726 
FEnd
FBeg
  325   CB THR A  57  1574  OD2 ASP B  85 unk
-14.721 -5.702 13.457 -13.164 -8.304 11.246  0.82
-13.353905 -6.492960 11.520594 
-14.382605 -6.739887 11.086773 
-14.473103 -6.845715 11.147585 
-13.348986 -7.274704 12.444049 
FEnd
FBeg
  287  OG1 THR A  53  1574  OD2 ASP B  85 hbd
-13.493 -5.173 10.244 -13.164 -8.304 11.246  0.61
-12.935599 -6.455966 11.498843 
-14.143458 -6.903280 10.497690 
-14.382605 -6.739887 11.086773 
-13.353905 -6.492960 11.520594 
FEnd
FBeg
  327  CG2 THR A  57  1572   CG ASP B  85 ali
-13.295 -5.354 13.744 -12.336 -8.427 10.302  1.00
-11.870054 -6.086679 11.466025 
-11.885885 -6.083442 11.458724 
-12.935599 -6.455966 11.498843 
-11.732482 -7.400318 12.677165 
FEnd
FBeg
  698   NE ARG A  99  1569    C ASP B  85 unk
-9.457 -6.187 10.389 -9.426 -9.569 9.575  1.40
-9.861848 -7.741027 10.364712 
-10.280869 -7.747769 10.376766 
-10.331729 -7.669731 10.050598 
-10.174831 -7.426434 9.045725 
-8.502637 -7.522448 9.508326 
FEnd
FBeg
  697   CD ARG A  99  1572   CG ASP B  85 ali
-8.676 -6.342 11.589 -12.336 -8.427 10.302  0.92
-10.574532 -8.135281 12.081907 
-11.027685 -6.821524 11.242247 
-10.310240 -7.720985 10.659130 
FEnd
FBeg
  696   CG ARG A  99  1570    O ASP B  85 unk
-9.424 -5.842 12.775 -9.403 -9.048 10.666  0.73
-9.768258 -8.590858 12.782482 
-10.574532 -8.135281 12.081907 
-10.898225 -8.944728 13.309167 
FEnd
FBeg
  695   CB ARG A  99  1570    O ASP B  85 unk
-8.705 -6.334 13.987 -9.403 -9.048 10.666  5.22
-7.525454 -9.203363 12.811649 
-9.768258 -8.590858 12.782482 
-10.898225 -8.944728 13.309167 
-10.991587 -9.235092 13.566082 
-11.047299 -10.036254 14.232520 
-10.911055 -10.196167 14.334569 
-10.122007 -10.488258 14.407432 
-7.515431 -9.300128 12.888621 
FEnd
FBeg
  697   CD ARG A  99  1569    C ASP B  85 ali
-8.676 -6.342 11.589 -9.426 -9.569 9.575  1.10
-8.384092 -7.531959 9.479419 
-8.286313 -7.673725 9.670156 
-8.307851 -8.226417 10.563746 
-9.861848 -7.741027 10.364712 
-8.502637 -7.522448 9.508326 
FEnd
FBeg
  700  NH1 ARG A  99  1577    C ARG B  86 unk
-8.010 -4.666 9.449 -6.405 -8.485 8.832  0.45
-7.074741 -6.217571 8.547223 
-7.029324 -6.385399 9.704156 
-6.642118 -6.258229 9.924257 
-6.826545 -6.099718 8.463388 
FEnd
FBeg
  700  NH1 ARG A  99  1578    O ARG B  86 hbd
-8.010 -4.666 9.449 -6.982 -7.962 7.859  0.27
-7.213290 -5.941906 7.886205 
-7.074741 -6.217571 8.547223 
-6.826545 -6.099718 8.463388 
-6.759993 -5.866438 8.022838 
-6.989830 -5.814047 7.765634 
FEnd
FBeg
  700  NH1 ARG A  99  1234   CB SER B  47 unk
-8.010 -4.666 9.449 -9.018 -6.185 5.970  1.83
-8.384244 -4.031606 7.391400 
-7.213290 -5.941906 7.886205 
-6.989830 -5.814047 7.765634 
-7.291864 -4.143570 7.123782 
-8.098558 -3.380257 7.024234 
-8.409888 -3.629929 7.223450 
FEnd
FBeg
  701  NH2 ARG A  99  1234   CB SER B  47 unk
-9.932 -5.257 8.329 -9.018 -6.185 5.970  7.93
-9.880261 -7.440559 8.152803 
-8.384244 -4.031606 7.391400 
-8.409888 -3.629929 7.223450 
-10.870594 -4.050867 6.435636 
-11.200487 -6.236640 7.167672 
-10.992854 -7.260430 7.650866 
-10.875370 -7.320539 7.720032 
FEnd
FBeg
  701  NH2 ARG A  99  1231   CA SER B  47 unk
-9.932 -5.257 8.329 -10.046 -6.831 5.043  0.20
-11.200487 -6.236640 7.167672 
-10.992854 -7.260430 7.650866 
-11.398429 -6.978302 7.529797 
FEnd
FBeg
  701  NH2 ARG A  99  1568   CA ASP B  85 unk
-9.932 -5.257 8.329 -10.723 -9.861 8.871  0.27
-10.316114 -7.325682 8.492531 
-9.880261 -7.440559 8.152803 
-10.875370 -7.320539 7.720032 
FEnd
FBeg
  699   CZ ARG A  99  1569    C ASP B  85 ali
-9.134 -5.370 9.391 -9.426 -9.569 9.575  1.55
-10.174831 -7.426434 9.045725 
-10.181216 -7.429141 8.973837 
-9.730471 -7.495665 8.171010 
-8.918953 -7.550322 8.211549 
-8.565010 -7.552954 8.713184 
-8.384092 -7.531959 9.479419 
-8.502637 -7.522448 9.508326 
FEnd
FBeg
  698   NE ARG A  99  1573  OD1 ASP B  85 elf
-9.457 -6.187 10.389 -11.861 -7.437 9.711  3.02
-11.602814 -5.795368 11.101826 
-11.242977 -6.543370 11.205006 
-10.331729 -7.669731 10.050598 
-10.174831 -7.426434 9.045725 
-11.497064 -5.504706 10.190987 
FEnd
FBeg
  696   CG ARG A  99  1573  OD1 ASP B  85 unk
-9.424 -5.842 12.775 -11.861 -7.437 9.711  0.21
-11.870105 -6.071997 11.458423 
-11.870054 -6.086679 11.466025 
-11.242977 -6.543370 11.205006 
-11.602814 -5.795368 11.101826 
FEnd
FBeg
  327  CG2 THR A  57  1573  OD1 ASP B  85 unk
-13.295 -5.354 13.744 -11.861 -7.437 9.711  0.00
-11.885885 -6.083442 11.458724 
-11.870054 -6.086679 11.466025 
-11.870105 -6.071997 11.458423 
FEnd
FBeg
  287  OG1 THR A  53  1572   CG ASP B  85 unk
-13.493 -5.173 10.244 -12.336 -8.427 10.302  2.39
-13.217166 -6.591022 9.538483 
-11.885885 -6.083442 11.458724 
-12.935599 -6.455966 11.498843 
-14.143458 -6.903280 10.497690 
-14.042882 -6.875890 10.028026 
-13.275888 -6.611625 9.554026 
FEnd
FBeg
  286   CB THR A  53  1572   CG ASP B  85 ali
-14.041 -4.447 9.136 -12.336 -8.427 10.302  0.00
-13.226079 -6.602641 9.511856 
-13.217166 -6.591022 9.538483 
-13.275888 -6.611625 9.554026 
FEnd
FBeg
  701  NH2 ARG A  99  1573  OD1 ASP B  85 elf
-9.932 -5.257 8.329 -11.861 -7.437 9.711  3.00
-11.398429 -6.978302 7.529797 
-12.029403 -5.976909 8.228703 
-11.679117 -5.475340 9.508821 
-11.599377 -5.452532 9.656100 
-10.316114 -7.325682 8.492531 
-10.875370 -7.320539 7.720032 
-10.992854 -7.260430 7.650866 
FEnd
FBeg
  283   CA THR A  53  1573  OD1 ASP B  85 unk
-14.705 -5.422 8.144 -11.861 -7.437 9.711  1.88
-13.072135 -7.638339 7.900658 
-12.724119 -7.371218 7.612523 
-12.111285 -6.039741 8.212411 
-13.226079 -6.602641 9.511856 
FEnd
FBeg
  283   CA THR A  53  1572   CG ASP B  85 ali
-14.705 -5.422 8.144 -12.336 -8.427 10.302  2.61
-14.390346 -8.320488 8.397871 
-13.072135 -7.638339 7.900658 
-13.226079 -6.602641 9.511856 
-13.275888 -6.611625 9.554026 
-14.042882 -6.875890 10.028026 
FEnd
FBeg
  289    N TRP A  54  1572   CG ASP B  85 unk
-16.160 -6.697 9.584 -12.336 -8.427 10.302  1.76
-14.456238 -8.447504 8.442762 
-14.390346 -8.320488 8.397871 
-14.042882 -6.875890 10.028026 
-14.143458 -6.903280 10.497690 
-14.651738 -8.144683 10.213619 
FEnd
FBeg
  295  CD1 TRP A  54  1555   CZ PHE B  83 aro
-15.695 -10.233 10.240 -13.490 -9.364 5.957  0.40
-15.814332 -8.984018 7.634724 
-14.311990 -8.716467 8.462453 
-14.456238 -8.447504 8.442762 
-15.669683 -8.733749 7.759971 
FEnd
FBeg
  191  CD2 LEU A  41  1555   CZ PHE B  83 ali
-17.104 -9.305 4.726 -13.490 -9.364 5.957  5.10
-15.934540 -9.033917 7.514900 
-15.940662 -8.918550 7.538402 
-15.940557 -8.716362 7.547784 
-15.885713 -8.459247 7.399095 
-15.642760 -7.774872 6.718629 
-15.404550 -7.325410 6.040827 
-15.292292 -7.233519 5.715661 
-15.274456 -7.232384 5.663354 
-15.112020 -7.495892 5.173840 
-15.138706 -10.402228 5.112890 
FEnd
FBeg
  294   CG TRP A  54  1554  CE2 PHE B  83 aro
-16.875 -9.562 10.262 -13.628 -10.566 6.596  0.00
-15.872965 -9.086344 7.610816 
-15.814332 -8.984018 7.634724 
-15.896027 -9.009408 7.569319 
FEnd
FBeg
  295  CD1 TRP A  54  1554  CE2 PHE B  83 aro
-15.695 -10.233 10.240 -13.628 -10.566 6.596  2.28
-15.655768 -9.604880 7.781403 
-13.972011 -10.509411 8.819145 
-14.147290 -9.026976 8.584252 
-14.311990 -8.716467 8.462453 
-15.814332 -8.984018 7.634724 
-15.872965 -9.086344 7.610816 
-15.873472 -9.164634 7.617683 
FEnd
FBeg
  297  NE1 TRP A  54  1554  CE2 PHE B  83 aro
-15.792 -11.344 9.429 -13.628 -10.566 6.596  5.04
-15.390549 -11.797988 7.381719 
-13.162950 -12.766728 8.817245 
-13.157766 -12.630772 8.858541 
-13.972011 -10.509411 8.819145 
-15.655768 -9.604880 7.781403 
FEnd
FBeg
  298  CE2 TRP A  54  1552  CD2 PHE B  83 aro
-17.053 -11.401 8.905 -13.672 -11.743 5.870  0.06
-15.390872 -12.088624 7.414110 
-15.390549 -11.797988 7.381719 
-15.665696 -11.583746 7.051062 
FEnd
FBeg
  297  NE1 TRP A  54  1552  CD2 PHE B  83 aro
-15.792 -11.344 9.429 -13.672 -11.743 5.870  4.09
-14.637002 -14.504281 8.133989 
-13.107851 -13.705230 8.955281 
-13.162950 -12.766728 8.817245 
-15.390549 -11.797988 7.381719 
-15.390872 -12.088624 7.414110 
FEnd
FBeg
  300  CZ2 TRP A  54  1549   CB PHE B  83 ali
-17.626 -12.327 8.051 -13.599 -13.001 3.725  3.12
-16.653181 -12.594512 4.990171 
-15.529682 -14.934104 6.400531 
-15.724753 -15.289090 6.274250 
-16.474056 -15.345398 5.585509 
-16.920258 -14.219262 4.994693 
-17.059911 -12.890156 4.657615 
FEnd
FBeg
  191  CD2 LEU A  41  1554  CE2 PHE B  83 ali
-17.104 -9.305 4.726 -13.628 -10.566 6.596  2.27
-15.138844 -10.406368 5.110353 
-15.138706 -10.402228 5.112890 
-15.934540 -9.033917 7.514900 
-15.964408 -9.162961 7.483400 
-16.126649 -10.896978 6.615674 
-16.096452 -11.156512 6.384532 
FEnd
FBeg
  191  CD2 LEU A  41  1550   CG PHE B  83 ali
-17.104 -9.305 4.726 -13.571 -11.734 4.503  2.49
-15.940443 -11.401168 3.079629 
-15.152499 -10.438924 5.081939 
-16.605742 -12.541549 4.960724 
FEnd
FBeg
  191  CD2 LEU A  41  1549   CB PHE B  83 ali
-17.104 -9.305 4.726 -13.599 -13.001 3.725  2.62
-16.199238 -11.314738 1.854331 
-15.940443 -11.401168 3.079629 
-16.605742 -12.541549 4.960724 
-16.653181 -12.594512 4.990171 
-17.059911 -12.890156 4.657615 
-16.640512 -11.851296 2.290350 
FEnd
FBeg
  191  CD2 LEU A  41  1490  ND2 ASN B  76 unk
-17.104 -9.305 4.726 -19.251 -13.955 2.305  4.11
-17.059911 -12.890156 4.657615 
-17.481694 -12.734562 4.732814 
-18.823148 -12.031481 4.572043 
-18.822928 -12.008173 4.527081 
-17.850077 -11.397204 2.490849 
-16.640512 -11.851296 2.290350 
FEnd
FBeg
  190  CD1 LEU A  41  1490  ND2 ASN B  76 unk
-19.465 -8.975 3.697 -19.251 -13.955 2.305  10.85
-18.822928 -12.008173 4.527081 
-17.850077 -11.397204 2.490849 
-22.252373 -11.441247 1.971629 
-22.745394 -12.257626 4.816498 
-22.258111 -12.244888 4.845842 
-18.883632 -12.023588 4.572899 
FEnd
FBeg
  190  CD1 LEU A  41  1514  CG2 THR B  79 ali
-19.465 -8.975 3.697 -18.951 -11.958 -0.408  36.16
-17.850077 -11.397204 2.490849 
-22.252373 -11.441247 1.971629 
-23.491704 -10.324514 1.004946 
-25.417035 -7.396756 -1.363659 
-23.718846 -6.530338 -1.780627 
-19.359589 -6.820050 -1.024264 
-17.116878 -9.703348 1.351772 
FEnd
FBeg
  189   CG LEU A  41  1490  ND2 ASN B  76 unk
-18.546 -8.840 4.960 -19.251 -13.955 2.305  0.00
-18.823148 -12.031481 4.572043 
-18.822928 -12.008173 4.527081 
-18.883632 -12.023588 4.572899 
FEnd
FBeg
  302  CH2 TRP A  54  1490  ND2 ASN B  76 unk
-18.936 -12.124 7.684 -19.251 -13.955 2.305  20.87
-17.481694 -12.734562 4.732814 
-18.823148 -12.031481 4.572043 
-18.883632 -12.023588 4.572899 
-22.258111 -12.244888 4.845842 
-22.691958 -12.609149 4.995242 
-21.775850 -17.244291 6.519386 
-20.980592 -17.100076 6.423725 
-19.144939 -16.419627 6.084603 
-18.978917 -16.340533 6.047958 
-18.204824 -15.575930 5.742356 
FEnd
FBeg
  191  CD2 LEU A  41  1514  CG2 THR B  79 ali
-17.104 -9.305 4.726 -18.951 -11.958 -0.408  2.49
-16.196638 -11.301282 1.846442 
-16.199238 -11.314738 1.854331 
-16.640512 -11.851296 2.290350 
-17.850077 -11.397204 2.490849 
-17.116878 -9.703348 1.351772 
-16.417107 -10.253804 1.384472 
FEnd
FBeg
  280  OE1 GLN A  52  1221  OD1 ASN B  45 hbd
-15.427 -7.343 1.866 -12.171 -9.160 1.480  0.49
-13.790493 -8.376582 2.333547 
-13.995299 -8.722372 2.233682 
-14.335340 -9.231888 1.763778 
-14.031083 -8.594230 1.328639 
FEnd
FBeg
  191  CD2 LEU A  41  1553  CE1 PHE B  83 ali
-17.104 -9.305 4.726 -13.383 -9.336 4.575  4.01
-15.112020 -7.495892 5.173840 
-15.171798 -7.839055 3.771227 
-15.217889 -9.083046 2.890806 
-15.139309 -10.411871 5.100022 
-15.138844 -10.406368 5.110353 
-15.138706 -10.402228 5.112890 
FEnd
FBeg
  277   CB GLN A  52  1555   CZ PHE B  83 ali
-14.095 -5.468 3.659 -13.490 -9.364 5.957  0.51
-13.364672 -7.140507 5.316327 
-15.274456 -7.232384 5.663354 
-15.112020 -7.495892 5.173840 
FEnd
FBeg
  275    C GLN A  52  1553  CE1 PHE B  83 ali
-13.698 -4.946 5.982 -13.383 -9.336 4.575  0.03
-12.920677 -7.079970 5.226845 
-13.364672 -7.140507 5.316327 
-12.978211 -7.122484 5.346613 
FEnd
FBeg
  276    O GLN A  52  1553  CE1 PHE B  83 unk
-12.639 -5.534 6.282 -13.383 -9.336 4.575  0.09
-12.621040 -7.064108 5.060918 
-12.920677 -7.079970 5.226845 
-12.978211 -7.122484 5.346613 
-12.547913 -7.220751 5.377938 
FEnd
FBeg
  277   CB GLN A  52  1231   CA SER B  47 ali
-14.095 -5.468 3.659 -10.046 -6.831 5.043  0.43
-12.354054 -7.241249 4.105376 
-12.305133 -6.283779 4.905196 
-12.621040 -7.064108 5.060918 
FEnd
FBeg
  277   CB GLN A  52  1221  OD1 ASN B  45 unk
-14.095 -5.468 3.659 -12.171 -9.160 1.480  0.15
-12.662492 -7.316546 2.334625 
-12.593750 -7.583302 2.847302 
-13.092495 -7.723245 2.644035 
FEnd
FBeg
  279   CD GLN A  52  1221  OD1 ASN B  45 unk
-14.854 -6.305 1.504 -12.171 -9.160 1.480  2.28
-12.587764 -7.239414 1.513129 
-12.592417 -7.248555 2.080365 
-12.662492 -7.316546 2.334625 
-13.092495 -7.723245 2.644035 
-13.790493 -8.376582 2.333547 
-14.031083 -8.594230 1.328639 
-13.476136 -8.069782 0.979734 
FEnd
FBeg
  281  NE2 GLN A  52  1221  OD1 ASN B  45 hbd
-14.249 -6.184 0.308 -12.171 -9.160 1.480  0.68
-12.226144 -7.373454 0.531603 
-12.587764 -7.239414 1.513129 
-13.476136 -8.069782 0.979734 
FEnd
FBeg
  281  NE2 GLN A  52  1220   CG ASN B  45 unk
-14.249 -6.184 0.308 -12.141 -9.869 0.462  0.54
-12.146317 -7.338255 0.281158 
-12.226144 -7.373454 0.531603 
-13.476136 -8.069782 0.979734 
-13.927704 -8.338785 0.724092 
FEnd
FBeg
  281  NE2 GLN A  52  1222  ND2 ASN B  45 hbd
-14.249 -6.184 0.308 -12.644 -9.479 -0.680  5.31
-12.028367 -7.148276 -0.160819 
-12.146317 -7.338255 0.281158 
-13.927704 -8.338785 0.724092 
-14.686542 -8.585822 0.315239 
-15.393888 -8.736415 -0.331610 
-14.406141 -8.036234 -1.062141 
-13.375108 -7.480195 -1.241632 
-12.234537 -6.977500 -1.065279 
FEnd
FBeg
  281  NE2 GLN A  52  1239    O GLY B  48 hbd
-14.249 -6.184 0.308 -10.142 -6.236 -0.638  2.07
-12.206156 -4.384746 -1.084584 
-12.028367 -7.148276 -0.160819 
-12.234537 -6.977500 -1.065279 
-12.351542 -4.321288 -1.719259 
-12.301323 -4.274813 -1.503788 
FEnd
FBeg
  254    O ARG A  50  1239    O GLY B  48 unk
-11.482 -2.332 0.690 -10.142 -6.236 -0.638  1.76
-11.501347 -4.173889 -0.993277 
-12.206156 -4.384746 -1.084584 
-12.301323 -4.274813 -1.503788 
-9.600506 -3.021856 -2.461958 
-9.344370 -2.999412 -2.269487 
FEnd
FBeg
  254    O ARG A  50  1238    C GLY B  48 unk
-11.482 -2.332 0.690 -9.682 -5.904 0.445  5.02
-8.951595 -3.013223 0.817563 
-11.501347 -4.173889 -0.993277 
-9.344370 -2.999412 -2.269487 
-8.946177 -2.836525 -1.718818 
-8.644023 -2.743533 -0.854698 
FEnd
FBeg
  254    O ARG A  50  1240    N ARG B  49 hbd
-11.482 -2.332 0.690 -8.368 -5.840 0.697  1.72
-8.548334 -2.653374 1.759950 
-8.951595 -3.013223 0.817563 
-8.644023 -2.743533 -0.854698 
-8.331363 -2.465548 -0.633869 
-8.314164 -2.450201 -0.593758 
-8.251112 -2.392544 0.251480 
-8.238294 -2.379074 1.299724 
-8.320770 -2.451475 1.706855 
FEnd
FBeg
  263   CA PHE A  51  1233    O SER B  47 unk
-11.514 -1.578 3.420 -10.661 -4.675 4.143  3.49
-11.211314 -3.812468 2.962163 
-8.722604 -3.170930 2.774024 
-9.942808 -3.051826 4.723812 
-10.773249 -3.193419 5.097055 
FEnd
FBeg
  264    C PHE A  51  1237   CA GLY B  48 ali
-12.820 -2.326 3.736 -10.635 -5.536 1.551  0.43
-12.554543 -3.984268 2.056566 
-11.686691 -3.709841 2.521256 
-11.944682 -3.499147 1.953734 
-12.613896 -3.754919 1.660275 
FEnd
FBeg
  278   CG GLN A  52  1237   CA GLY B  48 ali
-14.783 -5.101 2.424 -10.635 -5.536 1.551  2.13
-12.537251 -4.273058 2.282630 
-12.554543 -3.984268 2.056566 
-12.613896 -3.754919 1.660275 
-12.859364 -4.088557 0.660198 
-12.854282 -5.777999 1.526162 
-12.805928 -6.066105 1.899473 
FEnd
FBeg
  277   CB GLN A  52  1237   CA GLY B  48 ali
-14.095 -5.468 3.659 -10.635 -5.536 1.551  2.35
-12.031957 -4.899139 3.132199 
-12.537251 -4.273058 2.282630 
-12.805928 -6.066105 1.899473 
-12.627723 -7.063641 2.224151 
-12.134893 -5.931269 2.996538 
FEnd
FBeg
  275    C GLN A  52  1232    C SER B  47 ali
-13.698 -4.946 5.982 -10.419 -5.868 3.913  0.16
-12.284949 -6.102506 4.898554 
-11.710377 -4.880855 5.264750 
-11.794034 -4.949064 5.162563 
-12.249127 -5.817810 4.828458 
FEnd
FBeg
  277   CB GLN A  52  1232    C SER B  47 ali
-14.095 -5.468 3.659 -10.419 -5.868 3.913  3.05
-12.305133 -6.283779 4.905196 
-12.284949 -6.102506 4.898554 
-12.249127 -5.817810 4.828458 
-12.107146 -5.084873 3.927874 
-12.031957 -4.899139 3.132199 
-12.134893 -5.931269 2.996538 
-12.332224 -7.354156 3.611636 
-12.354054 -7.241249 4.105376 
FEnd
FBeg
  276    O GLN A  52  1231   CA SER B  47 unk
-12.639 -5.534 6.282 -10.046 -6.831 5.043  5.38
-11.035464 -4.726761 5.932477 
-11.200487 -6.236640 7.167672 
-11.398429 -6.978302 7.529797 
-11.794195 -7.551450 7.301510 
-12.547913 -7.220751 5.377938 
-12.621040 -7.064108 5.060918 
-12.305133 -6.283779 4.905196 
-11.169492 -4.834850 5.765129 
FEnd
FBeg
  276    O GLN A  52  1234   CB SER B  47 unk
-12.639 -5.534 6.282 -9.018 -6.185 5.970  0.84
-10.868502 -4.010028 6.374704 
-10.870594 -4.050867 6.435636 
-11.200487 -6.236640 7.167672 
-11.035464 -4.726761 5.932477 
FEnd
FBeg
  659  CD2 LEU A  95  1233    O SER B  47 unk
-10.540 -2.195 8.592 -10.661 -4.675 4.143  0.50
-11.061753 -3.818207 6.273033 
-10.868502 -4.010028 6.374704 
-9.932884 -3.420439 6.020603 
-10.210291 -3.243736 5.929648 
-10.799553 -3.316112 5.986019 
FEnd
FBeg
  273    N GLN A  52  1233    O SER B  47 hbd
-12.699 -3.557 4.237 -10.661 -4.675 4.143  4.03
-11.670748 -4.846281 5.297011 
-11.061753 -3.818207 6.273033 
-10.799553 -3.316112 5.986019 
-10.773249 -3.193419 5.097055 
-11.211314 -3.812468 2.962163 
-11.527049 -4.404283 3.155583 
FEnd

+-+CCS_record::Boundary loops before union-find
Start boundary loop loop_id 0  init_edge IE_A_B
xyz -1.26417 -1.76955 2.39906
xyz -2.17862 -2.90946 3.08728
xyz -1.74842 -3.31625 3.33353
xyz -0.968948 -1.60123 2.29758
xyz -0.84182 -1.47082 2.29275
xyz 0.285902 -1.26046 3.29028
xyz -0.105082 -2.20285 3.9002
xyz -0.0434187 -2.16109 3.95855
xyz 0.589854 -1.31646 3.95653
xyz 3.42568 -0.642644 4.39034
xyz 3.3484 -0.680126 4.61894
xyz 2.76314 -0.908805 5.65633
xyz 2.93309 -1.03902 6.00718
xyz 3.3484 -0.680126 4.61894
xyz 3.54492 -0.524677 4.23829
xyz 3.85024 -0.315425 4.26656
xyz 3.50686 -0.653503 6.20888
xyz 5.54826 0.265149 4.73146
xyz 6.37185 0.359084 5.05593
xyz 6.39431 0.372782 5.04293
xyz 6.41541 0.38396 5.04629
xyz 6.47543 0.409292 5.11536
xyz 6.4907 0.409434 5.19096
xyz 6.49935 0.433881 5.11244
xyz 7.50627 0.909144 5.28597
xyz 8.03934 0.977404 6.09841
xyz 8.25867 1.07377 5.79334
xyz 8.44412 1.10661 5.57746
xyz 14.6016 2.30726 3.4753
xyz 12.4102 1.97773 8.71713
xyz 11.6938 1.23386 9.91173
xyz 11.5532 0.545579 11.7067
xyz 11.5072 0.22489 11.9704
xyz 12.2892 0.708727 12.209
xyz 14.0323 1.77906 14.0107
xyz 13.6656 1.54878 14.4205
xyz 11.987 0.497701 15.8234
xyz 11.7633 0.358264 15.913
xyz 10.4809 -0.0941754 16.363
xyz 11.1024 -1.8259 18.9793
xyz 10.8235 -2.21423 19.6463
xyz 7.78321 -0.749166 17.9157
xyz 7.74838 -0.675076 17.8053
xyz 7.74441 -0.278796 17.1801
xyz 7.53751 -0.311137 17.1897
xyz 7.17217 -0.558153 16.6678
xyz 7.05646 -1.08252 15.2366
xyz 6.6062 -1.00465 14.6597
xyz 6.39876 -0.892214 14.5744
xyz 6.20072 -0.881563 14.5056
xyz 6.37508 -0.840617 14.656
xyz 6.97996 -0.493741 16.495
xyz 7.17217 -0.558153 16.6678
xyz 7.56836 -1.53652 18.0073
xyz 6.85731 -2.36232 18.6054
xyz 7.93441 -3.00125 18.525
xyz 8.44946 -3.86766 18.9666
xyz 8.40597 -4.18108 19.2602
xyz 8.25437 -4.35335 19.4959
xyz 7.07819 -5.67126 19.7517
xyz 7.19589 -6.51101 20.7477
xyz 7.57997 -7.04096 21.674
xyz 7.84596 -7.98744 23.5386
xyz 7.20072 -8.89679 25.7812
xyz 4.00319 -7.75866 24.9803
xyz 2.53995 -6.36431 22.77
xyz 2.20214 -6.45128 23.6198
xyz 2.93665 -7.13084 24.6616
xyz 6.10151 -12.4516 28.4148
xyz 6.05309 -13.1169 28.1277
xyz 4.20544 -13.3555 24.9081
xyz 4.17943 -18.0613 29.0981
xyz 3.19419 -19.0685 29.6635
xyz -3.81817 -17.0212 25.4637
xyz -4.11807 -16.7883 25.1544
xyz -5.34315 -15.6455 23.7202
xyz -3.95071 -13.8606 22.5988
xyz -5.50644 -15.5363 23.4389
xyz -6.40146 -14.821 22.7899
xyz -6.21271 -15.5729 21.5926
xyz -6.2141 -15.5991 21.54
xyz -5.95591 -15.3858 20.8283
xyz -6.14801 -15.5115 20.9887
xyz -7.97012 -14.8949 20.5266
xyz -8.01018 -14.8754 20.51
xyz -8.93472 -14.267 19.9513
xyz -8.00049 -10.7605 15.9945
xyz -7.49846 -10.0517 15.1578
xyz -6.91391 -9.48965 14.4725
xyz -6.05134 -8.98435 13.8167
xyz -5.45138 -8.09076 13.7389
xyz -5.88643 -8.30058 12.8285
xyz -5.87336 -8.30849 12.6823
xyz -5.84545 -8.30289 12.6447
xyz -5.8768 -8.27187 12.6191
xyz -5.87336 -8.30849 12.6823
xyz -5.99634 -8.45745 12.8277
xyz -7.52545 -9.20336 12.8116
xyz -7.51543 -9.30013 12.8886
xyz -10.122 -10.4883 14.4074
xyz -10.9111 -10.1962 14.3346
xyz -11.0473 -10.0363 14.2325
xyz -10.9916 -9.23509 13.5661
xyz -10.8982 -8.94473 13.3092
xyz -11.0767 -8.87287 13.4442
xyz -11.4175 -8.55969 13.7735
xyz -11.5709 -8.34076 13.7962
xyz -11.8069 -8.70035 14.2085
xyz -12.497 -8.68542 14.1547
xyz -14.1242 -10.9083 14.1855
xyz -13.2867 -12.0833 14.3315
xyz -13.2488 -12.136 14.3372
xyz -13.0635 -13.8305 14.4565
xyz -13.0531 -13.9966 14.3913
xyz -13.1469 -13.9818 13.4773
xyz -12.8412 -13.8298 10.1808
xyz -12.9052 -13.8943 9.8747
xyz -13.06 -13.881 9.15594
xyz -13.1079 -13.7052 8.95528
xyz -14.637 -14.5043 8.13399
xyz -15.5297 -14.9341 6.40053
xyz -15.7248 -15.2891 6.27425
xyz -16.4741 -15.3454 5.58551
xyz -16.9203 -14.2193 4.99469
xyz -17.0599 -12.8902 4.65762
xyz -17.4817 -12.7346 4.73281
xyz -18.2048 -15.5759 5.74236
xyz -18.9789 -16.3405 6.04796
xyz -19.1449 -16.4196 6.0846
xyz -20.9806 -17.1001 6.42372
xyz -21.7759 -17.2443 6.51939
xyz -22.692 -12.6091 4.99524
xyz -22.2581 -12.2449 4.84584
xyz -22.7454 -12.2576 4.8165
xyz -22.2524 -11.4412 1.97163
xyz -23.4917 -10.3245 1.00495
xyz -25.417 -7.39676 -1.36366
xyz -23.7188 -6.53034 -1.78063
xyz -19.3596 -6.82005 -1.02426
xyz -17.1169 -9.70335 1.35177
xyz -16.4171 -10.2538 1.38447
xyz -16.1966 -11.3013 1.84644
xyz -15.9487 -10.365 1.58284
xyz -16.4171 -10.2538 1.38447
xyz -16.9263 -8.98617 -0.39904
xyz -19.3151 -6.79048 -1.15319
xyz -19.1194 -6.65678 -1.17014
xyz -16.8875 -7.7289 -0.711414
xyz -18.6467 -6.14875 -1.44144
xyz -17.799 -4.54825 -2.7865
xyz -17.7876 -4.54132 -2.79412
xyz -17.1966 -4.56625 -2.91233
xyz -14.1754 -3.98843 -2.26821
xyz -12.3515 -4.32129 -1.71926
xyz -12.3013 -4.27481 -1.50379
xyz -9.60051 -3.02186 -2.46196
xyz -9.34437 -2.99941 -2.26949
xyz -8.94618 -2.83652 -1.71882
xyz -8.64402 -2.74353 -0.854698
xyz -8.33136 -2.46555 -0.633869
xyz -8.31416 -2.4502 -0.593758
xyz -8.25111 -2.39254 0.25148
xyz -8.23829 -2.37907 1.29972
xyz -8.32077 -2.45147 1.70685
xyz -8.54833 -2.65337 1.75995
xyz -8.41525 -2.81837 2.17196
xyz -8.7226 -3.17093 2.77402
xyz -8.23652 -3.46461 2.87645
xyz -8.21051 -3.48562 2.90086
xyz -7.80068 -3.43126 2.87318
xyz -7.42805 -3.37584 3.10082
xyz -7.29466 -3.35422 3.25766
xyz -7.17808 -3.37014 3.35472
xyz -7.17185 -3.47743 3.23759
xyz -7.42805 -3.37584 3.10082
xyz -8.02151 -2.89146 2.2794
xyz -8.23829 -2.37907 1.29972
xyz -8.20278 -2.28368 1.09689
xyz -8.25111 -2.39254 0.25148
xyz -8.22568 -2.492 -0.523895
xyz -8.17338 -2.50296 -0.611533
xyz -8.24329 -2.44001 -1.07865
xyz -8.07392 -2.23808 -2.03478
xyz -8.16417 -2.53393 -5.26094
xyz -6.98093 -2.53745 -7.45723
xyz -1.83584 -1.2359 -1.91481
xyz -1.62378 -1.1134 -0.897145
xyz -1.79904 -1.67853 0.0916577
xyz -0.517486 -0.799842 -0.280035
xyz -1.13394 -1.67689 2.34317
End loop
Boundary info init_edge IE_A_B [total exposed]: 265.186326 265.186326
Start boundary loop loop_id 1  init_edge IE_A_B
xyz 3.48497 -1.24328 14.0473
xyz 3.45071 -1.30331 13.9617
xyz 3.89952 -1.32876 13.7814
xyz 4.3476 -1.16053 13.9118
xyz 3.58308 -1.21386 14.0639
xyz 3.53151 -1.17559 14.3434
End loop
Boundary info init_edge IE_A_B [total exposed]: 2.465863 2.465863
Start boundary loop loop_id 2  init_edge IE_A_B
xyz -2.39296 -7.32469 14.4208
xyz -3.02994 -7.29807 14.2258
xyz -2.37956 -7.09486 14.2382
xyz -1.98859 -7.04503 13.3626
xyz -1.99953 -7.05564 13.2745
xyz -1.93685 -7.00882 13.2892
xyz -1.42941 -6.23402 13.1706
xyz -1.18908 -5.25415 12.747
xyz -1.17204 -5.22561 12.7243
xyz -0.877058 -4.3977 12.5005
xyz -0.902505 -4.12587 12.3034
xyz -0.897266 -3.91555 12.2745
xyz -0.860933 -3.7693 12.4164
xyz -0.769415 -3.56178 12.5623
xyz -0.424298 -3.13776 12.6399
xyz -0.296149 -3.0251 12.6098
xyz -0.240455 -3.22939 12.7308
xyz -0.0866944 -3.29793 12.8474
xyz -0.176644 -3.34935 12.7761
xyz -0.835798 -4.01533 12.6053
xyz -1.37285 -5.15954 13.1979
xyz -1.75709 -6.24577 13.9474
xyz -1.57532 -6.42521 14.4362
xyz -1.6873 -6.59521 14.7258
xyz -1.72968 -7.34026 15.6404
xyz -1.45959 -7.67721 16.4098
xyz -1.46074 -7.78981 16.308
xyz -1.51713 -7.83027 16.0517
xyz -2.17858 -8.68993 14.8724
End loop
Boundary info init_edge IE_A_B [total exposed]: 17.942866 17.942866
Start boundary loop loop_id 3  init_edge IE_A_B
xyz 5.52569 -0.528358 10.9951
xyz 5.55617 -0.497302 10.9956
xyz 5.60832 -0.453926 11.0207
xyz 5.54818 -0.532759 11.0637
End loop
Boundary info init_edge IE_A_B [total exposed]: 0.296248 0.296248
Start boundary loop loop_id 4  init_edge IE_A_B
xyz 1.43426 -0.765113 12.361
xyz 1.38223 -0.812599 11.2626
xyz 0.154074 -1.90208 12.3701
xyz 1.39534 -0.799414 12.5843
End loop
Boundary info init_edge IE_A_B [total exposed]: 4.984335 4.984335
Start boundary loop loop_id 5  init_edge IE_A_B
xyz 2.46779 -0.823817 10.0444
xyz 2.43417 -0.830161 10.0956
xyz 2.53957 -0.827541 10.0834
xyz 2.46898 -0.823678 10.0434
xyz 2.99192 -1.51846 8.68828
xyz 2.96114 -1.5907 8.6355
End loop
Boundary info init_edge IE_A_B [total exposed]: 3.631909 3.631909
