Begin VSO per interface edge
8064 8631  2
8065 8631  1
8093 8630  1
8093 8631  1
8113 8630  1
8113 8631  1
8215 8594  2
8215 8595  1
8215 8596  1
8215 8611  1
8215 8612  2
8215 8613  1
8215 8616  1
8216 8613  1
8216 8616  1
8218 8596  1
8223 8596  1
8241 8611  1
8244 8593  1
8244 8596  1
8244 8611  1
8245 8593  2
8245 8596  2
8246 8593  2
8246 8595  1
8246 8611  1
8247 8593  2
8247 8596  1
8248 8589  3
8248 8590  3
8248 8591  2
8248 8593  3
8248 8611  2
8249 8573  1
8249 8574  2
8249 8575  1
8249 8592  3
8249 8593  3
8249 8596  2
8250 8573  1
8250 8574  2
8250 8589  3
8250 8591  2
8250 8592  3
8250 8593  3
8250 8596  3
8288 8591  1
8397 8624  3
8397 8626  3
8397 8628  3
8397 8631  2
8398 8608  2
8398 8611  1
8398 8626  2
8398 8631  1
8423 8628  3
8423 8629  2
8423 8630  1
8423 8631  2
8423 8634  2
8423 8635  2
8423 8637  1
8424 8628  3
8424 8630  2
8424 8631  2
8428 8634  1
8428 8635  2
8428 8637  2
8429 8637  1
8431 8637  1
8435 8620  1
8435 8625  2
8435 8632  2
8435 8633  2
8435 8634  1
8435 8635  2
8435 8636  1
8439 8637  1
8442 8623  1
8442 8625  1
8446 8625  2
8446 8628  3
8446 8635  3
8447 8623  1
8447 8624  2
8447 8625  2
8447 8626  1
8448 8624  3
8448 8625  3
8448 8626  2
8448 8628  4
8448 8631  3
8477 8626  2
8478 8626  1
8479 8623  1
8479 8626  1
8480 8623  1
8480 8626  1
8481 8626  1
8482 8626  2
8485 8626  2
8486 8626  2
8487 8626  2
8504 8606  1
8510 8604  1
8510 8606  1
8510 8626  1
8511 8604  2
8511 8606  2
8511 8607  3
8511 8608  3
8511 8626  2
8512 8604  2
8512 8606  1
8512 8607  2
8512 8608  3
8513 8608  3
8513 8611  2
8513 8626  2
8514 8588  2
8514 8589  3
8514 8590  3
8514 8591  2
8514 8606  2
8514 8607  3
8514 8608  3
8515 8608  2
8515 8611  1
8516 8588  2
8516 8589  2
8516 8590  3
8516 8591  1
8516 8607  3
8516 8608  3
8516 8611  2
8538 8588  1
8538 8591  1
8538 8606  1
8539 8588  2
8539 8591  1
8547 8591  1
End VSO per interface edge

Voronoi Facets of interface MI_AB
FBeg
 8250   CZ PHE A1098  8591   CB UNK B1308 unk
10.292 108.305 -24.545 12.151 110.277 -27.356  8.81
12.871654 108.614783 -25.053547 
11.806845 109.472115 -25.156293 
9.619259 110.154259 -26.124466 
9.561941 110.124256 -26.183420 
9.220295 109.040177 -27.169875 
11.687274 106.771429 -27.129981 
12.871052 108.609173 -25.057880 
FEnd
FBeg
 8250   CZ PHE A1098  8574    C UNK B1305 ali
10.292 108.305 -24.545 15.603 108.511 -25.549  0.01
12.871052 108.609173 -25.057880 
12.871654 108.614783 -25.053547 
12.897841 108.587534 -24.920612 
12.883249 108.528127 -25.009989 
FEnd
FBeg
 8249  CE2 PHE A1098  8574    C UNK B1305 ali
10.887 107.196 -23.905 15.603 108.511 -25.549  0.51
12.897841 108.587534 -24.920612 
12.883249 108.528127 -25.009989 
13.444870 107.255264 -24.417050 
13.343036 107.928213 -24.170897 
12.957784 108.585700 -24.750125 
FEnd
FBeg
 8249  CE2 PHE A1098  8592    N UNK B1309 unk
10.887 107.196 -23.905 12.460 111.013 -24.417  0.02
12.957784 108.585700 -24.750125 
12.897841 108.587534 -24.920612 
12.768061 108.678298 -24.642681 
FEnd
FBeg
 8249  CE2 PHE A1098  8596   CB UNK B1309 unk
10.887 107.196 -23.905 13.220 110.036 -22.233  5.03
13.343036 107.928213 -24.170897 
12.957784 108.585700 -24.750125 
12.768061 108.678298 -24.642681 
11.959527 108.788018 -23.700873 
11.141279 108.787856 -22.558869 
13.825794 106.456101 -22.344030 
FEnd
FBeg
 8247  CD2 PHE A1098  8596   CB UNK B1309 unk
10.447 106.807 -22.629 13.220 110.036 -22.233  5.64
11.141279 108.787856 -22.558869 
13.825794 106.456101 -22.344030 
13.923548 106.347862 -22.145959 
12.334888 107.461835 -20.104713 
12.154800 107.610879 -20.058960 
11.661990 108.085132 -20.475117 
11.026941 108.855992 -22.313790 
FEnd
FBeg
 8247  CD2 PHE A1098  8593   CA UNK B1309 unk
10.447 106.807 -22.629 12.194 110.958 -22.968  0.04
11.026941 108.855992 -22.313790 
11.141279 108.787856 -22.558869 
10.934980 108.870939 -22.604678 
10.934724 108.871056 -22.604566 
10.943571 108.878159 -22.472000 
FEnd
FBeg
 8245   CG PHE A1098  8593   CA UNK B1309 unk
9.397 107.490 -21.980 12.194 110.958 -22.968  0.18
10.943571 108.878159 -22.472000 
11.026941 108.855992 -22.313790 
10.489412 109.863251 -20.299917 
10.477672 109.872461 -20.300826 
FEnd
FBeg
 8244   CB PHE A1098  8593   CA UNK B1309 unk
8.945 107.053 -20.570 12.194 110.958 -22.968  0.02
10.489412 109.863251 -20.299917 
10.468278 110.018688 -20.075431 
10.371726 110.045391 -20.162763 
10.477672 109.872461 -20.300826 
FEnd
FBeg
 8246  CD1 PHE A1098  8593   CA UNK B1309 unk
8.829 108.617 -22.618 12.194 110.958 -22.968  3.21
10.934724 108.871056 -22.604566 
10.943571 108.878159 -22.472000 
10.477672 109.872461 -20.300826 
10.371726 110.045391 -20.162763 
9.977690 110.506261 -20.868575 
9.692490 110.677407 -22.465848 
10.929713 108.877532 -22.609419 
FEnd
FBeg
 8248  CE1 PHE A1098  8593   CA UNK B1309 unk
9.259 109.015 -23.902 12.194 110.958 -22.968  3.39
9.692490 110.677407 -22.465848 
9.613972 111.348221 -23.614607 
9.787863 111.198157 -23.848864 
10.676706 110.108463 -24.375075 
10.929713 108.877532 -22.609419 
FEnd
FBeg
 8248  CE1 PHE A1098  8589    C UNK B1308 ali
9.259 109.015 -23.902 11.659 111.640 -25.284  2.33
9.787863 111.198157 -23.848864 
10.676706 110.108463 -24.375075 
9.619259 110.154259 -26.124466 
9.576562 110.179290 -26.151070 
9.221976 110.967928 -25.268892 
FEnd
FBeg
 8516   CZ PHE A1129  8589    C UNK B1308 ali
7.254 111.136 -26.604 11.659 111.640 -25.284  0.82
9.576562 110.179290 -26.151070 
9.221976 110.967928 -25.268892 
9.326108 111.474810 -25.809930 
9.621393 110.769686 -26.526100 
9.621835 110.765640 -26.526032 
FEnd
FBeg
 8516   CZ PHE A1129  8588   CA UNK B1308 unk
7.254 111.136 -26.604 12.164 111.671 -26.731  0.00
9.621393 110.769686 -26.526100 
9.621835 110.765640 -26.526032 
9.621586 110.767139 -26.529371 
FEnd
FBeg
 8514  CE1 PHE A1129  8588   CA UNK B1308 unk
7.842 112.145 -27.355 12.164 111.671 -26.731  4.49
9.621586 110.767139 -26.529371 
9.621393 110.769686 -26.526100 
9.821974 112.746525 -26.413747 
9.833438 112.830721 -26.429189 
10.247125 113.741860 -28.602389 
10.169705 112.969216 -28.653066 
10.001086 111.643601 -28.492124 
FEnd
FBeg
 8514  CE1 PHE A1129  8591   CB UNK B1308 unk
7.842 112.145 -27.355 12.151 110.277 -27.356  2.13
10.001086 111.643601 -28.492124 
9.621586 110.767139 -26.529371 
9.128278 109.630230 -28.443094 
FEnd
FBeg
 8539   NZ LYS A1132  8591   CB UNK B1308 unk
8.759 111.677 -30.249 12.151 110.277 -27.356  4.44
9.128278 109.630230 -28.443094 
10.001086 111.643601 -28.492124 
10.503718 111.856867 -28.978248 
10.515299 108.976130 -30.385892 
9.206434 109.140327 -28.771808 
9.066205 109.336909 -28.512259 
FEnd
FBeg
 8547  CD2 LEU A1133  8591   CB UNK B1308 unk
7.435 107.257 -30.873 12.151 110.277 -27.356  5.92
10.515299 108.976130 -30.385892 
12.177394 108.122769 -31.881851 
11.647506 106.618251 -29.879408 
9.261830 108.900443 -28.640104 
9.206434 109.140327 -28.771808 
FEnd
FBeg
 8538   CE LYS A1132  8591   CB UNK B1308 unk
9.521 112.242 -31.399 12.151 110.277 -27.356  14.76
10.503718 111.856867 -28.978248 
13.470324 112.544570 -30.573805 
13.798384 112.405817 -30.854647 
14.543284 111.738100 -31.663738 
12.177394 108.122769 -31.881851 
10.515299 108.976130 -30.385892 
FEnd
FBeg
 8539   NZ LYS A1132  8588   CA UNK B1308 unk
8.759 111.677 -30.249 12.164 111.671 -26.731  0.44
10.169705 112.969216 -28.653066 
10.503718 111.856867 -28.978248 
10.001086 111.643601 -28.492124 
FEnd
FBeg
 8538   CE LYS A1132  8588   CA UNK B1308 unk
9.521 112.242 -31.399 12.164 111.671 -26.731  7.15
10.247125 113.741860 -28.602389 
11.646626 114.856787 -29.258400 
12.538136 114.183677 -29.845505 
13.224565 113.152485 -30.360296 
13.470324 112.544570 -30.573805 
10.503718 111.856867 -28.978248 
10.169705 112.969216 -28.653066 
FEnd
FBeg
 8538   CE LYS A1132  8606   CB UNK B1311 unk
9.521 112.242 -31.399 9.751 115.333 -25.655  2.84
10.247125 113.741860 -28.602389 
11.646626 114.856787 -29.258400 
11.930984 115.584961 -29.661636 
11.926244 116.020184 -29.895651 
9.616271 114.888300 -29.194058 
9.950642 113.981966 -28.719725 
FEnd
FBeg
 8512  CD1 PHE A1129  8606   CB UNK B1311 unk
7.086 113.256 -27.745 9.751 115.333 -25.655  10.85
9.616271 114.888300 -29.194058 
9.950642 113.981966 -28.719725 
7.493002 113.557696 -25.164308 
7.331400 113.743371 -25.142767 
7.100385 114.143034 -25.245373 
6.943507 115.302366 -26.197456 
7.674733 116.396564 -28.217248 
9.017052 115.870035 -29.405611 
FEnd
FBeg
 8504  OE1 GLN A1128  8606   CB UNK B1311 unk
6.795 118.213 -30.270 9.751 115.333 -25.655  35.46
7.674733 116.396564 -28.217248 
6.870558 117.700571 -26.888389 
7.270385 118.817600 -26.447402 
9.553464 121.266488 -26.381526 
13.776072 123.689749 -27.573950 
12.004385 117.433159 -30.343587 
9.017052 115.870035 -29.405611 
FEnd
FBeg
 8510   CB PHE A1129  8606   CB UNK B1311 unk
4.915 114.561 -27.824 9.751 115.333 -25.655  4.56
6.943507 115.302366 -26.197456 
6.608860 115.339176 -25.464428 
6.443055 116.590548 -25.540144 
6.434716 117.365424 -25.797347 
6.870558 117.700571 -26.888389 
7.674733 116.396564 -28.217248 
FEnd
FBeg
 8510   CB PHE A1129  8604    C UNK B1311 ali
4.915 114.561 -27.824 8.727 115.338 -23.330  0.81
6.608860 115.339176 -25.464428 
6.443055 116.590548 -25.540144 
6.051358 116.043377 -25.113286 
5.892957 115.082220 -24.812742 
FEnd
FBeg
 8511   CG PHE A1129  8604    C UNK B1311 ali
5.741 113.368 -27.387 8.727 115.338 -23.330  1.28
5.892957 115.082220 -24.812742 
6.608860 115.339176 -25.464428 
7.100385 114.143034 -25.245373 
7.114463 113.776835 -25.077915 
6.983349 113.808003 -24.996549 
5.867208 114.769871 -24.642119 
FEnd
FBeg
 8511   CG PHE A1129  8626   CB UNK B1315 unk
5.741 113.368 -27.387 4.808 116.416 -21.948  0.17
5.867208 114.769871 -24.642119 
5.892957 115.082220 -24.812742 
5.255606 114.682865 -24.698275 
5.655864 114.560052 -24.560791 
FEnd
FBeg
 8513  CD2 PHE A1129  8626   CB UNK B1315 unk
5.169 112.349 -26.632 4.808 116.416 -21.948  4.26
5.255606 114.682865 -24.698275 
5.655864 114.560052 -24.560791 
3.973217 112.860678 -23.214950 
3.900800 112.814703 -23.180612 
2.643118 113.371185 -23.760723 
2.970612 114.439468 -24.663046 
FEnd
FBeg
 8486   CG LEU A1126  8626   CB UNK B1315 unk
-0.502 115.754 -24.659 4.808 116.416 -21.948  6.06
2.643118 113.371185 -23.760723 
2.298105 113.723470 -23.170975 
1.653947 114.842180 -22.182450 
1.585911 116.954886 -22.565090 
1.646403 117.168278 -22.735683 
2.080917 116.688187 -23.469528 
2.971758 114.471159 -24.673029 
2.970612 114.439468 -24.663046 
FEnd
FBeg
 8482   CA LEU A1126  8626   CB UNK B1315 unk
1.065 117.237 -26.231 4.808 116.416 -21.948  6.04
2.080917 116.688187 -23.469528 
2.105609 118.323755 -23.177587 
3.189882 117.939487 -24.198815 
3.890924 117.031592 -24.985502 
4.045319 116.358811 -25.249395 
2.971758 114.471159 -24.673029 
FEnd
FBeg
 8478    O SER A1125  8626   CB UNK B1315 unk
3.508 118.204 -27.267 4.808 116.416 -21.948  2.64
3.890924 117.031592 -24.985502 
4.965698 118.116143 -24.883609 
6.186139 118.187371 -25.157950 
6.011461 117.150935 -25.463659 
4.045319 116.358811 -25.249395 
FEnd
FBeg
 8479   CB SER A1125  8626   CB UNK B1315 unk
3.685 120.991 -25.756 4.808 116.416 -21.948  5.40
4.965698 118.116143 -24.883609 
3.189929 118.493998 -23.905963 
4.213358 119.382526 -23.140285 
6.743734 119.485677 -23.762579 
6.186139 118.187371 -25.157950 
FEnd
FBeg
 8479   CB SER A1125  8623   CA UNK B1315 unk
3.685 120.991 -25.756 5.065 117.351 -20.748  3.86
4.213358 119.382526 -23.140285 
6.743734 119.485677 -23.762579 
6.980056 119.779591 -23.614072 
6.352829 120.826212 -22.680511 
5.670592 121.408620 -22.069199 
FEnd
FBeg
 8480   OG SER A1125  8623   CA UNK B1315 unk
2.828 121.019 -24.643 5.065 117.351 -20.748  5.39
5.670592 121.408620 -22.069199 
4.213358 119.382526 -23.140285 
2.447262 119.012905 -22.474049 
2.549950 119.576942 -22.001860 
4.022820 121.181948 -21.336301 
5.169739 121.516540 -21.679915 
5.511436 121.500411 -21.891349 
FEnd
FBeg
 8447  CG2 ILE A1121  8623   CA UNK B1315 unk
-0.658 118.665 -21.073 5.065 117.351 -20.748  1.75
2.447262 119.012905 -22.474049 
2.078625 117.683139 -21.358991 
2.168813 118.129908 -21.140812 
2.452934 119.394783 -21.029977 
2.542472 119.674076 -21.477470 
2.549950 119.576942 -22.001860 
FEnd
FBeg
 8442   CA ILE A1121  8623   CA UNK B1315 unk
-0.118 120.727 -19.678 5.065 117.351 -20.748  1.00
2.452934 119.394783 -21.029977 
3.607105 120.831595 -19.972603 
3.703185 121.074465 -20.273490 
2.542472 119.674076 -21.477470 
FEnd
FBeg
 8442   CA ILE A1121  8625    O UNK B1315 unk
-0.118 120.727 -19.678 3.296 117.610 -19.169  2.20
2.452934 119.394783 -21.029977 
3.607105 120.831595 -19.972603 
3.604397 120.832803 -19.947045 
2.565571 119.852198 -18.984357 
2.148449 119.141636 -20.537926 
FEnd
FBeg
 8446  CG1 ILE A1121  8625    O UNK B1315 unk
0.047 118.435 -18.674 3.296 117.610 -19.169  6.15
2.565571 119.852198 -18.984357 
2.148449 119.141636 -20.537926 
1.897930 118.166945 -20.557752 
2.182797 117.476849 -17.537831 
2.402612 117.962027 -16.903678 
2.641583 118.953443 -16.987517 
FEnd
FBeg
 8446  CG1 ILE A1121  8635    O UNK B1317 unk
0.047 118.435 -18.674 3.224 118.015 -14.585  1.08
2.402612 117.962027 -16.903678 
2.641583 118.953443 -16.987517 
1.982547 119.052567 -16.465288 
1.610883 118.551084 -16.228030 
2.123116 117.665104 -16.717018 
FEnd
FBeg
 8423  CG2 ILE A1118  8635    O UNK B1317 unk
0.174 116.415 -14.881 3.224 118.015 -14.585  8.18
1.610883 118.551084 -16.228030 
2.123116 117.665104 -16.717018 
2.315451 117.219657 -16.291032 
2.782614 115.984976 -14.430749 
2.201658 116.834488 -13.036509 
1.216259 118.682623 -12.872823 
FEnd
FBeg
 8423  CG2 ILE A1118  8637  OXT UNK B1317 unk
0.174 116.415 -14.881 4.548 118.581 -13.005  5.92
2.201658 116.834488 -13.036509 
1.216259 118.682623 -12.872823 
1.191238 118.685055 -12.817294 
1.174330 118.567113 -12.641697 
1.425885 116.675096 -11.043717 
2.622022 114.597956 -11.434346 
2.817150 114.505310 -11.782330 
2.863182 114.890090 -12.333916 
FEnd
FBeg
 8423  CG2 ILE A1118  8630    O UNK B1316 unk
0.174 116.415 -14.881 4.745 115.074 -15.435  3.59
2.817150 114.505310 -11.782330 
2.622108 114.003790 -12.177635 
2.332752 113.803957 -14.081372 
2.407928 114.408610 -14.924713 
2.414289 114.438133 -14.943687 
2.867082 115.606394 -14.035606 
2.863182 114.890090 -12.333916 
FEnd
FBeg
 8423  CG2 ILE A1118  8631   CB UNK B1316 unk
0.174 116.415 -14.881 3.788 113.831 -17.690  0.01
2.407928 114.408610 -14.924713 
2.281973 114.776526 -15.425210 
2.307161 114.773553 -15.390068 
2.414289 114.438133 -14.943687 
FEnd
FBeg
 8424  CD1 ILE A1118  8631   CB UNK B1316 unk
0.040 113.896 -16.699 3.788 113.831 -17.690  9.27
2.407928 114.408610 -14.924713 
2.281973 114.776526 -15.425210 
1.451004 114.879809 -18.574743 
1.358151 114.631224 -18.909611 
1.700361 111.397468 -17.403255 
2.500371 113.607881 -14.522568 
FEnd
FBeg
 8093  CD2 LEU A1077  8631   CB UNK B1316 unk
1.759 110.395 -14.490 3.788 113.831 -17.690  9.65
1.700361 111.397468 -17.403255 
1.764199 111.323454 -17.442250 
2.475127 110.857861 -17.491408 
3.019581 110.538706 -17.488883 
3.757601 110.255384 -17.325149 
4.733693 110.760603 -16.163767 
4.205996 112.496892 -14.634020 
2.500371 113.607881 -14.522568 
FEnd
FBeg
 8113  CD1 LEU A1080  8631   CB UNK B1316 unk
5.968 110.350 -12.987 3.788 113.831 -17.690  4.99
4.733693 110.760603 -16.163767 
6.784419 111.236502 -16.762104 
6.850206 111.392840 -16.676883 
6.930361 112.579472 -15.835733 
4.205996 112.496892 -14.634020 
FEnd
FBeg
 8113  CD1 LEU A1080  8630    O UNK B1316 unk
5.968 110.350 -12.987 4.745 115.074 -15.435  9.07
6.930361 112.579472 -15.835733 
4.205996 112.496892 -14.634020 
3.615150 113.212453 -12.957993 
6.105274 114.075000 -12.537547 
7.416468 113.754873 -13.810370 
FEnd
FBeg
 8065   CZ PHE A1073  8631   CB UNK B1316 unk
1.756 107.938 -18.728 3.788 113.831 -17.690  0.41
3.019581 110.538706 -17.488883 
2.984564 110.564239 -17.565294 
4.216450 110.235889 -18.112714 
3.757601 110.255384 -17.325149 
FEnd
FBeg
 8064  CE2 PHE A1073  8631   CB UNK B1316 unk
0.674 108.516 -18.039 3.788 113.831 -17.690  0.02
2.475127 110.857861 -17.491408 
2.984564 110.564239 -17.565294 
3.019581 110.538706 -17.488883 
FEnd
FBeg
 8398   CE MET A1115  8631   CB UNK B1316 unk
1.796 111.089 -20.528 3.788 113.831 -17.690  11.70
1.764199 111.323454 -17.442250 
3.235502 113.805894 -20.873429 
4.350822 113.138480 -21.011437 
4.482543 112.909497 -20.882655 
5.367662 110.384398 -19.064240 
4.216450 110.235889 -18.112714 
2.984564 110.564239 -17.565294 
2.475127 110.857861 -17.491408 
FEnd
FBeg
 8398   CE MET A1115  8611   CB UNK B1312 unk
1.796 111.089 -20.528 7.556 112.030 -22.025  10.58
4.482543 112.909497 -20.882655 
5.367662 110.384398 -19.064240 
5.333182 109.759289 -19.589848 
5.301721 109.660285 -19.773131 
5.130602 109.434017 -20.573775 
4.565007 110.047610 -22.364315 
4.156143 111.171629 -23.230949 
4.022591 111.864098 -23.309538 
3.900800 112.814703 -23.180612 
4.005297 112.872478 -22.742221 
FEnd
FBeg
 8515  CE2 PHE A1129  8611   CB UNK B1312 unk
5.920 111.236 -26.241 7.556 112.030 -22.025  8.48
4.156143 111.171629 -23.230949 
4.022591 111.864098 -23.309538 
5.844981 112.784439 -24.190036 
7.172922 112.735325 -24.696088 
7.121056 110.317373 -24.220588 
6.457310 109.711021 -23.848830 
5.522670 109.285474 -23.406004 
5.464167 109.335453 -23.392715 
FEnd
FBeg
 8516   CZ PHE A1129  8611   CB UNK B1312 unk
7.254 111.136 -26.604 7.556 112.030 -22.025  2.62
7.172922 112.735325 -24.696088 
7.736594 112.719318 -24.730139 
8.508306 112.321996 -24.703463 
8.718115 111.418924 -24.540985 
7.121056 110.317373 -24.220588 
FEnd
FBeg
 8516   CZ PHE A1129  8607    N UNK B1312 unk
7.254 111.136 -26.604 8.628 114.047 -22.995  0.41
7.736594 112.719318 -24.730139 
8.508306 112.321996 -24.703463 
8.533764 112.591242 -24.930328 
7.213289 113.305894 -25.004037 
FEnd
FBeg
 8514  CE1 PHE A1129  8607    N UNK B1312 unk
7.842 112.145 -27.355 8.628 114.047 -22.995  0.49
8.533764 112.591242 -24.930328 
7.213289 113.305894 -25.004037 
7.158981 113.378921 -25.026104 
7.493002 113.557696 -25.164308 
8.628007 112.814201 -25.044581 
FEnd
FBeg
 8514  CE1 PHE A1129  8608   CA UNK B1312 unk
7.842 112.145 -27.355 7.597 113.561 -22.066  0.00
7.213289 113.305894 -25.004037 
7.158981 113.378921 -25.026104 
7.123500 113.356324 -25.021698 
7.123495 113.355073 -25.021363 
7.130937 113.343543 -25.017932 
FEnd
FBeg
 8512  CD1 PHE A1129  8608   CA UNK B1312 unk
7.086 113.256 -27.745 7.597 113.561 -22.066  0.00
7.158981 113.378921 -25.026104 
7.123500 113.356324 -25.021698 
7.098592 113.408295 -25.022248 
7.104277 113.492698 -25.027293 
FEnd
FBeg
 8516   CZ PHE A1129  8608   CA UNK B1312 unk
7.254 111.136 -26.604 7.597 113.561 -22.066  0.21
7.172922 112.735325 -24.696088 
7.736594 112.719318 -24.730139 
7.213289 113.305894 -25.004037 
7.130937 113.343543 -25.017932 
FEnd
FBeg
 8515  CE2 PHE A1129  8608   CA UNK B1312 unk
5.920 111.236 -26.241 7.597 113.561 -22.066  0.50
5.844981 112.784439 -24.190036 
7.172922 112.735325 -24.696088 
7.130937 113.343543 -25.017932 
7.123495 113.355073 -25.021363 
FEnd
FBeg
 8241   CA PHE A1098  8611   CB UNK B1312 unk
7.481 106.549 -20.460 7.556 112.030 -22.025  4.14
5.301721 109.660285 -19.773131 
5.130602 109.434017 -20.573775 
5.655553 109.063833 -21.845090 
7.309592 109.438815 -20.452547 
7.274072 109.875137 -18.926145 
6.531239 109.831471 -19.114674 
5.570240 109.724209 -19.536386 
FEnd
FBeg
 8244   CB PHE A1098  8611   CB UNK B1312 unk
8.945 107.053 -20.570 7.556 112.030 -22.025  2.37
7.309592 109.438815 -20.452547 
9.745968 110.262264 -19.961700 
7.803028 110.032562 -18.892618 
7.304313 109.896708 -18.881227 
7.274072 109.875137 -18.926145 
FEnd
FBeg
 8215  CG1 VAL A1094  8611   CB UNK B1312 unk
10.661 110.415 -16.729 7.556 112.030 -22.025  4.12
9.745968 110.262264 -19.961700 
9.860201 110.313779 -20.012964 
9.647016 111.391934 -19.559196 
9.215304 111.463938 -19.284129 
7.921693 111.455640 -18.528226 
6.970183 111.252960 -18.032171 
6.849890 111.009921 -18.035758 
7.229726 110.323798 -18.467684 
7.803028 110.032562 -18.892618 
FEnd
FBeg
 8215  CG1 VAL A1094  8613   CA UNK B1313 unk
10.661 110.415 -16.729 9.396 114.683 -18.847  8.19
9.215304 111.463938 -19.284129 
7.921693 111.455640 -18.528226 
7.092182 111.554017 -17.834550 
7.225233 112.120496 -16.772501 
9.900198 113.137383 -16.321017 
10.438459 111.834031 -19.268894 
9.832077 111.557681 -19.463601 
FEnd
FBeg
 8215  CG1 VAL A1094  8616   CB UNK B1313 unk
10.661 110.415 -16.729 10.930 114.785 -18.612  17.72
9.900198 113.137383 -16.321017 
13.261491 113.304874 -15.452124 
15.739302 112.665983 -16.580867 
16.422414 112.250663 -17.447139 
16.402422 112.243472 -17.466684 
13.475703 111.849004 -18.800254 
12.706369 111.804714 -19.012945 
10.438459 111.834031 -19.268894 
FEnd
FBeg
 8215  CG1 VAL A1094  8594    C UNK B1309 ali
10.661 110.415 -16.729 12.085 112.332 -22.279  0.22
13.475703 111.849004 -18.800254 
12.322166 111.268822 -19.296623 
12.706369 111.804714 -19.012945 
FEnd
FBeg
 8215  CG1 VAL A1094  8596   CB UNK B1309 unk
10.661 110.415 -16.729 13.220 110.036 -22.233  14.75
16.402422 112.243472 -17.466684 
16.426571 112.238922 -17.455143 
15.915821 110.068710 -17.543169 
15.465216 109.507188 -17.714005 
13.589773 108.801700 -18.537384 
11.669670 108.662071 -19.420492 
10.469711 110.018654 -20.071807 
12.322166 111.268822 -19.296623 
13.475703 111.849004 -18.800254 
FEnd
FBeg
 8216  CG2 VAL A1094  8616   CB UNK B1313 unk
10.019 111.056 -14.369 10.930 114.785 -18.612  6.80
9.900198 113.137383 -16.321017 
13.261491 113.304874 -15.452124 
11.595069 114.754844 -14.535596 
10.011665 115.537287 -14.187906 
9.550812 114.931644 -14.819129 
FEnd
FBeg
 8216  CG2 VAL A1094  8613   CA UNK B1313 unk
10.019 111.056 -14.369 9.396 114.683 -18.847  4.99
7.225233 112.120496 -16.772501 
9.900198 113.137383 -16.321017 
9.550812 114.931644 -14.819129 
7.683545 113.626207 -15.616698 
7.236738 112.900218 -16.142558 
FEnd
FBeg
 8215  CG1 VAL A1094  8612    N UNK B1313 unk
10.661 110.415 -16.729 9.074 114.194 -20.209  0.07
9.647016 111.391934 -19.559196 
9.215304 111.463938 -19.284129 
9.832077 111.557681 -19.463601 
FEnd
FBeg
 8215  CG1 VAL A1094  8595    O UNK B1309 unk
10.661 110.415 -16.729 11.217 112.498 -21.417  3.71
9.860201 110.313779 -20.012964 
9.647016 111.391934 -19.559196 
9.832077 111.557681 -19.463601 
10.438459 111.834031 -19.268894 
12.706369 111.804714 -19.012945 
12.322166 111.268822 -19.296623 
10.469711 110.018654 -20.071807 
10.095023 110.179180 -20.044920 
FEnd
FBeg
 8398   CE MET A1115  8608   CA UNK B1312 unk
1.796 111.089 -20.528 7.597 113.561 -22.066  0.24
4.350822 113.138480 -21.011437 
4.482543 112.909497 -20.882655 
4.005297 112.872478 -22.742221 
FEnd
FBeg
 8397   SD MET A1115  8631   CB UNK B1316 unk
0.629 112.375 -20.098 3.788 113.831 -17.690  6.49
1.358151 114.631224 -18.909611 
1.786588 114.844074 -19.600368 
2.319818 114.784780 -20.264048 
2.645129 114.561765 -20.555969 
3.235502 113.805894 -20.873429 
1.764199 111.323454 -17.442250 
1.700361 111.397468 -17.403255 
FEnd
FBeg
 8397   SD MET A1115  8624    C UNK B1315 unk
0.629 112.375 -20.098 4.245 116.931 -19.549  0.33
2.319818 114.784780 -20.264048 
2.645129 114.561765 -20.555969 
1.940039 115.156709 -20.849159 
2.031478 114.997390 -20.129280 
FEnd
FBeg
 8448  CD1 ILE A1121  8624    C UNK B1315 ali
0.093 116.988 -19.009 4.245 116.931 -19.549  4.32
1.940039 115.156709 -20.849159 
2.031478 114.997390 -20.129280 
2.259376 116.817229 -18.569094 
1.963917 117.729553 -20.937143 
1.909380 117.251178 -21.305979 
FEnd
FBeg
 8448  CD1 ILE A1121  8626   CB UNK B1315 unk
0.093 116.988 -19.009 4.808 116.416 -21.948  1.38
1.909380 117.251178 -21.305979 
1.940039 115.156709 -20.849159 
1.486009 115.281647 -21.601870 
1.462809 116.378479 -21.852559 
FEnd
FBeg
 8448  CD1 ILE A1121  8628   CA UNK B1316 unk
0.093 116.988 -19.009 3.964 115.369 -17.686  5.00
2.031478 114.997390 -20.129280 
2.259376 116.817229 -18.569094 
2.182797 117.476849 -17.537831 
1.896575 117.318677 -16.893926 
1.407105 116.007484 -17.066326 
1.451004 114.879809 -18.574743 
1.786588 114.844074 -19.600368 
FEnd
FBeg
 8397   SD MET A1115  8628   CA UNK B1316 unk
0.629 112.375 -20.098 3.964 115.369 -17.686  0.10
1.786588 114.844074 -19.600368 
2.319818 114.784780 -20.264048 
2.031478 114.997390 -20.129280 
FEnd
FBeg
 8448  CD1 ILE A1121  8631   CB UNK B1316 unk
0.093 116.988 -19.009 3.788 113.831 -17.690  0.17
1.451004 114.879809 -18.574743 
1.786588 114.844074 -19.600368 
1.358151 114.631224 -18.909611 
FEnd
FBeg
 8424  CD1 ILE A1118  8628   CA UNK B1316 unk
0.040 113.896 -16.699 3.964 115.369 -17.686  2.03
2.281973 114.776526 -15.425210 
1.451004 114.879809 -18.574743 
1.407105 116.007484 -17.066326 
FEnd
FBeg
 8424  CD1 ILE A1118  8630    O UNK B1316 unk
0.040 113.896 -16.699 4.745 115.074 -15.435  0.23
2.332752 113.803957 -14.081372 
2.407928 114.408610 -14.924713 
2.500371 113.607881 -14.522568 
FEnd
FBeg
 8093  CD2 LEU A1077  8630    O UNK B1316 unk
1.759 110.395 -14.490 4.745 115.074 -15.435  3.41
2.622108 114.003790 -12.177635 
2.332752 113.803957 -14.081372 
2.500371 113.607881 -14.522568 
4.205996 112.496892 -14.634020 
3.615150 113.212453 -12.957993 
FEnd
FBeg
 8431   CD PRO A1119  8637  OXT UNK B1317 unk
-2.050 118.072 -12.569 4.548 118.581 -13.005  1.13
1.174330 118.567113 -12.641697 
1.425885 116.675096 -11.043717 
1.403710 117.285430 -10.666762 
1.213521 118.509099 -12.116360 
FEnd
FBeg
 8429   CB PRO A1119  8637  OXT UNK B1317 unk
-1.495 120.421 -12.351 4.548 118.581 -13.005  7.35
1.191238 118.685055 -12.817294 
1.174330 118.567113 -12.641697 
1.213521 118.509099 -12.116360 
2.248789 120.517588 -8.201214 
2.567833 121.390962 -7.710424 
1.736445 120.441310 -12.720692 
FEnd
FBeg
 8439  OE1 GLU A1120  8637  OXT UNK B1317 unk
1.782 123.134 -13.409 4.548 118.581 -13.005  65.99
2.567833 121.390962 -7.710424 
6.505122 124.031640 -4.907294 
6.748030 124.170668 -5.003549 
7.420644 124.552639 -5.303891 
11.865954 127.040715 -7.698728 
4.088135 121.645641 -15.249039 
2.875369 120.948534 -14.802058 
1.736445 120.441310 -12.720692 
FEnd
FBeg
 8428    O PRO A1119  8637  OXT UNK B1317 unk
0.224 120.034 -15.017 4.548 118.581 -13.005  2.59
1.216259 118.682623 -12.872823 
1.191238 118.685055 -12.817294 
1.736445 120.441310 -12.720692 
2.875369 120.948534 -14.802058 
2.432712 120.158870 -14.421012 
FEnd
FBeg
 8428    O PRO A1119  8634    C UNK B1317 unk
0.224 120.034 -15.017 4.393 118.112 -14.157  0.44
2.875369 120.948534 -14.802058 
2.432712 120.158870 -14.421012 
2.760271 120.440498 -15.379502 
2.946225 121.014556 -14.997993 
FEnd
FBeg
 8435    O GLU A1120  8634    C UNK B1317 unk
1.438 121.261 -17.455 4.393 118.112 -14.157  2.58
2.760271 120.440498 -15.379502 
2.946225 121.014556 -14.997993 
4.028454 121.633609 -15.376583 
3.822468 119.970544 -16.779950 
3.652151 119.714447 -16.871873 
3.377655 119.481434 -16.848411 
FEnd
FBeg
 8435    O GLU A1120  8632    N UNK B1317 hbd
1.438 121.261 -17.455 5.061 117.109 -16.303  0.34
3.652151 119.714447 -16.871873 
3.377655 119.481434 -16.848411 
3.090096 119.188119 -17.001206 
3.922162 119.801760 -17.406356 
4.007835 119.910879 -17.282516 
3.879347 119.869315 -17.028226 
FEnd
FBeg
 8435    O GLU A1120  8620    O UNK B1314 hbd
1.438 121.261 -17.455 6.277 119.130 -18.925  7.43
3.922162 119.801760 -17.406356 
3.604397 120.832803 -19.947045 
3.735442 121.265318 -20.142668 
3.751498 121.300215 -20.140403 
5.448726 123.478121 -17.710628 
5.463457 123.086716 -17.094732 
4.007835 119.910879 -17.282516 
FEnd
FBeg
 8435    O GLU A1120  8633   CA UNK B1317 unk
1.438 121.261 -17.455 5.571 117.643 -15.033  0.04
3.822468 119.970544 -16.779950 
3.652151 119.714447 -16.871873 
3.879347 119.869315 -17.028226 
FEnd
FBeg
 8435    O GLU A1120  8636   CB UNK B1317 unk
1.438 121.261 -17.455 6.604 118.763 -15.253  3.89
4.028454 121.633609 -15.376583 
3.822468 119.970544 -16.779950 
3.879347 119.869315 -17.028226 
4.007835 119.910879 -17.282516 
5.463457 123.086716 -17.094732 
4.042135 121.652974 -15.386710 
FEnd
FBeg
 8423  CG2 ILE A1118  8634    C UNK B1317 ali
0.174 116.415 -14.881 4.393 118.112 -14.157  2.00
2.782614 115.984976 -14.430749 
2.201658 116.834488 -13.036509 
2.863182 114.890090 -12.333916 
2.867082 115.606394 -14.035606 
FEnd
FBeg
 8423  CG2 ILE A1118  8629    C UNK B1316 ali
0.174 116.415 -14.881 4.626 115.850 -16.374  2.71
2.315451 117.219657 -16.291032 
2.782614 115.984976 -14.430749 
2.867082 115.606394 -14.035606 
2.414289 114.438133 -14.943687 
2.307161 114.773553 -15.390068 
FEnd
FBeg
 8423  CG2 ILE A1118  8628   CA UNK B1316 unk
0.174 116.415 -14.881 3.964 115.369 -17.686  2.59
2.123116 117.665104 -16.717018 
2.315451 117.219657 -16.291032 
2.307161 114.773553 -15.390068 
2.281973 114.776526 -15.425210 
1.407105 116.007484 -17.066326 
1.896575 117.318677 -16.893926 
FEnd
FBeg
 8428    O PRO A1119  8635    O UNK B1317 hbd
0.224 120.034 -15.017 3.224 118.015 -14.585  4.90
1.982547 119.052567 -16.465288 
1.610883 118.551084 -16.228030 
1.216259 118.682623 -12.872823 
2.432712 120.158870 -14.421012 
2.760271 120.440498 -15.379502 
FEnd
FBeg
 8435    O GLU A1120  8635    O UNK B1317 hbd
1.438 121.261 -17.455 3.224 118.015 -14.585  1.70
2.641583 118.953443 -16.987517 
1.982547 119.052567 -16.465288 
2.760271 120.440498 -15.379502 
3.377655 119.481434 -16.848411 
3.090096 119.188119 -17.001206 
FEnd
FBeg
 8446  CG1 ILE A1121  8628   CA UNK B1316 unk
0.047 118.435 -18.674 3.964 115.369 -17.686  0.34
2.182797 117.476849 -17.537831 
2.402612 117.962027 -16.903678 
2.123116 117.665104 -16.717018 
1.896575 117.318677 -16.893926 
FEnd
FBeg
 8448  CD1 ILE A1121  8625    O UNK B1315 unk
0.093 116.988 -19.009 3.296 117.610 -19.169  2.08
1.897930 118.166945 -20.557752 
1.963917 117.729553 -20.937143 
2.259376 116.817229 -18.569094 
2.182797 117.476849 -17.537831 
FEnd
FBeg
 8435    O GLU A1120  8625    O UNK B1315 hbd
1.438 121.261 -17.455 3.296 117.610 -19.169  3.47
3.604397 120.832803 -19.947045 
2.565571 119.852198 -18.984357 
2.641583 118.953443 -16.987517 
3.090096 119.188119 -17.001206 
3.922162 119.801760 -17.406356 
FEnd
FBeg
 8447  CG2 ILE A1121  8625    O UNK B1315 unk
-0.658 118.665 -21.073 3.296 117.610 -19.169  0.83
2.168813 118.129908 -21.140812 
2.452934 119.394783 -21.029977 
2.148449 119.141636 -20.537926 
1.897930 118.166945 -20.557752 
1.963917 117.729553 -20.937143 
FEnd
FBeg
 8447  CG2 ILE A1121  8624    C UNK B1315 ali
-0.658 118.665 -21.073 4.245 116.931 -19.549  0.20
2.078625 117.683139 -21.358991 
2.168813 118.129908 -21.140812 
1.963917 117.729553 -20.937143 
1.909380 117.251178 -21.305979 
FEnd
FBeg
 8480   OG SER A1125  8626   CB UNK B1315 unk
2.828 121.019 -24.643 4.808 116.416 -21.948  1.83
3.189929 118.493998 -23.905963 
3.160264 118.486542 -23.896903 
2.177192 118.508031 -23.137944 
2.183297 118.582150 -23.015836 
2.447262 119.012905 -22.474049 
4.213358 119.382526 -23.140285 
FEnd
FBeg
 8477    C SER A1125  8626   CB UNK B1315 unk
2.661 119.004 -26.848 4.808 116.416 -21.948  1.66
3.189882 117.939487 -24.198815 
3.160264 118.486542 -23.896903 
3.189929 118.493998 -23.905963 
4.965698 118.116143 -24.883609 
3.890924 117.031592 -24.985502 
FEnd
FBeg
 8481    N LEU A1126  8626   CB UNK B1315 unk
1.499 118.637 -26.297 4.808 116.416 -21.948  0.53
2.105609 118.323755 -23.177587 
2.081327 118.379072 -23.130862 
2.113172 118.451505 -23.118101 
2.177192 118.508031 -23.137944 
3.160264 118.486542 -23.896903 
3.189882 117.939487 -24.198815 
FEnd
FBeg
 8485   CB LEU A1126  8626   CB UNK B1315 unk
-0.201 117.101 -25.362 4.808 116.416 -21.948  0.69
1.646403 117.168278 -22.735683 
2.081327 118.379072 -23.130862 
2.105609 118.323755 -23.177587 
2.080917 116.688187 -23.469528 
FEnd
FBeg
 8447  CG2 ILE A1121  8626   CB UNK B1315 unk
-0.658 118.665 -21.073 4.808 116.416 -21.948  2.95
1.585911 116.954886 -22.565090 
1.462809 116.378479 -21.852559 
1.909380 117.251178 -21.305979 
2.078625 117.683139 -21.358991 
2.447262 119.012905 -22.474049 
2.183297 118.582150 -23.015836 
2.113172 118.451505 -23.118101 
2.081327 118.379072 -23.130862 
1.646403 117.168278 -22.735683 
FEnd
FBeg
 8487  CD1 LEU A1126  8626   CB UNK B1315 unk
-1.335 115.959 -23.379 4.808 116.416 -21.948  1.05
1.653947 114.842180 -22.182450 
1.486009 115.281647 -21.601870 
1.462809 116.378479 -21.852559 
1.585911 116.954886 -22.565090 
FEnd
FBeg
 8397   SD MET A1115  8626   CB UNK B1315 unk
0.629 112.375 -20.098 4.808 116.416 -21.948  3.72
2.298105 113.723470 -23.170975 
3.235502 113.805894 -20.873429 
2.645129 114.561765 -20.555969 
1.940039 115.156709 -20.849159 
1.486009 115.281647 -21.601870 
1.653947 114.842180 -22.182450 
FEnd
FBeg
 8398   CE MET A1115  8626   CB UNK B1315 unk
1.796 111.089 -20.528 4.808 116.416 -21.948  4.21
3.900800 112.814703 -23.180612 
4.005297 112.872478 -22.742221 
4.350822 113.138480 -21.011437 
3.235502 113.805894 -20.873429 
2.298105 113.723470 -23.170975 
2.643118 113.371185 -23.760723 
FEnd
FBeg
 8513  CD2 PHE A1129  8611   CB UNK B1312 unk
5.169 112.349 -26.632 7.556 112.030 -22.025  1.09
3.973217 112.860678 -23.214950 
3.900800 112.814703 -23.180612 
4.022591 111.864098 -23.309538 
5.844981 112.784439 -24.190036 
FEnd
FBeg
 8513  CD2 PHE A1129  8608   CA UNK B1312 unk
5.169 112.349 -26.632 7.597 113.561 -22.066  3.34
5.655864 114.560052 -24.560791 
3.973217 112.860678 -23.214950 
5.844981 112.784439 -24.190036 
7.123495 113.355073 -25.021363 
7.123500 113.356324 -25.021698 
7.098592 113.408295 -25.022248 
FEnd
FBeg
 8511   CG PHE A1129  8608   CA UNK B1312 unk
5.741 113.368 -27.387 7.597 113.561 -22.066  0.47
6.983349 113.808003 -24.996549 
5.867208 114.769871 -24.642119 
5.655864 114.560052 -24.560791 
7.098592 113.408295 -25.022248 
7.104277 113.492698 -25.027293 
FEnd
FBeg
 8511   CG PHE A1129  8607    N UNK B1312 unk
5.741 113.368 -27.387 8.628 114.047 -22.995  0.02
7.114463 113.776835 -25.077915 
6.983349 113.808003 -24.996549 
7.104277 113.492698 -25.027293 
FEnd
FBeg
 8510   CB PHE A1129  8626   CB UNK B1315 unk
4.915 114.561 -27.824 4.808 116.416 -21.948  5.19
6.051358 116.043377 -25.113286 
6.011461 117.150935 -25.463659 
4.045319 116.358811 -25.249395 
2.971758 114.471159 -24.673029 
2.970612 114.439468 -24.663046 
5.255606 114.682865 -24.698275 
5.892957 115.082220 -24.812742 
FEnd
FBeg
 8511   CG PHE A1129  8606   CB UNK B1311 unk
5.741 113.368 -27.387 9.751 115.333 -25.655  0.53
7.100385 114.143034 -25.245373 
6.608860 115.339176 -25.464428 
6.943507 115.302366 -26.197456 
FEnd
FBeg
 8512  CD1 PHE A1129  8604    C UNK B1311 ali
7.086 113.256 -27.745 8.727 115.338 -23.330  0.05
7.331400 113.743371 -25.142767 
7.100385 114.143034 -25.245373 
7.114463 113.776835 -25.077915 
FEnd
FBeg
 8512  CD1 PHE A1129  8607    N UNK B1312 unk
7.086 113.256 -27.745 8.628 114.047 -22.995  0.10
7.493002 113.557696 -25.164308 
7.331400 113.743371 -25.142767 
7.114463 113.776835 -25.077915 
7.104277 113.492698 -25.027293 
7.158981 113.378921 -25.026104 
FEnd
FBeg
 8514  CE1 PHE A1129  8606   CB UNK B1311 unk
7.842 112.145 -27.355 9.751 115.333 -25.655  4.88
9.833438 112.830721 -26.429189 
10.247125 113.741860 -28.602389 
9.950642 113.981966 -28.719725 
7.493002 113.557696 -25.164308 
8.628007 112.814201 -25.044581 
FEnd
FBeg
 8514  CE1 PHE A1129  8590    O UNK B1308 unk
7.842 112.145 -27.355 10.599 112.210 -24.954  1.47
9.821974 112.746525 -26.413747 
9.833438 112.830721 -26.429189 
8.628007 112.814201 -25.044581 
8.533764 112.591242 -24.930328 
9.326108 111.474810 -25.809930 
FEnd
FBeg
 8514  CE1 PHE A1129  8589    C UNK B1308 ali
7.842 112.145 -27.355 11.659 111.640 -25.284  0.77
9.326108 111.474810 -25.809930 
9.821974 112.746525 -26.413747 
9.621393 110.769686 -26.526100 
FEnd
FBeg
 8516   CZ PHE A1129  8590    O UNK B1308 unk
7.254 111.136 -26.604 10.599 112.210 -24.954  1.30
9.221976 110.967928 -25.268892 
9.326108 111.474810 -25.809930 
8.533764 112.591242 -24.930328 
8.508306 112.321996 -24.703463 
8.718115 111.418924 -24.540985 
FEnd
FBeg
 8248  CE1 PHE A1098  8590    O UNK B1308 unk
9.259 109.015 -23.902 10.599 112.210 -24.954  0.85
9.613972 111.348221 -23.614607 
9.787863 111.198157 -23.848864 
9.221976 110.967928 -25.268892 
8.718115 111.418924 -24.540985 
FEnd
FBeg
 8248  CE1 PHE A1098  8611   CB UNK B1312 unk
9.259 109.015 -23.902 7.556 112.030 -22.025  4.38
9.692490 110.677407 -22.465848 
9.613972 111.348221 -23.614607 
8.718115 111.418924 -24.540985 
7.121056 110.317373 -24.220588 
6.457310 109.711021 -23.848830 
FEnd
FBeg
 8246  CD1 PHE A1098  8611   CB UNK B1312 unk
8.829 108.617 -22.618 7.556 112.030 -22.025  12.19
9.977690 110.506261 -20.868575 
9.692490 110.677407 -22.465848 
6.457310 109.711021 -23.848830 
5.522670 109.285474 -23.406004 
5.655553 109.063833 -21.845090 
7.309592 109.438815 -20.452547 
9.745968 110.262264 -19.961700 
9.860201 110.313779 -20.012964 
FEnd
FBeg
 8246  CD1 PHE A1098  8595    O UNK B1309 unk
8.829 108.617 -22.618 11.217 112.498 -21.417  0.27
10.371726 110.045391 -20.162763 
9.977690 110.506261 -20.868575 
9.860201 110.313779 -20.012964 
10.095023 110.179180 -20.044920 
FEnd
FBeg
 8250   CZ PHE A1098  8593   CA UNK B1309 unk
10.292 108.305 -24.545 12.194 110.958 -22.968  2.75
10.934980 108.870939 -22.604678 
10.934724 108.871056 -22.604566 
10.929713 108.877532 -22.609419 
10.676706 110.108463 -24.375075 
11.476275 109.714060 -24.675918 
12.573496 108.827705 -24.508139 
11.959527 108.788018 -23.700873 
FEnd
FBeg
 8245   CG PHE A1098  8596   CB UNK B1309 unk
9.397 107.490 -21.980 13.220 110.036 -22.233  2.05
11.661990 108.085132 -20.475117 
10.489412 109.863251 -20.299917 
11.026941 108.855992 -22.313790 
FEnd
FBeg
 8244   CB PHE A1098  8596   CB UNK B1309 unk
8.945 107.053 -20.570 13.220 110.036 -22.233  1.87
12.154800 107.610879 -20.058960 
11.669670 108.662071 -19.420492 
10.469711 110.018654 -20.071807 
10.468278 110.018688 -20.075431 
10.489412 109.863251 -20.299917 
11.661990 108.085132 -20.475117 
FEnd
FBeg
 8218   CA HIS A1095  8596   CB UNK B1309 unk
11.226 106.105 -17.276 13.220 110.036 -22.233  2.22
12.334888 107.461835 -20.104713 
13.408677 107.966917 -19.272231 
13.589773 108.801700 -18.537384 
11.669670 108.662071 -19.420492 
12.154800 107.610879 -20.058960 
FEnd
FBeg
 8223  ND1 HIS A1095  8596   CB UNK B1309 unk
13.378 104.678 -19.186 13.220 110.036 -22.233  13.78
13.923548 106.347862 -22.145959 
17.989756 107.990105 -19.469005 
18.492315 108.696640 -18.252659 
17.728171 108.776346 -18.072875 
13.408677 107.966917 -19.272231 
12.334888 107.461835 -20.104713 
FEnd
FBeg
 8249  CE2 PHE A1098  8593   CA UNK B1309 unk
10.887 107.196 -23.905 12.194 110.958 -22.968  0.15
11.959527 108.788018 -23.700873 
10.934980 108.870939 -22.604678 
11.141279 108.787856 -22.558869 
FEnd
FBeg
 8250   CZ PHE A1098  8596   CB UNK B1309 unk
10.292 108.305 -24.545 13.220 110.036 -22.233  0.09
12.768061 108.678298 -24.642681 
11.959527 108.788018 -23.700873 
12.573496 108.827705 -24.508139 
FEnd
FBeg
 8249  CE2 PHE A1098  8575    O UNK B1305 unk
10.887 107.196 -23.905 15.445 108.069 -24.406  4.10
13.444870 107.255264 -24.417050 
13.343036 107.928213 -24.170897 
13.825794 106.456101 -22.344030 
13.918270 105.893077 -22.483785 
14.041419 104.495858 -23.798076 
13.890806 105.074661 -24.159745 
FEnd
FBeg
 8249  CE2 PHE A1098  8573   CA UNK B1305 unk
10.887 107.196 -23.905 15.082 107.717 -26.760  8.81
12.883249 108.528127 -25.009989 
13.444870 107.255264 -24.417050 
13.890806 105.074661 -24.159745 
12.702879 104.634068 -25.985630 
11.804218 106.105090 -27.037637 
11.698798 106.695258 -27.084838 
FEnd
FBeg
 8250   CZ PHE A1098  8573   CA UNK B1305 unk
10.292 108.305 -24.545 15.082 107.717 -26.760  0.28
11.687274 106.771429 -27.129981 
12.871052 108.609173 -25.057880 
12.883249 108.528127 -25.009989 
11.698798 106.695258 -27.084838 
FEnd
FBeg
 8288  OE2 GLU A1102  8591   CB UNK B1308 unk
8.723 106.554 -27.099 12.151 110.277 -27.356  7.44
9.220295 109.040177 -27.169875 
9.072952 109.104537 -28.202887 
9.261830 108.900443 -28.640104 
11.647506 106.618251 -29.879408 
11.821403 106.531149 -28.821673 
11.687274 106.771429 -27.129981 
FEnd
FBeg
 8516   CZ PHE A1129  8591   CB UNK B1308 unk
7.254 111.136 -26.604 12.151 110.277 -27.356  2.19
9.561941 110.124256 -26.183420 
9.576562 110.179290 -26.151070 
9.621835 110.765640 -26.526032 
9.621586 110.767139 -26.529371 
9.128278 109.630230 -28.443094 
9.066205 109.336909 -28.512259 
9.072952 109.104537 -28.202887 
9.220295 109.040177 -27.169875 
FEnd
FBeg
 8248  CE1 PHE A1098  8591   CB UNK B1308 unk
9.259 109.015 -23.902 12.151 110.277 -27.356  0.00
9.619259 110.154259 -26.124466 
9.576562 110.179290 -26.151070 
9.561941 110.124256 -26.183420 
FEnd
FBeg
 8250   CZ PHE A1098  8589    C UNK B1308 ali
10.292 108.305 -24.545 11.659 111.640 -25.284  1.70
11.806845 109.472115 -25.156293 
9.619259 110.154259 -26.124466 
10.676706 110.108463 -24.375075 
11.476275 109.714060 -24.675918 
FEnd
FBeg
 8250   CZ PHE A1098  8592    N UNK B1309 unk
10.292 108.305 -24.545 12.460 111.013 -24.417  0.82
12.871654 108.614783 -25.053547 
11.806845 109.472115 -25.156293 
11.476275 109.714060 -24.675918 
12.573496 108.827705 -24.508139 
12.768061 108.678298 -24.642681 
12.897841 108.587534 -24.920612 
FEnd

+-+CCS_record::Boundary loops before union-find
Start boundary loop loop_id 0  init_edge IE_A_B
xyz 3.7515 121.3 -20.1404
xyz 5.44873 123.478 -17.7106
xyz 5.46346 123.087 -17.0947
xyz 4.04213 121.653 -15.3867
xyz 4.02845 121.634 -15.3766
xyz 2.94622 121.015 -14.998
xyz 2.87537 120.949 -14.8021
xyz 4.08814 121.646 -15.249
xyz 11.866 127.041 -7.69873
xyz 7.42064 124.553 -5.30389
xyz 6.74803 124.171 -5.00355
xyz 6.50512 124.032 -4.90729
xyz 2.56783 121.391 -7.71042
xyz 2.24879 120.518 -8.20121
xyz 1.21352 118.509 -12.1164
xyz 1.40371 117.285 -10.6668
xyz 1.42588 116.675 -11.0437
xyz 2.62202 114.598 -11.4343
xyz 2.81715 114.505 -11.7823
xyz 2.62211 114.004 -12.1776
xyz 3.61515 113.212 -12.958
xyz 6.10527 114.075 -12.5375
xyz 7.41647 113.755 -13.8104
xyz 6.93036 112.579 -15.8357
xyz 6.85021 111.393 -16.6769
xyz 6.78442 111.237 -16.7621
xyz 4.73369 110.761 -16.1638
xyz 3.7576 110.255 -17.3251
xyz 4.21645 110.236 -18.1127
xyz 5.36766 110.384 -19.0642
xyz 5.33318 109.759 -19.5898
xyz 5.30172 109.66 -19.7731
xyz 5.57024 109.724 -19.5364
xyz 6.53124 109.831 -19.1147
xyz 7.27407 109.875 -18.9261
xyz 7.30431 109.897 -18.8812
xyz 7.80303 110.033 -18.8926
xyz 7.22973 110.324 -18.4677
xyz 6.84989 111.01 -18.0358
xyz 6.97018 111.253 -18.0322
xyz 7.92169 111.456 -18.5282
xyz 7.09218 111.554 -17.8346
xyz 7.22523 112.12 -16.7725
xyz 7.23674 112.9 -16.1426
xyz 7.68354 113.626 -15.6167
xyz 9.55081 114.932 -14.8191
xyz 10.0117 115.537 -14.1879
xyz 11.5951 114.755 -14.5356
xyz 13.2615 113.305 -15.4521
xyz 15.7393 112.666 -16.5809
xyz 16.4224 112.251 -17.4471
xyz 16.4024 112.243 -17.4667
xyz 16.4266 112.239 -17.4551
xyz 15.9158 110.069 -17.5432
xyz 15.4652 109.507 -17.714
xyz 13.5898 108.802 -18.5374
xyz 13.4087 107.967 -19.2722
xyz 17.7282 108.776 -18.0729
xyz 18.4923 108.697 -18.2527
xyz 17.9898 107.99 -19.469
xyz 13.9235 106.348 -22.146
xyz 13.8258 106.456 -22.344
xyz 13.9183 105.893 -22.4838
xyz 14.0414 104.496 -23.7981
xyz 13.8908 105.075 -24.1597
xyz 12.7029 104.634 -25.9856
xyz 11.8042 106.105 -27.0376
xyz 11.6988 106.695 -27.0848
xyz 11.6873 106.771 -27.13
xyz 11.8214 106.531 -28.8217
xyz 11.6475 106.618 -29.8794
xyz 12.1774 108.123 -31.8819
xyz 14.5433 111.738 -31.6637
xyz 13.7984 112.406 -30.8546
xyz 13.4703 112.545 -30.5738
xyz 13.2246 113.152 -30.3603
xyz 12.5381 114.184 -29.8455
xyz 11.6466 114.857 -29.2584
xyz 11.931 115.585 -29.6616
xyz 11.9262 116.02 -29.8957
xyz 9.61627 114.888 -29.1941
xyz 9.01705 115.87 -29.4056
xyz 12.0044 117.433 -30.3436
xyz 13.7761 123.69 -27.574
xyz 9.55346 121.266 -26.3815
xyz 7.27039 118.818 -26.4474
xyz 6.87056 117.701 -26.8884
xyz 6.43472 117.365 -25.7973
xyz 6.44306 116.591 -25.5401
xyz 6.05136 116.043 -25.1133
xyz 6.01146 117.151 -25.4637
xyz 6.18614 118.187 -25.1579
xyz 6.74373 119.486 -23.7626
xyz 6.98006 119.78 -23.6141
xyz 6.35283 120.826 -22.6805
xyz 5.67059 121.409 -22.0692
xyz 5.51144 121.5 -21.8913
xyz 5.16974 121.517 -21.6799
xyz 4.02282 121.182 -21.3363
xyz 2.54995 119.577 -22.0019
xyz 2.54247 119.674 -21.4775
xyz 3.70318 121.074 -20.2735
xyz 3.6071 120.832 -19.9726
xyz 3.6044 120.833 -19.947
xyz 3.73544 121.265 -20.1427
End loop
Boundary info init_edge IE_A_B [total exposed]: 169.832675 169.832675
Start boundary loop loop_id 1  init_edge IE_A_B
xyz 10.4683 110.019 -20.0754
xyz 10.3717 110.045 -20.1628
xyz 10.095 110.179 -20.0449
xyz 10.4697 110.019 -20.0718
End loop
Boundary info init_edge IE_A_B [total exposed]: 0.874477 0.874477
Start boundary loop loop_id 2  init_edge IE_A_B
xyz 9.07295 109.105 -28.2029
xyz 9.26183 108.9 -28.6401
xyz 9.20643 109.14 -28.7718
xyz 9.0662 109.337 -28.5123
End loop
Boundary info init_edge IE_A_B [total exposed]: 1.538854 1.538854
Start boundary loop loop_id 3  init_edge IE_A_B
xyz 5.65555 109.064 -21.8451
xyz 5.52267 109.285 -23.406
xyz 5.46417 109.335 -23.3927
xyz 4.15614 111.172 -23.2309
xyz 4.56501 110.048 -22.3643
xyz 5.1306 109.434 -20.5738
End loop
Boundary info init_edge IE_A_B [total exposed]: 8.797347 8.797347
Start boundary loop loop_id 4  init_edge IE_A_B
xyz 2.17719 118.508 -23.1379
xyz 2.1833 118.582 -23.0158
xyz 2.11317 118.452 -23.1181
End loop
Boundary info init_edge IE_A_B [total exposed]: 0.410773 0.410773
