Begin VSO per interface edge
3067 3585  1
3068 3585  2
3069 3585  3
3071 3585  2
3072 3585  3
3073 3553  2
3073 3584  3
3073 3585  3
3074 3553  1
3075 3553  1
3075 3584  2
3075 3585  2
3075 3586  1
3076 3585  2
3077 3585  1
3077 3586  1
3079 3585  3
3080 3553  1
3083 3585  3
3084 3550  2
3084 3553  1
3084 3555  3
3084 3559  4
3084 3583  3
3084 3584  2
3084 3585  3
3085 3524  1
3086 3519  2
3086 3521  3
3086 3522  2
3086 3523  2
3086 3524  1
3086 3548  3
3086 3550  2
3086 3553  2
3086 3554  3
3086 3555  4
3086 3559  4
3086 3560  3
3086 3584  3
3211 3561  2
3215 3560  2
3216 3560  1
3216 3561  1
3218 3559  3
3218 3560  2
3218 3561  2
3219 3560  3
3219 3561  2
3225 3498  1
3225 3501  1
3228 3498  2
3228 3501  1
3229 3497  2
3229 3498  2
3229 3501  2
3229 3525  2
3230 3525  2
3231 3497  2
3231 3498  1
3231 3522  1
3231 3523  2
3231 3525  2
3231 3560  1
3232 3525  1
3233 3522  2
3233 3523  3
3233 3524  2
3233 3525  3
3233 3560  2
3234 3523  2
3234 3524  1
3234 3525  1
3235 3523  2
3235 3524  1
3235 3525  2
3247 3501  1
3248 3497  1
3248 3501  1
3250 3497  1
3250 3501  2
3250 3525  1
3426 3582  1
3429 3582  1
3432 3574  1
3432 3582  2
3433 3574  2
3433 3581  3
3433 3582  2
3433 3587  2
3435 3587  1
3436 3573  3
3436 3574  2
3436 3581  3
3436 3587  2
3437 3572  1
3437 3574  1
3437 3582  2
3438 3565  1
3438 3572  1
3438 3573  2
3438 3574  2
3438 3587  2
3439 3581  3
3439 3582  2
3439 3587  3
3440 3587  4
3441 3587  3
3442 3587  2
3443 3581  3
3443 3582  3
3443 3585  2
3443 3587  3
3445 3581  2
3445 3582  2
3445 3585  1
3454 3557  1
3454 3587  1
3456 3557  1
3457 3558  1
3457 3561  2
3458 3555  2
3458 3556  1
3458 3557  2
3458 3558  2
3458 3559  3
3458 3561  3
3458 3587  2
3459 3559  4
3459 3561  4
3460 3555  3
3460 3557  3
3460 3558  3
3460 3559  4
3460 3583  4
3460 3585  3
3460 3587  3
3461 3559  4
3461 3560  4
3461 3561  3
3462 3559  4
3462 3583  3
3462 3585  2
3462 3587  3
3463 3559  4
3463 3560  3
3464 3559  4
3484 3531  1
3484 3561  1
3485 3561  1
3486 3561  2
3489 3536  1
3490 3531  1
3490 3533  1
3490 3534  1
3490 3536  1
End VSO per interface edge

Voronoi Facets of interface MI_AB
FBeg
 3229   CB PHE A  71  3501   CB ALA B  31 ali
23.393 -42.277 30.833 26.982 -45.111 33.036  1.07
26.015158 -44.075227 30.095706 
25.976353 -44.129866 30.088636 
24.115869 -44.166351 33.072694 
25.573004 -43.659467 31.350884 
FEnd
FBeg
 3229   CB PHE A  71  3497    N ALA B  31 unk
23.393 -42.277 30.833 27.459 -42.741 32.419  4.93
25.573004 -43.659467 31.350884 
26.015158 -44.075227 30.095706 
26.375704 -41.872574 29.815790 
25.381947 -41.507660 32.470226 
25.237644 -41.808475 32.752165 
FEnd
FBeg
 3231  CD1 PHE A  71  3497    N ALA B  31 unk
23.045 -40.483 32.569 27.459 -42.741 32.419  0.07
25.381947 -41.507660 32.470226 
25.237644 -41.808475 32.752165 
25.317696 -41.661939 32.901968 
25.406126 -41.471792 32.641816 
FEnd
FBeg
 3231  CD1 PHE A  71  3525  ND2 ASN B  34 unk
23.045 -40.483 32.569 27.061 -39.875 31.876  1.43
25.406126 -41.471792 32.641816 
25.381947 -41.507660 32.470226 
25.255182 -41.136497 32.061252 
24.849533 -39.113487 31.485353 
24.842463 -39.046519 31.503138 
24.842533 -39.042145 31.507381 
24.842946 -39.041163 31.510637 
24.907630 -39.114124 31.821475 
25.238186 -40.360440 32.643628 
FEnd
FBeg
 3231  CD1 PHE A  71  3523   CG ASN B  34 aro
23.045 -40.483 32.569 27.040 -39.149 32.985  0.69
24.907630 -39.114124 31.821475 
24.895634 -39.480300 33.110909 
25.238186 -40.360440 32.643628 
FEnd
FBeg
 3233  CE1 PHE A  71  3523   CG ASN B  34 aro
22.750 -39.181 32.936 27.040 -39.149 32.985  2.60
24.907630 -39.114124 31.821475 
24.895634 -39.480300 33.110909 
24.874395 -37.974987 33.987356 
24.877637 -37.447942 33.359333 
24.881199 -37.450056 33.048800 
24.907635 -38.868644 31.660774 
FEnd
FBeg
 3235   CZ PHE A  71  3523   CG ASN B  34 aro
22.482 -38.232 31.961 27.040 -39.149 32.985  1.49
24.881199 -37.450056 33.048800 
25.308036 -37.501637 31.102686 
25.086080 -38.354070 31.327290 
24.907635 -38.868644 31.660774 
FEnd
FBeg
 3234  CE2 PHE A  71  3523   CG ASN B  34 aro
22.507 -38.590 30.627 27.040 -39.149 32.985  0.15
25.308036 -37.501637 31.102686 
25.469760 -37.518765 30.787728 
25.086080 -38.354070 31.327290 
FEnd
FBeg
 3234  CE2 PHE A  71  3524  OD1 ASN B  34 unk
22.507 -38.590 30.627 27.156 -37.925 32.978  4.96
25.308036 -37.501637 31.102686 
25.469760 -37.518765 30.787728 
26.894557 -35.706204 27.457556 
26.402997 -34.996504 28.228850 
25.294221 -35.598808 30.591772 
FEnd
FBeg
 3235   CZ PHE A  71  3524  OD1 ASN B  34 unk
22.482 -38.232 31.961 27.156 -37.925 32.978  2.74
24.881199 -37.450056 33.048800 
25.308036 -37.501637 31.102686 
25.294221 -35.598808 30.591772 
25.230481 -35.593400 30.883081 
24.867026 -36.924206 32.955200 
24.836576 -37.298850 33.208239 
FEnd
FBeg
 3086  CD1 ILE A  51  3524  OD1 ASN B  34 unk
24.530 -35.840 35.749 27.156 -37.925 32.978  4.52
24.867026 -36.924206 32.955200 
24.836576 -37.298850 33.208239 
24.877637 -37.447942 33.359333 
25.884712 -37.537540 34.381127 
26.539213 -37.329040 34.844496 
26.918027 -36.994578 34.951826 
26.965215 -36.663018 34.747068 
25.934564 -35.394650 32.815982 
25.733345 -35.430462 32.652239 
FEnd
FBeg
 3086  CD1 ILE A  51  3553  CD2 LEU B  37 ali
24.530 -35.840 35.749 27.921 -34.097 35.084  3.57
26.965215 -36.663018 34.747068 
25.934564 -35.394650 32.815982 
26.418618 -34.800956 36.840399 
FEnd
FBeg
 3084  CG1 ILE A  51  3553  CD2 LEU B  37 ali
24.434 -34.345 35.540 27.921 -34.097 35.084  8.27
25.934564 -35.394650 32.815982 
26.418618 -34.800956 36.840399 
26.441574 -34.397319 37.235464 
26.153149 -32.341122 36.148181 
25.965572 -32.936783 34.389835 
25.953562 -33.011346 34.257443 
25.870012 -35.175695 32.441444 
FEnd
FBeg
 3080   CA ILE A  51  3553  CD2 LEU B  37 ali
23.626 -32.801 33.737 27.921 -34.097 35.084  3.06
25.953562 -33.011346 34.257443 
26.715533 -34.316330 30.572274 
25.870012 -35.175695 32.441444 
FEnd
FBeg
 3074    O LEU A  50  3553  CD2 LEU B  37 unk
26.024 -31.398 33.736 27.921 -34.097 35.084  28.83
25.965572 -32.936783 34.389835 
27.044700 -31.769275 35.208823 
29.505253 -30.761705 33.763545 
29.959261 -30.767451 33.113128 
31.207732 -32.612539 27.661910 
29.633487 -33.518818 28.062724 
26.715533 -34.316330 30.572274 
25.953562 -33.011346 34.257443 
FEnd
FBeg
 3075   CB LEU A  50  3553  CD2 LEU B  37 ali
26.434 -29.430 35.806 27.921 -34.097 35.084  4.30
27.044700 -31.769275 35.208823 
26.430389 -32.103320 36.102875 
27.625022 -31.743107 36.234879 
29.263888 -31.142593 35.728500 
29.716578 -30.742204 34.072733 
29.505253 -30.761705 33.763545 
FEnd
FBeg
 3075   CB LEU A  50  3586  CD1 ILE B  41 ali
26.434 -29.430 35.806 27.990 -31.167 38.782  5.82
27.625022 -31.743107 36.234879 
29.263888 -31.142593 35.728500 
30.049824 -30.512843 35.685140 
26.169226 -29.538353 38.282889 
26.125233 -30.475690 37.758795 
FEnd
FBeg
 3075   CB LEU A  50  3585  CG2 ILE B  41 ali
26.434 -29.430 35.806 24.776 -31.322 39.329  3.69
26.169226 -29.538353 38.282889 
25.127181 -28.598485 38.297229 
24.924287 -28.519071 38.244391 
24.703712 -30.477518 37.088815 
25.025300 -31.429972 36.728653 
25.304713 -31.684598 36.723406 
26.125233 -30.475690 37.758795 
FEnd
FBeg
 3073    C LEU A  50  3585  CG2 ILE B  41 ali
25.059 -30.908 34.309 24.776 -31.322 39.329  0.31
25.025300 -31.429972 36.728653 
25.304713 -31.684598 36.723406 
25.170349 -31.967449 36.692504 
24.729898 -31.894082 36.673725 
24.455442 -31.369637 36.701504 
FEnd
FBeg
 3079    N ILE A  51  3585  CG2 ILE B  41 unk
23.886 -31.527 34.406 24.776 -31.322 39.329  0.92
24.729898 -31.894082 36.673725 
23.358772 -32.058217 36.928437 
23.244754 -32.024065 36.947628 
23.323378 -31.651714 36.917909 
23.465041 -31.253411 36.875712 
24.203424 -31.217630 36.740735 
24.455442 -31.369637 36.701504 
FEnd
FBeg
 3068   CG ASP A  49  3585  CG2 ILE B  41 ali
21.018 -30.235 36.973 24.776 -31.322 39.329  3.53
23.323378 -31.651714 36.917909 
22.967897 -32.289885 37.190492 
22.767417 -32.536181 37.396638 
22.020500 -31.370260 39.125954 
22.269129 -30.592093 39.088399 
23.402648 -30.688188 37.236014 
23.465041 -31.253411 36.875712 
FEnd
FBeg
 3067   CB ASP A  49  3585  CG2 ILE B  41 ali
21.588 -28.851 37.250 24.776 -31.322 39.329  6.75
22.269129 -30.592093 39.088399 
23.692143 -27.929502 40.070936 
24.530421 -27.369385 39.451225 
24.613737 -27.904003 38.688043 
23.402648 -30.688188 37.236014 
FEnd
FBeg
 3445  CG2 VAL A  97  3585  CG2 ILE B  41 ali
20.969 -30.011 41.290 24.776 -31.322 39.329  6.40
22.020500 -31.370260 39.125954 
22.407428 -31.710697 40.104713 
23.344832 -30.836433 41.340072 
23.439644 -30.574180 41.348809 
23.889535 -28.435822 40.792638 
23.692143 -27.929502 40.070936 
22.269129 -30.592093 39.088399 
FEnd
FBeg
 3445  CG2 VAL A  97  3582    O ILE B  41 unk
20.969 -30.011 41.290 24.941 -30.533 42.496  1.78
23.439644 -30.574180 41.348809 
23.889535 -28.435822 40.792638 
23.550537 -28.603861 41.836403 
23.272831 -30.403774 41.971972 
23.355697 -30.667898 41.584727 
FEnd
FBeg
 3443   CB VAL A  97  3582    O ILE B  41 unk
21.002 -31.263 42.151 24.941 -30.533 42.496  0.12
23.272831 -30.403774 41.971972 
23.355697 -30.667898 41.584727 
23.330384 -30.845519 42.249566 
FEnd
FBeg
 3443   CB VAL A  97  3581    C ILE B  41 ali
21.002 -31.263 42.151 25.395 -31.642 42.217  0.34
23.355697 -30.667898 41.584727 
23.330384 -30.845519 42.249566 
23.328197 -30.867752 42.267516 
23.298746 -31.379377 41.289790 
23.344832 -30.836433 41.340072 
FEnd
FBeg
 3443   CB VAL A  97  3587    N NH2 B  42 unk
21.002 -31.263 42.151 24.952 -32.744 42.807  3.21
23.328197 -30.867752 42.267516 
23.137681 -31.201793 42.660533 
22.737173 -32.148576 42.934655 
22.563596 -32.699498 42.736047 
22.423741 -33.206870 42.432705 
22.928325 -32.474226 41.048464 
23.003422 -32.333149 40.914780 
23.298746 -31.379377 41.289790 
FEnd
FBeg
 3462  CE1 TYR A  99  3587    N NH2 B  42 unk
21.586 -33.904 39.692 24.952 -32.744 42.807  0.04
22.928325 -32.474226 41.048464 
23.003422 -32.333149 40.914780 
23.246297 -32.653347 40.771574 
FEnd
FBeg
 3460  CD1 TYR A  99  3587    N NH2 B  42 unk
22.059 -34.672 40.732 24.952 -32.744 42.807  5.97
22.423741 -33.206870 42.432705 
22.928325 -32.474226 41.048464 
23.246297 -32.653347 40.771574 
23.774610 -33.183872 40.527932 
24.502923 -34.317783 40.566087 
24.360354 -34.877595 41.285012 
23.832019 -35.072369 42.202600 
22.777465 -34.340253 42.992628 
FEnd
FBeg
 3458   CB TYR A  99  3587    N NH2 B  42 unk
21.895 -36.624 42.322 24.952 -32.744 42.807  1.37
23.832019 -35.072369 42.202600 
23.837973 -35.302386 44.005213 
23.050071 -34.615392 43.475472 
22.777465 -34.340253 42.992628 
FEnd
FBeg
 3454    N TYR A  99  3587    N NH2 B  42 unk
21.269 -35.681 44.476 24.952 -32.744 42.807  1.78
23.837973 -35.302386 44.005213 
24.699254 -35.398286 45.737053 
24.648849 -35.104943 46.142029 
24.497242 -34.917043 46.138132 
23.050071 -34.615392 43.475472 
FEnd
FBeg
 3435   NE ARG A  96  3587    N NH2 B  42 unk
25.951 -31.845 47.289 24.952 -32.744 42.807  2.00
24.648849 -35.104943 46.142029 
25.306483 -34.441586 45.862391 
25.442962 -34.145633 45.772609 
25.270110 -32.556218 45.492331 
24.272346 -33.282957 45.860494 
24.497242 -34.917043 46.138132 
FEnd
FBeg
 3433   CG ARG A  96  3587    N NH2 B  42 unk
24.434 -30.280 46.267 24.952 -32.744 42.807  5.46
25.270110 -32.556218 45.492331 
26.372626 -30.905911 44.482143 
25.050802 -30.597921 44.064919 
24.254128 -30.616773 43.959073 
23.533803 -31.516589 44.492027 
23.587621 -31.817186 44.714151 
24.272346 -33.282957 45.860494 
FEnd
FBeg
 3433   CG ARG A  96  3582    O ILE B  41 unk
24.434 -30.280 46.267 24.941 -30.533 42.496  1.36
25.050802 -30.597921 44.064919 
24.254128 -30.616773 43.959073 
24.309093 -30.294029 43.944810 
25.737591 -29.613582 44.091216 
26.626307 -29.555697 44.206817 
26.603266 -29.761166 44.217505 
26.514213 -30.038896 44.224165 
FEnd
FBeg
 3433   CG ARG A  96  3574    O ILE B  40 unk
24.434 -30.280 46.267 28.186 -31.551 43.434  0.07
26.603266 -29.761166 44.217505 
26.487494 -30.699120 44.484983 
26.435582 -30.799769 44.461386 
26.514213 -30.038896 44.224165 
FEnd
FBeg
 3436   CZ ARG A  96  3574    O ILE B  40 unk
27.169 -31.806 46.759 28.186 -31.551 43.434  2.60
26.487494 -30.699120 44.484983 
26.435582 -30.799769 44.461386 
26.444373 -30.950621 44.452506 
26.930089 -32.291345 44.498246 
28.130437 -32.392027 44.857669 
29.259472 -31.785944 45.249482 
FEnd
FBeg
 3438  NH2 ARG A  96  3574    O ILE B  40 hbd
27.841 -32.935 46.569 28.186 -31.551 43.434  0.34
28.130437 -32.392027 44.857669 
28.711511 -32.361254 44.935200 
29.812295 -31.751580 45.325490 
29.259472 -31.785944 45.249482 
FEnd
FBeg
 3438  NH2 ARG A  96  3572   CA ILE B  40 unk
27.841 -32.935 46.569 29.461 -33.508 42.895  8.33
28.711511 -32.361254 44.935200 
29.812295 -31.751580 45.325490 
30.819222 -31.670735 45.756873 
32.299454 -32.788317 46.583859 
31.671241 -34.638576 46.595425 
27.962536 -33.231646 44.740697 
FEnd
FBeg
 3438  NH2 ARG A  96  3565    O GLU B  39 hbd
27.841 -32.935 46.569 27.987 -34.927 44.766  34.11
31.671241 -34.638576 46.595425 
32.973094 -35.939577 48.138222 
28.302429 -38.005689 50.042703 
28.060725 -38.027981 50.047759 
25.091791 -35.776790 47.320174 
25.306483 -34.441586 45.862391 
27.003263 -33.195105 44.622647 
27.962536 -33.231646 44.740697 
FEnd
FBeg
 3437  NH1 ARG A  96  3572   CA ILE B  40 unk
27.718 -30.640 46.426 29.461 -33.508 42.895  0.22
29.812295 -31.751580 45.325490 
30.819222 -31.670735 45.756873 
30.343341 -31.398901 45.301172 
FEnd
FBeg
 3438  NH2 ARG A  96  3573    C ILE B  40 unk
27.841 -32.935 46.569 28.339 -32.490 42.660  0.75
28.130437 -32.392027 44.857669 
28.711511 -32.361254 44.935200 
27.962536 -33.231646 44.740697 
27.003263 -33.195105 44.622647 
26.991847 -33.033043 44.639642 
FEnd
FBeg
 3436   CZ ARG A  96  3573    C ILE B  40 ali
27.169 -31.806 46.759 28.339 -32.490 42.660  0.47
26.930089 -32.291345 44.498246 
28.130437 -32.392027 44.857669 
26.991847 -33.033043 44.639642 
FEnd
FBeg
 3436   CZ ARG A  96  3581    C ILE B  41 ali
27.169 -31.806 46.759 25.395 -31.642 42.217  0.01
26.435582 -30.799769 44.461386 
26.444373 -30.950621 44.452506 
26.372626 -30.905911 44.482143 
FEnd
FBeg
 3437  NH1 ARG A  96  3574    O ILE B  40 hbd
27.718 -30.640 46.426 28.186 -31.551 43.434  14.97
26.603266 -29.761166 44.217505 
26.487494 -30.699120 44.484983 
29.259472 -31.785944 45.249482 
29.812295 -31.751580 45.325490 
30.343341 -31.398901 45.301172 
30.098804 -26.453884 43.757270 
28.496596 -27.122157 43.710132 
27.619803 -27.806806 43.781448 
26.792657 -29.268406 44.097094 
FEnd
FBeg
 3432   CB ARG A  96  3574    O ILE B  40 unk
24.351 -28.792 46.160 28.186 -31.551 43.434  0.19
27.619803 -27.806806 43.781448 
27.536132 -27.877674 43.735463 
27.168993 -28.395241 43.742798 
26.792657 -29.268406 44.097094 
FEnd
FBeg
 3437  NH1 ARG A  96  3582    O ILE B  41 hbd
27.718 -30.640 46.426 24.941 -30.533 42.496  0.02
26.626307 -29.555697 44.206817 
26.603266 -29.761166 44.217505 
26.792657 -29.268406 44.097094 
FEnd
FBeg
 3432   CB ARG A  96  3582    O ILE B  41 unk
24.351 -28.792 46.160 24.941 -30.533 42.496  0.58
25.737591 -29.613582 44.091216 
26.626307 -29.555697 44.206817 
26.792657 -29.268406 44.097094 
27.168993 -28.395241 43.742798 
FEnd
FBeg
 3429   CA ARG A  96  3582    O ILE B  41 unk
23.627 -28.296 44.920 24.941 -30.533 42.496  5.87
24.309093 -30.294029 43.944810 
25.737591 -29.613582 44.091216 
27.168993 -28.395241 43.742798 
27.339633 -28.055213 43.521501 
23.648777 -28.604316 42.027507 
FEnd
FBeg
 3433   CG ARG A  96  3581    C ILE B  41 ali
24.434 -30.280 46.267 25.395 -31.642 42.217  0.66
26.372626 -30.905911 44.482143 
25.050802 -30.597921 44.064919 
26.514213 -30.038896 44.224165 
26.435582 -30.799769 44.461386 
FEnd
FBeg
 3436   CZ ARG A  96  3587    N NH2 B  42 unk
27.169 -31.806 46.759 24.952 -32.744 42.807  3.76
25.442962 -34.145633 45.772609 
26.991847 -33.033043 44.639642 
26.930089 -32.291345 44.498246 
26.444373 -30.950621 44.452506 
26.372626 -30.905911 44.482143 
25.270110 -32.556218 45.492331 
FEnd
FBeg
 3438  NH2 ARG A  96  3587    N NH2 B  42 unk
27.841 -32.935 46.569 24.952 -32.744 42.807  0.38
25.306483 -34.441586 45.862391 
27.003263 -33.195105 44.622647 
26.991847 -33.033043 44.639642 
25.442962 -34.145633 45.772609 
FEnd
FBeg
 3454    N TYR A  99  3557    O MET B  38 hbd
21.269 -35.681 44.476 25.420 -35.945 42.397  2.28
23.837973 -35.302386 44.005213 
24.699254 -35.398286 45.737053 
24.774504 -36.163930 45.984524 
24.718184 -36.398165 45.901819 
24.673493 -36.486268 45.823775 
24.241539 -36.839430 45.006167 
24.112433 -36.808894 44.744511 
FEnd
FBeg
 3456    C TYR A  99  3557    O MET B  38 unk
21.275 -38.132 44.187 25.420 -35.945 42.397  1.31
24.241539 -36.839430 45.006167 
24.112433 -36.808894 44.744511 
24.480968 -38.577688 43.436817 
24.711154 -38.739112 43.772619 
24.659185 -37.945749 44.621598 
24.535585 -37.425466 44.971059 
FEnd
FBeg
 3458   CB TYR A  99  3557    O MET B  38 unk
21.895 -36.624 42.322 25.420 -35.945 42.397  6.86
23.832019 -35.072369 42.202600 
23.837973 -35.302386 44.005213 
24.112433 -36.808894 44.744511 
24.480968 -38.577688 43.436817 
24.050855 -36.130699 41.498755 
23.978245 -35.742313 41.395211 
FEnd
FBeg
 3458   CB TYR A  99  3555   CA MET B  38 ali
21.895 -36.624 42.322 25.927 -36.461 40.106  0.07
24.050855 -36.130699 41.498755 
24.053658 -36.189664 41.499519 
23.856463 -35.923422 41.160307 
23.978245 -35.742313 41.395211 
FEnd
FBeg
 3458   CB TYR A  99  3558   CB MET B  38 ali
21.895 -36.624 42.322 24.931 -37.572 39.813  5.11
24.053658 -36.189664 41.499519 
24.424187 -38.947356 42.989841 
23.618704 -39.195942 42.109097 
22.856757 -37.948759 40.715872 
23.465280 -36.193118 40.788861 
23.856463 -35.923422 41.160307 
FEnd
FBeg
 3460  CD1 TYR A  99  3558   CB MET B  38 ali
22.059 -34.672 40.732 24.931 -37.572 39.813  0.16
23.465280 -36.193118 40.788861 
23.856463 -35.923422 41.160307 
23.839890 -35.753461 40.572188 
FEnd
FBeg
 3460  CD1 TYR A  99  3559   CG MET B  38 ali
22.059 -34.672 40.732 23.879 -37.166 38.818  3.82
23.839890 -35.753461 40.572188 
23.465280 -36.193118 40.788861 
23.139547 -36.302233 40.621305 
21.742631 -36.082345 39.006474 
21.725545 -36.053353 38.952450 
24.175222 -34.366597 39.083923 
24.237355 -34.416979 39.208656 
FEnd
FBeg
 3462  CE1 TYR A  99  3559   CG MET B  38 ali
21.586 -33.904 39.692 23.879 -37.166 38.818  3.17
21.725545 -36.053353 38.952450 
24.175222 -34.366597 39.083923 
24.138837 -34.232217 38.486925 
22.869974 -34.910253 37.688585 
22.264536 -35.260846 37.408681 
21.724648 -36.053499 38.950640 
FEnd
FBeg
 3464   CZ TYR A  99  3559   CG MET B  38 ali
20.382 -34.220 39.108 23.879 -37.166 38.818  1.10
22.264536 -35.260846 37.408681 
21.922677 -35.643241 37.170946 
21.423347 -36.304958 37.871838 
21.710289 -36.068458 38.929450 
21.724648 -36.053499 38.950640 
FEnd
FBeg
 3463  CE2 TYR A  99  3559   CG MET B  38 ali
19.650 -35.304 39.549 23.879 -37.166 38.818  0.44
21.423347 -36.304958 37.871838 
21.360064 -36.486198 37.967387 
21.300395 -36.846896 38.540954 
21.710289 -36.068458 38.929450 
FEnd
FBeg
 3463  CE2 TYR A  99  3560   SD MET B  38 unk
19.650 -35.304 39.549 23.157 -38.527 37.887  0.23
21.360064 -36.486198 37.967387 
21.300395 -36.846896 38.540954 
20.866743 -37.263568 38.433924 
20.949660 -37.089137 38.270626 
FEnd
FBeg
 3218   CG PRO A  69  3560   SD MET B  38 unk
19.924 -37.374 35.804 23.157 -38.527 37.887  8.74
20.949660 -37.089137 38.270626 
21.360064 -36.486198 37.967387 
22.105370 -36.199015 36.969570 
22.631067 -37.839284 35.245706 
21.842004 -39.530927 35.534029 
21.564534 -39.571927 35.941992 
20.704220 -39.393496 37.376042 
20.653498 -39.072546 37.632422 
FEnd
FBeg
 3218   CG PRO A  69  3561   CE MET B  38 ali
19.924 -37.374 35.804 22.646 -39.655 39.198  0.03
20.704220 -39.393496 37.376042 
20.653498 -39.072546 37.632422 
20.573522 -39.375882 37.492700 
FEnd
FBeg
 3216    O PRO A  69  3561   CE MET B  38 unk
19.752 -40.743 36.120 22.646 -39.655 39.198  7.95
20.573522 -39.375882 37.492700 
20.704220 -39.393496 37.376042 
22.846630 -41.740834 36.191431 
22.223218 -43.598513 37.434222 
21.877414 -43.574303 37.750796 
19.890628 -39.984636 38.349952 
19.874006 -39.740685 38.279350 
FEnd
FBeg
 3211   CB CYS A  68  3561   CE MET B  38 ali
17.082 -40.070 39.074 22.646 -39.655 39.198  0.05
19.890628 -39.984636 38.349952 
19.877977 -39.856202 38.487765 
19.854400 -39.539793 38.486717 
19.874006 -39.740685 38.279350 
FEnd
FBeg
 3486   SG CYS A 102  3561   CE MET B  38 unk
19.160 -39.908 41.237 22.646 -39.655 39.198  5.46
19.877977 -39.856202 38.487765 
21.803817 -40.330280 41.721476 
21.586443 -39.077184 41.505324 
21.019067 -38.315402 40.629825 
20.127289 -38.347918 39.101152 
19.854400 -39.539793 38.486717 
FEnd
FBeg
 3461  CD2 TYR A  99  3561   CE MET B  38 ali
20.138 -36.078 40.585 22.646 -39.655 39.198  2.06
21.019067 -38.315402 40.629825 
21.541696 -37.806058 40.261282 
21.701676 -37.515999 39.802514 
21.486197 -37.482092 39.325435 
20.664539 -37.820955 38.713609 
20.127289 -38.347918 39.101152 
FEnd
FBeg
 3459   CG TYR A  99  3561   CE MET B  38 ali
21.345 -35.771 41.200 22.646 -39.655 39.198  0.12
21.541696 -37.806058 40.261282 
22.007402 -37.609441 40.182473 
21.701676 -37.515999 39.802514 
FEnd
FBeg
 3457    O TYR A  99  3561   CE MET B  38 unk
21.405 -39.132 43.478 22.646 -39.655 39.198  3.38
21.803817 -40.330280 41.721476 
21.956640 -40.517176 41.788626 
24.635577 -40.443488 42.556388 
23.618704 -39.195942 42.109097 
21.586443 -39.077184 41.505324 
FEnd
FBeg
 3484    O CYS A 102  3561   CE MET B  38 unk
22.014 -42.768 41.702 22.646 -39.655 39.198  10.84
21.956640 -40.517176 41.788626 
21.999081 -43.359394 38.265861 
22.036154 -43.469755 38.138015 
23.218125 -43.172422 38.805988 
25.083063 -41.257078 41.657868 
25.185364 -40.981865 42.025837 
24.938828 -40.703359 42.309853 
24.635577 -40.443488 42.556388 
FEnd
FBeg
 3484    O CYS A 102  3531   CG ARG B  35 unk
22.014 -42.768 41.702 26.789 -43.415 39.014  6.51
23.218125 -43.172422 38.805988 
25.083063 -41.257078 41.657868 
25.260364 -41.292849 41.981437 
25.395497 -41.523474 42.277001 
25.561442 -42.095611 42.709500 
25.649671 -43.280478 43.151428 
24.988601 -43.587831 42.051074 
FEnd
FBeg
 3490    O GLN A 103  3531   CG ARG B  35 unk
23.439 -45.811 40.535 26.789 -43.415 39.014  11.58
24.988601 -43.587831 42.051074 
23.218125 -43.172422 38.805988 
22.769407 -43.586559 37.165308 
23.153133 -44.568380 36.463820 
26.453345 -45.160806 42.799295 
26.709065 -45.158750 43.365755 
26.460601 -44.817328 43.356350 
FEnd
FBeg
 3490    O GLN A 103  3533   NE ARG B  35 hbd
23.439 -45.811 40.535 26.448 -45.860 38.963  12.54
23.153133 -44.568380 36.463820 
26.453345 -45.160806 42.799295 
26.789005 -45.323545 43.446863 
27.102033 -46.185894 44.072915 
27.123686 -46.359906 44.119785 
27.030125 -46.462569 43.943899 
24.037484 -46.379976 38.213044 
22.918017 -46.113681 36.061946 
23.146796 -44.596301 36.452560 
FEnd
FBeg
 3490    O GLN A 103  3536  NH2 ARG B  35 hbd
23.439 -45.811 40.535 25.807 -48.070 39.023  8.02
24.037484 -46.379976 38.213044 
25.709026 -47.133827 41.957198 
21.679494 -47.864477 36.738023 
22.233404 -46.938490 36.222053 
22.918017 -46.113681 36.061946 
FEnd
FBeg
 3489    C GLN A 103  3536  NH2 ARG B  35 unk
22.565 -46.284 41.276 25.807 -48.070 39.023  60.43
25.709026 -47.133827 41.957198 
21.679494 -47.864477 36.738023 
17.698075 -58.892699 39.751181 
20.908076 -55.375168 41.581856 
26.791334 -47.721900 43.980785 
FEnd
FBeg
 3490    O GLN A 103  3534   CZ ARG B  35 unk
23.439 -45.811 40.535 26.738 -47.148 38.793  2.41
27.030125 -46.462569 43.943899 
25.709026 -47.133827 41.957198 
24.037484 -46.379976 38.213044 
FEnd
FBeg
 3485   CB CYS A 102  3561   CE MET B  38 ali
19.583 -41.607 40.736 22.646 -39.655 39.198  9.33
21.877414 -43.574303 37.750796 
21.989546 -43.487403 38.084403 
21.999081 -43.359394 38.265861 
21.956640 -40.517176 41.788626 
21.803817 -40.330280 41.721476 
19.877977 -39.856202 38.487765 
19.890628 -39.984636 38.349952 
FEnd
FBeg
 3219   CD PRO A  69  3561   CE MET B  38 ali
18.774 -37.507 36.751 22.646 -39.655 39.198  1.91
20.653498 -39.072546 37.632422 
20.573522 -39.375882 37.492700 
19.874006 -39.740685 38.279350 
19.854400 -39.539793 38.486717 
20.127289 -38.347918 39.101152 
20.664539 -37.820955 38.713609 
FEnd
FBeg
 3216    O PRO A  69  3560   SD MET B  38 hbd
19.752 -40.743 36.120 23.157 -38.527 37.887  2.92
21.564534 -39.571927 35.941992 
22.039746 -40.014820 35.581693 
22.481170 -40.740601 35.641277 
22.721782 -41.258026 35.826522 
22.846630 -41.740834 36.191431 
20.704220 -39.393496 37.376042 
FEnd
FBeg
 3231  CD1 PHE A  71  3560   SD MET B  38 unk
23.045 -40.483 32.569 23.157 -38.527 37.887  1.89
22.481170 -40.740601 35.641277 
23.966806 -40.355220 35.468243 
23.938462 -42.218067 36.154009 
23.911432 -42.251672 36.166938 
23.358335 -42.066661 36.110538 
22.721782 -41.258026 35.826522 
FEnd
FBeg
 3215    C PRO A  69  3560   SD MET B  38 unk
19.254 -40.402 35.044 23.157 -38.527 37.887  0.13
21.842004 -39.530927 35.534029 
22.039746 -40.014820 35.581693 
21.564534 -39.571927 35.941992 
FEnd
FBeg
 3233  CE1 PHE A  71  3560   SD MET B  38 unk
22.750 -39.181 32.936 23.157 -38.527 37.887  4.79
22.631067 -37.839284 35.245706 
24.335366 -38.728194 35.223024 
23.966806 -40.355220 35.468243 
22.481170 -40.740601 35.641277 
22.039746 -40.014820 35.581693 
21.842004 -39.530927 35.534029 
FEnd
FBeg
 3086  CD1 ILE A  51  3560   SD MET B  38 unk
24.530 -35.840 35.749 23.157 -38.527 37.887  6.11
22.105370 -36.199015 36.969570 
25.271078 -37.849842 36.927824 
24.957012 -38.581667 35.806389 
24.335366 -38.728194 35.223024 
22.631067 -37.839284 35.245706 
FEnd
FBeg
 3086  CD1 ILE A  51  3521    O ASN B  34 unk
24.530 -35.840 35.749 26.584 -38.994 37.232  2.41
25.271078 -37.849842 36.927824 
24.957012 -38.581667 35.806389 
25.914587 -38.000452 35.716231 
26.648333 -37.366745 36.047718 
26.392176 -37.059316 37.056337 
25.951251 -37.208823 37.349063 
FEnd
FBeg
 3086  CD1 ILE A  51  3554    N MET B  38 unk
24.530 -35.840 35.749 27.069 -36.577 39.197  1.51
26.392176 -37.059316 37.056337 
26.212119 -34.824017 37.666713 
26.156767 -34.756632 37.721877 
25.902849 -34.741268 37.912138 
25.681159 -36.035385 37.798770 
25.951251 -37.208823 37.349063 
FEnd
FBeg
 3086  CD1 ILE A  51  3555   CA MET B  38 ali
24.530 -35.840 35.749 25.927 -36.461 40.106  0.68
25.902849 -34.741268 37.912138 
25.755992 -34.685993 37.967103 
24.956409 -34.701812 38.221222 
25.681159 -36.035385 37.798770 
FEnd
FBeg
 3084  CG1 ILE A  51  3555   CA MET B  38 ali
24.434 -34.345 35.540 25.927 -36.461 40.106  0.16
25.755992 -34.685993 37.967103 
24.956409 -34.701812 38.221222 
24.772100 -34.471498 38.388221 
25.271488 -34.479544 38.221202 
FEnd
FBeg
 3084  CG1 ILE A  51  3583   CB ILE B  41 ali
24.434 -34.345 35.540 25.894 -32.240 39.804  0.98
24.772100 -34.471498 38.388221 
25.271488 -34.479544 38.221202 
24.880807 -33.269992 37.757854 
24.039163 -33.967673 38.390457 
24.138837 -34.232217 38.486925 
FEnd
FBeg
 3086  CD1 ILE A  51  3584  CG1 ILE B  41 ali
24.530 -35.840 35.749 26.977 -32.302 38.729  0.03
26.156767 -34.756632 37.721877 
26.211568 -34.746749 37.665143 
26.226041 -34.706384 37.605336 
25.755992 -34.685993 37.967103 
25.902849 -34.741268 37.912138 
FEnd
FBeg
 3086  CD1 ILE A  51  3548    C LEU B  37 ali
24.530 -35.840 35.749 28.104 -35.744 39.218  0.00
26.212119 -34.824017 37.666713 
26.211568 -34.746749 37.665143 
26.156767 -34.756632 37.721877 
FEnd
FBeg
 3219   CD PRO A  69  3560   SD MET B  38 unk
18.774 -37.507 36.751 23.157 -38.527 37.887  0.73
20.866743 -37.263568 38.433924 
20.949660 -37.089137 38.270626 
20.653498 -39.072546 37.632422 
20.664539 -37.820955 38.713609 
FEnd
FBeg
 3461  CD2 TYR A  99  3560   SD MET B  38 unk
20.138 -36.078 40.585 23.157 -38.527 37.887  0.65
21.300395 -36.846896 38.540954 
20.866743 -37.263568 38.433924 
20.664539 -37.820955 38.713609 
21.486197 -37.482092 39.325435 
FEnd
FBeg
 3218   CG PRO A  69  3559   CG MET B  38 ali
19.924 -37.374 35.804 23.879 -37.166 38.818  0.43
21.922677 -35.643241 37.170946 
22.105370 -36.199015 36.969570 
21.360064 -36.486198 37.967387 
21.423347 -36.304958 37.871838 
FEnd
FBeg
 3086  CD1 ILE A  51  3559   CG MET B  38 ali
24.530 -35.840 35.749 23.879 -37.166 38.818  8.65
22.869974 -34.910253 37.688585 
24.956409 -34.701812 38.221222 
25.681159 -36.035385 37.798770 
25.951251 -37.208823 37.349063 
25.271078 -37.849842 36.927824 
22.105370 -36.199015 36.969570 
21.922677 -35.643241 37.170946 
22.264536 -35.260846 37.408681 
FEnd
FBeg
 3084  CG1 ILE A  51  3559   CG MET B  38 ali
24.434 -34.345 35.540 23.879 -37.166 38.818  0.83
24.138837 -34.232217 38.486925 
24.772100 -34.471498 38.388221 
24.956409 -34.701812 38.221222 
22.869974 -34.910253 37.688585 
FEnd
FBeg
 3462  CE1 TYR A  99  3583   CB ILE B  41 ali
21.586 -33.904 39.692 25.894 -32.240 39.804  0.59
24.175222 -34.366597 39.083923 
24.138837 -34.232217 38.486925 
24.039163 -33.967673 38.390457 
23.804133 -33.462182 39.920573 
FEnd
FBeg
 3461  CD2 TYR A  99  3559   CG MET B  38 ali
20.138 -36.078 40.585 23.879 -37.166 38.818  0.93
21.742631 -36.082345 39.006474 
21.725545 -36.053353 38.952450 
21.724648 -36.053499 38.950640 
21.710289 -36.068458 38.929450 
21.300395 -36.846896 38.540954 
21.486197 -37.482092 39.325435 
21.701676 -37.515999 39.802514 
FEnd
FBeg
 3459   CG TYR A  99  3559   CG MET B  38 ali
21.345 -35.771 41.200 23.879 -37.166 38.818  1.98
23.139547 -36.302233 40.621305 
21.742631 -36.082345 39.006474 
21.701676 -37.515999 39.802514 
22.007402 -37.609441 40.182473 
FEnd
FBeg
 3458   CB TYR A  99  3559   CG MET B  38 ali
21.895 -36.624 42.322 23.879 -37.166 38.818  1.16
22.856757 -37.948759 40.715872 
22.007402 -37.609441 40.182473 
23.139547 -36.302233 40.621305 
23.465280 -36.193118 40.788861 
FEnd
FBeg
 3458   CB TYR A  99  3561   CE MET B  38 ali
21.895 -36.624 42.322 22.646 -39.655 39.198  3.62
23.618704 -39.195942 42.109097 
21.586443 -39.077184 41.505324 
21.019067 -38.315402 40.629825 
21.541696 -37.806058 40.261282 
22.007402 -37.609441 40.182473 
22.856757 -37.948759 40.715872 
FEnd
FBeg
 3457    O TYR A  99  3558   CB MET B  38 unk
21.405 -39.132 43.478 24.931 -37.572 39.813  1.21
24.424187 -38.947356 42.989841 
23.618704 -39.195942 42.109097 
24.635577 -40.443488 42.556388 
24.704583 -40.460766 42.615423 
24.708926 -39.399128 43.071485 
FEnd
FBeg
 3458   CB TYR A  99  3556    C MET B  38 ali
21.895 -36.624 42.322 26.233 -36.427 41.608  0.98
24.480968 -38.577688 43.436817 
24.455293 -38.854519 43.204442 
24.424187 -38.947356 42.989841 
24.053658 -36.189664 41.499519 
24.050855 -36.130699 41.498755 
FEnd
FBeg
 3460  CD1 TYR A  99  3557    O MET B  38 unk
22.059 -34.672 40.732 25.420 -35.945 42.397  0.45
24.360354 -34.877595 41.285012 
23.832019 -35.072369 42.202600 
23.978245 -35.742313 41.395211 
FEnd
FBeg
 3460  CD1 TYR A  99  3555   CA MET B  38 ali
22.059 -34.672 40.732 25.927 -36.461 40.106  2.14
24.502923 -34.317783 40.566087 
24.360354 -34.877595 41.285012 
23.978245 -35.742313 41.395211 
23.856463 -35.923422 41.160307 
23.839890 -35.753461 40.572188 
24.237355 -34.416979 39.208656 
FEnd
FBeg
 3460  CD1 TYR A  99  3583   CB ILE B  41 ali
22.059 -34.672 40.732 25.894 -32.240 39.804  1.26
23.774610 -33.183872 40.527932 
24.502923 -34.317783 40.566087 
24.237355 -34.416979 39.208656 
24.175222 -34.366597 39.083923 
23.804133 -33.462182 39.920573 
FEnd
FBeg
 3460  CD1 TYR A  99  3585  CG2 ILE B  41 ali
22.059 -34.672 40.732 24.776 -31.322 39.329  0.21
23.246297 -32.653347 40.771574 
23.774610 -33.183872 40.527932 
23.804133 -33.462182 39.920573 
FEnd
FBeg
 3442    O VAL A  97  3587    N NH2 B  42 unk
22.483 -32.858 44.136 24.952 -32.744 42.807  8.57
22.563596 -32.699498 42.736047 
22.423741 -33.206870 42.432705 
22.777465 -34.340253 42.992628 
23.050071 -34.615392 43.475472 
24.497242 -34.917043 46.138132 
24.272346 -33.282957 45.860494 
23.587621 -31.817186 44.714151 
FEnd
FBeg
 3441    C VAL A  97  3587    N NH2 B  42 unk
21.463 -32.210 44.375 24.952 -32.744 42.807  1.05
22.737173 -32.148576 42.934655 
22.563596 -32.699498 42.736047 
23.587621 -31.817186 44.714151 
23.533803 -31.516589 44.492027 
23.212282 -31.560664 43.791614 
FEnd
FBeg
 3440   CA VAL A  97  3587    N NH2 B  42 unk
21.191 -30.913 43.636 24.952 -32.744 42.807  0.55
23.137681 -31.201793 42.660533 
22.737173 -32.148576 42.934655 
23.212282 -31.560664 43.791614 
FEnd
FBeg
 3439    N VAL A  97  3587    N NH2 B  42 unk
22.325 -30.028 43.842 24.952 -32.744 42.807  1.83
23.328197 -30.867752 42.267516 
23.137681 -31.201793 42.660533 
23.212282 -31.560664 43.791614 
23.533803 -31.516589 44.492027 
24.254128 -30.616773 43.959073 
23.374362 -30.849383 42.336488 
FEnd
FBeg
 3439    N VAL A  97  3581    C ILE B  41 unk
22.325 -30.028 43.842 25.395 -31.642 42.217  0.00
23.330384 -30.845519 42.249566 
23.328197 -30.867752 42.267516 
23.374362 -30.849383 42.336488 
FEnd
FBeg
 3439    N VAL A  97  3582    O ILE B  41 hbd
22.325 -30.028 43.842 24.941 -30.533 42.496  3.06
23.550537 -28.603861 41.836403 
23.272831 -30.403774 41.971972 
23.330384 -30.845519 42.249566 
23.374362 -30.849383 42.336488 
24.254128 -30.616773 43.959073 
24.309093 -30.294029 43.944810 
23.648777 -28.604316 42.027507 
FEnd
FBeg
 3426    O ALA A  95  3582    O ILE B  41 unk
24.172 -26.466 42.901 24.941 -30.533 42.496  7.70
23.889535 -28.435822 40.792638 
23.550537 -28.603861 41.836403 
23.648777 -28.604316 42.027507 
27.339633 -28.055213 43.521501 
27.789233 -27.838712 42.201082 
26.690685 -27.926208 40.993838 
26.010462 -28.013305 40.576875 
FEnd
FBeg
 3445  CG2 VAL A  97  3581    C ILE B  41 ali
20.969 -30.011 41.290 25.395 -31.642 42.217  0.03
23.344832 -30.836433 41.340072 
23.439644 -30.574180 41.348809 
23.355697 -30.667898 41.584727 
FEnd
FBeg
 3443   CB VAL A  97  3585  CG2 ILE B  41 ali
21.002 -31.263 42.151 24.776 -31.322 39.329  1.02
22.407428 -31.710697 40.104713 
23.003422 -32.333149 40.914780 
23.298746 -31.379377 41.289790 
23.344832 -30.836433 41.340072 
FEnd
FBeg
 3462  CE1 TYR A  99  3585  CG2 ILE B  41 ali
21.586 -33.904 39.692 24.776 -31.322 39.329  6.94
22.767417 -32.536181 37.396638 
22.831074 -32.611855 37.417780 
24.039163 -33.967673 38.390457 
23.804133 -33.462182 39.920573 
23.246297 -32.653347 40.771574 
23.003422 -32.333149 40.914780 
22.407428 -31.710697 40.104713 
22.020500 -31.370260 39.125954 
FEnd
FBeg
 3069  OD1 ASP A  49  3585  CG2 ILE B  41 unk
21.404 -30.878 35.971 24.776 -31.322 39.329  0.06
23.244754 -32.024065 36.947628 
22.967897 -32.289885 37.190492 
23.323378 -31.651714 36.917909 
FEnd
FBeg
 3083   CB ILE A  51  3585  CG2 ILE B  41 ali
23.225 -33.913 34.725 24.776 -31.322 39.329  0.10
23.358772 -32.058217 36.928437 
22.831074 -32.611855 37.417780 
22.767417 -32.536181 37.396638 
22.967897 -32.289885 37.190492 
23.244754 -32.024065 36.947628 
FEnd
FBeg
 3084  CG1 ILE A  51  3585  CG2 ILE B  41 ali
24.434 -34.345 35.540 24.776 -31.322 39.329  3.83
25.170349 -31.967449 36.692504 
24.880807 -33.269992 37.757854 
24.039163 -33.967673 38.390457 
22.831074 -32.611855 37.417780 
23.358772 -32.058217 36.928437 
24.729898 -31.894082 36.673725 
FEnd
FBeg
 3073    C LEU A  50  3584  CG1 ILE B  41 ali
25.059 -30.908 34.309 26.977 -32.302 38.729  0.40
25.304713 -31.684598 36.723406 
25.170349 -31.967449 36.692504 
26.153149 -32.341122 36.148181 
26.430389 -32.103320 36.102875 
FEnd
FBeg
 3072   CA LEU A  50  3585  CG2 ILE B  41 ali
25.175 -29.528 34.941 24.776 -31.322 39.329  0.43
24.703712 -30.477518 37.088815 
25.025300 -31.429972 36.728653 
24.455442 -31.369637 36.701504 
24.203424 -31.217630 36.740735 
FEnd
FBeg
 3071    N LEU A  50  3585  CG2 ILE B  41 unk
24.004 -29.092 35.697 24.776 -31.322 39.329  3.22
24.924287 -28.519071 38.244391 
24.703712 -30.477518 37.088815 
24.203424 -31.217630 36.740735 
23.465041 -31.253411 36.875712 
23.402648 -30.688188 37.236014 
24.613737 -27.904003 38.688043 
24.723753 -28.082499 38.555065 
FEnd
FBeg
 3076   CG LEU A  50  3585  CG2 ILE B  41 ali
26.926 -28.006 36.057 24.776 -31.322 39.329  0.06
25.127181 -28.598485 38.297229 
24.924287 -28.519071 38.244391 
24.723753 -28.082499 38.555065 
FEnd
FBeg
 3077  CD1 LEU A  50  3585  CG2 ILE B  41 ali
27.801 -27.937 37.288 24.776 -31.322 39.329  4.55
26.169226 -29.538353 38.282889 
25.127181 -28.598485 38.297229 
24.723753 -28.082499 38.555065 
24.613737 -27.904003 38.688043 
24.530421 -27.369385 39.451225 
26.010462 -28.013305 40.576875 
26.178140 -28.148161 40.601736 
26.455257 -28.624480 40.222481 
FEnd
FBeg
 3077  CD1 LEU A  50  3586  CD1 ILE B  41 ali
27.801 -27.937 37.288 27.990 -31.167 38.782  26.11
30.049824 -30.512843 35.685140 
26.169226 -29.538353 38.282889 
26.455257 -28.624480 40.222481 
28.473318 -27.827661 41.689892 
29.057263 -27.803967 41.667245 
33.328291 -29.603689 37.235969 
FEnd
FBeg
 3075   CB LEU A  50  3584  CG1 ILE B  41 ali
26.434 -29.430 35.806 26.977 -32.302 38.729  2.66
26.430389 -32.103320 36.102875 
27.625022 -31.743107 36.234879 
26.125233 -30.475690 37.758795 
25.304713 -31.684598 36.723406 
FEnd
FBeg
 3073    C LEU A  50  3553  CD2 LEU B  37 ali
25.059 -30.908 34.309 27.921 -34.097 35.084  1.34
26.153149 -32.341122 36.148181 
26.430389 -32.103320 36.102875 
27.044700 -31.769275 35.208823 
25.965572 -32.936783 34.389835 
FEnd
FBeg
 3084  CG1 ILE A  51  3584  CG1 ILE B  41 ali
24.434 -34.345 35.540 26.977 -32.302 38.729  4.40
26.441574 -34.397319 37.235464 
26.153149 -32.341122 36.148181 
25.170349 -31.967449 36.692504 
24.880807 -33.269992 37.757854 
25.271488 -34.479544 38.221202 
25.755992 -34.685993 37.967103 
26.226041 -34.706384 37.605336 
FEnd
FBeg
 3084  CG1 ILE A  51  3550   CB LEU B  37 ali
24.434 -34.345 35.540 28.622 -35.790 36.773  0.15
26.418618 -34.800956 36.840399 
26.441574 -34.397319 37.235464 
26.226041 -34.706384 37.605336 
FEnd
FBeg
 3086  CD1 ILE A  51  3550   CB LEU B  37 ali
24.530 -35.840 35.749 28.622 -35.790 36.773  4.38
26.918027 -36.994578 34.951826 
26.965215 -36.663018 34.747068 
26.418618 -34.800956 36.840399 
26.226041 -34.706384 37.605336 
26.211568 -34.746749 37.665143 
26.212119 -34.824017 37.666713 
26.392176 -37.059316 37.056337 
26.648333 -37.366745 36.047718 
FEnd
FBeg
 3086  CD1 ILE A  51  3519   CA ASN B  34 ali
24.530 -35.840 35.749 27.924 -39.548 35.325  0.88
26.539213 -37.329040 34.844496 
26.918027 -36.994578 34.951826 
26.648333 -37.366745 36.047718 
25.914587 -38.000452 35.716231 
FEnd
FBeg
 3086  CD1 ILE A  51  3522   CB ASN B  34 ali
24.530 -35.840 35.749 26.862 -39.909 34.286  3.04
25.884712 -37.537540 34.381127 
26.539213 -37.329040 34.844496 
25.914587 -38.000452 35.716231 
24.957012 -38.581667 35.806389 
24.335366 -38.728194 35.223024 
24.874395 -37.974987 33.987356 
FEnd
FBeg
 3085  CG2 ILE A  51  3524  OD1 ASN B  34 unk
22.681 -35.124 33.992 27.156 -37.925 32.978  2.17
25.230481 -35.593400 30.883081 
24.867026 -36.924206 32.955200 
25.733345 -35.430462 32.652239 
25.824776 -35.206016 32.435752 
25.513747 -35.224547 31.114301 
FEnd
FBeg
 3233  CE1 PHE A  71  3524  OD1 ASN B  34 unk
22.750 -39.181 32.936 27.156 -37.925 32.978  0.02
24.877637 -37.447942 33.359333 
24.881199 -37.450056 33.048800 
24.836576 -37.298850 33.208239 
FEnd
FBeg
 3086  CD1 ILE A  51  3523   CG ASN B  34 ali
24.530 -35.840 35.749 27.040 -39.149 32.985  0.48
24.874395 -37.974987 33.987356 
25.884712 -37.537540 34.381127 
24.877637 -37.447942 33.359333 
FEnd
FBeg
 3233  CE1 PHE A  71  3522   CB ASN B  34 ali
22.750 -39.181 32.936 26.862 -39.909 34.286  3.28
24.895634 -39.480300 33.110909 
24.874395 -37.974987 33.987356 
24.335366 -38.728194 35.223024 
23.966806 -40.355220 35.468243 
FEnd
FBeg
 3233  CE1 PHE A  71  3525  ND2 ASN B  34 unk
22.750 -39.181 32.936 27.061 -39.875 31.876  0.03
24.842946 -39.041163 31.510637 
24.907630 -39.114124 31.821475 
24.907635 -38.868644 31.660774 
FEnd
FBeg
 3235   CZ PHE A  71  3525  ND2 ASN B  34 unk
22.482 -38.232 31.961 27.061 -39.875 31.876  0.07
24.842533 -39.042145 31.507381 
24.842946 -39.041163 31.510637 
24.907635 -38.868644 31.660774 
25.086080 -38.354070 31.327290 
FEnd
FBeg
 3234  CE2 PHE A  71  3525  ND2 ASN B  34 unk
22.507 -38.590 30.627 27.061 -39.875 31.876  5.96
24.842463 -39.046519 31.503138 
24.842533 -39.042145 31.507381 
25.086080 -38.354070 31.327290 
25.469760 -37.518765 30.787728 
26.894557 -35.706204 27.457556 
26.903029 -35.864985 27.263310 
26.147672 -37.801531 28.025065 
FEnd
FBeg
 3232  CD2 PHE A  71  3525  ND2 ASN B  34 unk
22.798 -39.898 30.268 27.061 -39.875 31.876  5.38
24.849533 -39.113487 31.485353 
24.842463 -39.046519 31.503138 
26.147672 -37.801531 28.025065 
25.924742 -39.980343 28.647244 
25.704220 -40.597461 29.240701 
25.438936 -40.497121 29.942564 
FEnd
FBeg
 3250    O TYR A  73  3525  ND2 ASN B  34 hbd
24.767 -42.874 27.905 27.061 -39.875 31.876  3.85
25.924742 -39.980343 28.647244 
27.709597 -40.693742 28.154931 
27.970939 -41.831518 28.863234 
26.375704 -41.872574 29.815790 
25.704220 -40.597461 29.240701 
FEnd
FBeg
 3230   CG PHE A  71  3525  ND2 ASN B  34 unk
23.063 -40.860 31.232 27.061 -39.875 31.876  2.04
25.255182 -41.136497 32.061252 
24.849533 -39.113487 31.485353 
25.438936 -40.497121 29.942564 
FEnd
FBeg
 3231  CD1 PHE A  71  3522   CB ASN B  34 ali
23.045 -40.483 32.569 26.862 -39.909 34.286  6.99
25.317696 -41.661939 32.901968 
25.406126 -41.471792 32.641816 
25.238186 -40.360440 32.643628 
24.895634 -39.480300 33.110909 
23.966806 -40.355220 35.468243 
23.938462 -42.218067 36.154009 
24.090172 -42.323242 35.851909 
FEnd
FBeg
 3231  CD1 PHE A  71  3498   CA ALA B  31 ali
23.045 -40.483 32.569 27.055 -43.653 33.527  3.57
25.237644 -41.808475 32.752165 
25.317696 -41.661939 32.901968 
24.090172 -42.323242 35.851909 
23.740099 -42.702188 36.063319 
23.618505 -43.124080 35.176256 
23.958135 -43.100913 33.831292 
FEnd
FBeg
 3225    N PHE A  71  3498   CA ALA B  31 unk
21.563 -43.256 32.147 27.055 -43.653 33.527  3.21
23.618505 -43.124080 35.176256 
23.958135 -43.100913 33.831292 
24.048975 -44.167938 33.162813 
24.036375 -44.205926 33.202029 
23.316971 -45.052088 35.821623 
23.321081 -44.905308 35.847492 
FEnd
FBeg
 3225    N PHE A  71  3501   CB ALA B  31 unk
21.563 -43.256 32.147 26.982 -45.111 33.036  2.47
24.036375 -44.205926 33.202029 
23.316971 -45.052088 35.821623 
22.900198 -46.596931 35.138621 
FEnd
FBeg
 3228    O PHE A  71  3498   CA ALA B  31 unk
23.526 -45.215 30.880 27.055 -43.653 33.527  0.00
24.048975 -44.167938 33.162813 
24.115869 -44.166351 33.072694 
24.036375 -44.205926 33.202029 
FEnd
FBeg
 3229   CB PHE A  71  3525  ND2 ASN B  34 unk
23.393 -42.277 30.833 27.061 -39.875 31.876  3.12
26.375704 -41.872574 29.815790 
25.704220 -40.597461 29.240701 
25.438936 -40.497121 29.942564 
25.255182 -41.136497 32.061252 
25.381947 -41.507660 32.470226 
FEnd
FBeg
 3250    O TYR A  73  3497    N ALA B  31 hbd
24.767 -42.874 27.905 27.459 -42.741 32.419  2.72
26.015158 -44.075227 30.095706 
26.375704 -41.872574 29.815790 
27.970939 -41.831518 28.863234 
27.258511 -43.211810 29.328772 
26.064206 -44.092581 30.066967 
FEnd
FBeg
 3248   CA TYR A  73  3497    N ALA B  31 unk
25.641 -44.883 26.922 27.459 -42.741 32.419  7.56
27.258511 -43.211810 29.328772 
30.032985 -42.349041 28.074989 
30.958603 -43.704358 28.296985 
29.101480 -44.885003 29.371243 
26.064206 -44.092581 30.066967 
FEnd
FBeg
 3248   CA TYR A  73  3501   CB ALA B  31 ali
25.641 -44.883 26.922 26.982 -45.111 33.036  2.88
29.101480 -44.885003 29.371243 
26.064206 -44.092581 30.066967 
25.979575 -44.137659 30.083848 
25.992088 -44.340087 30.073555 
27.120523 -46.082226 29.761085 
FEnd
FBeg
 3247    N TYR A  73  3501   CB ALA B  31 unk
24.685 -45.645 27.718 26.982 -45.111 33.036  2.65
25.992088 -44.340087 30.073555 
27.120523 -46.082226 29.761085 
25.916906 -48.178937 30.491501 
25.816162 -48.288543 30.546021 
FEnd
FBeg
 3229   CB PHE A  71  3498   CA ALA B  31 ali
23.393 -42.277 30.833 27.055 -43.653 33.527  3.97
24.115869 -44.166351 33.072694 
25.573004 -43.659467 31.350884 
25.237644 -41.808475 32.752165 
23.958135 -43.100913 33.831292 
24.048975 -44.167938 33.162813 
FEnd
FBeg
 3228    O PHE A  71  3501   CB ALA B  31 unk
23.526 -45.215 30.880 26.982 -45.111 33.036  25.90
25.976353 -44.129866 30.088636 
25.979575 -44.137659 30.083848 
25.992088 -44.340087 30.073555 
25.816162 -48.288543 30.546021 
25.660886 -48.783562 30.818802 
23.803793 -50.317548 33.869660 
23.571251 -49.546275 34.205213 
22.883486 -46.705169 35.170631 
22.900198 -46.596931 35.138621 
24.036375 -44.205926 33.202029 
24.115869 -44.166351 33.072694 
FEnd
FBeg
 3250    O TYR A  73  3501   CB ALA B  31 unk
24.767 -42.874 27.905 26.982 -45.111 33.036  0.00
26.015158 -44.075227 30.095706 
26.064206 -44.092581 30.066967 
25.979575 -44.137659 30.083848 
25.976353 -44.129866 30.088636 
FEnd

+-+CCS_record::Boundary loops before union-find
Start boundary loop loop_id 0  init_edge IE_A_B
xyz 27.2585 -43.2118 29.3288
xyz 30.033 -42.349 28.075
xyz 30.9586 -43.7044 28.297
xyz 29.1015 -44.885 29.3712
xyz 27.1205 -46.0822 29.7611
xyz 25.9169 -48.1789 30.4915
xyz 25.8162 -48.2885 30.546
xyz 25.6609 -48.7836 30.8188
xyz 23.8038 -50.3175 33.8697
xyz 23.5713 -49.5463 34.2052
xyz 22.8835 -46.7052 35.1706
xyz 22.9002 -46.5969 35.1386
xyz 23.317 -45.0521 35.8216
xyz 23.3211 -44.9053 35.8475
xyz 23.6185 -43.1241 35.1763
xyz 23.7401 -42.7022 36.0633
xyz 24.0902 -42.3232 35.8519
xyz 23.9385 -42.2181 36.154
xyz 23.9114 -42.2517 36.1669
xyz 23.3583 -42.0667 36.1105
xyz 22.7218 -41.258 35.8265
xyz 22.8466 -41.7408 36.1914
xyz 22.2232 -43.5985 37.4342
xyz 21.8774 -43.5743 37.7508
xyz 21.9895 -43.4874 38.0844
xyz 21.9991 -43.3594 38.2659
xyz 22.0362 -43.4698 38.138
xyz 23.2181 -43.1724 38.806
xyz 22.7694 -43.5866 37.1653
xyz 23.1531 -44.5684 36.4638
xyz 23.1468 -44.5963 36.4526
xyz 22.918 -46.1137 36.0619
xyz 22.2334 -46.9385 36.2221
xyz 21.6795 -47.8645 36.738
xyz 17.6981 -58.8927 39.7512
xyz 20.9081 -55.3752 41.5819
xyz 26.7913 -47.7219 43.9808
xyz 25.709 -47.1338 41.9572
xyz 27.0301 -46.4626 43.9439
xyz 27.1237 -46.3599 44.1198
xyz 27.102 -46.1859 44.0729
xyz 26.789 -45.3235 43.4469
xyz 26.4533 -45.1608 42.7993
xyz 26.7091 -45.1588 43.3658
xyz 26.4606 -44.8173 43.3564
xyz 24.9886 -43.5878 42.0511
xyz 25.6497 -43.2805 43.1514
xyz 25.5614 -42.0956 42.7095
xyz 25.3955 -41.5235 42.277
xyz 25.2604 -41.2928 41.9814
xyz 25.0831 -41.2571 41.6579
xyz 25.1854 -40.9819 42.0258
xyz 24.9388 -40.7034 42.3099
xyz 24.6356 -40.4435 42.5564
xyz 24.7046 -40.4608 42.6154
xyz 24.7089 -39.3991 43.0715
xyz 24.4242 -38.9474 42.9898
xyz 24.4553 -38.8545 43.2044
xyz 24.481 -38.5777 43.4368
xyz 24.7112 -38.7391 43.7726
xyz 24.6592 -37.9457 44.6216
xyz 24.5356 -37.4255 44.9711
xyz 24.2415 -36.8394 45.0062
xyz 24.6735 -36.4863 45.8238
xyz 24.7182 -36.3982 45.9018
xyz 24.7745 -36.1639 45.9845
xyz 24.6993 -35.3983 45.7371
xyz 24.6488 -35.1049 46.142
xyz 25.3065 -34.4416 45.8624
xyz 25.0918 -35.7768 47.3202
xyz 28.0607 -38.028 50.0478
xyz 28.3024 -38.0057 50.0427
xyz 32.9731 -35.9396 48.1382
xyz 31.6712 -34.6386 46.5954
xyz 32.2995 -32.7883 46.5839
xyz 30.8192 -31.6707 45.7569
xyz 30.3433 -31.3989 45.3012
xyz 30.0988 -26.4539 43.7573
xyz 28.4966 -27.1222 43.7101
xyz 27.6198 -27.8068 43.7814
xyz 27.5361 -27.8777 43.7355
xyz 27.169 -28.3952 43.7428
xyz 27.3396 -28.0552 43.5215
xyz 27.7892 -27.8387 42.2011
xyz 26.6907 -27.9262 40.9938
xyz 26.0105 -28.0133 40.5769
xyz 23.8895 -28.4358 40.7926
xyz 23.6921 -27.9295 40.0709
xyz 24.5304 -27.3694 39.4512
xyz 26.0105 -28.0133 40.5769
xyz 26.1781 -28.1482 40.6017
xyz 26.4553 -28.6245 40.2225
xyz 28.4733 -27.8277 41.6899
xyz 29.0573 -27.804 41.6672
xyz 33.3283 -29.6037 37.236
xyz 30.0498 -30.5128 35.6851
xyz 29.2639 -31.1426 35.7285
xyz 29.7166 -30.7422 34.0727
xyz 29.5053 -30.7617 33.7635
xyz 29.9593 -30.7675 33.1131
xyz 31.2077 -32.6125 27.6619
xyz 29.6335 -33.5188 28.0627
xyz 26.7155 -34.3163 30.5723
xyz 25.87 -35.1757 32.4414
xyz 25.9346 -35.3946 32.816
xyz 25.7333 -35.4305 32.6522
xyz 25.8248 -35.206 32.4358
xyz 25.5137 -35.2245 31.1143
xyz 25.2305 -35.5934 30.8831
xyz 25.2942 -35.5988 30.5918
xyz 26.403 -34.9965 28.2289
xyz 26.8946 -35.7062 27.4576
xyz 26.903 -35.865 27.2633
xyz 26.1477 -37.8015 28.0251
xyz 25.9247 -39.9803 28.6472
xyz 27.7096 -40.6937 28.1549
xyz 27.9709 -41.8315 28.8632
End loop
Boundary info init_edge IE_A_B [total exposed]: 180.330924 180.330924
