Begin VSO per interface edge
207 2538  3
208 2538  2
208 3027  1
211 2538  2
212 2538  1
214 2536  3
214 2538  3
214 3024  3
214 3027  2
217 2535  5
217 2536  4
217 2537  4
217 2538  3
218 2534  4
218 2536  4
218 2537  5
219 2534  4
219 2536  4
219 3024  4
220 2532  5
220 2533  4
220 2534  4
220 2535  5
220 2536  5
220 2537  5
221 3024  3
221 3026  3
221 3027  2
222 3024  3
225 3022  2
225 3024  2
225 3025  2
225 3026  2
225 3028  1
225 3029  1
226 3025  1
226 3026  2
226 3027  1
226 3029  1
227 3024  3
232 2549  1
232 2550  2
232 3022  3
232 3024  4
233 2549  1
233 2550  2
233 3007  2
233 3008  1
233 3017  2
233 3022  2
233 3024  3
233 3028  1
234 2522  2
234 2531  3
234 2534  3
234 2539  3
234 2545  2
234 2549  1
234 2550  2
234 3017  3
234 3022  3
234 3024  4
1551 2735  1
1551 2738  2
1551 2743  1
1553 2735  1
1553 2736  1
1553 2738  2
1553 2739  1
1554 2738  3
1556 2738  3
1559 2735  1
1559 2738  2
1587 2736  3
1587 2738  3
1590 2690  1
1590 2691  2
1590 2692  3
1590 2731  1
1590 2735  1
1590 2736  2
1590 2737  3
1590 2738  2
1591 2736  2
1591 2737  3
1591 2738  3
1595 2736  2
1595 2737  2
1600 2736  1
1600 2737  1
1602 2737  2
1604 2692  3
1606 2690  2
1606 2692  2
1606 2721  1
1606 2728  1
1606 2732  1
1606 2737  2
1607 2690  2
1607 2691  3
1607 2692  3
1607 2721  2
1607 2727  1
1607 2728  2
1607 2731  2
1607 2736  3
1607 2737  3
1608 2692  3
1609 2689  1
1609 2691  2
1609 2692  2
1613 2689  1
1613 2690  1
1613 2691  1
1613 2692  2
1637 2717  1
1638 2689  1
1638 2691  2
1638 2692  2
1638 2717  1
1639 2689  2
1639 2692  3
1639 2711  1
1639 2714  2
1639 2715  2
1639 2716  1
1639 2717  2
1640 2689  2
1640 2690  2
1640 2691  2
1640 2692  2
1640 2711  2
1640 2712  2
1640 2714  2
1640 2718  1
1640 2721  1
2166 2543  2
2167 2543  3
2167 2544  3
2168 2543  2
2169 2543  3
2169 2544  3
2169 2696  2
2169 2708  1
2170 2543  3
2170 2544  2
2170 2696  2
2170 2702  2
2170 2707  2
2170 2708  1
2170 2709  1
2170 2805  1
2171 2543  2
2171 2694  2
2171 2696  2
2171 2697  1
2171 2708  1
2171 2715  2
2171 2717  1
2175 2533  3
2178 2531  4
2178 2533  3
2178 2539  3
2179 2531  3
2179 2539  2
2179 2540  2
2179 2541  1
2179 2543  1
2179 2545  1
2180 2531  4
2180 2532  5
2180 2533  4
2180 2534  4
2180 2539  4
2205 2533  3
2205 2535  4
2206 2517  2
2206 2518  1
2206 2533  3
2206 2535  3
2207 2517  1
2207 2518  1
2207 2528  2
2207 2531  3
2207 2533  2
2208 2810  1
2209 2528  1
2209 2529  2
2209 2539  3
2209 2543  3
2209 2810  1
2209 2812  1
2210 2528  2
2210 2529  3
2210 2531  3
2210 2539  3
2210 2543  2
2211 2529  2
2211 2539  3
2211 2543  3
2211 2544  2
2211 2805  1
2211 2810  1
2211 2811  1
2212 2533  3
2213 2533  4
2213 2535  4
2216 2535  5
2217 2533  4
2217 2535  5
2218 2535  4
2218 2537  4
2218 2538  3
2245 2517  2
2245 2518  1
2245 2535  3
2246 2514  2
2246 2516  1
2246 2517  2
2246 2518  1
2247 2513  3
2247 2514  2
2247 2515  3
2247 2516  2
2247 2517  3
2247 2518  2
2247 2535  3
2247 2537  3
2247 2538  2
2248 2512  1
2248 2513  2
2248 2515  2
2248 2537  2
2248 2538  1
2249 2512  1
2249 2513  2
2249 2514  1
2249 2516  1
End VSO per interface edge

Voronoi Facets of interface MI_AB
FBeg
 2209   CD GLN A 297  2539    N SER B  31 unk
-47.542 -19.206 -17.926 -45.515 -16.052 -15.298  0.04
-46.076866 -18.199913 -16.145201 
-45.855872 -18.347074 -16.139041 
-45.822306 -18.311139 -16.208058 
-45.911497 -18.163891 -16.315983 
FEnd
FBeg
 2210  OE1 GLN A 297  2539    N SER B  31 hbd
-47.484 -18.012 -17.618 -45.515 -16.052 -15.298  2.10
-45.911497 -18.163891 -16.315983 
-46.076866 -18.199913 -16.145201 
-47.093774 -17.288892 -16.051800 
-47.020422 -15.646817 -17.501324 
-46.795930 -15.708123 -17.640060 
FEnd
FBeg
 2210  OE1 GLN A 297  2543   CB SER B  31 unk
-47.484 -18.012 -17.618 -44.011 -16.538 -17.204  4.43
-46.795930 -15.708123 -17.640060 
-45.911497 -18.163891 -16.315983 
-45.884356 -17.460087 -19.049479 
-46.280343 -16.395415 -19.518233 
FEnd
FBeg
 2179  OE1 GLU A 294  2543   CB SER B  31 unk
-47.248 -13.837 -19.081 -44.011 -16.538 -17.204  10.73
-46.280343 -16.395415 -19.518233 
-46.795930 -15.708123 -17.640060 
-45.693882 -14.072829 -17.187422 
-45.262185 -13.617395 -17.276542 
-43.700388 -12.761687 -18.738591 
-43.784864 -13.557950 -19.738730 
-44.798851 -15.126559 -20.247274 
-45.945729 -16.202045 -19.817036 
FEnd
FBeg
 2168   NE ARG A 293  2543   CB SER B  31 unk
-43.959 -18.048 -20.840 -44.011 -16.538 -17.204  2.70
-44.798851 -15.126559 -20.247274 
-44.425680 -15.731817 -19.990579 
-44.515965 -17.802513 -19.131927 
-45.531568 -17.216236 -19.389928 
-45.945729 -16.202045 -19.817036 
FEnd
FBeg
 2167   CD ARG A 293  2543   CB SER B  31 ali
-44.668 -19.318 -20.935 -44.011 -16.538 -17.204  0.98
-44.515965 -17.802513 -19.131927 
-44.333637 -18.141922 -18.911138 
-45.296373 -18.236856 -18.670871 
-45.457490 -18.109480 -18.737409 
-45.693196 -17.732813 -18.976560 
-45.531568 -17.216236 -19.389928 
FEnd
FBeg
 2211  NE2 GLN A 297  2543   CB SER B  31 unk
-46.498 -20.016 -17.840 -44.011 -16.538 -17.204  0.64
-45.296373 -18.236856 -18.670871 
-45.614618 -18.489551 -16.044538 
-45.732244 -18.392320 -16.116291 
-45.822306 -18.311139 -16.208058 
-45.457490 -18.109480 -18.737409 
FEnd
FBeg
 2211  NE2 GLN A 297  2529    C TYR B  30 unk
-46.498 -20.016 -17.840 -45.933 -16.633 -14.182  0.17
-45.614618 -18.489551 -16.044538 
-45.732244 -18.392320 -16.116291 
-45.855872 -18.347074 -16.139041 
-46.198184 -18.743715 -15.719346 
-45.526390 -18.628387 -15.929767 
FEnd
FBeg
 2211  NE2 GLN A 297  2810   CB SER B  67 unk
-46.498 -20.016 -17.840 -45.305 -21.114 -14.633  17.25
-46.198184 -18.743715 -15.719346 
-48.028709 -21.117034 -15.850960 
-48.022581 -22.120074 -16.196656 
-45.668596 -23.597585 -17.578200 
-43.784297 -23.425497 -18.220238 
-43.605425 -20.680671 -17.347016 
-45.526390 -18.628387 -15.929767 
FEnd
FBeg
 2211  NE2 GLN A 297  2805    O GLY B  66 hbd
-46.498 -20.016 -17.840 -42.269 -21.197 -14.994  1.59
-43.784297 -23.425497 -18.220238 
-43.403436 -23.085622 -18.645140 
-43.309397 -22.054498 -18.356992 
-43.329845 -20.901302 -17.848067 
-43.605425 -20.680671 -17.347016 
FEnd
FBeg
 2170  NH1 ARG A 293  2805    O GLY B  66 hbd
-42.045 -18.986 -19.995 -42.269 -21.197 -14.994  1.55
-43.309397 -22.054498 -18.356992 
-43.329845 -20.901302 -17.848067 
-42.090894 -19.932839 -17.364405 
-43.094777 -22.819607 -18.685643 
FEnd
FBeg
 2170  NH1 ARG A 293  2709  CG2 THR B  52 unk
-42.045 -18.986 -19.995 -39.254 -20.574 -18.646  20.08
-42.090894 -19.932839 -17.364405 
-43.094777 -22.819607 -18.685643 
-41.193344 -23.716034 -23.674838 
-40.730200 -20.832794 -21.238998 
-40.336750 -18.198840 -18.952414 
-40.992580 -18.461992 -17.905316 
-41.644238 -19.145350 -17.361502 
FEnd
FBeg
 2170  NH1 ARG A 293  2702   CB ALA B  51 unk
-42.045 -18.986 -19.995 -39.947 -17.404 -15.493  0.35
-40.992580 -18.461992 -17.905316 
-41.610890 -18.170549 -17.719587 
-41.644238 -19.145350 -17.361502 
FEnd
FBeg
 2170  NH1 ARG A 293  2696    O ALA B  50 hbd
-42.045 -18.986 -19.995 -40.256 -16.330 -18.207  1.35
-40.336750 -18.198840 -18.952414 
-40.314581 -18.143144 -19.057329 
-40.407456 -17.724116 -19.586851 
-41.734331 -17.935836 -17.944733 
-41.699734 -18.032797 -17.835318 
-41.610890 -18.170549 -17.719587 
-40.992580 -18.461992 -17.905316 
FEnd
FBeg
 2170  NH1 ARG A 293  2543   CB SER B  31 unk
-42.045 -18.986 -19.995 -44.011 -16.538 -17.204  0.01
-41.734331 -17.935836 -17.944733 
-41.883533 -18.035923 -17.962045 
-41.699734 -18.032797 -17.835318 
FEnd
FBeg
 2169   CZ ARG A 293  2696    O ALA B  50 unk
-42.714 -17.919 -20.398 -40.256 -16.330 -18.207  1.18
-40.407456 -17.724116 -19.586851 
-41.734331 -17.935836 -17.944733 
-41.916804 -16.983840 -18.430448 
-40.389171 -17.658929 -19.654641 
FEnd
FBeg
 2169   CZ ARG A 293  2708  OG1 THR B  52 unk
-42.714 -17.919 -20.398 -39.232 -19.007 -20.505  6.70
-40.389171 -17.658929 -19.654641 
-40.407456 -17.724116 -19.586851 
-41.326313 -20.176298 -24.554004 
-41.298837 -20.044854 -24.996422 
-41.025659 -19.174664 -24.954938 
-40.442756 -17.497777 -23.037025 
FEnd
FBeg
 2171  NH2 ARG A 293  2708  OG1 THR B  52 hbd
-42.147 -16.723 -20.350 -39.232 -19.007 -20.505  2.51
-40.442756 -17.497777 -23.037025 
-40.389171 -17.658929 -19.654641 
-39.666581 -16.681271 -20.471551 
-39.622312 -16.589893 -20.985504 
-39.851553 -16.838948 -21.626772 
-40.329135 -17.366641 -22.832577 
FEnd
FBeg
 2171  NH2 ARG A 293  2717  ND2 ASN B  53 hbd
-42.147 -16.723 -20.350 -38.195 -14.875 -22.724  8.55
-39.851553 -16.838948 -21.626772 
-40.329135 -17.366641 -22.832577 
-40.566417 -17.429539 -23.276543 
-41.428570 -16.977336 -24.359760 
-42.511156 -14.017577 -23.857967 
-42.551303 -13.595299 -23.596085 
-39.684469 -16.513011 -21.094907 
FEnd
FBeg
 2171  NH2 ARG A 293  2715   CG ASN B  53 unk
-42.147 -16.723 -20.350 -37.268 -15.781 -22.460  0.04
-39.622312 -16.589893 -20.985504 
-39.851553 -16.838948 -21.626772 
-39.684469 -16.513011 -21.094907 
FEnd
FBeg
 2171  NH2 ARG A 293  2697   CB ALA B  50 unk
-42.147 -16.723 -20.350 -39.882 -13.900 -19.653  16.52
-39.666581 -16.681271 -20.471551 
-39.622312 -16.589893 -20.985504 
-39.684469 -16.513011 -21.094907 
-42.551303 -13.595299 -23.596085 
-43.917993 -13.013032 -21.513140 
-43.784864 -13.557950 -19.738730 
-42.141850 -15.139518 -18.672243 
-41.966946 -15.273010 -18.699948 
FEnd
FBeg
 2171  NH2 ARG A 293  2694   CA ALA B  50 unk
-42.147 -16.723 -20.350 -39.699 -13.973 -18.146  0.01
-42.141850 -15.139518 -18.672243 
-42.063056 -15.252394 -18.618920 
-41.966946 -15.273010 -18.699948 
FEnd
FBeg
 2171  NH2 ARG A 293  2696    O ALA B  50 hbd
-42.147 -16.723 -20.350 -40.256 -16.330 -18.207  4.05
-41.916804 -16.983840 -18.430448 
-42.063056 -15.252394 -18.618920 
-41.966946 -15.273010 -18.699948 
-39.666581 -16.681271 -20.471551 
-40.389171 -17.658929 -19.654641 
FEnd
FBeg
 2170  NH1 ARG A 293  2707   CB THR B  52 unk
-42.045 -18.986 -19.995 -38.393 -19.818 -19.665  0.21
-40.730200 -20.832794 -21.238998 
-40.314581 -18.143144 -19.057329 
-40.336750 -18.198840 -18.952414 
FEnd
FBeg
 2170  NH1 ARG A 293  2708  OG1 THR B  52 hbd
-42.045 -18.986 -19.995 -39.232 -19.007 -20.505  12.65
-41.193344 -23.716034 -23.674838 
-41.326313 -20.176298 -24.554004 
-40.407456 -17.724116 -19.586851 
-40.314581 -18.143144 -19.057329 
-40.730200 -20.832794 -21.238998 
FEnd
FBeg
 2170  NH1 ARG A 293  2544   OG SER B  31 hbd
-42.045 -18.986 -19.995 -43.903 -17.942 -17.326  4.06
-43.329845 -20.901302 -17.848067 
-42.090894 -19.932839 -17.364405 
-41.644238 -19.145350 -17.361502 
-41.610890 -18.170549 -17.719587 
-41.699734 -18.032797 -17.835318 
-41.883533 -18.035923 -17.962045 
-43.559213 -19.335193 -18.620335 
-43.572107 -20.519361 -18.166115 
FEnd
FBeg
 2169   CZ ARG A 293  2544   OG SER B  31 unk
-42.714 -17.919 -20.398 -43.903 -17.942 -17.326  1.61
-41.883533 -18.035923 -17.962045 
-43.559213 -19.335193 -18.620335 
-44.333637 -18.141922 -18.911138 
FEnd
FBeg
 2211  NE2 GLN A 297  2811   OG SER B  67 hbd
-46.498 -20.016 -17.840 -45.911 -22.360 -14.333  1.84
-48.022581 -22.120074 -16.196656 
-47.899252 -23.481663 -17.127355 
-45.668596 -23.597585 -17.578200 
FEnd
FBeg
 2208   CG GLN A 297  2810   CB SER B  67 ali
-48.829 -19.830 -18.421 -45.305 -21.114 -14.633  1.41
-48.028709 -21.117034 -15.850960 
-48.022581 -22.120074 -16.196656 
-49.071274 -21.308941 -14.946106 
-48.777361 -20.335562 -14.889593 
FEnd
FBeg
 2209   CD GLN A 297  2810   CB SER B  67 ali
-47.542 -19.206 -17.926 -45.305 -21.114 -14.633  3.33
-46.198184 -18.743715 -15.719346 
-48.028709 -21.117034 -15.850960 
-48.777361 -20.335562 -14.889593 
-48.587329 -19.886806 -14.758671 
-48.567846 -19.853828 -14.752798 
-47.977940 -19.319491 -14.843933 
-47.245847 -18.950135 -15.127249 
FEnd
FBeg
 2209   CD GLN A 297  2528   CA TYR B  30 ali
-47.542 -19.206 -17.926 -47.365 -16.349 -13.744  1.72
-47.977940 -19.319491 -14.843933 
-47.245847 -18.950135 -15.127249 
-47.252788 -18.288932 -15.578667 
-48.661882 -18.224516 -15.563035 
-48.721923 -19.130488 -14.941565 
-48.452521 -19.424896 -14.751837 
FEnd
FBeg
 2207   CB GLN A 297  2528   CA TYR B  30 ali
-50.075 -19.069 -17.971 -47.365 -16.349 -13.744  0.31
-48.661882 -18.224516 -15.563035 
-48.721923 -19.130488 -14.941565 
-49.074504 -18.641542 -15.030147 
-48.920228 -18.221729 -15.399198 
-48.667344 -18.208954 -15.569548 
FEnd
FBeg
 2207   CB GLN A 297  2531   CB TYR B  30 ali
-50.075 -19.069 -17.971 -48.098 -15.467 -14.766  0.78
-48.920228 -18.221729 -15.399198 
-48.667344 -18.208954 -15.569548 
-49.265642 -16.058462 -17.617358 
-49.465325 -15.991802 -17.569102 
FEnd
FBeg
 2178   CD GLU A 294  2531   CB TYR B  30 ali
-48.362 -13.394 -18.722 -48.098 -15.467 -14.766  4.01
-49.265642 -16.058462 -17.617358 
-49.465325 -15.991802 -17.569102 
-49.644108 -15.185908 -17.134871 
-46.429168 -13.823559 -16.635527 
-46.766392 -14.845841 -17.148713 
-47.212152 -15.649580 -17.540136 
FEnd
FBeg
 2179  OE1 GLU A 294  2531   CB TYR B  30 unk
-47.248 -13.837 -19.081 -48.098 -15.467 -14.766  0.08
-46.766392 -14.845841 -17.148713 
-47.020422 -15.646817 -17.501324 
-47.212152 -15.649580 -17.540136 
FEnd
FBeg
 2178   CD GLU A 294  2539    N SER B  31 unk
-48.362 -13.394 -18.722 -45.515 -16.052 -15.298  0.21
-46.429168 -13.823559 -16.635527 
-46.766392 -14.845841 -17.148713 
-46.032680 -13.409801 -16.644006 
-46.065827 -13.422228 -16.626092 
FEnd
FBeg
 2180  OE2 GLU A 294  2539    N SER B  31 hbd
-48.645 -13.166 -17.522 -45.515 -16.052 -15.298  0.07
-46.065827 -13.422228 -16.626092 
-46.429168 -13.823559 -16.635527 
-46.309173 -13.510085 -16.397622 
FEnd
FBeg
  234  ND2 ASN A  36  2539    N SER B  31 hbd
-47.485 -11.048 -15.472 -45.515 -16.052 -15.298  0.16
-46.032680 -13.409801 -16.644006 
-46.065827 -13.422228 -16.626092 
-46.309173 -13.510085 -16.397622 
-46.162373 -13.430550 -15.772332 
-45.934071 -13.371777 -16.666916 
FEnd
FBeg
  234  ND2 ASN A  36  2545    N SER B  32 hbd
-47.485 -11.048 -15.472 -43.693 -13.936 -14.694  0.82
-46.162373 -13.430550 -15.772332 
-45.934071 -13.371777 -16.666916 
-45.593450 -12.996612 -16.934472 
-45.993389 -13.001881 -15.004715 
-46.196658 -13.353257 -15.318310 
FEnd
FBeg
  234  ND2 ASN A  36  2522    O ILE B  29 hbd
-47.485 -11.048 -15.472 -46.282 -13.918 -13.036  2.31
-45.993389 -13.001881 -15.004715 
-46.007867 -12.903200 -14.881303 
-46.772973 -11.959378 -13.391487 
-47.771331 -12.535404 -13.577108 
-47.660772 -12.960761 -14.132845 
-46.196658 -13.353257 -15.318310 
FEnd
FBeg
  234  ND2 ASN A  36  2534  CD2 TYR B  30 unk
-47.485 -11.048 -15.472 -49.861 -14.016 -13.673  3.44
-47.771331 -12.535404 -13.577108 
-48.771891 -11.956800 -13.943995 
-49.584285 -11.683538 -14.566124 
-49.600863 -12.120169 -15.308375 
-49.510406 -12.419659 -15.683004 
-49.497019 -12.440173 -15.699169 
-48.622430 -13.055158 -15.558675 
-47.660772 -12.960761 -14.132845 
FEnd
FBeg
 2180  OE2 GLU A 294  2534  CD2 TYR B  30 unk
-48.645 -13.166 -17.522 -49.861 -14.016 -13.673  0.64
-49.497019 -12.440173 -15.699169 
-48.622430 -13.055158 -15.558675 
-48.950023 -13.329581 -15.722773 
-49.753168 -13.389055 -15.989641 
FEnd
FBeg
 2180  OE2 GLU A 294  2532   CG TYR B  30 unk
-48.645 -13.166 -17.522 -49.539 -15.165 -14.386  1.32
-48.950023 -13.329581 -15.722773 
-49.753168 -13.389055 -15.989641 
-50.163911 -14.566693 -16.857403 
-49.666296 -15.083552 -17.045010 
FEnd
FBeg
 2180  OE2 GLU A 294  2533  CD1 TYR B  30 unk
-48.645 -13.166 -17.522 -50.573 -16.036 -14.729  0.26
-50.163911 -14.566693 -16.857403 
-50.330877 -14.929568 -17.345539 
-49.644108 -15.185908 -17.134871 
-49.666296 -15.083552 -17.045010 
FEnd
FBeg
  220  ND2 ASN A  34  2533  CD1 TYR B  30 unk
-51.590 -12.536 -16.983 -50.573 -16.036 -14.729  1.85
-50.163911 -14.566693 -16.857403 
-50.330877 -14.929568 -17.345539 
-50.501305 -15.121755 -17.567070 
-50.696703 -15.155492 -17.531293 
-51.604930 -14.899451 -16.723925 
-51.107464 -14.008723 -15.565261 
-51.100176 -14.003790 -15.560889 
-51.058212 -14.006491 -15.584017 
FEnd
FBeg
  220  ND2 ASN A  34  2537   CZ TYR B  30 unk
-51.590 -12.536 -16.983 -52.174 -14.610 -13.669  0.35
-51.107464 -14.008723 -15.565261 
-51.100176 -14.003790 -15.560889 
-51.103226 -13.991867 -15.553965 
-51.368054 -13.732644 -15.438404 
-52.167794 -13.867295 -15.663605 
-52.428846 -14.145718 -15.883853 
FEnd
FBeg
  217   CB ASN A  34  2537   CZ TYR B  30 ali
-53.426 -11.960 -15.535 -52.174 -14.610 -13.669  4.17
-52.167794 -13.867295 -15.663605 
-52.428846 -14.145718 -15.883853 
-53.359421 -14.475474 -15.727783 
-54.063346 -14.342525 -15.066673 
-53.145885 -12.588857 -13.191776 
-52.002221 -13.230200 -14.869926 
FEnd
FBeg
  217   CB ASN A  34  2536  CE2 TYR B  30 ali
-53.426 -11.960 -15.535 -51.165 -13.737 -13.315  1.97
-53.145885 -12.588857 -13.191776 
-52.002221 -13.230200 -14.869926 
-51.841039 -11.445765 -13.605732 
-53.187672 -12.420928 -13.014799 
FEnd
FBeg
  214   CA ASN A  34  2536  CE2 TYR B  30 ali
-53.983 -10.743 -14.796 -51.165 -13.737 -13.315  0.89
-51.841039 -11.445765 -13.605732 
-53.187672 -12.420928 -13.014799 
-53.247571 -12.175307 -12.404275 
-51.965888 -11.372915 -13.220900 
-51.766469 -11.352063 -13.558194 
-51.767516 -11.354782 -13.561698 
FEnd
FBeg
  219  OD1 ASN A  34  2536  CE2 TYR B  30 unk
-51.275 -10.950 -15.445 -51.165 -13.737 -13.315  0.27
-51.766469 -11.352063 -13.558194 
-50.270261 -11.803135 -14.225668 
-50.375998 -11.990226 -14.465007 
-51.767516 -11.354782 -13.561698 
FEnd
FBeg
  219  OD1 ASN A  34  3024  CE1 TYR B  92 unk
-51.275 -10.950 -15.445 -49.771 -10.618 -12.298  3.75
-51.766469 -11.352063 -13.558194 
-50.270261 -11.803135 -14.225668 
-49.584285 -11.683538 -14.566124 
-49.566715 -10.981314 -14.648603 
-49.897588 -9.947179 -14.599572 
-50.582891 -9.640313 -14.304429 
-51.734314 -10.651512 -13.647468 
FEnd
FBeg
  221    N SER A  35  3024  CE1 TYR B  92 unk
-52.624 -8.761 -14.440 -49.771 -10.618 -12.298  2.03
-50.582891 -9.640313 -14.304429 
-51.734314 -10.651512 -13.647468 
-51.948152 -10.568910 -13.291037 
-51.861669 -10.243990 -13.124538 
-51.307897 -9.150085 -12.913768 
-50.582997 -9.137705 -13.868554 
-50.471395 -9.229549 -14.096825 
FEnd
FBeg
  222   CA SER A  35  3024  CE1 TYR B  92 ali
-52.114 -7.423 -14.729 -49.771 -10.618 -12.298  0.03
-50.582997 -9.137705 -13.868554 
-50.325956 -9.079863 -14.040269 
-50.471395 -9.229549 -14.096825 
FEnd
FBeg
  225   CB SER A  35  3024  CE1 TYR B  92 ali
-51.421 -6.860 -13.502 -49.771 -10.618 -12.298  3.65
-51.307897 -9.150085 -12.913768 
-49.510670 -7.985816 -11.742758 
-49.281582 -8.001216 -12.104773 
-49.066934 -8.377112 -13.572204 
-49.381891 -8.642769 -13.969762 
-50.325956 -9.079863 -14.040269 
-50.582997 -9.137705 -13.868554 
FEnd
FBeg
  233  OD1 ASN A  36  3024  CE1 TYR B  92 unk
-47.611 -8.824 -15.208 -49.771 -10.618 -12.298  0.20
-49.066934 -8.377112 -13.572204 
-48.979993 -9.019160 -13.903490 
-49.370247 -8.817440 -14.068803 
-49.381891 -8.642769 -13.969762 
FEnd
FBeg
  233  OD1 ASN A  36  3022  CD1 TYR B  92 unk
-47.611 -8.824 -15.208 -48.410 -10.524 -12.123  2.75
-49.066934 -8.377112 -13.572204 
-48.979993 -9.019160 -13.903490 
-46.572971 -9.748758 -13.682130 
-46.440785 -9.745543 -13.646123 
-47.767016 -8.118382 -13.092957 
-48.611419 -7.848808 -13.163104 
FEnd
FBeg
  233  OD1 ASN A  36  3028    N GLY B  93 hbd
-47.611 -8.824 -15.208 -47.343 -6.869 -10.921  3.88
-47.767016 -8.118382 -13.092957 
-46.561033 -7.088184 -13.638150 
-46.833594 -5.682286 -14.262242 
-47.865168 -5.384416 -14.333592 
-48.611419 -7.848808 -13.163104 
FEnd
FBeg
  233  OD1 ASN A  36  3008    O PHE B  91 hbd
-47.611 -8.824 -15.208 -44.248 -6.985 -12.534  16.12
-46.561033 -7.088184 -13.638150 
-45.337663 -8.583283 -14.148511 
-45.075474 -8.645513 -14.435460 
-44.337775 -7.847073 -15.912353 
-44.047938 -4.757147 -18.401918 
-44.333230 -4.491723 -18.225657 
-45.994624 -3.870468 -16.563436 
-46.833594 -5.682286 -14.262242 
FEnd
FBeg
  233  OD1 ASN A  36  2549   CB SER B  32 unk
-47.611 -8.824 -15.208 -43.711 -11.471 -14.691  3.37
-45.075474 -8.645513 -14.435460 
-45.240610 -8.840227 -14.186674 
-45.525958 -9.234957 -14.055139 
-45.712213 -9.557936 -14.303738 
-43.490349 -7.171529 -18.846204 
-43.482506 -7.161675 -18.854910 
-44.337775 -7.847073 -15.912353 
FEnd
FBeg
  232   CG ASN A  36  2549   CB SER B  32 ali
-47.858 -9.837 -15.861 -43.711 -11.471 -14.691  8.38
-45.712213 -9.557936 -14.303738 
-43.490349 -7.171529 -18.846204 
-45.084849 -10.730304 -18.164705 
-45.756927 -9.717965 -14.368746 
FEnd
FBeg
  232   CG ASN A  36  2550   OG SER B  32 unk
-47.858 -9.837 -15.861 -44.809 -11.529 -13.793  0.03
-45.756927 -9.717965 -14.368746 
-45.712213 -9.557936 -14.303738 
-45.959692 -9.672419 -14.032531 
FEnd
FBeg
  233  OD1 ASN A  36  2550   OG SER B  32 hbd
-47.611 -8.824 -15.208 -44.809 -11.529 -13.793  0.16
-45.525958 -9.234957 -14.055139 
-46.120762 -9.710715 -13.786788 
-45.959692 -9.672419 -14.032531 
-45.712213 -9.557936 -14.303738 
FEnd
FBeg
  233  OD1 ASN A  36  3007    C PHE B  91 unk
-47.611 -8.824 -15.208 -43.704 -7.847 -11.850  0.05
-45.337663 -8.583283 -14.148511 
-45.240610 -8.840227 -14.186674 
-45.075474 -8.645513 -14.435460 
FEnd
FBeg
  233  OD1 ASN A  36  3017   CA TYR B  92 unk
-47.611 -8.824 -15.208 -45.840 -8.756 -11.162  3.90
-46.440785 -9.745543 -13.646123 
-46.120762 -9.710715 -13.786788 
-45.525958 -9.234957 -14.055139 
-45.240610 -8.840227 -14.186674 
-45.337663 -8.583283 -14.148511 
-46.561033 -7.088184 -13.638150 
-47.767016 -8.118382 -13.092957 
FEnd
FBeg
  234  ND2 ASN A  36  3017   CA TYR B  92 unk
-47.485 -11.048 -15.472 -45.840 -8.756 -11.162  0.05
-46.440785 -9.745543 -13.646123 
-46.120762 -9.710715 -13.786788 
-46.304974 -9.983597 -13.571365 
FEnd
FBeg
  232   CG ASN A  36  3022  CD1 TYR B  92 aro
-47.858 -9.837 -15.861 -48.410 -10.524 -12.123  1.91
-48.979993 -9.019160 -13.903490 
-46.572971 -9.748758 -13.682130 
-48.835858 -10.603556 -14.173398 
FEnd
FBeg
  225   CB SER A  35  3022  CD1 TYR B  92 ali
-51.421 -6.860 -13.502 -48.410 -10.524 -12.123  0.51
-49.281582 -8.001216 -12.104773 
-49.066934 -8.377112 -13.572204 
-48.611419 -7.848808 -13.163104 
FEnd
FBeg
  225   CB SER A  35  3028    N GLY B  93 unk
-51.421 -6.860 -13.502 -47.343 -6.869 -10.921  3.96
-49.510670 -7.985816 -11.742758 
-49.281582 -8.001216 -12.104773 
-48.611419 -7.848808 -13.163104 
-47.865168 -5.384416 -14.333592 
-48.237366 -5.206171 -13.744895 
-49.718082 -7.800178 -11.414398 
-49.676667 -7.854719 -11.480024 
FEnd
FBeg
  225   CB SER A  35  3025  CE2 TYR B  92 ali
-51.421 -6.860 -13.502 -50.094 -10.089 -9.981  0.18
-49.718082 -7.800178 -11.414398 
-50.254803 -7.518033 -10.953371 
-50.443663 -7.828730 -11.167124 
-49.676667 -7.854719 -11.480024 
FEnd
FBeg
  226   OG SER A  35  3025  CE2 TYR B  92 unk
-52.114 -7.243 -12.333 -50.094 -10.089 -9.981  10.88
-50.254803 -7.518033 -10.953371 
-50.443663 -7.828730 -11.167124 
-52.356982 -8.408857 -10.225855 
-54.848778 -7.627700 -7.140566 
-53.158051 -5.886757 -6.486036 
FEnd
FBeg
  226   OG SER A  35  3029   CA GLY B  93 unk
-52.114 -7.243 -12.333 -48.048 -5.826 -10.208  11.30
-53.158051 -5.886757 -6.486036 
-50.254803 -7.518033 -10.953371 
-51.819189 -3.575464 -10.589055 
-52.434903 -4.010926 -9.120564 
-53.247827 -5.755178 -6.401997 
FEnd
FBeg
  226   OG SER A  35  3027   OH TYR B  92 hbd
-52.114 -7.243 -12.333 -51.977 -10.491 -11.400  8.74
-52.356982 -8.408857 -10.225855 
-54.848778 -7.627700 -7.140566 
-55.628323 -7.624513 -7.015007 
-53.932940 -8.973706 -11.960820 
-52.038772 -9.016628 -12.388380 
FEnd
FBeg
  208    O LEU A  33  3027   OH TYR B  92 hbd
-55.771 -10.570 -12.679 -51.977 -10.491 -11.400  16.96
-55.628323 -7.624513 -7.015007 
-53.932940 -8.973706 -11.960820 
-53.819282 -9.469805 -12.267329 
-53.833142 -12.117084 -12.062701 
-54.308637 -12.650721 -10.619242 
-55.485532 -9.864832 -7.300199 
FEnd
FBeg
  208    O LEU A  33  2538   OH TYR B  30 hbd
-55.771 -10.570 -12.679 -53.470 -14.319 -13.307  1.37
-53.833142 -12.117084 -12.062701 
-54.308637 -12.650721 -10.619242 
-54.943786 -12.766920 -12.252756 
-54.940236 -12.721176 -12.512831 
-54.592928 -12.480900 -12.674679 
FEnd
FBeg
  207    C LEU A  33  2538   OH TYR B  30 unk
-56.222 -10.686 -13.819 -53.470 -14.319 -13.307  0.20
-54.940236 -12.721176 -12.512831 
-54.592928 -12.480900 -12.674679 
-54.925360 -12.837153 -13.415731 
FEnd
FBeg
  211  CD1 LEU A  33  2538   OH TYR B  30 unk
-57.134 -14.353 -13.363 -53.470 -14.319 -13.307  6.65
-54.943786 -12.766920 -12.252756 
-54.940236 -12.721176 -12.512831 
-54.925360 -12.837153 -13.415731 
-54.922841 -12.891640 -13.547455 
-54.894853 -13.991163 -14.711074 
-54.884748 -15.745217 -14.307270 
-54.925712 -14.889618 -12.146553 
-54.952034 -13.835282 -11.064459 
FEnd
FBeg
 2248   CE LYS A 301  2538   OH TYR B  30 unk
-55.014 -17.026 -10.707 -53.470 -14.319 -13.307  4.71
-54.925712 -14.889618 -12.146553 
-53.259645 -15.210686 -11.491447 
-52.923054 -14.665895 -10.724353 
-53.451170 -13.421820 -9.742699 
-54.202771 -13.082384 -9.835630 
-54.952034 -13.835282 -11.064459 
FEnd
FBeg
 2248   CE LYS A 301  2512   CB PHE B  28 ali
-55.014 -17.026 -10.707 -50.819 -16.443 -9.189  11.37
-52.923054 -14.665895 -10.724353 
-53.451170 -13.421820 -9.742699 
-54.210500 -12.868930 -7.856627 
-54.534897 -14.029947 -6.514257 
-52.820290 -17.258945 -10.012458 
-52.645386 -16.628163 -10.738066 
-52.642025 -15.537828 -11.166104 
FEnd
FBeg
 2248   CE LYS A 301  2515  CD2 PHE B  28 ali
-55.014 -17.026 -10.707 -50.664 -17.357 -11.516  0.11
-52.645386 -16.628163 -10.738066 
-52.676433 -16.917045 -10.786812 
-52.646427 -15.553708 -11.183278 
-52.642025 -15.537828 -11.166104 
FEnd
FBeg
 2247   CD LYS A 301  2515  CD2 PHE B  28 ali
-54.549 -17.439 -12.092 -50.664 -17.357 -11.516  3.79
-52.676433 -16.917045 -10.786812 
-52.646427 -15.553708 -11.183278 
-52.461682 -16.340942 -12.317276 
-52.357780 -17.279157 -12.884505 
-52.585506 -18.788519 -11.133669 
-52.587111 -18.784867 -11.123361 
-52.593125 -18.743603 -11.088677 
FEnd
FBeg
 2247   CD LYS A 301  2513   CG PHE B  28 ali
-54.549 -17.439 -12.092 -50.695 -17.584 -10.151  0.58
-52.593125 -18.743603 -11.088677 
-52.676433 -16.917045 -10.786812 
-52.840661 -17.939374 -10.537096 
-52.805944 -18.600776 -10.655439 
FEnd
FBeg
 2249   NZ LYS A 301  2513   CG PHE B  28 unk
-54.416 -17.872 -9.633 -50.695 -17.584 -10.151  1.03
-52.840661 -17.939374 -10.537096 
-52.805944 -18.600776 -10.655439 
-52.629473 -18.031664 -9.071363 
-52.820290 -17.258945 -10.012458 
FEnd
FBeg
 2249   NZ LYS A 301  2514  CD1 PHE B  28 unk
-54.416 -17.872 -9.633 -50.631 -18.887 -9.690  17.25
-52.805944 -18.600776 -10.655439 
-52.629473 -18.031664 -9.071363 
-52.774853 -18.774131 -5.503983 
-54.008047 -23.396911 -5.074483 
-54.048096 -23.514762 -5.635271 
-53.011561 -19.378356 -10.462738 
-52.867835 -18.829498 -10.692367 
FEnd
FBeg
 2246   CG LYS A 301  2514  CD1 PHE B  28 ali
-54.851 -18.899 -12.360 -50.631 -18.887 -9.690  0.13
-53.011561 -19.378356 -10.462738 
-52.867835 -18.829498 -10.692367 
-52.611027 -18.808095 -11.098354 
FEnd
FBeg
 2246   CG LYS A 301  2516  CE1 PHE B  28 ali
-54.851 -18.899 -12.360 -50.528 -19.948 -10.577  7.73
-52.611027 -18.808095 -11.098354 
-53.011561 -19.378356 -10.462738 
-54.571099 -23.039141 -8.835299 
-54.570735 -23.040390 -8.836917 
-53.552775 -22.943298 -11.247907 
-53.203299 -22.455335 -11.808148 
-52.592655 -18.804145 -11.140575 
FEnd
FBeg
 2246   CG LYS A 301  2518   CZ PHE B  28 ali
-54.851 -18.899 -12.360 -50.486 -19.706 -11.939  4.08
-53.203299 -22.455335 -11.808148 
-52.960496 -21.581152 -12.649881 
-52.533409 -19.487681 -13.065090 
-52.590535 -18.801485 -11.157454 
-52.592655 -18.804145 -11.140575 
FEnd
FBeg
 2247   CD LYS A 301  2518   CZ PHE B  28 ali
-54.549 -17.439 -12.092 -50.486 -19.706 -11.939  0.00
-52.590535 -18.801485 -11.157454 
-52.592655 -18.804145 -11.140575 
-52.587366 -18.794540 -11.138705 
FEnd
FBeg
 2246   CG LYS A 301  2517  CE2 PHE B  28 ali
-54.851 -18.899 -12.360 -50.556 -18.408 -12.408  1.12
-52.533409 -19.487681 -13.065090 
-52.660263 -18.398485 -13.274332 
-52.590535 -18.801485 -11.157454 
FEnd
FBeg
 2245   CB LYS A 301  2517  CE2 PHE B  28 ali
-54.880 -19.189 -13.852 -50.556 -18.408 -12.408  2.22
-52.533409 -19.487681 -13.065090 
-52.660263 -18.398485 -13.274332 
-52.595161 -17.995577 -13.687194 
-52.169525 -18.519399 -14.678430 
-52.016798 -19.931958 -14.371771 
FEnd
FBeg
 2206    O GLN A 297  2517  CE2 PHE B  28 unk
-52.943 -19.587 -16.650 -50.556 -18.408 -12.408  1.80
-52.169525 -18.519399 -14.678430 
-51.853009 -18.497525 -14.862615 
-51.121947 -18.809869 -15.187177 
-50.806652 -20.096244 -15.007067 
-52.016798 -19.931958 -14.371771 
FEnd
FBeg
 2206    O GLN A 297  2518   CZ PHE B  28 unk
-52.943 -19.587 -16.650 -50.486 -19.706 -11.939  3.07
-50.806652 -20.096244 -15.007067 
-52.016798 -19.931958 -14.371771 
-52.238267 -21.536836 -14.296804 
-52.176435 -21.834973 -14.336583 
-50.908156 -21.932205 -15.000505 
-50.568717 -21.842566 -15.175273 
FEnd
FBeg
 2207   CB GLN A 297  2518   CZ PHE B  28 ali
-50.075 -19.069 -17.971 -50.486 -19.706 -11.939  2.82
-50.568717 -21.842566 -15.175273 
-50.806652 -20.096244 -15.007067 
-48.766765 -19.929657 -14.850484 
-48.786800 -20.313851 -14.892421 
-49.956513 -22.072118 -15.157801 
FEnd
FBeg
 2206    O GLN A 297  2533  CD1 TYR B  30 unk
-52.943 -19.587 -16.650 -50.573 -16.036 -14.729  0.28
-51.853009 -18.497525 -14.862615 
-51.121947 -18.809869 -15.187177 
-51.190674 -18.705434 -15.295437 
-51.914752 -18.213394 -15.311661 
FEnd
FBeg
 2205    C GLN A 297  2533  CD1 TYR B  30 ali
-52.566 -19.067 -17.705 -50.573 -16.036 -14.729  1.50
-51.190674 -18.705434 -15.295437 
-51.914752 -18.213394 -15.311661 
-51.976631 -17.106748 -16.397320 
-51.908229 -17.027448 -16.523893 
-51.367288 -16.952442 -16.962549 
FEnd
FBeg
 2212    N THR A 298  2533  CD1 TYR B  30 unk
-53.138 -17.977 -18.224 -50.573 -16.036 -14.729  0.51
-51.908229 -17.027448 -16.523893 
-51.807722 -16.396483 -16.948072 
-51.173240 -16.332933 -17.449015 
-51.123043 -16.382245 -17.458469 
-51.367288 -16.952442 -16.962549 
FEnd
FBeg
 2213   CA THR A 298  2533  CD1 TYR B  30 ali
-54.267 -17.338 -17.541 -50.573 -16.036 -14.729  0.12
-51.976631 -17.106748 -16.397320 
-51.927686 -16.313868 -16.828733 
-51.807722 -16.396483 -16.948072 
-51.908229 -17.027448 -16.523893 
FEnd
FBeg
 2213   CA THR A 298  2535  CE1 TYR B  30 ali
-54.267 -17.338 -17.541 -51.884 -15.763 -14.376  4.24
-51.976631 -17.106748 -16.397320 
-51.927686 -16.313868 -16.828733 
-52.464237 -16.000372 -16.580756 
-53.533285 -15.923531 -15.814084 
-54.375135 -16.614758 -14.836261 
-52.908724 -17.963344 -15.269258 
-52.705587 -17.914065 -15.446726 
FEnd
FBeg
 2218  CG2 THR A 298  2535  CE1 TYR B  30 ali
-55.417 -15.182 -17.007 -51.884 -15.763 -14.376  2.55
-53.533285 -15.923531 -15.814084 
-54.375135 -16.614758 -14.836261 
-54.419248 -16.565456 -14.766137 
-54.552630 -15.912902 -14.442925 
-54.191257 -15.262996 -14.784671 
-53.359421 -14.475474 -15.727783 
-53.071267 -14.476639 -16.114983 
-53.094700 -14.842172 -16.164237 
FEnd
FBeg
 2216   CB THR A 298  2535  CE1 TYR B  30 ali
-54.469 -15.878 -17.969 -51.884 -15.763 -14.376  0.73
-52.464237 -16.000372 -16.580756 
-53.533285 -15.923531 -15.814084 
-53.094700 -14.842172 -16.164237 
FEnd
FBeg
 2217  OG1 THR A 298  2535  CE1 TYR B  30 unk
-53.209 -15.195 -17.961 -51.884 -15.763 -14.376  1.81
-51.927686 -16.313868 -16.828733 
-52.464237 -16.000372 -16.580756 
-53.094700 -14.842172 -16.164237 
-53.071267 -14.476639 -16.114983 
-52.763171 -14.381842 -16.213835 
-51.604930 -14.899451 -16.723925 
FEnd
FBeg
 2205    C GLN A 297  2535  CE1 TYR B  30 ali
-52.566 -19.067 -17.705 -51.884 -15.763 -14.376  0.61
-51.914752 -18.213394 -15.311661 
-51.976631 -17.106748 -16.397320 
-52.705587 -17.914065 -15.446726 
FEnd
FBeg
 2206    O GLN A 297  2535  CE1 TYR B  30 unk
-52.943 -19.587 -16.650 -51.884 -15.763 -14.376  0.56
-52.169525 -18.519399 -14.678430 
-51.853009 -18.497525 -14.862615 
-51.914752 -18.213394 -15.311661 
-52.705587 -17.914065 -15.446726 
-52.908724 -17.963344 -15.269258 
FEnd
FBeg
 2245   CB LYS A 301  2535  CE1 TYR B  30 ali
-54.880 -19.189 -13.852 -51.884 -15.763 -14.376  2.42
-52.595161 -17.995577 -13.687194 
-52.169525 -18.519399 -14.678430 
-52.908724 -17.963344 -15.269258 
-54.375135 -16.614758 -14.836261 
-54.419248 -16.565456 -14.766137 
FEnd
FBeg
 2245   CB LYS A 301  2518   CZ PHE B  28 ali
-54.880 -19.189 -13.852 -50.486 -19.706 -11.939  3.05
-52.960496 -21.581152 -12.649881 
-52.533409 -19.487681 -13.065090 
-52.016798 -19.931958 -14.371771 
-52.238267 -21.536836 -14.296804 
FEnd
FBeg
 2249   NZ LYS A 301  2516  CE1 PHE B  28 unk
-54.416 -17.872 -9.633 -50.528 -19.948 -10.577  6.81
-54.048096 -23.514762 -5.635271 
-54.366325 -23.585649 -6.790052 
-54.535062 -23.177184 -8.383296 
-54.571099 -23.039141 -8.835299 
-53.011561 -19.378356 -10.462738 
FEnd
FBeg
 2247   CD LYS A 301  2514  CD1 PHE B  28 ali
-54.549 -17.439 -12.092 -50.631 -18.887 -9.690  0.08
-52.587111 -18.784867 -11.123361 
-52.593125 -18.743603 -11.088677 
-52.805944 -18.600776 -10.655439 
-52.867835 -18.829498 -10.692367 
-52.611027 -18.808095 -11.098354 
FEnd
FBeg
 2247   CD LYS A 301  2516  CE1 PHE B  28 ali
-54.549 -17.439 -12.092 -50.528 -19.948 -10.577  0.00
-52.585506 -18.788519 -11.133669 
-52.587111 -18.784867 -11.123361 
-52.611027 -18.808095 -11.098354 
-52.592655 -18.804145 -11.140575 
-52.587366 -18.794540 -11.138705 
FEnd
FBeg
 2247   CD LYS A 301  2517  CE2 PHE B  28 ali
-54.549 -17.439 -12.092 -50.556 -18.408 -12.408  1.65
-52.357780 -17.279157 -12.884505 
-52.585506 -18.788519 -11.133669 
-52.587366 -18.794540 -11.138705 
-52.590535 -18.801485 -11.157454 
-52.660263 -18.398485 -13.274332 
-52.595161 -17.995577 -13.687194 
FEnd
FBeg
 2247   CD LYS A 301  2535  CE1 TYR B  30 ali
-54.549 -17.439 -12.092 -51.884 -15.763 -14.376  4.42
-52.461682 -16.340942 -12.317276 
-52.357780 -17.279157 -12.884505 
-52.595161 -17.995577 -13.687194 
-54.419248 -16.565456 -14.766137 
-54.552630 -15.912902 -14.442925 
-54.041958 -15.835290 -13.790114 
FEnd
FBeg
 2247   CD LYS A 301  2537   CZ TYR B  30 ali
-54.549 -17.439 -12.092 -52.174 -14.610 -13.669  2.29
-52.646427 -15.553708 -11.183278 
-52.461682 -16.340942 -12.317276 
-54.041958 -15.835290 -13.790114 
-53.259645 -15.210686 -11.491447 
FEnd
FBeg
 2248   CE LYS A 301  2513   CG PHE B  28 ali
-55.014 -17.026 -10.707 -50.695 -17.584 -10.151  0.48
-52.820290 -17.258945 -10.012458 
-52.840661 -17.939374 -10.537096 
-52.676433 -16.917045 -10.786812 
-52.645386 -16.628163 -10.738066 
FEnd
FBeg
 2249   NZ LYS A 301  2512   CB PHE B  28 unk
-54.416 -17.872 -9.633 -50.819 -16.443 -9.189  14.00
-54.534897 -14.029947 -6.514257 
-52.820290 -17.258945 -10.012458 
-52.629473 -18.031664 -9.071363 
-52.774853 -18.774131 -5.503983 
-52.928947 -18.523896 -5.060990 
-53.405031 -17.270849 -5.236959 
-54.260334 -14.875088 -6.018528 
-54.519920 -14.089085 -6.445259 
FEnd
FBeg
 2248   CE LYS A 301  2537   CZ TYR B  30 ali
-55.014 -17.026 -10.707 -52.174 -14.610 -13.669  0.37
-53.259645 -15.210686 -11.491447 
-52.923054 -14.665895 -10.724353 
-52.642025 -15.537828 -11.166104 
-52.646427 -15.553708 -11.183278 
FEnd
FBeg
 2247   CD LYS A 301  2538   OH TYR B  30 unk
-54.549 -17.439 -12.092 -53.470 -14.319 -13.307  3.07
-54.884748 -15.745217 -14.307270 
-54.552630 -15.912902 -14.442925 
-54.041958 -15.835290 -13.790114 
-53.259645 -15.210686 -11.491447 
-54.925712 -14.889618 -12.146553 
FEnd
FBeg
 2218  CG2 THR A 298  2538   OH TYR B  30 unk
-55.417 -15.182 -17.007 -53.470 -14.319 -13.307  1.33
-54.894853 -13.991163 -14.711074 
-54.063346 -14.342525 -15.066673 
-54.191257 -15.262996 -14.784671 
-54.552630 -15.912902 -14.442925 
-54.884748 -15.745217 -14.307270 
FEnd
FBeg
  212  CD2 LEU A  33  2538   OH TYR B  30 unk
-57.814 -12.547 -11.744 -53.470 -14.319 -13.307  1.71
-54.308637 -12.650721 -10.619242 
-54.943786 -12.766920 -12.252756 
-54.952034 -13.835282 -11.064459 
-54.202771 -13.082384 -9.835630 
FEnd
FBeg
  226   OG SER A  35  3026   CZ TYR B  92 unk
-52.114 -7.243 -12.333 -50.612 -10.399 -11.225  2.34
-50.443663 -7.828730 -11.167124 
-52.356982 -8.408857 -10.225855 
-52.038772 -9.016628 -12.388380 
-51.941053 -8.986138 -12.434000 
FEnd
FBeg
  225   CB SER A  35  3029   CA GLY B  93 ali
-51.421 -6.860 -13.502 -48.048 -5.826 -10.208  11.88
-48.237366 -5.206171 -13.744895 
-48.615132 -4.704038 -13.515691 
-50.964906 -3.359301 -11.531681 
-51.819189 -3.575464 -10.589055 
-50.254803 -7.518033 -10.953371 
-49.718082 -7.800178 -11.414398 
FEnd
FBeg
  225   CB SER A  35  3026   CZ TYR B  92 ali
-51.421 -6.860 -13.502 -50.612 -10.399 -11.225  2.30
-51.307897 -9.150085 -12.913768 
-49.510670 -7.985816 -11.742758 
-49.676667 -7.854719 -11.480024 
-50.443663 -7.828730 -11.167124 
-51.941053 -8.986138 -12.434000 
FEnd
FBeg
  221    N SER A  35  3026   CZ TYR B  92 unk
-52.624 -8.761 -14.440 -50.612 -10.399 -11.225  0.58
-51.861669 -10.243990 -13.124538 
-51.307897 -9.150085 -12.913768 
-51.941053 -8.986138 -12.434000 
-52.038772 -9.016628 -12.388380 
FEnd
FBeg
  221    N SER A  35  3027   OH TYR B  92 hbd
-52.624 -8.761 -14.440 -51.977 -10.491 -11.400  2.28
-51.948152 -10.568910 -13.291037 
-51.861669 -10.243990 -13.124538 
-52.038772 -9.016628 -12.388380 
-53.932940 -8.973706 -11.960820 
-53.819282 -9.469805 -12.267329 
FEnd
FBeg
  227    N ASN A  36  3024  CE1 TYR B  92 unk
-50.480 -8.459 -16.189 -49.771 -10.618 -12.298  0.94
-49.897588 -9.947179 -14.599572 
-50.582891 -9.640313 -14.304429 
-50.471395 -9.229549 -14.096825 
-50.325956 -9.079863 -14.040269 
-49.381891 -8.642769 -13.969762 
-49.370247 -8.817440 -14.068803 
FEnd
FBeg
  232   CG ASN A  36  3024  CE1 TYR B  92 aro
-47.858 -9.837 -15.861 -49.771 -10.618 -12.298  1.74
-49.566715 -10.981314 -14.648603 
-49.897588 -9.947179 -14.599572 
-49.370247 -8.817440 -14.068803 
-48.979993 -9.019160 -13.903490 
-48.835858 -10.603556 -14.173398 
FEnd
FBeg
  214   CA ASN A  34  3024  CE1 TYR B  92 ali
-53.983 -10.743 -14.796 -49.771 -10.618 -12.298  0.31
-51.965888 -11.372915 -13.220900 
-51.766469 -11.352063 -13.558194 
-51.734314 -10.651512 -13.647468 
-51.948152 -10.568910 -13.291037 
FEnd
FBeg
  214   CA ASN A  34  3027   OH TYR B  92 unk
-53.983 -10.743 -14.796 -51.977 -10.491 -11.400  4.07
-53.247571 -12.175307 -12.404275 
-51.965888 -11.372915 -13.220900 
-51.948152 -10.568910 -13.291037 
-53.819282 -9.469805 -12.267329 
-53.833142 -12.117084 -12.062701 
FEnd
FBeg
  214   CA ASN A  34  2538   OH TYR B  30 unk
-53.983 -10.743 -14.796 -53.470 -14.319 -13.307  1.55
-53.187672 -12.420928 -13.014799 
-53.247571 -12.175307 -12.404275 
-53.833142 -12.117084 -12.062701 
-54.592928 -12.480900 -12.674679 
-54.925360 -12.837153 -13.415731 
-54.922841 -12.891640 -13.547455 
FEnd
FBeg
  218   CG ASN A  34  2536  CE2 TYR B  30 aro
-52.000 -11.770 -15.985 -51.165 -13.737 -13.315  3.19
-52.002221 -13.230200 -14.869926 
-51.841039 -11.445765 -13.605732 
-51.767516 -11.354782 -13.561698 
-50.375998 -11.990226 -14.465007 
-50.970589 -13.541459 -15.421858 
-51.368054 -13.732644 -15.438404 
FEnd
FBeg
  217   CB ASN A  34  2538   OH TYR B  30 unk
-53.426 -11.960 -15.535 -53.470 -14.319 -13.307  2.95
-54.063346 -14.342525 -15.066673 
-53.145885 -12.588857 -13.191776 
-53.187672 -12.420928 -13.014799 
-54.922841 -12.891640 -13.547455 
-54.894853 -13.991163 -14.711074 
FEnd
FBeg
 2218  CG2 THR A 298  2537   CZ TYR B  30 ali
-55.417 -15.182 -17.007 -52.174 -14.610 -13.669  0.47
-53.359421 -14.475474 -15.727783 
-54.191257 -15.262996 -14.784671 
-54.063346 -14.342525 -15.066673 
FEnd
FBeg
  217   CB ASN A  34  2535  CE1 TYR B  30 ali
-53.426 -11.960 -15.535 -51.884 -15.763 -14.376  0.25
-52.428846 -14.145718 -15.883853 
-53.359421 -14.475474 -15.727783 
-53.071267 -14.476639 -16.114983 
-52.763171 -14.381842 -16.213835 
FEnd
FBeg
  218   CG ASN A  34  2537   CZ TYR B  30 aro
-52.000 -11.770 -15.985 -52.174 -14.610 -13.669  0.39
-51.368054 -13.732644 -15.438404 
-52.167794 -13.867295 -15.663605 
-52.002221 -13.230200 -14.869926 
FEnd
FBeg
  220  ND2 ASN A  34  2536  CE2 TYR B  30 unk
-51.590 -12.536 -16.983 -51.165 -13.737 -13.315  0.08
-51.103226 -13.991867 -15.553965 
-50.970589 -13.541459 -15.421858 
-51.368054 -13.732644 -15.438404 
FEnd
FBeg
  220  ND2 ASN A  34  2535  CE1 TYR B  30 unk
-51.590 -12.536 -16.983 -51.884 -15.763 -14.376  1.24
-51.604930 -14.899451 -16.723925 
-51.107464 -14.008723 -15.565261 
-52.428846 -14.145718 -15.883853 
-52.763171 -14.381842 -16.213835 
FEnd
FBeg
 2217  OG1 THR A 298  2533  CD1 TYR B  30 unk
-53.209 -15.195 -17.961 -50.573 -16.036 -14.729  1.53
-50.696703 -15.155492 -17.531293 
-51.173240 -16.332933 -17.449015 
-51.807722 -16.396483 -16.948072 
-51.927686 -16.313868 -16.828733 
-51.604930 -14.899451 -16.723925 
FEnd
FBeg
 2175    O GLU A 294  2533  CD1 TYR B  30 unk
-51.504 -16.013 -19.792 -50.573 -16.036 -14.729  0.85
-50.501305 -15.121755 -17.567070 
-49.801143 -15.907676 -17.699388 
-51.123043 -16.382245 -17.458469 
-51.173240 -16.332933 -17.449015 
-50.696703 -15.155492 -17.531293 
FEnd
FBeg
  220  ND2 ASN A  34  2532   CG TYR B  30 unk
-51.590 -12.536 -16.983 -49.539 -15.165 -14.386  1.04
-49.753168 -13.389055 -15.989641 
-50.163911 -14.566693 -16.857403 
-51.058212 -14.006491 -15.584017 
FEnd
FBeg
  220  ND2 ASN A  34  2534  CD2 TYR B  30 unk
-51.590 -12.536 -16.983 -49.861 -14.016 -13.673  1.05
-49.510406 -12.419659 -15.683004 
-49.497019 -12.440173 -15.699169 
-49.753168 -13.389055 -15.989641 
-51.058212 -14.006491 -15.584017 
-51.100176 -14.003790 -15.560889 
-51.103226 -13.991867 -15.553965 
-50.970589 -13.541459 -15.421858 
FEnd
FBeg
  218   CG ASN A  34  2534  CD2 TYR B  30 aro
-52.000 -11.770 -15.985 -49.861 -14.016 -13.673  1.52
-49.600863 -12.120169 -15.308375 
-49.510406 -12.419659 -15.683004 
-50.970589 -13.541459 -15.421858 
-50.375998 -11.990226 -14.465007 
FEnd
FBeg
  219  OD1 ASN A  34  2534  CD2 TYR B  30 unk
-51.275 -10.950 -15.445 -49.861 -14.016 -13.673  0.49
-49.584285 -11.683538 -14.566124 
-49.600863 -12.120169 -15.308375 
-50.375998 -11.990226 -14.465007 
-50.270261 -11.803135 -14.225668 
FEnd
FBeg
  234  ND2 ASN A  36  3024  CE1 TYR B  92 unk
-47.485 -11.048 -15.472 -49.771 -10.618 -12.298  0.98
-48.771891 -11.956800 -13.943995 
-48.835858 -10.603556 -14.173398 
-49.566715 -10.981314 -14.648603 
-49.584285 -11.683538 -14.566124 
FEnd
FBeg
  234  ND2 ASN A  36  3022  CD1 TYR B  92 unk
-47.485 -11.048 -15.472 -48.410 -10.524 -12.123  4.91
-46.772973 -11.959378 -13.391487 
-46.304974 -9.983597 -13.571365 
-46.440785 -9.745543 -13.646123 
-46.572971 -9.748758 -13.682130 
-48.835858 -10.603556 -14.173398 
-48.771891 -11.956800 -13.943995 
-47.771331 -12.535404 -13.577108 
FEnd
FBeg
  234  ND2 ASN A  36  2550   OG SER B  32 hbd
-47.485 -11.048 -15.472 -44.809 -11.529 -13.793  3.57
-46.007867 -12.903200 -14.881303 
-45.756927 -9.717965 -14.368746 
-45.959692 -9.672419 -14.032531 
-46.120762 -9.710715 -13.786788 
-46.304974 -9.983597 -13.571365 
-46.772973 -11.959378 -13.391487 
FEnd
FBeg
  234  ND2 ASN A  36  2549   CB SER B  32 unk
-47.485 -11.048 -15.472 -43.711 -11.471 -14.691  8.98
-45.593450 -12.996612 -16.934472 
-45.067739 -11.037628 -18.413832 
-45.084849 -10.730304 -18.164705 
-45.756927 -9.717965 -14.368746 
-46.007867 -12.903200 -14.881303 
-45.993389 -13.001881 -15.004715 
FEnd
FBeg
 2179  OE1 GLU A 294  2545    N SER B  32 hbd
-47.248 -13.837 -19.081 -43.693 -13.936 -14.694  0.46
-45.934071 -13.371777 -16.666916 
-45.593450 -12.996612 -16.934472 
-44.866252 -12.990584 -17.523619 
-45.406997 -13.554700 -17.098158 
-45.588232 -13.588176 -16.952050 
FEnd
FBeg
  234  ND2 ASN A  36  2531   CB TYR B  30 unk
-47.485 -11.048 -15.472 -48.098 -15.467 -14.766  3.02
-46.309173 -13.510085 -16.397622 
-46.162373 -13.430550 -15.772332 
-46.196658 -13.353257 -15.318310 
-47.660772 -12.960761 -14.132845 
-48.622430 -13.055158 -15.558675 
FEnd
FBeg
 2180  OE2 GLU A 294  2531   CB TYR B  30 unk
-48.645 -13.166 -17.522 -48.098 -15.467 -14.766  4.46
-49.644108 -15.185908 -17.134871 
-49.666296 -15.083552 -17.045010 
-48.950023 -13.329581 -15.722773 
-48.622430 -13.055158 -15.558675 
-46.309173 -13.510085 -16.397622 
-46.429168 -13.823559 -16.635527 
FEnd
FBeg
 2178   CD GLU A 294  2533  CD1 TYR B  30 aro
-48.362 -13.394 -18.722 -50.573 -16.036 -14.729  0.70
-49.465325 -15.991802 -17.569102 
-49.644108 -15.185908 -17.134871 
-50.330877 -14.929568 -17.345539 
-50.501305 -15.121755 -17.567070 
-49.801143 -15.907676 -17.699388 
FEnd
FBeg
 2207   CB GLN A 297  2533  CD1 TYR B  30 ali
-50.075 -19.069 -17.971 -50.573 -16.036 -14.729  7.62
-49.074504 -18.641542 -15.030147 
-48.920228 -18.221729 -15.399198 
-49.465325 -15.991802 -17.569102 
-49.801143 -15.907676 -17.699388 
-51.123043 -16.382245 -17.458469 
-51.367288 -16.952442 -16.962549 
-51.190674 -18.705434 -15.295437 
-51.121947 -18.809869 -15.187177 
FEnd
FBeg
 2207   CB GLN A 297  2517  CE2 PHE B  28 ali
-50.075 -19.069 -17.971 -50.556 -18.408 -12.408  2.87
-48.721923 -19.130488 -14.941565 
-49.074504 -18.641542 -15.030147 
-51.121947 -18.809869 -15.187177 
-50.806652 -20.096244 -15.007067 
-48.766765 -19.929657 -14.850484 
FEnd
FBeg
 2210  OE1 GLN A 297  2528   CA TYR B  30 unk
-47.484 -18.012 -17.618 -47.365 -16.349 -13.744  0.68
-47.252788 -18.288932 -15.578667 
-48.661882 -18.224516 -15.563035 
-48.667344 -18.208954 -15.569548 
-47.195562 -17.427096 -15.950387 
FEnd
FBeg
 2209   CD GLN A 297  2812    N GLY B  68 unk
-47.542 -19.206 -17.926 -46.380 -19.531 -12.310  0.10
-48.567846 -19.853828 -14.752798 
-47.977940 -19.319491 -14.843933 
-48.452521 -19.424896 -14.751837 
FEnd
FBeg
 2211  NE2 GLN A 297  2544   OG SER B  31 hbd
-46.498 -20.016 -17.840 -43.903 -17.942 -17.326  5.55
-45.296373 -18.236856 -18.670871 
-45.614618 -18.489551 -16.044538 
-45.526390 -18.628387 -15.929767 
-43.605425 -20.680671 -17.347016 
-43.329845 -20.901302 -17.848067 
-43.572107 -20.519361 -18.166115 
FEnd
FBeg
 2167   CD ARG A 293  2544   OG SER B  31 unk
-44.668 -19.318 -20.935 -43.903 -17.942 -17.326  1.80
-44.333637 -18.141922 -18.911138 
-45.296373 -18.236856 -18.670871 
-43.572107 -20.519361 -18.166115 
-43.559213 -19.335193 -18.620335 
FEnd
FBeg
 2169   CZ ARG A 293  2543   CB SER B  31 ali
-42.714 -17.919 -20.398 -44.011 -16.538 -17.204  5.28
-44.425680 -15.731817 -19.990579 
-41.916804 -16.983840 -18.430448 
-41.734331 -17.935836 -17.944733 
-41.883533 -18.035923 -17.962045 
-44.333637 -18.141922 -18.911138 
-44.515965 -17.802513 -19.131927 
FEnd
FBeg
 2171  NH2 ARG A 293  2543   CB SER B  31 unk
-42.147 -16.723 -20.350 -44.011 -16.538 -17.204  5.96
-43.784864 -13.557950 -19.738730 
-42.141850 -15.139518 -18.672243 
-42.063056 -15.252394 -18.618920 
-41.916804 -16.983840 -18.430448 
-44.425680 -15.731817 -19.990579 
-44.798851 -15.126559 -20.247274 
FEnd
FBeg
 2179  OE1 GLU A 294  2541    C SER B  31 unk
-47.248 -13.837 -19.081 -43.215 -14.941 -15.419  0.72
-45.262185 -13.617395 -17.276542 
-43.700388 -12.761687 -18.738591 
-43.696399 -12.626187 -18.702135 
-44.002418 -12.686735 -18.383366 
-44.866252 -12.990584 -17.523619 
-45.406997 -13.554700 -17.098158 
FEnd
FBeg
 2179  OE1 GLU A 294  2540   CA SER B  31 unk
-47.248 -13.837 -19.081 -44.119 -16.147 -15.729  0.14
-45.693882 -14.072829 -17.187422 
-45.262185 -13.617395 -17.276542 
-45.406997 -13.554700 -17.098158 
-45.588232 -13.588176 -16.952050 
FEnd
FBeg
 2166   CG ARG A 293  2543   CB SER B  31 ali
-46.148 -19.123 -21.270 -44.011 -16.538 -17.204  0.67
-45.884356 -17.460087 -19.049479 
-46.280343 -16.395415 -19.518233 
-45.945729 -16.202045 -19.817036 
-45.531568 -17.216236 -19.389928 
-45.693196 -17.732813 -18.976560 
FEnd
FBeg
 2179  OE1 GLU A 294  2539    N SER B  31 hbd
-47.248 -13.837 -19.081 -45.515 -16.052 -15.298  1.46
-47.020422 -15.646817 -17.501324 
-46.766392 -14.845841 -17.148713 
-46.032680 -13.409801 -16.644006 
-45.934071 -13.371777 -16.666916 
-45.588232 -13.588176 -16.952050 
-45.693882 -14.072829 -17.187422 
-46.795930 -15.708123 -17.640060 
FEnd
FBeg
 2210  OE1 GLN A 297  2531   CB TYR B  30 unk
-47.484 -18.012 -17.618 -48.098 -15.467 -14.766  5.29
-47.093774 -17.288892 -16.051800 
-47.020422 -15.646817 -17.501324 
-47.212152 -15.649580 -17.540136 
-49.265642 -16.058462 -17.617358 
-48.667344 -18.208954 -15.569548 
-47.195562 -17.427096 -15.950387 
FEnd
FBeg
 2210  OE1 GLN A 297  2529    C TYR B  30 unk
-47.484 -18.012 -17.618 -45.933 -16.633 -14.182  0.73
-46.076866 -18.199913 -16.145201 
-47.093774 -17.288892 -16.051800 
-47.195562 -17.427096 -15.950387 
-47.252788 -18.288932 -15.578667 
FEnd
FBeg
 2209   CD GLN A 297  2543   CB SER B  31 ali
-47.542 -19.206 -17.926 -44.011 -16.538 -17.204  1.23
-45.822306 -18.311139 -16.208058 
-45.457490 -18.109480 -18.737409 
-45.693196 -17.732813 -18.976560 
-45.884356 -17.460087 -19.049479 
-45.911497 -18.163891 -16.315983 
FEnd
FBeg
 2211  NE2 GLN A 297  2539    N SER B  31 hbd
-46.498 -20.016 -17.840 -45.515 -16.052 -15.298  0.01
-45.855872 -18.347074 -16.139041 
-45.822306 -18.311139 -16.208058 
-45.732244 -18.392320 -16.116291 
FEnd
FBeg
 2209   CD GLN A 297  2529    C TYR B  30 ali
-47.542 -19.206 -17.926 -45.933 -16.633 -14.182  0.94
-46.076866 -18.199913 -16.145201 
-47.252788 -18.288932 -15.578667 
-47.245847 -18.950135 -15.127249 
-46.198184 -18.743715 -15.719346 
-45.855872 -18.347074 -16.139041 
FEnd
FBeg
 1606   CB SER A 223  2728    C ALA B  55 ali
-32.809 -12.697 -26.185 -29.034 -12.940 -22.436  1.18
-30.552536 -12.602955 -24.573720 
-29.982643 -13.703030 -25.218869 
-29.849201 -14.156800 -25.382649 
-30.052309 -14.285354 -25.186464 
-31.179734 -12.793072 -23.954495 
FEnd
FBeg
 1607   OG SER A 223  2728    C ALA B  55 unk
-32.347 -11.622 -25.387 -29.034 -12.940 -22.436  0.58
-31.179734 -12.793072 -23.954495 
-31.213283 -12.752727 -23.898812 
-30.941106 -11.783025 -23.771280 
-30.573217 -12.271021 -24.402251 
-30.552536 -12.602955 -24.573720 
FEnd
FBeg
 1607   OG SER A 223  2737  OD1 ASP B  56 hbd
-32.347 -11.622 -25.387 -29.569 -11.171 -25.925  3.73
-30.573217 -12.271021 -24.402251 
-30.552536 -12.602955 -24.573720 
-31.168189 -10.985227 -26.396559 
-31.270559 -10.284757 -26.337955 
-30.941203 -10.231876 -24.592973 
-30.768381 -10.504802 -23.929388 
FEnd
FBeg
 1607   OG SER A 223  2736   CG ASP B  56 unk
-32.347 -11.622 -25.387 -28.661 -10.314 -25.809  0.14
-30.941203 -10.231876 -24.592973 
-30.860800 -10.187464 -23.753032 
-30.768381 -10.504802 -23.929388 
FEnd
FBeg
 1590   CB ALA A 221  2736   CG ASP B  56 ali
-31.416 -7.785 -25.679 -28.661 -10.314 -25.809  7.83
-30.941203 -10.231876 -24.592973 
-30.860800 -10.187464 -23.753032 
-29.843777 -9.108651 -23.187030 
-28.583689 -7.677850 -24.317447 
-29.566894 -8.664040 -25.968639 
-30.466606 -9.603287 -26.763664 
-30.859847 -10.036207 -26.675378 
FEnd
FBeg
 1591    N ARG A 222  2736   CG ASP B  56 unk
-30.703 -9.042 -28.667 -28.661 -10.314 -25.809  2.47
-30.466606 -9.603287 -26.763664 
-29.894697 -9.309084 -27.041345 
-28.721342 -10.026651 -28.199055 
-28.765648 -10.179813 -28.235567 
-29.847335 -10.955663 -27.808022 
-30.859847 -10.036207 -26.675378 
FEnd
FBeg
 1591    N ARG A 222  2737  OD1 ASP B  56 hbd
-30.703 -9.042 -28.667 -29.569 -11.171 -25.925  0.25
-29.847335 -10.955663 -27.808022 
-30.859847 -10.036207 -26.675378 
-30.997009 -10.110932 -26.676672 
-29.981842 -11.011874 -27.796039 
FEnd
FBeg
 1595   CB ARG A 222  2737  OD1 ASP B  56 unk
-30.138 -10.750 -30.337 -29.569 -11.171 -25.925  1.28
-29.981842 -11.011874 -27.796039 
-29.847335 -10.955663 -27.808022 
-28.536554 -12.304151 -28.105744 
-29.655271 -12.875666 -28.016002 
FEnd
FBeg
 1600  NH1 ARG A 222  2737  OD1 ASP B  56 elf
-28.774 -13.463 -30.611 -29.569 -11.171 -25.925  3.82
-28.536554 -12.304151 -28.105744 
-27.703895 -13.269386 -27.492368 
-29.133556 -15.241472 -26.770336 
-29.854553 -13.548747 -27.720596 
-29.655271 -12.875666 -28.016002 
FEnd
FBeg
 1600  NH1 ARG A 222  2736   CG ASP B  56 unk
-28.774 -13.463 -30.611 -28.661 -10.314 -25.809  0.19
-28.536554 -12.304151 -28.105744 
-27.703895 -13.269386 -27.492368 
-27.532485 -13.206565 -27.537597 
-28.472975 -12.269757 -28.129794 
FEnd
FBeg
 1595   CB ARG A 222  2736   CG ASP B  56 ali
-30.138 -10.750 -30.337 -28.661 -10.314 -25.809  1.38
-28.765648 -10.179813 -28.235567 
-28.472975 -12.269757 -28.129794 
-28.536554 -12.304151 -28.105744 
-29.847335 -10.955663 -27.808022 
FEnd
FBeg
 1553  CD1 LEU A 216  2736   CG ASP B  56 ali
-26.379 -10.166 -29.199 -28.661 -10.314 -25.809  5.85
-28.721342 -10.026651 -28.199055 
-26.829338 -9.261637 -26.892042 
-27.277729 -12.845557 -27.350345 
-27.532485 -13.206565 -27.537597 
-28.472975 -12.269757 -28.129794 
-28.765648 -10.179813 -28.235567 
FEnd
FBeg
 1553  CD1 LEU A 216  2735   CB ASP B  56 ali
-26.379 -10.166 -29.199 -27.502 -10.581 -24.855  5.04
-26.829338 -9.261637 -26.892042 
-27.277729 -12.845557 -27.350345 
-26.581515 -12.810667 -27.167029 
-24.803128 -11.538152 -26.585716 
-24.724363 -11.367159 -26.549018 
-26.813595 -9.240918 -26.885993 
FEnd
FBeg
 1551   CB LEU A 216  2735   CB ASP B  56 ali
-24.800 -8.456 -28.199 -27.502 -10.581 -24.855  7.85
-24.724363 -11.367159 -26.549018 
-26.813595 -9.240918 -26.885993 
-26.617758 -7.743858 -25.776422 
-24.607353 -8.539858 -24.657817 
-24.307945 -8.791045 -24.575511 
-24.284259 -8.813801 -24.570834 
-24.072324 -9.136270 -24.604506 
FEnd
FBeg
 1551   CB LEU A 216  2743   CB ALA B  57 ali
-24.800 -8.456 -28.199 -23.373 -12.710 -23.797  5.60
-24.072324 -9.136270 -24.604506 
-24.724363 -11.367159 -26.549018 
-23.062049 -12.146541 -27.841070 
-22.399364 -10.877450 -26.829470 
-22.833494 -10.217686 -26.051156 
FEnd
FBeg
 1559   CB PRO A 217  2735   CB ASP B  56 ali
-24.991 -5.109 -25.474 -27.502 -10.581 -24.855  13.45
-26.617758 -7.743858 -25.776422 
-28.074997 -6.875456 -24.011044 
-28.302532 -6.507575 -21.681957 
-27.540331 -6.791739 -21.102084 
-26.662153 -7.177588 -20.950647 
-24.498879 -8.438034 -23.317655 
-24.540326 -8.558304 -24.548987 
-24.607353 -8.539858 -24.657817 
FEnd
FBeg
 1559   CB PRO A 217  2738  OD2 ASP B  56 unk
-24.991 -5.109 -25.474 -28.646 -9.244 -26.457  2.15
-26.617758 -7.743858 -25.776422 
-28.074997 -6.875456 -24.011044 
-28.130136 -6.703299 -24.530209 
-27.670047 -6.679050 -26.342916 
-27.422622 -6.905060 -26.312182 
-26.676648 -7.668951 -25.872554 
FEnd
FBeg
 1556   CA PRO A 217  2738  OD2 ASP B  56 unk
-24.639 -5.575 -26.881 -28.646 -9.244 -26.457  0.16
-27.422622 -6.905060 -26.312182 
-26.676648 -7.668951 -25.872554 
-26.911173 -7.461830 -26.296649 
FEnd
FBeg
 1554  CD2 LEU A 216  2738  OD2 ASP B  56 unk
-26.904 -7.723 -29.296 -28.646 -9.244 -26.457  4.21
-27.670047 -6.679050 -26.342916 
-27.422622 -6.905060 -26.312182 
-26.911173 -7.461830 -26.296649 
-26.988243 -8.935067 -27.133229 
-28.548546 -9.316503 -28.294980 
-28.820475 -8.371394 -27.955491 
FEnd
FBeg
 1587   CA ALA A 221  2738  OD2 ASP B  56 unk
-30.769 -7.312 -26.970 -28.646 -9.244 -26.457  6.19
-28.130136 -6.703299 -24.530209 
-27.670047 -6.679050 -26.342916 
-28.820475 -8.371394 -27.955491 
-29.894697 -9.309084 -27.041345 
-29.566894 -8.664040 -25.968639 
FEnd
FBeg
 1551   CB LEU A 216  2738  OD2 ASP B  56 unk
-24.800 -8.456 -28.199 -28.646 -9.244 -26.457  0.96
-26.813595 -9.240918 -26.885993 
-26.617758 -7.743858 -25.776422 
-26.676648 -7.668951 -25.872554 
-26.911173 -7.461830 -26.296649 
-26.988243 -8.935067 -27.133229 
FEnd
FBeg
 1553  CD1 LEU A 216  2739    N ALA B  57 unk
-26.379 -10.166 -29.199 -25.705 -13.382 -24.221  5.56
-26.581515 -12.810667 -27.167029 
-27.126218 -13.500978 -27.539248 
-24.811230 -14.713038 -28.635730 
-24.368852 -12.582426 -27.319160 
-24.803128 -11.538152 -26.585716 
FEnd
FBeg
 1553  CD1 LEU A 216  2738  OD2 ASP B  56 unk
-26.379 -10.166 -29.199 -28.646 -9.244 -26.457  1.20
-28.721342 -10.026651 -28.199055 
-26.829338 -9.261637 -26.892042 
-26.813595 -9.240918 -26.885993 
-26.988243 -8.935067 -27.133229 
-28.548546 -9.316503 -28.294980 
FEnd
FBeg
 1591    N ARG A 222  2738  OD2 ASP B  56 hbd
-30.703 -9.042 -28.667 -28.646 -9.244 -26.457  1.52
-29.894697 -9.309084 -27.041345 
-28.721342 -10.026651 -28.199055 
-28.548546 -9.316503 -28.294980 
-28.820475 -8.371394 -27.955491 
FEnd
FBeg
 1587   CA ALA A 221  2736   CG ASP B  56 ali
-30.769 -7.312 -26.970 -28.661 -10.314 -25.809  0.45
-29.566894 -8.664040 -25.968639 
-29.894697 -9.309084 -27.041345 
-30.466606 -9.603287 -26.763664 
FEnd
FBeg
 1590   CB ALA A 221  2738  OD2 ASP B  56 unk
-31.416 -7.785 -25.679 -28.646 -9.244 -26.457  1.33
-28.583689 -7.677850 -24.317447 
-29.566894 -8.664040 -25.968639 
-28.130136 -6.703299 -24.530209 
-28.074997 -6.875456 -24.011044 
FEnd
FBeg
 1590   CB ALA A 221  2735   CB ASP B  56 ali
-31.416 -7.785 -25.679 -27.502 -10.581 -24.855  5.10
-29.843777 -9.108651 -23.187030 
-28.583689 -7.677850 -24.317447 
-28.074997 -6.875456 -24.011044 
-28.302532 -6.507575 -21.681957 
-29.218072 -7.871624 -21.961641 
FEnd
FBeg
 1590   CB ALA A 221  2731    N ASP B  56 unk
-31.416 -7.785 -25.679 -28.591 -11.838 -23.030  2.66
-30.860800 -10.187464 -23.753032 
-29.843777 -9.108651 -23.187030 
-29.218072 -7.871624 -21.961641 
-30.161270 -8.642790 -22.135668 
-30.961227 -9.403313 -22.446172 
-31.270317 -10.037391 -23.086693 
FEnd
FBeg
 1590   CB ALA A 221  2737  OD1 ASP B  56 unk
-31.416 -7.785 -25.679 -29.569 -11.171 -25.925  0.50
-31.270559 -10.284757 -26.337955 
-30.941203 -10.231876 -24.592973 
-30.859847 -10.036207 -26.675378 
-30.997009 -10.110932 -26.676672 
FEnd
FBeg
 1602    N SER A 223  2737  OD1 ASP B  56 hbd
-32.197 -11.369 -28.149 -29.569 -11.171 -25.925  3.76
-31.168189 -10.985227 -26.396559 
-31.270559 -10.284757 -26.337955 
-30.997009 -10.110932 -26.676672 
-29.981842 -11.011874 -27.796039 
-29.655271 -12.875666 -28.016002 
-29.854553 -13.548747 -27.720596 
FEnd
FBeg
 1607   OG SER A 223  2731    N ASP B  56 hbd
-32.347 -11.622 -25.387 -28.591 -11.838 -23.030  1.31
-30.941106 -11.783025 -23.771280 
-30.573217 -12.271021 -24.402251 
-30.768381 -10.504802 -23.929388 
-30.860800 -10.187464 -23.753032 
-31.270317 -10.037391 -23.086693 
FEnd
FBeg
 1607   OG SER A 223  2727   CA ALA B  55 unk
-32.347 -11.622 -25.387 -30.113 -12.778 -21.365  2.04
-31.213283 -12.752727 -23.898812 
-30.941106 -11.783025 -23.771280 
-31.270317 -10.037391 -23.086693 
-31.433647 -9.989817 -22.982298 
-32.037940 -12.491447 -23.365663 
FEnd
FBeg
 1607   OG SER A 223  2690  CE2 TYR B  49 unk
-32.347 -11.622 -25.387 -33.835 -11.857 -21.508  2.81
-31.433647 -9.989817 -22.982298 
-32.779956 -9.701123 -23.481258 
-32.757344 -10.879800 -23.543991 
-32.536166 -12.504754 -23.557591 
-32.310221 -12.659250 -23.480277 
-32.037940 -12.491447 -23.365663 
FEnd
FBeg
 1606   CB SER A 223  2690  CE2 TYR B  49 ali
-32.809 -12.697 -26.185 -33.835 -11.857 -21.508  0.06
-32.536166 -12.504754 -23.557591 
-32.310221 -12.659250 -23.480277 
-32.665812 -12.935133 -23.508734 
FEnd
FBeg
 1606   CB SER A 223  2692   OH TYR B  49 unk
-32.809 -12.697 -26.185 -34.476 -11.925 -23.808  5.01
-32.665812 -12.935133 -23.508734 
-32.536166 -12.504754 -23.557591 
-33.857061 -10.850627 -25.021166 
-34.555905 -11.435216 -25.321406 
-35.079247 -12.280847 -25.413784 
-35.038335 -12.501041 -25.313578 
-34.920719 -12.673136 -25.175201 
-33.258571 -13.642825 -23.694595 
FEnd
FBeg
 1640   NZ LYS A 227  2692   OH TYR B  49 hbd
-35.323 -14.209 -24.353 -34.476 -11.925 -23.808  1.90
-34.920719 -12.673136 -25.175201 
-33.258571 -13.642825 -23.694595 
-33.348828 -13.659517 -23.484372 
-35.718316 -12.616456 -24.173169 
-35.388108 -12.616759 -24.685085 
FEnd
FBeg
 1640   NZ LYS A 227  2691   CZ TYR B  49 unk
-35.323 -14.209 -24.353 -34.817 -11.824 -22.482  3.39
-33.348828 -13.659517 -23.484372 
-35.718316 -12.616456 -24.173169 
-35.992584 -12.790919 -23.876604 
-35.823441 -13.569815 -22.929473 
-33.820540 -14.241181 -22.615343 
-33.775898 -14.238474 -22.630866 
-33.761356 -14.230276 -22.645249 
FEnd
FBeg
 1640   NZ LYS A 227  2690  CE2 TYR B  49 unk
-35.323 -14.209 -24.353 -33.835 -11.857 -21.508  0.00
-33.775898 -14.238474 -22.630866 
-33.766695 -14.239489 -22.634840 
-33.761356 -14.230276 -22.645249 
FEnd
FBeg
 1640   NZ LYS A 227  2712    C ASN B  53 unk
-35.323 -14.209 -24.353 -33.940 -16.011 -20.690  0.24
-33.820540 -14.241181 -22.615343 
-33.985887 -15.542916 -23.193298 
-33.659364 -15.111609 -23.104400 
-33.766695 -14.239489 -22.634840 
-33.775898 -14.238474 -22.630866 
FEnd
FBeg
 1640   NZ LYS A 227  2718    N LEU B  54 hbd
-35.323 -14.209 -24.353 -32.944 -16.636 -21.316  3.40
-33.985887 -15.542916 -23.193298 
-34.068368 -15.769198 -23.309520 
-34.318832 -17.519686 -24.512213 
-33.170041 -17.839547 -25.667720 
-32.926866 -17.219558 -25.362749 
-33.659364 -15.111609 -23.104400 
FEnd
FBeg
 1640   NZ LYS A 227  2711   CA ASN B  53 unk
-35.323 -14.209 -24.353 -35.339 -16.496 -21.021  0.85
-34.068368 -15.769198 -23.309520 
-35.007847 -16.738078 -23.979046 
-34.318832 -17.519686 -24.512213 
FEnd
FBeg
 1639   CE LYS A 227  2711   CA ASN B  53 ali
-36.400 -14.479 -25.349 -35.339 -16.496 -21.021  0.13
-35.007847 -16.738078 -23.979046 
-34.318832 -17.519686 -24.512213 
-34.335976 -17.672123 -24.579051 
-35.049353 -16.851360 -24.021664 
-35.046962 -16.766439 -23.982674 
FEnd
FBeg
 1639   CE LYS A 227  2714   CB ASN B  53 ali
-36.400 -14.479 -25.349 -36.131 -15.330 -21.597  0.65
-35.046962 -16.766439 -23.982674 
-35.007847 -16.738078 -23.979046 
-36.552498 -13.605849 -23.157874 
-36.628205 -13.605254 -23.152311 
-36.674079 -14.061550 -23.252515 
FEnd
FBeg
 1639   CE LYS A 227  2717  ND2 ASN B  53 unk
-36.400 -14.479 -25.349 -38.195 -14.875 -22.724  3.19
-36.628205 -13.605254 -23.152311 
-36.887615 -13.410653 -23.300341 
-38.677524 -15.069354 -24.774525 
-39.035324 -16.595036 -25.249352 
-38.503487 -16.400708 -24.856361 
-36.674079 -14.061550 -23.252515 
FEnd
FBeg
 1637   CG LYS A 227  2717  ND2 ASN B  53 unk
-38.329 -13.613 -26.678 -38.195 -14.875 -22.724  11.05
-38.677524 -15.069354 -24.774525 
-39.035324 -16.595036 -25.249352 
-40.839295 -17.356198 -25.431156 
-42.413143 -13.774313 -24.234587 
-40.380101 -12.544063 -23.910827 
FEnd
FBeg
 1638   CD LYS A 227  2717  ND2 ASN B  53 unk
-37.291 -13.274 -25.623 -38.195 -14.875 -22.724  7.16
-36.887615 -13.410653 -23.300341 
-38.677524 -15.069354 -24.774525 
-40.380101 -12.544063 -23.910827 
-40.374999 -11.193195 -23.163206 
-40.369184 -11.191607 -23.160515 
FEnd
FBeg
 1638   CD LYS A 227  2689  CE1 TYR B  49 ali
-37.291 -13.274 -25.623 -36.142 -11.691 -22.136  9.71
-40.369184 -11.191607 -23.160515 
-36.887615 -13.410653 -23.300341 
-36.183310 -12.986437 -23.724998 
-35.992584 -12.790919 -23.876604 
-36.008669 -11.829454 -24.307782 
-36.211202 -10.974273 -24.629273 
-38.589179 -9.908681 -24.329456 
-40.372950 -11.186460 -23.161611 
FEnd
FBeg
 1609   CA THR A 224  2689  CE1 TYR B  49 ali
-35.716 -9.423 -26.818 -36.142 -11.691 -22.136  2.64
-36.211202 -10.974273 -24.629273 
-38.589179 -9.908681 -24.329456 
-38.897427 -9.585157 -24.200785 
-37.970248 -9.312217 -23.984209 
-35.801572 -10.112666 -24.174633 
-35.895364 -10.516257 -24.378669 
FEnd
FBeg
 1609   CA THR A 224  2692   OH TYR B  49 unk
-35.716 -9.423 -26.818 -34.476 -11.925 -23.808  1.55
-35.895364 -10.516257 -24.378669 
-36.211202 -10.974273 -24.629273 
-35.550324 -11.452364 -25.298932 
-35.483996 -11.416020 -25.296046 
-34.484525 -10.089676 -24.605292 
-35.398769 -10.150062 -24.278855 
FEnd
FBeg
 1613  OG1 THR A 224  2692   OH TYR B  49 hbd
-35.089 -8.196 -24.835 -34.476 -11.925 -23.808  1.01
-34.484525 -10.089676 -24.605292 
-35.398769 -10.150062 -24.278855 
-33.107353 -9.622166 -23.729794 
-33.120268 -9.642495 -23.795899 
-33.626607 -9.928890 -24.533564 
FEnd
FBeg
 1590   CB ALA A 221  2692   OH TYR B  49 unk
-31.416 -7.785 -25.679 -34.476 -11.925 -23.808  0.00
-33.107353 -9.622166 -23.729794 
-33.059177 -9.651176 -23.715195 
-33.120268 -9.642495 -23.795899 
FEnd
FBeg
 1590   CB ALA A 221  2691   CZ TYR B  49 ali
-31.416 -7.785 -25.679 -34.817 -11.824 -22.482  0.12
-33.107353 -9.622166 -23.729794 
-33.059177 -9.651176 -23.715195 
-32.779956 -9.701123 -23.481258 
-33.027492 -9.283958 -23.217555 
FEnd
FBeg
 1613  OG1 THR A 224  2691   CZ TYR B  49 unk
-35.089 -8.196 -24.835 -34.817 -11.824 -22.482  5.26
-35.398769 -10.150062 -24.278855 
-33.107353 -9.622166 -23.729794 
-33.027492 -9.283958 -23.217555 
-34.843162 -8.209212 -21.350559 
-34.856468 -8.207904 -21.347005 
-34.878745 -8.222663 -21.367187 
-35.801572 -10.112666 -24.174633 
FEnd
FBeg
 1613  OG1 THR A 224  2690  CE2 TYR B  49 unk
-35.089 -8.196 -24.835 -33.835 -11.857 -21.508  1.81
-33.027492 -9.283958 -23.217555 
-32.898868 -8.292406 -22.174942 
-34.482665 -8.010510 -21.267787 
-34.843162 -8.209212 -21.350559 
FEnd
FBeg
 1609   CA THR A 224  2691   CZ TYR B  49 ali
-35.716 -9.423 -26.818 -34.817 -11.824 -22.482  0.10
-35.801572 -10.112666 -24.174633 
-35.895364 -10.516257 -24.378669 
-35.398769 -10.150062 -24.278855 
FEnd
FBeg
 1613  OG1 THR A 224  2689  CE1 TYR B  49 unk
-35.089 -8.196 -24.835 -36.142 -11.691 -22.136  8.42
-37.970248 -9.312217 -23.984209 
-38.643523 -7.874487 -22.385133 
-34.878745 -8.222663 -21.367187 
-35.801572 -10.112666 -24.174633 
FEnd
FBeg
 1639   CE LYS A 227  2689  CE1 TYR B  49 ali
-36.400 -14.479 -25.349 -36.142 -11.691 -22.136  0.20
-36.552498 -13.605849 -23.157874 
-36.183310 -12.986437 -23.724998 
-36.887615 -13.410653 -23.300341 
-36.628205 -13.605254 -23.152311 
FEnd
FBeg
 1639   CE LYS A 227  2715   CG ASN B  53 ali
-36.400 -14.479 -25.349 -37.268 -15.781 -22.460  5.15
-35.049353 -16.851360 -24.021664 
-35.046962 -16.766439 -23.982674 
-36.674079 -14.061550 -23.252515 
-38.503487 -16.400708 -24.856361 
FEnd
FBeg
 1639   CE LYS A 227  2716  OD1 ASN B  53 unk
-36.400 -14.479 -25.349 -37.310 -16.929 -22.906  29.27
-34.335976 -17.672123 -24.579051 
-35.049353 -16.851360 -24.021664 
-38.503487 -16.400708 -24.856361 
-39.035324 -16.595036 -25.249352 
-38.437383 -19.700023 -28.140507 
-38.174164 -20.017161 -28.360506 
-36.465403 -21.542539 -29.253754 
-33.581938 -20.790164 -27.425152 
-33.575911 -20.752251 -27.384886 
-33.575447 -20.469999 -27.101653 
-33.691745 -19.364401 -26.036206 
FEnd
FBeg
 1640   NZ LYS A 227  2714   CB ASN B  53 unk
-35.323 -14.209 -24.353 -36.131 -15.330 -21.597  5.26
-35.823441 -13.569815 -22.929473 
-36.552498 -13.605849 -23.157874 
-35.007847 -16.738078 -23.979046 
-34.068368 -15.769198 -23.309520 
-33.985887 -15.542916 -23.193298 
-33.820540 -14.241181 -22.615343 
FEnd
FBeg
 1640   NZ LYS A 227  2689  CE1 TYR B  49 unk
-35.323 -14.209 -24.353 -36.142 -11.691 -22.136  0.48
-35.992584 -12.790919 -23.876604 
-36.183310 -12.986437 -23.724998 
-36.552498 -13.605849 -23.157874 
-35.823441 -13.569815 -22.929473 
FEnd
FBeg
 1638   CD LYS A 227  2691   CZ TYR B  49 ali
-37.291 -13.274 -25.623 -34.817 -11.824 -22.482  0.18
-35.718316 -12.616456 -24.173169 
-35.992584 -12.790919 -23.876604 
-36.008669 -11.829454 -24.307782 
FEnd
FBeg
 1640   NZ LYS A 227  2721    O LEU B  54 hbd
-35.323 -14.209 -24.353 -31.609 -14.594 -22.789  4.27
-33.258571 -13.642825 -23.694595 
-33.348828 -13.659517 -23.484372 
-33.761356 -14.230276 -22.645249 
-33.766695 -14.239489 -22.634840 
-33.659364 -15.111609 -23.104400 
-32.926866 -17.219558 -25.362749 
-32.684030 -17.359868 -25.973946 
FEnd
FBeg
 1639   CE LYS A 227  2692   OH TYR B  49 unk
-36.400 -14.479 -25.349 -34.476 -11.925 -23.808  0.09
-35.038335 -12.501041 -25.313578 
-34.920719 -12.673136 -25.175201 
-35.388108 -12.616759 -24.685085 
FEnd
FBeg
 1638   CD LYS A 227  2692   OH TYR B  49 unk
-37.291 -13.274 -25.623 -34.476 -11.925 -23.808  1.81
-35.079247 -12.280847 -25.413784 
-35.038335 -12.501041 -25.313578 
-35.388108 -12.616759 -24.685085 
-35.718316 -12.616456 -24.173169 
-36.008669 -11.829454 -24.307782 
-36.211202 -10.974273 -24.629273 
-35.550324 -11.452364 -25.298932 
FEnd
FBeg
 1604    C SER A 223  2692   OH TYR B  49 unk
-34.567 -11.467 -27.485 -34.476 -11.925 -23.808  0.44
-34.555905 -11.435216 -25.321406 
-35.079247 -12.280847 -25.413784 
-35.550324 -11.452364 -25.298932 
-35.483996 -11.416020 -25.296046 
FEnd
FBeg
 1608    N THR A 224  2692   OH TYR B  49 hbd
-34.527 -10.257 -26.937 -34.476 -11.925 -23.808  1.64
-33.857061 -10.850627 -25.021166 
-34.555905 -11.435216 -25.321406 
-35.483996 -11.416020 -25.296046 
-34.484525 -10.089676 -24.605292 
-33.626607 -9.928890 -24.533564 
FEnd
FBeg
 1607   OG SER A 223  2692   OH TYR B  49 hbd
-32.347 -11.622 -25.387 -34.476 -11.925 -23.808  3.04
-32.757344 -10.879800 -23.543991 
-33.059177 -9.651176 -23.715195 
-33.120268 -9.642495 -23.795899 
-33.626607 -9.928890 -24.533564 
-33.857061 -10.850627 -25.021166 
-32.536166 -12.504754 -23.557591 
FEnd
FBeg
 1607   OG SER A 223  2691   CZ TYR B  49 unk
-32.347 -11.622 -25.387 -34.817 -11.824 -22.482  0.22
-32.779956 -9.701123 -23.481258 
-33.059177 -9.651176 -23.715195 
-32.757344 -10.879800 -23.543991 
FEnd
FBeg
 1590   CB ALA A 221  2690  CE2 TYR B  49 ali
-31.416 -7.785 -25.679 -33.835 -11.857 -21.508  2.48
-31.433647 -9.989817 -22.982298 
-32.779956 -9.701123 -23.481258 
-33.027492 -9.283958 -23.217555 
-32.898868 -8.292406 -22.174942 
-31.308574 -9.375976 -22.310490 
-31.308040 -9.378187 -22.312340 
FEnd
FBeg
 1607   OG SER A 223  2721    O LEU B  54 hbd
-32.347 -11.622 -25.387 -31.609 -14.594 -22.789  0.19
-31.179734 -12.793072 -23.954495 
-31.213283 -12.752727 -23.898812 
-32.037940 -12.491447 -23.365663 
-32.310221 -12.659250 -23.480277 
FEnd
FBeg
 1606   CB SER A 223  2721    O LEU B  54 unk
-32.809 -12.697 -26.185 -31.609 -14.594 -22.789  14.41
-30.052309 -14.285354 -25.186464 
-31.179734 -12.793072 -23.954495 
-32.310221 -12.659250 -23.480277 
-32.665812 -12.935133 -23.508734 
-33.258571 -13.642825 -23.694595 
-32.684030 -17.359868 -25.973946 
-29.623260 -16.485407 -26.567018 
FEnd
FBeg
 1606   CB SER A 223  2732   CA ASP B  56 ali
-32.809 -12.697 -26.185 -27.628 -11.918 -24.122  0.37
-29.982643 -13.703030 -25.218869 
-29.849201 -14.156800 -25.382649 
-29.125306 -15.379537 -26.738920 
-29.133556 -15.241472 -26.770336 
FEnd
FBeg
 1606   CB SER A 223  2737  OD1 ASP B  56 unk
-32.809 -12.697 -26.185 -29.569 -11.171 -25.925  7.62
-30.552536 -12.602955 -24.573720 
-29.982643 -13.703030 -25.218869 
-29.133556 -15.241472 -26.770336 
-29.854553 -13.548747 -27.720596 
-31.168189 -10.985227 -26.396559 
FEnd

+-+CCS_record::Boundary loops before union-find
Start boundary loop loop_id 0  init_edge IE_A_B
xyz -43.7849 -13.5579 -19.7387
xyz -43.7004 -12.7617 -18.7386
xyz -43.6964 -12.6262 -18.7021
xyz -44.0024 -12.6867 -18.3834
xyz -44.8663 -12.9906 -17.5236
xyz -45.5934 -12.9966 -16.9345
xyz -45.0677 -11.0376 -18.4138
xyz -45.0848 -10.7303 -18.1647
xyz -43.4903 -7.17153 -18.8462
xyz -43.4825 -7.16167 -18.8549
xyz -44.3378 -7.84707 -15.9124
xyz -44.0479 -4.75715 -18.4019
xyz -44.3332 -4.49172 -18.2257
xyz -45.9946 -3.87047 -16.5634
xyz -46.8336 -5.68229 -14.2622
xyz -47.8652 -5.38442 -14.3336
xyz -48.2374 -5.20617 -13.7449
xyz -48.6151 -4.70404 -13.5157
xyz -50.9649 -3.3593 -11.5317
xyz -51.8192 -3.57546 -10.5891
xyz -52.4349 -4.01093 -9.12056
xyz -53.2478 -5.75518 -6.402
xyz -53.1581 -5.88676 -6.48604
xyz -54.8488 -7.6277 -7.14057
xyz -55.6283 -7.62451 -7.01501
xyz -55.4855 -9.86483 -7.3002
xyz -54.3086 -12.6507 -10.6192
xyz -54.2028 -13.0824 -9.83563
xyz -53.4512 -13.4218 -9.7427
xyz -54.2105 -12.8689 -7.85663
xyz -54.5349 -14.0299 -6.51426
xyz -54.5199 -14.0891 -6.44526
xyz -54.2603 -14.8751 -6.01853
xyz -53.405 -17.2708 -5.23696
xyz -52.9289 -18.5239 -5.06099
xyz -52.7749 -18.7741 -5.50398
xyz -54.008 -23.3969 -5.07448
xyz -54.0481 -23.5148 -5.63527
xyz -54.3663 -23.5856 -6.79005
xyz -54.5351 -23.1772 -8.3833
xyz -54.5711 -23.0391 -8.8353
xyz -54.5707 -23.0404 -8.83692
xyz -53.5528 -22.9433 -11.2479
xyz -53.2033 -22.4553 -11.8081
xyz -52.9605 -21.5812 -12.6499
xyz -52.2383 -21.5368 -14.2968
xyz -52.1764 -21.835 -14.3366
xyz -50.9082 -21.9322 -15.0005
xyz -50.5687 -21.8426 -15.1753
xyz -49.9565 -22.0721 -15.1578
xyz -48.7868 -20.3139 -14.8924
xyz -48.7668 -19.9297 -14.8505
xyz -48.7219 -19.1305 -14.9416
xyz -48.4525 -19.4249 -14.7518
xyz -48.5678 -19.8538 -14.7528
xyz -48.5873 -19.8868 -14.7587
xyz -48.7774 -20.3356 -14.8896
xyz -49.0713 -21.3089 -14.9461
xyz -48.0226 -22.1201 -16.1967
xyz -47.8993 -23.4817 -17.1274
xyz -45.6686 -23.5976 -17.5782
xyz -43.7843 -23.4255 -18.2202
xyz -43.4034 -23.0856 -18.6451
xyz -43.3094 -22.0545 -18.357
xyz -43.0948 -22.8196 -18.6856
xyz -41.1933 -23.716 -23.6748
xyz -41.3263 -20.1763 -24.554
xyz -41.2988 -20.0449 -24.9964
xyz -41.0257 -19.1747 -24.9549
xyz -40.4428 -17.4978 -23.037
xyz -40.3291 -17.3666 -22.8326
xyz -40.5664 -17.4295 -23.2765
xyz -41.4286 -16.9773 -24.3598
xyz -42.5112 -14.0176 -23.858
xyz -42.5513 -13.5953 -23.5961
xyz -43.918 -13.013 -21.5131
End loop
Boundary info init_edge IE_A_B [total exposed]: 114.989195 114.989195
Start boundary loop loop_id 1  init_edge IE_A_B
xyz -24.6074 -8.53986 -24.6578
xyz -24.3079 -8.79104 -24.5755
xyz -24.2843 -8.8138 -24.5708
xyz -24.0723 -9.13627 -24.6045
xyz -22.8335 -10.2177 -26.0512
xyz -22.3994 -10.8774 -26.8295
xyz -23.062 -12.1465 -27.8411
xyz -24.7244 -11.3672 -26.549
xyz -24.8031 -11.5382 -26.5857
xyz -24.3689 -12.5824 -27.3192
xyz -24.8112 -14.713 -28.6357
xyz -27.1262 -13.501 -27.5392
xyz -26.5815 -12.8107 -27.167
xyz -27.2777 -12.8456 -27.3503
xyz -27.5325 -13.2066 -27.5376
xyz -27.7039 -13.2694 -27.4924
xyz -29.1336 -15.2415 -26.7703
xyz -29.1253 -15.3795 -26.7389
xyz -29.8492 -14.1568 -25.3826
xyz -30.0523 -14.2854 -25.1865
xyz -29.6233 -16.4854 -26.567
xyz -32.684 -17.3599 -25.9739
xyz -32.9269 -17.2196 -25.3627
xyz -33.17 -17.8395 -25.6677
xyz -34.3188 -17.5197 -24.5122
xyz -34.336 -17.6721 -24.5791
xyz -33.6917 -19.3644 -26.0362
xyz -33.5754 -20.47 -27.1017
xyz -33.5759 -20.7523 -27.3849
xyz -33.5819 -20.7902 -27.4252
xyz -36.4654 -21.5425 -29.2538
xyz -38.1742 -20.0172 -28.3605
xyz -38.4374 -19.7 -28.1405
xyz -39.0353 -16.595 -25.2494
xyz -40.8393 -17.3562 -25.4312
xyz -42.4131 -13.7743 -24.2346
xyz -40.3801 -12.5441 -23.9108
xyz -40.375 -11.1932 -23.1632
xyz -40.3692 -11.1916 -23.1605
xyz -40.373 -11.1865 -23.1616
xyz -38.5892 -9.90868 -24.3295
xyz -38.8974 -9.58516 -24.2008
xyz -37.9702 -9.31222 -23.9842
xyz -38.6435 -7.87449 -22.3851
xyz -34.8787 -8.22266 -21.3672
xyz -34.8565 -8.2079 -21.347
xyz -34.8432 -8.20921 -21.3506
xyz -34.4827 -8.01051 -21.2678
xyz -32.8989 -8.29241 -22.1749
xyz -31.3086 -9.37598 -22.3105
xyz -31.308 -9.37819 -22.3123
xyz -31.4336 -9.98982 -22.9823
xyz -31.2703 -10.0374 -23.0867
xyz -30.9612 -9.40331 -22.4462
xyz -30.1613 -8.64279 -22.1357
xyz -29.2181 -7.87162 -21.9616
xyz -28.3025 -6.50757 -21.682
xyz -27.5403 -6.79174 -21.1021
xyz -26.6622 -7.17759 -20.9506
xyz -24.4989 -8.43803 -23.3177
xyz -24.5403 -8.5583 -24.549
End loop
Boundary info init_edge IE_A_B [total exposed]: 83.727559 83.727559
