Begin VSO per interface edge
304 3707  2
305 3707  1
307 3707  1
307 3708  1
310 3707  2
311 3707  2
312 3673  1
312 3707  1
312 11629  2
316 3707  2
316 3708  2
317 3673  2
317 3706  3
317 3707  2
317 3708  3
317 11629  2
318 3708  3
320 11629  1
327 3678  2
327 3706  3
327 3708  3
327 11629  2
330 11629  1
331 3678  1
331 3679  2
331 3708  2
331 11629  2
333 3678  2
333 3679  3
333 3681  3
334 3679  3
334 3681  4
334 3697  2
334 3700  2
335 3679  3
335 3680  3
335 3681  3
335 3690  2
335 3697  3
335 3698  3
335 3700  2
335 4025  2
335 4027  1
339 11653  1
344 11653  1
353 4025  1
353 11654  1
354 4025  1
355 3681  3
355 4023  3
355 4025  2
355 11542  2
355 11544  2
355 11654  2
356 3075  1
356 11542  2
356 11544  1
356 11654  1
357 3678  1
357 3679  2
357 3681  2
357 3690  3
357 4023  3
357 4025  2
357 11542  2
357 11544  1
357 11731  2
395 3700  2
395 3701  2
396 3701  1
397 3700  1
397 3701  1
412 3708  2
414 3678  2
414 3679  3
414 3697  2
414 3708  2
415 3679  2
415 3697  1
415 3700  2
415 3701  1
415 3708  1
555 4659  1
926 11604  1
932 11604  2
935 11604  1
935 11921  1
937 11921  1
938 11604  1
942 3063  2
942 3067  1
942 3150  2
942 11604  1
943 3067  2
943 3069  3
943 3150  2
944 3067  2
944 3069  3
944 3070  3
944 3071  3
959 3150  1
961 3150  1
961 3151  1
962 3151  1
963 3130  2
963 3131  2
963 3132  1
963 3133  1
963 3151  1
964 3069  3
964 3130  3
964 3131  3
964 3133  2
964 3150  2
964 3151  2
965 3069  2
965 3070  2
965 3071  3
965 3089  2
965 3092  2
965 3133  1
966 3150  2
970 3053  3
970 3063  3
970 11604  2
971 3040  1
971 3041  1
971 3046  2
971 3047  2
971 3048  1
971 3053  2
971 11604  2
971 11921  1
972 3040  2
972 3042  1
972 3043  1
972 3045  2
972 3046  3
972 3047  2
972 3052  2
972 3053  3
972 3054  2
972 3063  2
972 3067  2
972 3148  2
972 3150  1
972 11604  3
1287 3091  3
1289 3071  2
1289 3091  2
1289 3092  1
1291 3092  1
1291 11744  1
1599 11744  1
1602 11744  1
1921 3291  1
1923 3290  1
1923 3291  1
1923 3292  1
2346 11637  1
2347 11637  2
2349 11637  2
2350 11637  1
2354 11637  1
2355 11637  2
2359 11637  1
2360 11637  1
11510 3091  2
11510 3092  1
11510 3093  1
11511 3091  3
11511 3093  2
11512 3093  1
11513 3090  1
11513 3091  2
11513 3093  1
11513 11653  2
11514 11653  2
11517 3067  1
11517 3070  2
11517 3071  3
11517 3090  2
11517 3091  3
11517 3093  2
11517 11653  2
11519 11653  2
3048 11604  1
3048 11921  1
3050 11921  1
3053 11604  2
3056 11604  1
3063 11604  2
3065 11653  3
3066 11604  1
3066 11653  2
3067 11604  2
3067 11653  2
3068 11653  3
3070 11653  2
3071 11653  2
3072 11653  3
3073 11653  2
3074 11653  2
3075 11653  2
3075 11654  2
3079 11653  2
3080 11653  1
3080 11654  2
3083 11654  2
3085 11654  1
3086 11654  1
3088 11653  1
3088 11654  1
3090 11653  1
3284 11744  1
3285 11744  1
3557 11637  1
3559 11637  1
3662 11629  1
3664 11731  2
3665 11731  2
3666 11731  1
3668 11629  2
3671 11629  2
3672 11629  1
3673 11629  2
3674 11629  1
3675 11731  1
3678 11629  1
3678 11731  2
3679 11731  2
3682 11731  1
3688 11731  1
3690 11731  2
3706 11629  2
4014 11731  1
4015 11731  1
4020 11731  2
4021 11731  2
4022 11731  3
4023 11731  3
4040 11731  1
4050 11731  2
4051 11731  2
11538 11654  1
11539 11654  2
11542 11654  1
11542 11731  3
11544 11654  2
11544 11731  2
End VSO per interface edge

Voronoi Facets of interface MI_AB
FBeg
  331   CB LYS A  44  3678   CB ASP B 120 ali
62.064 123.374 -59.334 65.146 124.785 -61.818  10.40
64.993440 123.116897 -59.400099 
65.089516 121.012803 -60.476093 
64.989899 120.692214 -60.781798 
64.089669 121.732698 -61.307718 
63.148463 123.798879 -61.301847 
62.728809 126.042457 -60.548097 
62.896047 126.056979 -60.332349 
64.120753 125.447868 -59.158802 
FEnd
FBeg
  327    N LYS A  44  3678   CB ASP B 120 unk
63.422 123.670 -57.282 65.146 124.785 -61.818  1.95
64.120753 125.447868 -59.158802 
64.993440 123.116897 -59.400099 
65.639102 125.262853 -58.627202 
64.854961 125.478495 -58.872223 
FEnd
FBeg
  327    N LYS A  44  3708  CG2 VAL B 123 unk
63.422 123.670 -57.282 63.709 128.271 -58.509  3.16
64.854961 125.478495 -58.872223 
64.120753 125.447868 -59.158802 
63.073680 125.688713 -58.500597 
62.978720 125.852920 -57.907064 
63.233463 126.072844 -57.022811 
63.907432 126.030103 -57.025437 
64.785839 125.839039 -57.536426 
FEnd
FBeg
  317   CA ARG A  43  3708  CG2 VAL B 123 ali
64.711 124.167 -55.252 63.709 128.271 -58.509  1.20
63.907432 126.030103 -57.025437 
64.785839 125.839039 -57.536426 
64.714787 126.270590 -56.970789 
63.711498 126.794739 -56.001676 
63.285376 126.671742 -56.025564 
63.298626 126.516987 -56.224641 
FEnd
FBeg
  316    N ARG A  43  3708  CG2 VAL B 123 unk
64.394 125.045 -54.118 63.709 128.271 -58.509  0.15
63.711498 126.794739 -56.001676 
63.376017 127.096677 -55.727511 
63.179648 127.008125 -55.761935 
63.285376 126.671742 -56.025564 
FEnd
FBeg
  307  CG1 VAL A  41  3708  CG2 VAL B 123 ali
62.366 129.805 -54.794 63.709 128.271 -58.509  11.16
63.376017 127.096677 -55.727511 
63.431122 131.524553 -57.535952 
62.854812 131.937295 -57.914722 
60.219868 131.303804 -58.605692 
60.364104 130.722009 -58.313314 
61.435153 128.705563 -57.093490 
63.179648 127.008125 -55.761935 
FEnd
FBeg
  415   CZ PHE A  54  3708  CG2 VAL B 123 ali
59.613 126.853 -59.310 63.709 128.271 -58.509  1.48
60.219868 131.303804 -58.605692 
60.908905 130.049605 -59.908867 
61.360458 128.908909 -60.198570 
60.364104 130.722009 -58.313314 
FEnd
FBeg
  415   CZ PHE A  54  3697   CB LYS B 122 ali
59.613 126.853 -59.310 62.372 128.878 -62.983  10.48
60.908905 130.049605 -59.908867 
61.360458 128.908909 -60.198570 
61.753213 126.234322 -61.378103 
61.705116 126.211929 -61.426577 
60.841156 126.584396 -61.870198 
59.245135 129.201690 -61.626093 
58.557841 131.286624 -60.992892 
59.103367 131.675866 -60.368519 
FEnd
FBeg
  415   CZ PHE A  54  3701   NZ LYS B 122 unk
59.613 126.853 -59.310 58.541 128.040 -64.382  4.01
59.245135 129.201690 -61.626093 
58.652875 127.620915 -61.870863 
57.823411 128.333274 -61.528838 
57.368748 129.194959 -61.231081 
57.346875 129.468345 -61.162478 
58.557841 131.286624 -60.992892 
FEnd
FBeg
  396  OE1 GLU A  52  3701   NZ LYS B 122 elf
56.343 126.421 -63.053 58.541 128.040 -64.382  17.58
57.823411 128.333274 -61.528838 
57.368748 129.194959 -61.231081 
57.254906 129.387334 -61.185007 
56.244021 130.305487 -61.738383 
55.420774 130.713889 -62.602411 
55.185320 128.155708 -66.108223 
56.674560 125.735465 -66.593568 
56.927151 125.871992 -66.009496 
FEnd
FBeg
  397  OE2 GLU A  52  3701   NZ LYS B 122 elf
57.841 124.749 -63.310 58.541 128.040 -64.382  1.08
56.674560 125.735465 -66.593568 
57.171924 125.299098 -67.608427 
57.184049 125.298941 -67.600992 
57.699722 125.982246 -65.166544 
56.927151 125.871992 -66.009496 
FEnd
FBeg
  397  OE2 GLU A  52  3700   CE LYS B 122 unk
57.841 124.749 -63.310 59.940 127.540 -64.538  4.24
57.184049 125.298941 -67.600992 
57.699722 125.982246 -65.166544 
59.035692 125.790959 -63.317750 
59.062416 125.686170 -63.510235 
58.408003 124.701510 -66.866749 
FEnd
FBeg
  335   NZ LYS A  44  3700   CE LYS B 122 unk
60.416 124.650 -63.783 59.940 127.540 -64.538  11.66
59.062416 125.686170 -63.510235 
58.408003 124.701510 -66.866749 
61.162536 125.303111 -66.300562 
62.149945 125.782006 -65.089970 
61.802368 126.248645 -63.084624 
61.221894 126.364229 -62.276225 
FEnd
FBeg
  335   NZ LYS A  44  3697   CB LYS B 122 unk
60.416 124.650 -63.783 62.372 128.878 -62.983  0.23
61.802368 126.248645 -63.084624 
61.221894 126.364229 -62.276225 
61.651908 126.160592 -62.251385 
61.861892 126.222167 -63.090223 
FEnd
FBeg
  335   NZ LYS A  44  3679   CG ASP B 120 unk
60.416 124.650 -63.783 64.073 124.930 -62.847  2.57
61.651908 126.160592 -62.251385 
61.968709 124.737501 -63.063433 
62.477382 125.086566 -65.155265 
62.418430 125.425982 -65.026470 
61.928771 126.155247 -63.331505 
61.861892 126.222167 -63.090223 
FEnd
FBeg
  335   NZ LYS A  44  3680  OD1 ASP B 120 elf
60.416 124.650 -63.783 63.970 126.009 -63.341  0.27
62.418430 125.425982 -65.026470 
62.292685 125.738579 -64.976519 
61.928771 126.155247 -63.331505 
FEnd
FBeg
  335   NZ LYS A  44  3681  OD2 ASP B 120 elf
60.416 124.650 -63.783 63.326 124.023 -63.180  2.80
61.968709 124.737501 -63.063433 
61.871443 123.434332 -63.949076 
61.960921 123.508050 -64.304235 
62.392918 124.095957 -65.777687 
62.477382 125.086566 -65.155265 
FEnd
FBeg
  357  NH2 ARG A  47  3681  OD2 ASP B 120 elf
63.175 121.951 -64.051 63.326 124.023 -63.180  7.12
61.960921 123.508050 -64.304235 
62.392918 124.095957 -65.777687 
64.114618 123.940321 -65.705928 
64.328234 122.658138 -62.692810 
63.802370 122.322023 -61.802067 
62.156295 123.204567 -63.616160 
FEnd
FBeg
  333   CD LYS A  44  3681  OD2 ASP B 120 unk
61.066 122.926 -61.663 63.326 124.023 -63.180  2.93
63.802370 122.322023 -61.802067 
63.490488 123.009212 -61.769771 
62.029061 124.591970 -62.802428 
61.888627 123.402354 -63.871900 
62.156295 123.204567 -63.616160 
FEnd
FBeg
  333   CD LYS A  44  3679   CG ASP B 120 ali
61.066 122.926 -61.663 64.073 124.930 -62.847  3.06
63.490488 123.009212 -61.769771 
62.029061 124.591970 -62.802428 
61.817695 125.868068 -61.179351 
61.853729 125.837708 -61.139223 
63.148463 123.798879 -61.301847 
FEnd
FBeg
  414  CE2 PHE A  54  3679   CG ASP B 120 aro
60.755 126.682 -58.542 64.073 124.930 -62.847  0.66
61.817695 125.868068 -61.179351 
61.853729 125.837708 -61.139223 
62.728809 126.042457 -60.548097 
62.792780 126.254202 -60.584966 
62.601052 126.616763 -60.880288 
61.753213 126.234322 -61.378103 
61.728376 126.145262 -61.361001 
FEnd
FBeg
  357  NH2 ARG A  47  3679   CG ASP B 120 unk
63.175 121.951 -64.051 64.073 124.930 -62.847  1.90
64.114618 123.940321 -65.705928 
64.328234 122.658138 -62.692810 
65.352866 122.774470 -63.744863 
64.150732 123.931859 -65.711927 
FEnd
FBeg
  357  NH2 ARG A  47  3690  CE1 PHE B 121 unk
63.175 121.951 -64.051 63.721 126.529 -67.222  0.77
62.392918 124.095957 -65.777687 
64.114618 123.940321 -65.705928 
64.150732 123.931859 -65.711927 
64.060935 123.595858 -66.212476 
63.733806 123.574808 -66.299193 
62.357017 124.064397 -65.829432 
FEnd
FBeg
  357  NH2 ARG A  47  4025  ND1 HIS B 160 hbd
63.175 121.951 -64.051 62.225 123.887 -68.853  1.84
63.733806 123.574808 -66.299193 
63.003277 122.161201 -66.724587 
62.097316 123.395587 -66.047695 
62.034005 123.740813 -65.895987 
62.357017 124.064397 -65.829432 
FEnd
FBeg
  335   NZ LYS A  44  4025  ND1 HIS B 160 hbd
60.416 124.650 -63.783 62.225 123.887 -68.853  1.58
62.034005 123.740813 -65.895987 
62.357017 124.064397 -65.829432 
61.464745 124.838050 -66.264228 
59.925289 123.586184 -66.625116 
FEnd
FBeg
  354   NE ARG A  47  4025  ND1 HIS B 160 hbd
60.847 121.677 -64.399 62.225 123.887 -68.853  3.57
62.097316 123.395587 -66.047695 
62.034005 123.740813 -65.895987 
59.925289 123.586184 -66.625116 
59.920084 123.580794 -66.629401 
61.451782 120.964831 -67.453514 
FEnd
FBeg
  353   CD ARG A  47  4025  ND1 HIS B 160 unk
59.543 120.939 -64.480 62.225 123.887 -68.853  13.80
59.920084 123.580794 -66.629401 
57.250375 120.156855 -70.574960 
57.372002 119.915625 -70.662987 
60.026906 119.294377 -69.453517 
60.136387 119.273984 -69.400119 
61.619215 120.023540 -67.985384 
61.451782 120.964831 -67.453514 
FEnd
FBeg
  355   CZ ARG A  47  4025  ND1 HIS B 160 aro
62.082 121.168 -64.086 62.225 123.887 -68.853  2.87
63.003277 122.161201 -66.724587 
62.097316 123.395587 -66.047695 
61.451782 120.964831 -67.453514 
61.619215 120.023540 -67.985384 
61.778457 120.033413 -67.974976 
FEnd
FBeg
  355   CZ ARG A  47  4023   CB HIS B 160 ali
62.082 121.168 -64.086 64.515 122.845 -69.323  1.32
61.778457 120.033413 -67.974976 
63.003277 122.161201 -66.724587 
63.591846 121.339153 -66.714387 
61.808739 120.031155 -67.961630 
FEnd
FBeg
  355   CZ ARG A  47 11542  O3' AMP B 801 unk
62.082 121.168 -64.086 65.927 119.157 -67.474  3.89
63.591846 121.339153 -66.714387 
64.408331 120.125799 -65.067563 
64.318681 119.992084 -65.089938 
63.021041 119.525267 -66.285527 
61.808739 120.031155 -67.961630 
FEnd
FBeg
  356  NH1 ARG A  47 11542  O3' AMP B 801 unk
62.284 119.874 -63.800 65.927 119.157 -67.474  0.80
64.318681 119.992084 -65.089938 
63.021041 119.525267 -66.285527 
63.861848 118.955765 -65.340673 
FEnd
FBeg
  356  NH1 ARG A  47 11544  O2' AMP B 801 unk
62.284 119.874 -63.800 66.725 118.211 -65.018  7.23
63.861848 118.955765 -65.340673 
64.318681 119.992084 -65.089938 
64.434031 120.077326 -64.785738 
65.508921 120.088068 -60.881204 
65.501034 120.047514 -60.854593 
65.397412 119.712553 -60.775072 
63.919191 117.796396 -63.548644 
FEnd
FBeg
  356  NH1 ARG A  47  3075    O VAL B  45 hbd
62.284 119.874 -63.800 64.543 115.756 -62.159  9.16
65.397412 119.712553 -60.775072 
63.983294 119.070483 -60.439639 
62.811983 118.333464 -60.676720 
61.960345 117.681659 -61.140025 
61.308270 117.126535 -61.635430 
61.232227 116.916535 -62.057736 
62.178919 117.170916 -62.722595 
63.919191 117.796396 -63.548644 
FEnd
FBeg
  357  NH2 ARG A  47 11544  O2' AMP B 801 unk
63.175 121.951 -64.051 66.725 118.211 -65.018  5.67
64.434031 120.077326 -64.785738 
65.508921 120.088068 -60.881204 
65.768528 120.385999 -61.080439 
66.246030 121.222815 -62.563956 
66.271090 121.292794 -62.742609 
65.411276 121.068195 -65.030447 
64.408331 120.125799 -65.067563 
FEnd
FBeg
  355   CZ ARG A  47 11544  O2' AMP B 801 unk
62.082 121.168 -64.086 66.725 118.211 -65.018  0.02
64.408331 120.125799 -65.067563 
64.434031 120.077326 -64.785738 
64.318681 119.992084 -65.089938 
FEnd
FBeg
  357  NH2 ARG A  47 11542  O3' AMP B 801 unk
63.175 121.951 -64.051 65.927 119.157 -67.474  2.48
63.591846 121.339153 -66.714387 
64.408331 120.125799 -65.067563 
65.411276 121.068195 -65.030447 
64.581060 121.890847 -66.369402 
FEnd
FBeg
  357  NH2 ARG A  47  4023   CB HIS B 160 unk
63.175 121.951 -64.051 64.515 122.845 -69.323  2.16
64.060935 123.595858 -66.212476 
64.581060 121.890847 -66.369402 
63.591846 121.339153 -66.714387 
63.003277 122.161201 -66.724587 
63.733806 123.574808 -66.299193 
FEnd
FBeg
  355   CZ ARG A  47  3681  OD2 ASP B 120 unk
62.082 121.168 -64.086 63.326 124.023 -63.180  0.08
61.871443 123.434332 -63.949076 
61.960921 123.508050 -64.304235 
62.156295 123.204567 -63.616160 
61.888627 123.402354 -63.871900 
FEnd
FBeg
  334   CE LYS A  44  3681  OD2 ASP B 120 unk
59.950 123.821 -62.512 63.326 124.023 -63.180  0.30
61.968709 124.737501 -63.063433 
61.871443 123.434332 -63.949076 
61.888627 123.402354 -63.871900 
62.029061 124.591970 -62.802428 
FEnd
FBeg
  334   CE LYS A  44  3679   CG ASP B 120 ali
59.950 123.821 -62.512 64.073 124.930 -62.847  1.37
61.651908 126.160592 -62.251385 
61.968709 124.737501 -63.063433 
62.029061 124.591970 -62.802428 
61.817695 125.868068 -61.179351 
61.728376 126.145262 -61.361001 
61.705116 126.211929 -61.426577 
FEnd
FBeg
  335   NZ LYS A  44  3698   CG LYS B 122 unk
60.416 124.650 -63.783 62.104 128.576 -64.404  0.25
62.149945 125.782006 -65.089970 
61.802368 126.248645 -63.084624 
61.861892 126.222167 -63.090223 
61.928771 126.155247 -63.331505 
62.292685 125.738579 -64.976519 
FEnd
FBeg
  335   NZ LYS A  44  3690  CE1 PHE B 121 unk
60.416 124.650 -63.783 63.721 126.529 -67.222  1.89
61.162536 125.303111 -66.300562 
62.149945 125.782006 -65.089970 
62.292685 125.738579 -64.976519 
62.418430 125.425982 -65.026470 
62.477382 125.086566 -65.155265 
62.392918 124.095957 -65.777687 
62.357017 124.064397 -65.829432 
61.464745 124.838050 -66.264228 
FEnd
FBeg
  335   NZ LYS A  44  4027  CE1 HIS B 160 unk
60.416 124.650 -63.783 61.480 124.915 -69.241  3.15
58.408003 124.701510 -66.866749 
61.162536 125.303111 -66.300562 
61.464745 124.838050 -66.264228 
59.925289 123.586184 -66.625116 
59.917333 123.585360 -66.626707 
58.373603 124.001247 -66.907454 
FEnd
FBeg
  334   CE LYS A  44  3700   CE LYS B 122 ali
59.950 123.821 -62.512 59.940 127.540 -64.538  2.09
59.035692 125.790959 -63.317750 
59.062416 125.686170 -63.510235 
61.221894 126.364229 -62.276225 
60.841156 126.584396 -61.870198 
59.378756 126.526489 -61.969277 
FEnd
FBeg
  395   CD GLU A  52  3700   CE LYS B 122 ali
57.017 125.431 -62.644 59.940 127.540 -64.538  3.53
57.699722 125.982246 -65.166544 
59.035692 125.790959 -63.317750 
59.378756 126.526489 -61.969277 
58.652875 127.620915 -61.870863 
FEnd
FBeg
  395   CD GLU A  52  3701   NZ LYS B 122 unk
57.017 125.431 -62.644 58.541 128.040 -64.382  3.85
58.652875 127.620915 -61.870863 
57.823411 128.333274 -61.528838 
56.927151 125.871992 -66.009496 
57.699722 125.982246 -65.166544 
FEnd
FBeg
  415   CZ PHE A  54  3700   CE LYS B 122 ali
59.613 126.853 -59.310 59.940 127.540 -64.538  2.89
60.841156 126.584396 -61.870198 
59.378756 126.526489 -61.969277 
58.652875 127.620915 -61.870863 
59.245135 129.201690 -61.626093 
FEnd
FBeg
  334   CE LYS A  44  3697   CB LYS B 122 ali
59.950 123.821 -62.512 62.372 128.878 -62.983  0.49
61.705116 126.211929 -61.426577 
60.841156 126.584396 -61.870198 
61.221894 126.364229 -62.276225 
61.651908 126.160592 -62.251385 
FEnd
FBeg
  415   CZ PHE A  54  3679   CG ASP B 120 aro
59.613 126.853 -59.310 64.073 124.930 -62.847  0.00
61.753213 126.234322 -61.378103 
61.728376 126.145262 -61.361001 
61.705116 126.211929 -61.426577 
FEnd
FBeg
  414  CE2 PHE A  54  3697   CB LYS B 122 ali
60.755 126.682 -58.542 62.372 128.878 -62.983  1.42
61.360458 128.908909 -60.198570 
61.753213 126.234322 -61.378103 
62.601052 126.616763 -60.880288 
FEnd
FBeg
  307  CG1 VAL A  41  3707  CG1 VAL B 123 ali
62.366 129.805 -54.794 65.497 128.872 -56.983  18.12
63.376017 127.096677 -55.727511 
63.431122 131.524553 -57.535952 
64.127202 132.992606 -57.166042 
65.456130 133.544350 -55.500397 
66.045534 133.115584 -54.474603 
65.026934 129.148902 -54.240853 
64.810305 128.698185 -54.358599 
64.313423 127.978199 -54.762433 
63.581483 127.218574 -55.485581 
FEnd
FBeg
  311    C VAL A  42  3707  CG1 VAL B 123 ali
65.267 125.914 -53.643 65.497 128.872 -56.983  4.25
64.313423 127.978199 -54.762433 
63.581483 127.218574 -55.485581 
64.221275 126.769262 -55.839447 
65.781341 126.441312 -56.022460 
66.339478 128.328095 -54.313036 
FEnd
FBeg
  312    O VAL A  42  3707  CG1 VAL B 123 unk
66.355 126.037 -54.134 65.497 128.872 -56.983  13.25
65.781341 126.441312 -56.022460 
66.968030 125.921157 -56.897439 
69.933348 128.822341 -54.903542 
70.214869 129.164619 -54.647728 
69.225563 130.269718 -53.250123 
67.801727 129.545536 -53.541945 
66.339478 128.328095 -54.313036 
FEnd
FBeg
  312    O VAL A  42  3673  CG2 THR B 119 unk
66.355 126.037 -54.134 68.970 126.927 -59.318  3.08
66.968030 125.921157 -56.897439 
69.933348 128.822341 -54.903542 
68.051655 125.216005 -56.471880 
67.406698 125.451424 -56.756804 
FEnd
FBeg
  317   CA ARG A  43  3673  CG2 THR B 119 ali
64.711 124.167 -55.252 68.970 126.927 -59.318  0.32
67.406698 125.451424 -56.756804 
66.968030 125.921157 -56.897439 
66.623462 125.820895 -57.326421 
66.491877 125.635468 -57.590118 
FEnd
FBeg
  310   CA VAL A  42  3707  CG1 VAL B 123 ali
64.853 126.770 -52.443 65.497 128.872 -56.983  2.34
64.810305 128.698185 -54.358599 
64.313423 127.978199 -54.762433 
66.339478 128.328095 -54.313036 
67.801727 129.545536 -53.541945 
65.171902 128.974623 -54.179317 
FEnd
FBeg
  304    C VAL A  41  3707  CG1 VAL B 123 ali
63.290 128.701 -52.268 65.497 128.872 -56.983  0.06
65.026934 129.148902 -54.240853 
64.810305 128.698185 -54.358599 
65.171902 128.974623 -54.179317 
FEnd
FBeg
  305    O VAL A  41  3707  CG1 VAL B 123 unk
64.204 129.486 -52.198 65.497 128.872 -56.983  9.13
66.045534 133.115584 -54.474603 
65.026934 129.148902 -54.240853 
65.171902 128.974623 -54.179317 
67.801727 129.545536 -53.541945 
69.225563 130.269718 -53.250123 
FEnd
FBeg
  316    N ARG A  43  3707  CG1 VAL B 123 unk
64.394 125.045 -54.118 65.497 128.872 -56.983  0.27
63.711498 126.794739 -56.001676 
63.376017 127.096677 -55.727511 
63.581483 127.218574 -55.485581 
64.221275 126.769262 -55.839447 
FEnd
FBeg
  317   CA ARG A  43  3707  CG1 VAL B 123 ali
64.711 124.167 -55.252 65.497 128.872 -56.983  2.88
64.714787 126.270590 -56.970789 
63.711498 126.794739 -56.001676 
64.221275 126.769262 -55.839447 
65.781341 126.441312 -56.022460 
66.968030 125.921157 -56.897439 
66.623462 125.820895 -57.326421 
FEnd
FBeg
  317   CA ARG A  43  3706   CB VAL B 123 ali
64.711 124.167 -55.252 65.124 128.483 -58.493  1.46
64.785839 125.839039 -57.536426 
64.714787 126.270590 -56.970789 
66.623462 125.820895 -57.326421 
66.491877 125.635468 -57.590118 
65.767570 125.364272 -58.043566 
FEnd
FBeg
  318    C ARG A  43  3708  CG2 VAL B 123 ali
63.432 123.747 -55.969 63.709 128.271 -58.509  0.31
63.233463 126.072844 -57.022811 
63.907432 126.030103 -57.025437 
63.298626 126.516987 -56.224641 
FEnd
FBeg
  412  CD2 PHE A  54  3708  CG2 VAL B 123 ali
60.680 126.239 -57.131 63.709 128.271 -58.509  3.82
62.978720 125.852920 -57.907064 
63.233463 126.072844 -57.022811 
63.298626 126.516987 -56.224641 
63.285376 126.671742 -56.025564 
63.179648 127.008125 -55.761935 
61.435153 128.705563 -57.093490 
FEnd
FBeg
  414  CE2 PHE A  54  3708  CG2 VAL B 123 ali
60.755 126.682 -58.542 63.709 128.271 -58.509  13.72
63.073680 125.688713 -58.500597 
62.978720 125.852920 -57.907064 
61.435153 128.705563 -57.093490 
60.364104 130.722009 -58.313314 
61.360458 128.908909 -60.198570 
62.601052 126.616763 -60.880288 
62.792780 126.254202 -60.584966 
62.896047 126.056979 -60.332349 
FEnd
FBeg
  327    N LYS A  44  3706   CB VAL B 123 unk
63.422 123.670 -57.282 65.124 128.483 -58.493  0.93
65.639102 125.262853 -58.627202 
64.854961 125.478495 -58.872223 
64.785839 125.839039 -57.536426 
65.767570 125.364272 -58.043566 
FEnd
FBeg
  331   CB LYS A  44  3708  CG2 VAL B 123 ali
62.064 123.374 -59.334 63.709 128.271 -58.509  1.09
62.896047 126.056979 -60.332349 
63.073680 125.688713 -58.500597 
64.120753 125.447868 -59.158802 
FEnd
FBeg
  414  CE2 PHE A  54  3678   CB ASP B 120 ali
60.755 126.682 -58.542 65.146 124.785 -61.818  0.03
62.728809 126.042457 -60.548097 
62.896047 126.056979 -60.332349 
62.792780 126.254202 -60.584966 
FEnd
FBeg
  331   CB LYS A  44  3679   CG ASP B 120 ali
62.064 123.374 -59.334 64.073 124.930 -62.847  1.26
63.148463 123.798879 -61.301847 
61.853729 125.837708 -61.139223 
62.728809 126.042457 -60.548097 
FEnd
FBeg
  333   CD LYS A  44  3678   CB ASP B 120 ali
61.066 122.926 -61.663 65.146 124.785 -61.818  0.73
64.089669 121.732698 -61.307718 
63.148463 123.798879 -61.301847 
63.490488 123.009212 -61.769771 
63.802370 122.322023 -61.802067 
FEnd
FBeg
  357  NH2 ARG A  47  3678   CB ASP B 120 unk
63.175 121.951 -64.051 65.146 124.785 -61.818  6.38
64.989899 120.692214 -60.781798 
64.089669 121.732698 -61.307718 
63.802370 122.322023 -61.802067 
64.328234 122.658138 -62.692810 
65.352866 122.774470 -63.744863 
65.921972 121.876070 -63.106996 
66.246030 121.222815 -62.563956 
65.768528 120.385999 -61.080439 
65.283635 120.508916 -60.808439 
FEnd
FBeg
11517  O3' AMP A 501  3067   CB LYS B  44 unk
58.133 113.441 -58.242 62.831 109.958 -60.258  1.07
61.640960 112.444116 -58.050720 
60.258127 111.493421 -59.630721 
60.185092 111.382638 -59.609520 
60.225440 111.297447 -59.368313 
61.633258 112.120093 -57.508862 
FEnd
FBeg
  942   CB ASP A 120  3067   CB LYS B  44 ali
60.350 108.666 -57.808 62.831 109.958 -60.258  11.02
60.225440 111.297447 -59.368313 
60.599574 110.105034 -59.618260 
62.006129 107.386411 -59.627565 
62.519281 107.353177 -59.125446 
62.947005 107.857205 -58.426513 
62.403237 111.009302 -57.314912 
62.179450 111.549398 -57.256713 
61.633258 112.120093 -57.508862 
FEnd
FBeg
  942   CB ASP A 120  3063    N LYS B  44 unk
60.350 108.666 -57.808 64.655 109.707 -58.654  2.18
62.947005 107.857205 -58.426513 
62.403237 111.009302 -57.314912 
63.163760 108.089388 -57.037818 
63.143610 108.025184 -57.219359 
FEnd
FBeg
  972  CG2 VAL A 123  3063    N LYS B  44 unk
64.423 105.523 -58.034 64.655 109.707 -58.654  3.47
63.143610 108.025184 -57.219359 
62.947005 107.857205 -58.426513 
63.623122 107.702189 -59.219622 
63.907933 107.677180 -59.281814 
64.950475 107.650177 -59.073931 
64.794070 107.825990 -57.946001 
63.895125 108.043532 -56.814325 
63.466975 108.047937 -56.944811 
FEnd
FBeg
  972  CG2 VAL A 123  3053   CA ARG B  43 ali
64.423 105.523 -58.034 66.508 109.150 -57.075  4.59
64.794070 107.825990 -57.946001 
63.895125 108.043532 -56.814325 
64.036411 107.887199 -56.530241 
64.644119 107.445392 -56.180538 
65.693288 106.861798 -56.254389 
66.385651 106.817318 -57.591460 
66.450018 107.109774 -58.837488 
FEnd
FBeg
  972  CG2 VAL A 123  3052    N ARG B  43 unk
64.423 105.523 -58.034 67.730 108.357 -57.198  0.49
66.385651 106.817318 -57.591460 
66.883623 106.394354 -58.127477 
66.474149 107.095726 -58.885323 
66.450018 107.109774 -58.837488 
FEnd
FBeg
  972  CG2 VAL A 123  3043  CG1 VAL B  41 ali
64.423 105.523 -58.034 68.161 105.393 -60.174  6.64
66.883623 106.394354 -58.127477 
67.131273 105.491431 -57.640048 
67.142148 105.362221 -57.613203 
67.054781 104.801076 -57.731722 
65.294713 103.460632 -60.724655 
65.194140 103.495920 -60.902472 
65.309847 104.070247 -60.735252 
66.392044 107.111693 -59.029709 
66.474149 107.095726 -58.885323 
FEnd
FBeg
  972  CG2 VAL A 123  3042   CB VAL B  41 ali
64.423 105.523 -58.034 68.635 104.007 -59.832  7.71
67.054781 104.801076 -57.731722 
66.816411 103.431818 -57.135625 
66.034128 101.870230 -57.651538 
65.211649 101.937556 -59.635046 
65.294713 103.460632 -60.724655 
FEnd
FBeg
  972  CG2 VAL A 123  3040    C VAL B  41 ali
64.423 105.523 -58.034 69.661 104.676 -57.885  0.96
67.142148 105.362221 -57.613203 
67.139418 105.355639 -57.554641 
67.013702 104.719767 -56.749833 
66.816411 103.431818 -57.135625 
67.054781 104.801076 -57.731722 
FEnd
FBeg
  971  CG1 VAL A 123  3040    C VAL B  41 ali
64.214 104.849 -55.677 69.661 104.676 -57.885  0.45
67.013702 104.719767 -56.749833 
66.816411 103.431818 -57.135625 
66.822060 103.368057 -57.116693 
67.202956 104.380244 -56.256354 
FEnd
FBeg
  971  CG1 VAL A 123  3046   CA VAL B  42 ali
64.214 104.849 -55.677 69.289 106.643 -56.389  1.55
67.202956 104.380244 -56.256354 
67.013702 104.719767 -56.749833 
66.931121 104.980008 -56.682738 
67.111153 104.997753 -55.354791 
67.710133 103.948328 -53.729574 
FEnd
FBeg
  971  CG1 VAL A 123  3048    O VAL B  42 unk
64.214 104.849 -55.677 67.347 107.362 -55.209  10.02
67.111153 104.997753 -55.354791 
65.671962 106.928088 -56.085441 
64.914088 107.676016 -55.028017 
64.815015 107.574579 -53.820097 
65.086102 107.132608 -53.261638 
67.550361 104.037856 -53.140728 
67.735714 103.886984 -53.571429 
67.710133 103.948328 -53.729574 
FEnd
FBeg
  971  CG1 VAL A 123  3047    C VAL B  42 ali
64.214 104.849 -55.677 68.033 107.487 -56.230  1.75
66.931121 104.980008 -56.682738 
65.693288 106.861798 -56.254389 
65.671962 106.928088 -56.085441 
67.111153 104.997753 -55.354791 
FEnd
FBeg
  971  CG1 VAL A 123  3041    O VAL B  41 unk
64.214 104.849 -55.677 69.637 103.875 -56.932  6.38
66.822060 103.368057 -57.116693 
67.202956 104.380244 -56.256354 
67.710133 103.948328 -53.729574 
67.735714 103.886984 -53.571429 
66.656646 101.375191 -56.284812 
66.488739 101.474846 -57.087699 
FEnd
FBeg
  972  CG2 VAL A 123  3046   CA VAL B  42 ali
64.423 105.523 -58.034 69.289 106.643 -56.389  0.17
67.139418 105.355639 -57.554641 
67.132729 105.453056 -57.601183 
66.931121 104.980008 -56.682738 
67.013702 104.719767 -56.749833 
FEnd
FBeg
  972  CG2 VAL A 123  3045    N VAL B  42 unk
64.423 105.523 -58.034 69.543 106.015 -57.740  0.00
67.131273 105.491431 -57.640048 
67.132729 105.453056 -57.601183 
67.139418 105.355639 -57.554641 
67.142148 105.362221 -57.613203 
FEnd
FBeg
  972  CG2 VAL A 123  3047    C VAL B  42 ali
64.423 105.523 -58.034 68.033 107.487 -56.230  2.80
65.693288 106.861798 -56.254389 
66.931121 104.980008 -56.682738 
67.132729 105.453056 -57.601183 
67.131273 105.491431 -57.640048 
66.883623 106.394354 -58.127477 
66.385651 106.817318 -57.591460 
FEnd
FBeg
  971  CG1 VAL A 123  3053   CA ARG B  43 ali
64.214 104.849 -55.677 66.508 109.150 -57.075  1.03
64.644119 107.445392 -56.180538 
65.693288 106.861798 -56.254389 
65.671962 106.928088 -56.085441 
64.914088 107.676016 -55.028017 
64.346762 107.678079 -55.952605 
FEnd
FBeg
  970   CB VAL A 123  3053   CA ARG B  43 ali
63.495 105.137 -56.909 66.508 109.150 -57.075  0.15
64.036411 107.887199 -56.530241 
64.644119 107.445392 -56.180538 
64.346762 107.678079 -55.952605 
FEnd
FBeg
  972  CG2 VAL A 123  3054    C ARG B  43 ali
64.423 105.523 -58.034 65.957 109.595 -58.456  1.08
64.950475 107.650177 -59.073931 
64.794070 107.825990 -57.946001 
66.450018 107.109774 -58.837488 
66.474149 107.095726 -58.885323 
66.392044 107.111693 -59.029709 
FEnd
FBeg
  972  CG2 VAL A 123  3148  CD2 PHE B  54 ali
64.423 105.523 -58.034 65.110 107.096 -61.275  4.92
63.907933 107.677180 -59.281814 
64.950475 107.650177 -59.073931 
66.392044 107.111693 -59.029709 
65.309847 104.070247 -60.735252 
FEnd
FBeg
  972  CG2 VAL A 123  3150  CE2 PHE B  54 ali
64.423 105.523 -58.034 63.777 106.646 -61.444  9.67
63.623122 107.702189 -59.219622 
63.907933 107.677180 -59.281814 
65.309847 104.070247 -60.735252 
65.194140 103.495920 -60.902472 
64.660443 102.700527 -61.063310 
63.664732 103.520779 -60.604550 
62.612737 105.088928 -59.888826 
62.009373 106.700889 -59.243663 
62.519281 107.353177 -59.125446 
FEnd
FBeg
  966    N VAL A 123  3150  CE2 PHE B  54 unk
61.395 104.380 -58.010 63.777 106.646 -61.444  0.55
62.612737 105.088928 -59.888826 
62.009373 106.700889 -59.243663 
61.898720 106.678232 -59.335367 
61.710844 106.532186 -59.562060 
62.333282 105.311613 -59.935727 
FEnd
FBeg
  961   CB LYS A 122  3150  CE2 PHE B  54 ali
60.057 104.621 -61.026 63.777 106.646 -61.444  4.71
61.710844 106.532186 -59.562060 
61.332181 107.023927 -60.549741 
61.402416 106.742024 -61.290362 
63.292402 103.220278 -61.531485 
63.210129 103.433584 -61.230308 
62.333282 105.311613 -59.935727 
FEnd
FBeg
  961   CB LYS A 122  3151   CZ PHE B  54 ali
60.057 104.621 -61.026 63.286 106.470 -62.722  9.57
61.402416 106.742024 -61.290362 
63.292402 103.220278 -61.531485 
63.271241 102.017111 -62.883480 
62.224317 102.764511 -64.061884 
61.458750 104.624812 -63.491319 
61.169355 106.239353 -62.282103 
FEnd
FBeg
  964   CE LYS A 122  3151   CZ PHE B  54 ali
59.062 107.221 -62.110 63.286 106.470 -62.722  2.30
61.169355 106.239353 -62.282103 
61.402416 106.742024 -61.290362 
61.519439 107.524691 -61.443106 
61.250552 107.627396 -63.424982 
61.112587 107.065271 -63.687420 
FEnd
FBeg
  964   CE LYS A 122  3130   CG GLU B  52 ali
59.062 107.221 -62.110 61.878 108.275 -65.848  0.19
61.250552 107.627396 -63.424982 
61.112587 107.065271 -63.687420 
61.027788 107.102616 -63.740772 
60.898356 107.865036 -63.623300 
FEnd
FBeg
  964   CE LYS A 122  3131   CD GLU B  52 ali
59.062 107.221 -62.110 60.370 108.023 -65.874  1.29
61.027788 107.102616 -63.740772 
59.077408 107.580719 -64.316664 
60.267333 108.300653 -63.749765 
60.898356 107.865036 -63.623300 
FEnd
FBeg
  964   CE LYS A 122  3133  OE2 GLU B  52 unk
59.062 107.221 -62.110 59.601 108.694 -65.112  1.64
59.077408 107.580719 -64.316664 
58.178377 107.704689 -64.417254 
59.245249 109.022379 -63.579146 
60.267333 108.300653 -63.749765 
FEnd
FBeg
  965   NZ LYS A 122  3133  OE2 GLU B  52 elf
58.032 108.303 -62.500 59.601 108.694 -65.112  5.92
58.178377 107.704689 -64.417254 
59.245249 109.022379 -63.579146 
59.074920 109.341954 -63.633622 
58.429670 109.819535 -63.949726 
57.001457 109.340827 -64.879298 
56.151263 108.464357 -65.521201 
56.107782 107.147336 -65.744470 
FEnd
FBeg
  965   NZ LYS A 122  3092  NH1 ARG B  47 elu
58.032 108.303 -62.500 55.648 111.427 -63.608  4.06
57.001457 109.340827 -64.879298 
56.151263 108.464357 -65.521201 
56.092429 109.328586 -62.957925 
56.585092 110.208622 -61.536692 
57.348086 110.120863 -63.425807 
FEnd
FBeg
  965   NZ LYS A 122  3071   NZ LYS B  44 elu
58.032 108.303 -62.500 58.838 111.199 -62.309  5.33
56.585092 110.208622 -61.536692 
56.778241 110.065517 -60.181949 
58.714712 109.603720 -61.351756 
58.781439 109.648726 -62.315726 
58.379279 109.863197 -63.870526 
57.348086 110.120863 -63.425807 
FEnd
FBeg
  944  OD1 ASP A 120  3071   NZ LYS B  44 elf
59.635 108.920 -60.090 58.838 111.199 -62.309  3.35
56.778241 110.065517 -60.181949 
58.714712 109.603720 -61.351756 
59.214241 110.449923 -60.662090 
59.412713 111.249674 -59.911999 
56.712234 110.338537 -59.877839 
FEnd
FBeg
11517  O3' AMP A 501  3071   NZ LYS B  44 unk
58.133 113.441 -58.242 58.838 111.199 -62.309  5.71
59.412713 111.249674 -59.911999 
59.272281 112.221330 -60.471984 
58.153353 113.452511 -61.344655 
58.061412 113.389758 -61.325999 
56.443371 110.972919 -60.274159 
56.712234 110.338537 -59.877839 
FEnd
FBeg
11517  O3' AMP A 501  3091   CZ ARG B  47 unk
58.133 113.441 -58.242 56.133 112.610 -63.228  1.59
58.061412 113.389758 -61.325999 
56.443371 110.972919 -60.274159 
56.337148 111.058833 -60.245870 
56.197485 111.294956 -60.229201 
56.166817 111.685297 -60.281956 
56.312941 111.921597 -60.379953 
57.927358 113.736354 -61.329993 
FEnd
FBeg
11513  C5' AMP A 501  3091   CZ ARG B  47 unk
55.445 114.958 -59.912 56.133 112.610 -63.228  1.58
56.312941 111.921597 -60.379953 
57.927358 113.736354 -61.329993 
57.291992 114.598468 -62.072265 
FEnd
FBeg
11513  C5' AMP A 501  3093  NH2 ARG B  47 unk
55.445 114.958 -59.912 55.434 113.379 -62.416  11.35
57.291992 114.598468 -62.072265 
56.312941 111.921597 -60.379953 
56.160341 111.762431 -60.278915 
55.938843 111.889707 -60.358201 
54.019158 115.286264 -62.491606 
54.007516 116.086554 -62.996211 
54.481932 116.311702 -63.140271 
56.648067 116.425310 -63.221427 
56.826216 116.383279 -63.195705 
FEnd
FBeg
11512  O5' AMP A 501  3093  NH2 ARG B  47 unk
53.993 115.179 -59.528 55.434 113.379 -62.416  0.25
54.019158 115.286264 -62.491606 
54.007516 116.086554 -62.996211 
53.525192 115.835476 -63.080383 
FEnd
FBeg
11510  O2P AMP A 501  3093  NH2 ARG B  47 unk
53.083 113.162 -60.646 55.434 113.379 -62.416  13.84
55.938843 111.889707 -60.358201 
54.019158 115.286264 -62.491606 
53.525192 115.835476 -63.080383 
51.988484 114.853479 -65.241904 
51.712116 114.486868 -65.653936 
51.903297 113.533793 -65.516846 
52.709339 113.007759 -64.510712 
55.954880 111.589528 -60.373701 
FEnd
FBeg
11510  O2P AMP A 501  3091   CZ ARG B  47 unk
53.083 113.162 -60.646 56.133 112.610 -63.228  2.15
52.709339 113.007759 -64.510712 
55.954880 111.589528 -60.373701 
55.932669 111.454821 -60.371140 
55.604783 111.341878 -60.734311 
54.490409 111.498085 -62.084066 
FEnd
FBeg
11510  O2P AMP A 501  3092  NH1 ARG B  47 unk
53.083 113.162 -60.646 55.648 111.427 -63.608  3.50
51.903297 113.533793 -65.516846 
52.709339 113.007759 -64.510712 
54.490409 111.498085 -62.084066 
52.318528 111.585752 -64.016199 
51.984766 112.269469 -64.705715 
FEnd
FBeg
11511  O3P AMP A 501  3093  NH2 ARG B  47 unk
53.818 113.084 -58.375 55.434 113.379 -62.416  0.04
56.160341 111.762431 -60.278915 
55.938843 111.889707 -60.358201 
55.954880 111.589528 -60.373701 
56.166817 111.685297 -60.281956 
FEnd
FBeg
11513  C5' AMP A 501  3090   NE ARG B  47 unk
55.445 114.958 -59.912 57.290 113.052 -63.705  3.04
57.927358 113.736354 -61.329993 
57.291992 114.598468 -62.072265 
56.826216 116.383279 -63.195705 
58.238628 116.246447 -62.439918 
58.411500 116.117973 -62.291270 
58.044824 113.910860 -61.360545 
FEnd
FBeg
11517  O3' AMP A 501  3093  NH2 ARG B  47 unk
58.133 113.441 -58.242 55.434 113.379 -62.416  0.01
56.166817 111.685297 -60.281956 
56.160341 111.762431 -60.278915 
56.312941 111.921597 -60.379953 
FEnd
FBeg
11511  O3P AMP A 501  3091   CZ ARG B  47 unk
53.818 113.084 -58.375 56.133 112.610 -63.228  0.07
56.197485 111.294956 -60.229201 
56.166817 111.685297 -60.281956 
55.954880 111.589528 -60.373701 
55.932669 111.454821 -60.371140 
FEnd
FBeg
 1287   CB HIS A 160  3091   CZ ARG B  47 ali
52.958 110.483 -59.700 56.133 112.610 -63.228  0.16
56.337148 111.058833 -60.245870 
56.197485 111.294956 -60.229201 
55.932669 111.454821 -60.371140 
55.604783 111.341878 -60.734311 
FEnd
FBeg
 1289  ND1 HIS A 160  3091   CZ ARG B  47 aro
53.958 109.450 -61.798 56.133 112.610 -63.228  1.91
56.443371 110.972919 -60.274159 
56.337148 111.058833 -60.245870 
55.604783 111.341878 -60.734311 
54.490409 111.498085 -62.084066 
56.525606 110.428556 -61.352008 
FEnd
FBeg
11517  O3' AMP A 501  3090   NE ARG B  47 unk
58.133 113.441 -58.242 57.290 113.052 -63.705  0.06
58.153353 113.452511 -61.344655 
58.061412 113.389758 -61.325999 
57.927358 113.736354 -61.329993 
58.044824 113.910860 -61.360545 
FEnd
FBeg
  944  OD1 ASP A 120  3070   CE LYS B  44 unk
59.635 108.920 -60.090 60.257 111.192 -62.677  0.46
59.214241 110.449923 -60.662090 
59.412713 111.249674 -59.911999 
60.185092 111.382638 -59.609520 
60.205135 111.311608 -59.667082 
FEnd
FBeg
  944  OD1 ASP A 120  3069   CD LYS B  44 unk
59.635 108.920 -60.090 60.931 109.895 -62.225  4.65
58.714712 109.603720 -61.351756 
59.214241 110.449923 -60.662090 
60.205135 111.311608 -59.667082 
60.936995 108.956008 -60.298567 
60.717615 108.112049 -60.817151 
58.821226 109.413590 -61.373927 
FEnd
FBeg
  943   CG ASP A 120  3069   CD LYS B  44 ali
59.592 108.278 -59.027 60.931 109.895 -62.225  0.45
60.936995 108.956008 -60.298567 
60.717615 108.112049 -60.817151 
61.434991 107.612696 -60.769273 
61.451485 107.631033 -60.753095 
FEnd
FBeg
 1289  ND1 HIS A 160  3071   NZ LYS B  44 hbd
53.958 109.450 -61.798 58.838 111.199 -62.309  0.88
56.585092 110.208622 -61.536692 
56.778241 110.065517 -60.181949 
56.712234 110.338537 -59.877839 
56.443371 110.972919 -60.274159 
56.525606 110.428556 -61.352008 
FEnd
FBeg
 1289  ND1 HIS A 160  3092  NH1 ARG B  47 hbd
53.958 109.450 -61.798 55.648 111.427 -63.608  7.00
56.092429 109.328586 -62.957925 
56.585092 110.208622 -61.536692 
56.525606 110.428556 -61.352008 
54.490409 111.498085 -62.084066 
52.318528 111.585752 -64.016199 
52.258195 111.472768 -64.195941 
FEnd
FBeg
 1291  CE1 HIS A 160  3092  NH1 ARG B  47 unk
53.689 108.473 -62.657 55.648 111.427 -63.608  10.26
56.151263 108.464357 -65.521201 
56.092429 109.328586 -62.957925 
52.258195 111.472768 -64.195941 
51.857487 111.405399 -65.230634 
55.957906 108.442035 -65.988843 
FEnd
FBeg
  965   NZ LYS A 122  3089   CD ARG B  47 unk
58.032 108.303 -62.500 58.099 112.313 -64.668  1.03
58.429670 109.819535 -63.949726 
57.001457 109.340827 -64.879298 
57.348086 110.120863 -63.425807 
58.379279 109.863197 -63.870526 
FEnd
FBeg
  965   NZ LYS A 122  3070   CE LYS B  44 unk
58.032 108.303 -62.500 60.257 111.192 -62.677  0.67
59.074920 109.341954 -63.633622 
58.429670 109.819535 -63.949726 
58.379279 109.863197 -63.870526 
58.781439 109.648726 -62.315726 
FEnd
FBeg
  965   NZ LYS A 122  3069   CD LYS B  44 unk
58.032 108.303 -62.500 60.931 109.895 -62.225  0.86
59.245249 109.022379 -63.579146 
59.074920 109.341954 -63.633622 
58.781439 109.648726 -62.315726 
58.714712 109.603720 -61.351756 
58.821226 109.413590 -61.373927 
FEnd
FBeg
  963   CD LYS A 122  3133  OE2 GLU B  52 unk
58.962 105.841 -62.917 59.601 108.694 -65.112  1.54
59.077408 107.580719 -64.316664 
58.178377 107.704689 -64.417254 
56.107782 107.147336 -65.744470 
56.045110 107.037661 -65.905267 
57.335224 107.006953 -65.569607 
FEnd
FBeg
  963   CD LYS A 122  3132  OE1 GLU B  52 unk
58.962 105.841 -62.917 59.971 107.132 -66.677  17.67
56.045110 107.037661 -65.905267 
57.335224 107.006953 -65.569607 
61.429477 104.850583 -65.211302 
61.525324 104.707617 -65.234669 
61.614689 104.145668 -65.403633 
61.058312 103.090655 -65.915178 
58.759494 102.510771 -66.731172 
57.235135 103.675269 -66.740403 
55.662988 105.752745 -66.448987 
55.526640 106.009106 -66.397554 
55.543404 106.078371 -66.369274 
FEnd
FBeg
  963   CD LYS A 122  3131   CD GLU B  52 ali
58.962 105.841 -62.917 60.370 108.023 -65.874  6.86
61.027788 107.102616 -63.740772 
59.077408 107.580719 -64.316664 
57.335224 107.006953 -65.569607 
61.429477 104.850583 -65.211302 
FEnd
FBeg
  963   CD LYS A 122  3130   CG GLU B  52 ali
58.962 105.841 -62.917 61.878 108.275 -65.848  0.28
61.112587 107.065271 -63.687420 
61.027788 107.102616 -63.740772 
61.429477 104.850583 -65.211302 
61.525324 104.707617 -65.234669 
FEnd
FBeg
  964   CE LYS A 122  3069   CD LYS B  44 ali
59.062 107.221 -62.110 60.931 109.895 -62.225  7.66
61.519439 107.524691 -61.443106 
61.250552 107.627396 -63.424982 
60.898356 107.865036 -63.623300 
60.267333 108.300653 -63.749765 
59.245249 109.022379 -63.579146 
58.821226 109.413590 -61.373927 
60.717615 108.112049 -60.817151 
61.434991 107.612696 -60.769273 
FEnd
FBeg
  963   CD LYS A 122  3151   CZ PHE B  54 ali
58.962 105.841 -62.917 63.286 106.470 -62.722  4.86
61.458750 104.624812 -63.491319 
61.169355 106.239353 -62.282103 
61.112587 107.065271 -63.687420 
61.525324 104.707617 -65.234669 
61.614689 104.145668 -65.403633 
61.668429 103.661763 -65.034375 
FEnd
FBeg
  962   CG LYS A 122  3151   CZ PHE B  54 ali
59.001 104.510 -62.081 63.286 106.470 -62.722  1.29
62.224317 102.764511 -64.061884 
61.458750 104.624812 -63.491319 
61.668429 103.661763 -65.034375 
FEnd
FBeg
  964   CE LYS A 122  3150  CE2 PHE B  54 ali
59.062 107.221 -62.110 63.777 106.646 -61.444  0.53
61.332181 107.023927 -60.549741 
61.434991 107.612696 -60.769273 
61.519439 107.524691 -61.443106 
61.402416 106.742024 -61.290362 
FEnd
FBeg
  943   CG ASP A 120  3150  CE2 PHE B  54 aro
59.592 108.278 -59.027 63.777 106.646 -61.444  1.01
61.898720 106.678232 -59.335367 
62.006129 107.386411 -59.627565 
61.451485 107.631033 -60.753095 
61.434991 107.612696 -60.769273 
61.332181 107.023927 -60.549741 
61.710844 106.532186 -59.562060 
FEnd
FBeg
  959    C LYS A 122  3150  CE2 PHE B  54 ali
60.898 103.564 -58.923 63.777 106.646 -61.444  1.11
63.664732 103.520779 -60.604550 
62.612737 105.088928 -59.888826 
62.333282 105.311613 -59.935727 
63.210129 103.433584 -61.230308 
FEnd
FBeg
  970   CB VAL A 123  3063    N LYS B  44 unk
63.495 105.137 -56.909 64.655 109.707 -58.654  0.03
63.163760 108.089388 -57.037818 
63.143610 108.025184 -57.219359 
63.466975 108.047937 -56.944811 
FEnd
FBeg
  972  CG2 VAL A 123  3067   CB LYS B  44 ali
64.423 105.523 -58.034 62.831 109.958 -60.258  0.48
62.519281 107.353177 -59.125446 
63.623122 107.702189 -59.219622 
62.947005 107.857205 -58.426513 
FEnd
FBeg
  942   CB ASP A 120  3150  CE2 PHE B  54 ali
60.350 108.666 -57.808 63.777 106.646 -61.444  0.32
62.006129 107.386411 -59.627565 
62.519281 107.353177 -59.125446 
62.009373 106.700889 -59.243663 
61.898720 106.678232 -59.335367 
FEnd
FBeg
  943   CG ASP A 120  3067   CB LYS B  44 ali
59.592 108.278 -59.027 62.831 109.958 -60.258  2.05
60.599574 110.105034 -59.618260 
60.936995 108.956008 -60.298567 
61.451485 107.631033 -60.753095 
62.006129 107.386411 -59.627565 
FEnd
FBeg
  944  OD1 ASP A 120  3067   CB LYS B  44 unk
59.635 108.920 -60.090 62.831 109.958 -60.258  0.66
60.185092 111.382638 -59.609520 
60.205135 111.311608 -59.667082 
60.936995 108.956008 -60.298567 
60.599574 110.105034 -59.618260 
60.225440 111.297447 -59.368313 
FEnd
FBeg
11517  O3' AMP A 501  3070   CE LYS B  44 unk
58.133 113.441 -58.242 60.257 111.192 -62.677  0.57
60.258127 111.493421 -59.630721 
60.185092 111.382638 -59.609520 
59.412713 111.249674 -59.911999 
59.272281 112.221330 -60.471984 
FEnd
FBeg
 1923   OH TYR A 234  3292   CD PRO B  72 unk
54.483 103.221 -72.962 59.334 103.947 -74.137  10.88
56.304234 106.132327 -73.255678 
55.772750 106.879817 -74.988064 
55.952500 105.989269 -74.796207 
57.888357 101.137744 -69.801624 
57.820434 102.688197 -69.124061 
57.775888 103.137819 -69.030163 
57.741799 103.275304 -69.085950 
FEnd
FBeg
 1923   OH TYR A 234  3291   CG PRO B  72 unk
54.483 103.221 -72.962 58.469 102.874 -74.844  19.32
55.952500 105.989269 -74.796207 
57.888357 101.137744 -69.801624 
57.614771 100.192672 -70.206818 
56.293598 100.455773 -73.053519 
55.093938 102.137574 -75.904436 
FEnd
FBeg
 1921  CE2 TYR A 234  3291   CG PRO B  72 ali
52.845 101.522 -73.275 58.469 102.874 -74.844  15.05
56.293598 100.455773 -73.053519 
55.093938 102.137574 -75.904436 
55.389711 100.305214 -76.423191 
57.251862 96.558159 -72.977224 
57.297529 96.650327 -72.734114 
57.495302 97.887175 -70.959419 
57.435459 98.225695 -70.882224 
FEnd
FBeg
 1923   OH TYR A 234  3290   CB PRO B  72 unk
54.483 103.221 -72.962 58.487 103.301 -76.342  12.20
55.772750 106.879817 -74.988064 
55.952500 105.989269 -74.796207 
55.093938 102.137574 -75.904436 
53.601912 103.893987 -77.630341 
53.977838 106.738836 -77.117680 
55.290868 107.373373 -75.547226 
FEnd
FBeg
  555   CG PRO A  72  4659   OH TYR B 234 unk
48.513 130.662 -65.989 51.500 130.654 -70.278  18.24
51.749672 132.963946 -67.256383 
50.721302 133.482473 -67.973540 
47.940963 131.981911 -69.907061 
49.475781 127.311665 -68.829452 
52.165823 130.630523 -66.962209 
FEnd

+-+CCS_record::Boundary loops before union-find
Start boundary loop loop_id 0  init_edge IE_A_B
xyz 65.6391 125.263 -58.6272
xyz 65.7676 125.364 -58.0436
xyz 66.4919 125.635 -57.5901
xyz 67.4067 125.451 -56.7568
xyz 68.0517 125.216 -56.4719
xyz 69.9333 128.822 -54.9035
xyz 70.2149 129.165 -54.6477
xyz 69.2256 130.27 -53.2501
xyz 66.0455 133.116 -54.4746
xyz 65.4561 133.544 -55.5004
xyz 64.1272 132.993 -57.166
xyz 63.4311 131.525 -57.536
xyz 62.8548 131.937 -57.9147
xyz 60.2199 131.304 -58.6057
xyz 60.9089 130.05 -59.9089
xyz 59.1034 131.676 -60.3685
xyz 58.5578 131.287 -60.9929
xyz 57.3469 129.468 -61.1625
xyz 57.3687 129.195 -61.2311
xyz 57.2549 129.387 -61.185
xyz 56.244 130.305 -61.7384
xyz 55.4208 130.714 -62.6024
xyz 55.1853 128.156 -66.1082
xyz 56.6746 125.735 -66.5936
xyz 57.1719 125.299 -67.6084
xyz 57.184 125.299 -67.601
xyz 58.408 124.702 -66.8667
xyz 58.3736 124.001 -66.9075
xyz 59.9173 123.585 -66.6267
xyz 59.9253 123.586 -66.6251
xyz 59.9201 123.581 -66.6294
xyz 57.2504 120.157 -70.575
xyz 57.372 119.916 -70.663
xyz 60.0269 119.294 -69.4535
xyz 60.1364 119.274 -69.4001
xyz 61.6192 120.024 -67.9854
xyz 61.7785 120.033 -67.975
xyz 61.8087 120.031 -67.9616
xyz 63.021 119.525 -66.2855
xyz 63.8618 118.956 -65.3407
xyz 63.9192 117.796 -63.5486
xyz 62.1789 117.171 -62.7226
xyz 61.2322 116.917 -62.0577
xyz 61.3083 117.127 -61.6354
xyz 61.9603 117.682 -61.14
xyz 62.812 118.333 -60.6767
xyz 63.9833 119.07 -60.4396
xyz 65.3974 119.713 -60.7751
xyz 65.501 120.048 -60.8546
xyz 65.5089 120.088 -60.8812
xyz 65.7685 120.386 -61.0804
xyz 65.2836 120.509 -60.8084
xyz 64.9899 120.692 -60.7818
xyz 65.0895 121.013 -60.4761
xyz 64.9934 123.117 -59.4001
End loop
Boundary info init_edge IE_A_B [total exposed]: 79.758185 79.758185
Start boundary loop loop_id 1  init_edge IE_A_B
xyz 65.4113 121.068 -65.0304
xyz 64.5811 121.891 -66.3694
xyz 64.0609 123.596 -66.2125
xyz 64.1507 123.932 -65.7119
xyz 65.3529 122.774 -63.7449
xyz 65.922 121.876 -63.107
xyz 66.246 121.223 -62.564
xyz 66.2711 121.293 -62.7426
End loop
Boundary info init_edge IE_A_B [total exposed]: 11.553016 11.553016
Start boundary loop loop_id 2  init_edge IE_A_B
xyz 60.2581 111.493 -59.6307
xyz 59.2723 112.221 -60.472
xyz 58.1534 113.453 -61.3447
xyz 58.0448 113.911 -61.3605
xyz 58.4115 116.118 -62.2913
xyz 58.2386 116.246 -62.4399
xyz 56.8262 116.383 -63.1957
xyz 56.6481 116.425 -63.2214
xyz 54.4819 116.312 -63.1403
xyz 54.0075 116.087 -62.9962
xyz 53.5252 115.835 -63.0804
xyz 51.9885 114.853 -65.2419
xyz 51.7121 114.487 -65.6539
xyz 51.9033 113.534 -65.5168
xyz 51.9848 112.269 -64.7057
xyz 52.3185 111.586 -64.0162
xyz 52.2582 111.473 -64.1959
xyz 51.8575 111.405 -65.2306
xyz 55.9579 108.442 -65.9888
xyz 56.1513 108.464 -65.5212
xyz 56.1078 107.147 -65.7445
xyz 56.0451 107.038 -65.9053
xyz 55.5434 106.078 -66.3693
xyz 55.5266 106.009 -66.3976
xyz 55.663 105.753 -66.449
xyz 57.2351 103.675 -66.7404
xyz 58.7595 102.511 -66.7312
xyz 61.0583 103.091 -65.9152
xyz 61.6147 104.146 -65.4036
xyz 61.6684 103.662 -65.0344
xyz 62.2243 102.765 -64.0619
xyz 63.2712 102.017 -62.8835
xyz 63.2924 103.22 -61.5315
xyz 63.2101 103.434 -61.2303
xyz 63.6647 103.521 -60.6045
xyz 64.6604 102.701 -61.0633
xyz 65.1941 103.496 -60.9025
xyz 65.2947 103.461 -60.7247
xyz 65.2116 101.938 -59.635
xyz 66.0341 101.87 -57.6515
xyz 66.8164 103.432 -57.1356
xyz 66.8221 103.368 -57.1167
xyz 66.4887 101.475 -57.0877
xyz 66.6566 101.375 -56.2848
xyz 67.7357 103.887 -53.5714
xyz 67.5504 104.038 -53.1407
xyz 65.0861 107.133 -53.2616
xyz 64.815 107.575 -53.8201
xyz 64.9141 107.676 -55.028
xyz 64.3468 107.678 -55.9526
xyz 64.0364 107.887 -56.5302
xyz 63.8951 108.044 -56.8143
xyz 63.467 108.048 -56.9448
xyz 63.1638 108.089 -57.0378
xyz 62.4032 111.009 -57.3149
xyz 62.1794 111.549 -57.2567
xyz 61.6333 112.12 -57.5089
xyz 61.641 112.444 -58.0507
End loop
Boundary info init_edge IE_A_B [total exposed]: 75.449192 75.449192
Start boundary loop loop_id 3  init_edge IE_A_B
xyz 55.7727 106.88 -74.9881
xyz 55.2909 107.373 -75.5472
xyz 53.9778 106.739 -77.1177
xyz 53.6019 103.894 -77.6303
xyz 55.0939 102.138 -75.9044
xyz 55.3897 100.305 -76.4232
xyz 57.2519 96.5582 -72.9772
xyz 57.2975 96.6503 -72.7341
xyz 57.4953 97.8872 -70.9594
xyz 57.4355 98.2257 -70.8822
xyz 56.2936 100.456 -73.0535
xyz 57.6148 100.193 -70.2068
xyz 57.8884 101.138 -69.8016
xyz 57.8204 102.688 -69.1241
xyz 57.7759 103.138 -69.0302
xyz 57.7418 103.275 -69.086
xyz 56.3042 106.132 -73.2557
End loop
Boundary info init_edge IE_A_B [total exposed]: 36.012760 36.012760
Start boundary loop loop_id 4  init_edge IE_A_B
xyz 50.7213 133.482 -67.9735
xyz 47.941 131.982 -69.9071
xyz 49.4758 127.312 -68.8295
xyz 52.1658 130.631 -66.9622
xyz 51.7497 132.964 -67.2564
End loop
Boundary info init_edge IE_A_B [total exposed]: 17.144357 17.144357
Voronoi Facets of interface MI_AWi_BWi
FBeg
 3088   CG ARG B  47 11653    O HOH A 551 unk
59.147 113.189 -65.383 60.383 113.896 -60.485  3.25
58.903632 116.441529 -62.843864 
58.897282 116.437804 -62.841724 
59.313886 113.932491 -62.585224 
60.681261 114.177118 -62.965589 
60.069973 116.219424 -63.106128 
59.451826 116.724892 -63.023101 
FEnd
FBeg
  344   CA GLY A  46 11653    O HOH A 551 unk
58.095 118.879 -59.605 60.383 113.896 -60.485  4.42
59.451826 116.724892 -63.023101 
58.903632 116.441529 -62.843864 
58.895128 116.436837 -62.839401 
58.411500 116.117973 -62.291270 
58.445310 116.064559 -61.900905 
59.192828 116.103599 -60.178424 
60.912479 117.175115 -61.774793 
60.160036 116.970870 -62.574604 
FEnd
FBeg
  339    O VAL A  45 11653    O HOH A 551 hbw
60.079 117.587 -58.335 60.383 113.896 -60.485  10.04
59.192828 116.103599 -60.178424 
59.295869 115.841532 -59.713952 
60.617357 115.248304 -58.508679 
62.305342 114.815798 -57.527504 
62.887366 115.406146 -58.458686 
62.806770 115.884608 -59.291478 
61.308270 117.126535 -61.635430 
60.912479 117.175115 -61.774793 
FEnd
FBeg
 3075    O VAL B  45 11653    O HOH A 551 hbw
64.543 115.756 -62.159 60.383 113.896 -60.485  2.17
62.806770 115.884608 -59.291478 
62.794753 115.834088 -59.377474 
61.812924 115.876013 -61.770800 
61.232227 116.916535 -62.057736 
61.308270 117.126535 -61.635430 
FEnd
FBeg
 3074    C VAL B  45 11653    O HOH A 551 unk
64.587 114.503 -62.199 60.383 113.896 -60.485  4.50
62.794753 115.834088 -59.377474 
62.497259 113.150393 -61.057560 
62.436068 113.037531 -61.247617 
61.985704 114.320295 -61.897961 
61.812924 115.876013 -61.770800 
FEnd
FBeg
 3079    N GLY B  46 11653    O HOH A 551 hbw
64.050 113.809 -63.196 60.383 113.896 -60.485  0.76
62.436068 113.037531 -61.247617 
62.403692 112.958133 -61.288861 
62.222434 112.944458 -61.533599 
61.704312 113.552550 -62.253944 
61.985704 114.320295 -61.897961 
FEnd
FBeg
 3068   CG LYS B  44 11653    O HOH A 551 unk
62.460 110.097 -61.811 60.383 113.896 -60.485  0.51
62.403692 112.958133 -61.288861 
62.401285 112.842896 -60.962475 
62.288741 112.693471 -60.710657 
61.463974 112.189524 -60.558732 
62.222434 112.944458 -61.533599 
FEnd
FBeg
 3067   CB LYS B  44 11653    O HOH A 551 unk
62.831 109.958 -60.258 60.383 113.896 -60.485  3.35
62.288741 112.693471 -60.710657 
61.949664 112.599027 -58.692423 
61.640960 112.444116 -58.050720 
60.258127 111.493421 -59.630721 
61.463974 112.189524 -60.558732 
FEnd
FBeg
 3065    C LYS B  44 11653    O HOH A 551 unk
64.657 111.715 -59.869 60.383 113.896 -60.485  1.86
62.401285 112.842896 -60.962475 
62.531467 113.152802 -60.768465 
62.715692 113.889525 -59.438247 
61.949664 112.599027 -58.692423 
62.288741 112.693471 -60.710657 
FEnd
FBeg
 3072    N VAL B  45 11653    O HOH A 551 hbw
64.966 112.302 -61.014 60.383 113.896 -60.485  0.10
62.497259 113.150393 -61.057560 
62.531467 113.152802 -60.768465 
62.401285 112.842896 -60.962475 
62.403692 112.958133 -61.288861 
62.436068 113.037531 -61.247617 
FEnd
FBeg
 3073   CA VAL B  45 11653    O HOH A 551 unk
65.306 113.714 -61.066 60.383 113.896 -60.485  2.62
62.887366 115.406146 -58.458686 
62.715692 113.889525 -59.438247 
62.531467 113.152802 -60.768465 
62.497259 113.150393 -61.057560 
62.794753 115.834088 -59.377474 
62.806770 115.884608 -59.291478 
FEnd
FBeg
 3066    O LYS B  44 11653    O HOH A 551 hbw
64.645 112.333 -58.812 60.383 113.896 -60.485  4.22
62.305342 114.815798 -57.527504 
61.953410 113.960934 -57.429604 
61.640960 112.444116 -58.050720 
61.949664 112.599027 -58.692423 
62.715692 113.889525 -59.438247 
62.887366 115.406146 -58.458686 
FEnd
FBeg
11519  O2' AMP A 501 11653    O HOH A 551 unk
58.352 115.198 -56.417 60.383 113.896 -60.485  0.93
60.617357 115.248304 -58.508679 
61.953410 113.960934 -57.429604 
62.305342 114.815798 -57.527504 
FEnd
FBeg
11517  O3' AMP A 501 11653    O HOH A 551 unk
58.133 113.441 -58.242 60.383 113.896 -60.485  15.22
59.295869 115.841532 -59.713952 
58.181067 114.415393 -61.121531 
58.044824 113.910860 -61.360545 
58.153353 113.452511 -61.344655 
59.272281 112.221330 -60.471984 
60.258127 111.493421 -59.630721 
61.640960 112.444116 -58.050720 
61.953410 113.960934 -57.429604 
60.617357 115.248304 -58.508679 
FEnd
FBeg
 3071   NZ LYS B  44 11653    O HOH A 551 hbw
58.838 111.199 -62.309 60.383 113.896 -60.485  0.94
58.153353 113.452511 -61.344655 
58.869442 113.519334 -62.050016 
59.272281 112.221330 -60.471984 
FEnd
FBeg
11514  C4' AMP A 501 11653    O HOH A 551 unk
56.435 115.323 -58.804 60.383 113.896 -60.485  2.23
58.445310 116.064559 -61.900905 
58.181067 114.415393 -61.121531 
59.295869 115.841532 -59.713952 
59.192828 116.103599 -60.178424 
FEnd
FBeg
11513  C5' AMP A 501 11653    O HOH A 551 unk
55.445 114.958 -59.912 60.383 113.896 -60.485  0.82
58.411500 116.117973 -62.291270 
58.044824 113.910860 -61.360545 
58.181067 114.415393 -61.121531 
58.445310 116.064559 -61.900905 
FEnd
FBeg
 3088   CG ARG B  47 11654    O HOH A 552 unk
59.147 113.189 -65.383 62.421 117.216 -65.524  4.16
60.069973 116.219424 -63.106128 
60.440765 115.883131 -64.101021 
59.868849 116.283855 -65.936055 
58.774050 117.182323 -65.696624 
59.238043 116.886779 -63.363595 
59.391530 116.771908 -63.080379 
59.451826 116.724892 -63.023101 
FEnd
FBeg
  353   CD ARG A  47 11654    O HOH A 552 unk
59.543 120.939 -64.480 62.421 117.216 -65.524  13.63
58.774050 117.182323 -65.696624 
59.238043 116.886779 -63.363595 
59.486159 116.997545 -63.074613 
59.769826 117.172474 -62.916438 
61.388989 119.313867 -66.089292 
61.619215 120.023540 -67.985384 
60.136387 119.273984 -69.400119 
60.122652 119.260139 -69.388608 
FEnd
FBeg
  355   CZ ARG A  47 11654    O HOH A 552 unk
62.082 121.168 -64.086 62.421 117.216 -65.524  1.78
61.388989 119.313867 -66.089292 
63.021041 119.525267 -66.285527 
61.808739 120.031155 -67.961630 
61.778457 120.033413 -67.974976 
61.619215 120.023540 -67.985384 
FEnd
FBeg
11542  O3' AMP B 801 11654    O HOH A 552 unk
65.927 119.157 -67.474 62.421 117.216 -65.524  8.27
63.021041 119.525267 -66.285527 
63.861848 118.955765 -65.340673 
64.196220 117.792506 -65.897380 
63.032542 117.782352 -67.999720 
61.818511 118.577081 -69.391423 
61.434028 119.070530 -69.591533 
61.808739 120.031155 -67.961630 
FEnd
FBeg
11538  C5' AMP B 801 11654    O HOH A 552 unk
65.646 116.115 -68.966 62.421 117.216 -65.524  2.49
63.032542 117.782352 -67.999720 
63.014605 115.957539 -67.432818 
62.605479 116.101062 -67.862061 
62.266100 116.646861 -68.354629 
61.818511 118.577081 -69.391423 
FEnd
FBeg
 3085    C ARG B  47 11654    O HOH A 552 unk
60.705 113.817 -68.108 62.421 117.216 -65.524  2.07
62.605479 116.101062 -67.862061 
60.678612 116.280376 -66.818324 
61.238845 117.249162 -68.464710 
62.266100 116.646861 -68.354629 
FEnd
FBeg
11539  C4' AMP B 801 11654    O HOH A 552 unk
66.002 116.566 -67.503 62.421 117.216 -65.524  4.42
64.196220 117.792506 -65.897380 
64.359767 116.762523 -65.263144 
63.411235 115.758972 -66.649898 
63.014605 115.957539 -67.432818 
63.032542 117.782352 -67.999720 
FEnd
FBeg
11544  O2' AMP B 801 11654    O HOH A 552 unk
66.725 118.211 -65.018 62.421 117.216 -65.524  2.92
63.861848 118.955765 -65.340673 
63.919191 117.796396 -63.548644 
64.062117 117.327456 -63.842238 
64.359767 116.762523 -65.263144 
64.196220 117.792506 -65.897380 
FEnd
FBeg
 3075    O VAL B  45 11654    O HOH A 552 hbw
64.543 115.756 -62.159 62.421 117.216 -65.524  0.57
63.919191 117.796396 -63.548644 
62.178919 117.170916 -62.722595 
64.062117 117.327456 -63.842238 
FEnd
FBeg
  356  NH1 ARG A  47 11654    O HOH A 552 hbw
62.284 119.874 -63.800 62.421 117.216 -65.524  13.04
59.769826 117.172474 -62.916438 
60.160036 116.970870 -62.574604 
60.868921 116.866185 -62.356872 
62.178919 117.170916 -62.722595 
63.919191 117.796396 -63.548644 
63.861848 118.955765 -65.340673 
63.021041 119.525267 -66.285527 
61.388989 119.313867 -66.089292 
FEnd
FBeg
 3086    O ARG B  47 11654    O HOH A 552 hbw
59.666 114.530 -68.042 62.421 117.216 -65.524  7.40
59.868849 116.283855 -65.936055 
58.774050 117.182323 -65.696624 
60.122652 119.260139 -69.388608 
61.238845 117.249162 -68.464710 
60.678612 116.280376 -66.818324 
FEnd
FBeg
 3083    N ARG B  47 11654    O HOH A 552 hbw
61.844 114.025 -66.041 62.421 117.216 -65.524  6.58
60.440765 115.883131 -64.101021 
59.868849 116.283855 -65.936055 
60.678612 116.280376 -66.818324 
62.605479 116.101062 -67.862061 
63.014605 115.957539 -67.432818 
63.411235 115.758972 -66.649898 
FEnd
FBeg
 3080   CA GLY B  46 11654    O HOH A 552 unk
63.398 114.539 -64.255 62.421 117.216 -65.524  11.55
60.069973 116.219424 -63.106128 
60.440765 115.883131 -64.101021 
63.411235 115.758972 -66.649898 
64.359767 116.762523 -65.263144 
64.062117 117.327456 -63.842238 
62.178919 117.170916 -62.722595 
60.868921 116.866185 -62.356872 
FEnd
FBeg
 3080   CA GLY B  46 11653    O HOH A 551 unk
63.398 114.539 -64.255 60.383 113.896 -60.485  5.28
60.681261 114.177118 -62.965589 
60.069973 116.219424 -63.106128 
60.868921 116.866185 -62.356872 
61.232227 116.916535 -62.057736 
61.812924 115.876013 -61.770800 
61.985704 114.320295 -61.897961 
61.704312 113.552550 -62.253944 
FEnd
FBeg
 3070   CE LYS B  44 11653    O HOH A 551 unk
60.257 111.192 -62.677 60.383 113.896 -60.485  9.03
59.313886 113.932491 -62.585224 
60.681261 114.177118 -62.965589 
61.704312 113.552550 -62.253944 
62.222434 112.944458 -61.533599 
61.463974 112.189524 -60.558732 
60.258127 111.493421 -59.630721 
59.272281 112.221330 -60.471984 
58.869442 113.519334 -62.050016 
FEnd
FBeg
 3090   NE ARG B  47 11653    O HOH A 551 hbw
57.290 113.052 -63.705 60.383 113.896 -60.485  3.52
58.897282 116.437804 -62.841724 
59.313886 113.932491 -62.585224 
58.869442 113.519334 -62.050016 
58.153353 113.452511 -61.344655 
58.044824 113.910860 -61.360545 
58.411500 116.117973 -62.291270 
58.895128 116.436837 -62.839401 
FEnd
FBeg
 2346   CB ASN A 286 11637    O HOH A 535 unk
56.481 87.097 -63.480 60.681 86.982 -64.496  26.47
58.475143 90.163766 -66.183216 
58.733239 88.762588 -64.957688 
58.946711 86.301971 -63.796709 
58.183295 83.579148 -66.644367 
56.885550 81.283150 -71.749183 
FEnd
FBeg
 3559  CE1 HIS B 105 11637    O HOH A 535 unk
62.086 89.361 -68.693 60.681 86.982 -64.496  98.23
56.885550 81.283150 -71.749183 
58.475143 90.163766 -66.183216 
59.204792 91.124719 -65.394256 
59.365925 91.237715 -65.276265 
60.665136 91.070348 -64.936207 
61.224062 90.975978 -64.802591 
64.603713 80.637762 -69.531256 
63.818578 76.708425 -72.021369 
59.895130 75.230101 -74.172758 
58.225743 78.161377 -73.070061 
56.915867 80.685055 -72.078054 
56.903598 80.736031 -72.053267 
FEnd
FBeg
 2354   CB ALA A 287 11637    O HOH A 535 unk
60.214 84.036 -61.620 60.681 86.982 -64.496  95.48
63.818578 76.708425 -72.021369 
65.656328 82.133889 -66.165442 
65.541208 86.064924 -62.157421 
63.223711 86.447765 -62.141574 
59.933740 86.314452 -62.812352 
59.852442 86.266005 -62.875179 
57.978874 80.173469 -69.420230 
57.830434 79.138693 -70.504295 
57.987884 77.823566 -71.825865 
58.648391 76.845822 -72.720155 
59.895130 75.230101 -74.172758 
FEnd
FBeg
 2355    N ASP A 288 11637    O HOH A 535 hbw
59.888 86.954 -60.601 60.681 86.982 -64.496  2.55
63.223711 86.447765 -62.141574 
60.695011 87.865003 -62.646215 
59.933740 86.314452 -62.812352 
FEnd
FBeg
 2359   CB ASP A 288 11637    O HOH A 535 unk
61.067 89.147 -60.350 60.681 86.982 -64.496  14.35
65.541208 86.064924 -62.157421 
64.088184 89.475527 -63.803125 
62.506897 90.523810 -64.203308 
62.397644 90.505229 -64.183433 
60.524956 89.221463 -63.338713 
60.695011 87.865003 -62.646215 
63.223711 86.447765 -62.141574 
FEnd
FBeg
 3557  ND1 HIS B 105 11637    O HOH A 535 hbw
63.296 89.521 -68.178 60.681 86.982 -64.496  21.44
61.224062 90.975978 -64.802591 
62.506897 90.523810 -64.203308 
64.088184 89.475527 -63.803125 
65.099995 82.416616 -67.952144 
64.603713 80.637762 -69.531256 
FEnd
FBeg
 2360   CG ASP A 288 11637    O HOH A 535 unk
60.111 90.331 -60.670 60.681 86.982 -64.496  3.82
59.365925 91.237715 -65.276265 
60.524956 89.221463 -63.338713 
62.397644 90.505229 -64.183433 
60.665136 91.070348 -64.936207 
FEnd
FBeg
 2350    N ALA A 287 11637    O HOH A 535 hbw
58.069 85.106 -62.002 60.681 86.982 -64.496  6.22
58.946711 86.301971 -63.796709 
58.183295 83.579148 -66.644367 
57.978874 80.173469 -69.420230 
59.852442 86.266005 -62.875179 
FEnd
FBeg
 2349  ND2 ASN A 286 11637    O HOH A 535 hbw
58.361 87.873 -62.181 60.681 86.982 -64.496  9.67
58.733239 88.762588 -64.957688 
58.946711 86.301971 -63.796709 
59.852442 86.266005 -62.875179 
59.933740 86.314452 -62.812352 
60.695011 87.865003 -62.646215 
60.524956 89.221463 -63.338713 
59.365925 91.237715 -65.276265 
59.204792 91.124719 -65.394256 
FEnd
FBeg
 2347   CG ASN A 286 11637    O HOH A 535 unk
57.074 88.073 -62.489 60.681 86.982 -64.496  1.35
58.475143 90.163766 -66.183216 
58.733239 88.762588 -64.957688 
59.204792 91.124719 -65.394256 
FEnd
FBeg
  331   CB LYS A  44 11629    O HOH A 527 unk
62.064 123.374 -59.334 66.857 122.858 -57.897  0.92
64.993440 123.116897 -59.400099 
65.089516 121.012803 -60.476093 
64.793005 122.052212 -59.113872 
FEnd
FBeg
  327    N LYS A  44 11629    O HOH A 527 hbw
63.422 123.670 -57.282 66.857 122.858 -57.897  5.50
64.793005 122.052212 -59.113872 
65.115398 121.985673 -57.225335 
65.327653 122.819927 -57.141303 
65.767570 125.364272 -58.043566 
65.639102 125.262853 -58.627202 
64.993440 123.116897 -59.400099 
FEnd
FBeg
 3706   CB VAL B 123 11629    O HOH A 527 unk
65.124 128.483 -58.493 66.857 122.858 -57.897  0.53
65.767570 125.364272 -58.043566 
66.491877 125.635468 -57.590118 
66.163705 125.416101 -58.706258 
66.048956 125.376070 -58.750408 
65.639102 125.262853 -58.627202 
FEnd
FBeg
 3674    N ASP B 120 11629    O HOH A 527 hbw
67.516 124.753 -61.328 66.857 122.858 -57.897  5.98
66.163705 125.416101 -58.706258 
67.380610 124.734287 -58.849102 
67.970499 122.162327 -60.156338 
67.822442 121.881605 -60.339823 
66.463044 121.100259 -61.032477 
66.048956 125.376070 -58.750408 
FEnd
FBeg
 3662    O ASN B 118 11629    O HOH A 527 hbw
70.547 122.106 -59.724 66.857 122.858 -57.897  17.63
67.970499 122.162327 -60.156338 
69.486280 123.212164 -57.527024 
70.319215 122.285325 -55.463250 
68.787337 118.373716 -56.947159 
67.522894 119.524610 -59.974672 
67.822442 121.881605 -60.339823 
FEnd
FBeg
 3672  OG1 THR B 119 11629    O HOH A 527 hbw
70.518 125.607 -58.140 66.857 122.858 -57.897  5.87
69.486280 123.212164 -57.527024 
68.642567 124.323625 -57.664586 
68.374121 124.697770 -57.476335 
68.051655 125.216005 -56.471880 
68.724051 124.390139 -55.684485 
70.348674 122.290535 -54.960485 
70.319215 122.285325 -55.463250 
FEnd
FBeg
  312    O VAL A  42 11629    O HOH A 527 hbw
66.355 126.037 -54.134 66.857 122.858 -57.897  0.61
68.051655 125.216005 -56.471880 
67.406698 125.451424 -56.756804 
67.779389 124.729345 -56.097069 
68.724051 124.390139 -55.684485 
FEnd
FBeg
 3671   CB THR B 119 11629    O HOH A 527 unk
70.131 125.995 -59.463 66.857 122.858 -57.897  0.11
68.642567 124.323625 -57.664586 
68.251027 124.611390 -57.906719 
68.374121 124.697770 -57.476335 
FEnd
FBeg
 3668   CA THR B 119 11629    O HOH A 527 unk
69.718 124.733 -60.295 66.857 122.858 -57.897  5.03
67.380610 124.734287 -58.849102 
68.251027 124.611390 -57.906719 
68.642567 124.323625 -57.664586 
69.486280 123.212164 -57.527024 
67.970499 122.162327 -60.156338 
FEnd
FBeg
 3673  CG2 THR B 119 11629    O HOH A 527 unk
68.970 126.927 -59.318 66.857 122.858 -57.897  3.74
66.491877 125.635468 -57.590118 
67.406698 125.451424 -56.756804 
68.051655 125.216005 -56.471880 
68.374121 124.697770 -57.476335 
68.251027 124.611390 -57.906719 
67.380610 124.734287 -58.849102 
66.163705 125.416101 -58.706258 
FEnd
FBeg
  317   CA ARG A  43 11629    O HOH A 527 unk
64.711 124.167 -55.252 66.857 122.858 -57.897  4.83
65.327653 122.819927 -57.141303 
67.779389 124.729345 -56.097069 
67.406698 125.451424 -56.756804 
66.491877 125.635468 -57.590118 
65.767570 125.364272 -58.043566 
FEnd
FBeg
  320   CB ARG A  43 11629    O HOH A 527 unk
65.492 122.888 -54.747 66.857 122.858 -57.897  20.51
65.115398 121.985673 -57.225335 
66.197145 119.916465 -56.736871 
67.490823 118.908385 -56.166676 
69.721918 120.638270 -55.216344 
70.348674 122.290535 -54.960485 
68.724051 124.390139 -55.684485 
67.779389 124.729345 -56.097069 
65.327653 122.819927 -57.141303 
FEnd
FBeg
  330    O LYS A  44 11629    O HOH A 527 hbw
63.256 121.106 -57.344 66.857 122.858 -57.897  10.47
65.089516 121.012803 -60.476093 
65.283635 120.508916 -60.808439 
65.471227 120.106633 -60.861387 
65.501034 120.047514 -60.854593 
65.709597 119.691045 -60.625836 
66.462933 118.841005 -58.413369 
66.197145 119.916465 -56.736871 
65.115398 121.985673 -57.225335 
64.793005 122.052212 -59.113872 
FEnd
FBeg
 3678   CB ASP B 120 11629    O HOH A 527 unk
65.146 124.785 -61.818 66.857 122.858 -57.897  6.24
64.993440 123.116897 -59.400099 
65.639102 125.262853 -58.627202 
66.048956 125.376070 -58.750408 
66.463044 121.100259 -61.032477 
66.051895 120.489492 -61.153229 
65.768528 120.385999 -61.080439 
65.283635 120.508916 -60.808439 
65.089516 121.012803 -60.476093 
FEnd
FBeg
 3056   CB ARG B  43 11604    O HOH A 502 unk
66.870 110.338 -56.216 63.637 109.759 -55.312  15.64
65.187432 112.539981 -52.826587 
65.796369 109.136076 -52.828987 
65.451508 108.532707 -54.448774 
64.490237 110.431861 -56.670211 
64.292761 111.416677 -56.745687 
64.360853 113.775040 -54.991668 
64.938911 113.238410 -53.268047 
FEnd
FBeg
  926    O ASN A 118 11604    O HOH A 502 hbw
61.511 111.034 -52.098 63.637 109.759 -55.312  14.05
64.938911 113.238410 -53.268047 
64.198486 114.304727 -54.180835 
62.863049 114.128927 -54.994461 
61.820384 113.061677 -55.260784 
61.335781 111.673284 -55.030561 
61.504483 111.185374 -54.725413 
63.988032 109.847238 -52.551752 
64.021109 109.847690 -52.530051 
65.187432 112.539981 -52.826587 
FEnd
FBeg
  935   CB THR A 119 11604    O HOH A 502 unk
61.771 107.466 -52.420 63.637 109.759 -55.312  4.69
63.988032 109.847238 -52.551752 
62.877112 107.509135 -55.122376 
62.900608 107.448843 -55.155020 
64.815015 107.574579 -53.820097 
65.214403 108.226007 -53.045898 
65.160893 108.705482 -52.700260 
64.021109 109.847690 -52.530051 
FEnd
FBeg
  935   CB THR A 119 11921    O HOH E 238 unk
61.771 107.466 -52.420 66.132 106.578 -50.513  7.60
65.214403 108.226007 -53.045898 
65.160893 108.705482 -52.700260 
64.113104 107.812132 -50.720127 
63.670507 104.696549 -51.158759 
63.804152 104.576342 -51.520360 
64.197528 105.006369 -52.219703 
65.086102 107.132608 -53.261638 
FEnd
FBeg
 3048    O VAL B  42 11921    O HOH E 238 hbw
67.347 107.362 -55.209 66.132 106.578 -50.513  11.90
65.086102 107.132608 -53.261638 
65.214403 108.226007 -53.045898 
65.681521 108.959452 -52.802591 
67.241918 109.546474 -52.300865 
67.733786 109.675672 -52.152034 
67.994441 109.482028 -52.116924 
68.099025 104.102528 -52.987975 
67.550361 104.037856 -53.140728 
FEnd
FBeg
 3050  CG1 VAL B  42 11921    O HOH E 238 unk
70.719 107.293 -54.378 66.132 106.578 -50.513  31.70
67.994441 109.482028 -52.116924 
68.848647 109.654011 -51.071332 
72.478591 108.673095 -46.944760 
72.761951 107.890263 -46.753286 
71.949261 106.198692 -48.030720 
70.106757 103.760035 -50.668548 
68.099025 104.102528 -52.987975 
FEnd
FBeg
  971  CG1 VAL A 123 11921    O HOH E 238 unk
64.214 104.849 -55.677 66.132 106.578 -50.513  8.16
64.197528 105.006369 -52.219703 
65.086102 107.132608 -53.261638 
67.550361 104.037856 -53.140728 
65.017183 103.093738 -51.883754 
64.869601 103.120914 -51.838038 
64.069554 104.277487 -51.928128 
FEnd
FBeg
  937  CG2 THR A 119 11921    O HOH E 238 unk
61.249 107.337 -50.977 66.132 106.578 -50.513  7.63
64.113104 107.812132 -50.720127 
63.670507 104.696549 -51.158759 
63.489172 104.611777 -49.389110 
63.607434 106.368911 -47.759389 
63.643820 106.640642 -47.697811 
63.697244 106.978002 -47.708190 
FEnd
FBeg
  971  CG1 VAL A 123 11604    O HOH A 502 unk
64.214 104.849 -55.677 63.637 109.759 -55.312  2.14
62.900608 107.448843 -55.155020 
62.900677 107.449379 -55.162127 
64.346762 107.678079 -55.952605 
64.914088 107.676016 -55.028017 
64.815015 107.574579 -53.820097 
FEnd
FBeg
  970   CB VAL A 123 11604    O HOH A 502 unk
63.495 105.137 -56.909 63.637 109.759 -55.312  1.84
62.900677 107.449379 -55.162127 
62.783197 107.899129 -56.453337 
63.163760 108.089388 -57.037818 
63.466975 108.047937 -56.944811 
64.036411 107.887199 -56.530241 
64.346762 107.678079 -55.952605 
FEnd
FBeg
  972  CG2 VAL A 123 11604    O HOH A 502 unk
64.423 105.523 -58.034 63.637 109.759 -55.312  0.06
63.466975 108.047937 -56.944811 
63.895125 108.043532 -56.814325 
64.036411 107.887199 -56.530241 
FEnd
FBeg
  942   CB ASP A 120 11604    O HOH A 502 unk
60.350 108.666 -57.808 63.637 109.759 -55.312  4.48
62.783197 107.899129 -56.453337 
61.241076 112.053189 -56.241572 
61.699953 112.205265 -56.912465 
62.179450 111.549398 -57.256713 
62.403237 111.009302 -57.314912 
63.163760 108.089388 -57.037818 
FEnd
FBeg
 3067   CB LYS B  44 11604    O HOH A 502 unk
62.831 109.958 -60.258 63.637 109.759 -55.312  0.05
62.179450 111.549398 -57.256713 
62.446978 111.375857 -57.307292 
62.403237 111.009302 -57.314912 
FEnd
FBeg
  932   CA THR A 119 11604    O HOH A 502 unk
61.050 108.554 -53.098 63.637 109.759 -55.312  5.95
61.504483 111.185374 -54.725413 
62.877112 107.509135 -55.122376 
63.988032 109.847238 -52.551752 
FEnd
FBeg
  938    N ASP A 120 11604    O HOH A 502 hbw
60.450 108.582 -55.432 63.637 109.759 -55.312  6.55
61.335781 111.673284 -55.030561 
61.199654 112.145577 -56.047664 
61.241076 112.053189 -56.241572 
62.783197 107.899129 -56.453337 
62.900677 107.449379 -55.162127 
62.900608 107.448843 -55.155020 
62.877112 107.509135 -55.122376 
61.504483 111.185374 -54.725413 
FEnd
FBeg
 3066    O LYS B  44 11604    O HOH A 502 hbw
64.645 112.333 -58.812 63.637 109.759 -55.312  7.76
64.292761 111.416677 -56.745687 
62.446978 111.375857 -57.307292 
62.179450 111.549398 -57.256713 
61.699953 112.205265 -56.912465 
61.861143 112.875259 -56.373309 
62.888677 114.119765 -55.162134 
64.137334 114.263959 -54.696477 
64.360853 113.775040 -54.991668 
FEnd
FBeg
 3063    N LYS B  44 11604    O HOH A 502 hbw
64.655 109.707 -58.654 63.637 109.759 -55.312  5.26
64.490237 110.431861 -56.670211 
63.895125 108.043532 -56.814325 
63.466975 108.047937 -56.944811 
63.163760 108.089388 -57.037818 
62.403237 111.009302 -57.314912 
62.446978 111.375857 -57.307292 
64.292761 111.416677 -56.745687 
FEnd
FBeg
 3053   CA ARG B  43 11604    O HOH A 502 unk
66.508 109.150 -57.075 63.637 109.759 -55.312  4.58
65.451508 108.532707 -54.448774 
64.914088 107.676016 -55.028017 
64.346762 107.678079 -55.952605 
64.036411 107.887199 -56.530241 
63.895125 108.043532 -56.814325 
64.490237 110.431861 -56.670211 
FEnd
FBeg
 3048    O VAL B  42 11604    O HOH A 502 hbw
67.347 107.362 -55.209 63.637 109.759 -55.312  2.17
65.796369 109.136076 -52.828987 
65.681521 108.959452 -52.802591 
65.214403 108.226007 -53.045898 
64.815015 107.574579 -53.820097 
64.914088 107.676016 -55.028017 
65.451508 108.532707 -54.448774 
FEnd
FBeg
11544  O2' AMP B 801 11731    O HOH B1055 unk
66.725 118.211 -65.018 66.682 123.153 -65.487  4.18
66.271090 121.292794 -62.742609 
66.479142 121.295356 -62.734694 
67.637376 121.192942 -63.920052 
67.534793 121.019410 -65.739208 
65.411276 121.068195 -65.030447 
FEnd
FBeg
  357  NH2 ARG A  47 11731    O HOH B1055 hbw
63.175 121.951 -64.051 66.682 123.153 -65.487  7.13
65.411276 121.068195 -65.030447 
66.271090 121.292794 -62.742609 
65.921972 121.876070 -63.106996 
65.352866 122.774470 -63.744863 
64.150732 123.931859 -65.711927 
64.060935 123.595858 -66.212476 
64.581060 121.890847 -66.369402 
FEnd
FBeg
 4023   CB HIS B 160 11731    O HOH B1055 unk
64.515 122.845 -69.323 66.682 123.153 -65.487  2.05
64.060935 123.595858 -66.212476 
64.793800 124.008828 -66.659638 
65.582977 121.986817 -66.943102 
64.581060 121.890847 -66.369402 
FEnd
FBeg
 4020   CA HIS B 160 11731    O HOH B1055 unk
65.948 123.397 -69.271 66.682 123.153 -65.487  7.88
64.793800 124.008828 -66.659638 
64.908027 124.100669 -66.675873 
67.137544 125.055215 -67.046792 
67.655182 124.694352 -67.170470 
68.504526 123.374554 -67.420324 
68.530434 123.263164 -67.432532 
67.530701 122.261631 -67.303190 
66.838066 121.874345 -67.193810 
65.582977 121.986817 -66.943102 
FEnd
FBeg
 4022    O HIS B 160 11731    O HOH B1055 hbw
67.086 121.366 -69.256 66.682 123.153 -65.487  0.79
67.530701 122.261631 -67.303190 
68.452152 122.450734 -67.294079 
67.936882 121.526057 -66.910893 
66.838066 121.874345 -67.193810 
FEnd
FBeg
 4050   SD MET B 163 11731    O HOH B1055 hbw
70.697 120.367 -66.811 66.682 123.153 -65.487  1.47
68.452152 122.450734 -67.294079 
68.702000 122.837497 -67.350262 
69.013625 122.986458 -66.718713 
68.761137 122.317794 -66.077357 
67.933784 121.412591 -66.681529 
67.936882 121.526057 -66.910893 
FEnd
FBeg
 3666  ND2 ASN B 118 11731    O HOH B1055 hbw
70.347 123.063 -64.138 66.682 123.153 -65.487  6.62
69.013625 122.986458 -66.718713 
68.877802 124.324547 -66.260435 
68.276367 124.570273 -64.610045 
67.807330 122.619883 -63.465875 
68.003308 121.699742 -64.059701 
68.030171 121.604923 -64.139010 
68.761137 122.317794 -66.077357 
FEnd
FBeg
 3664   CG ASN B 118 11731    O HOH B1055 unk
70.609 122.264 -63.094 66.682 123.153 -65.487  0.00
68.003308 121.699742 -64.059701 
68.014171 121.588536 -64.118840 
68.030171 121.604923 -64.139010 
FEnd
FBeg
 4021    C HIS B 160 11731    O HOH B1055 unk
66.882 122.389 -69.857 66.682 123.153 -65.487  0.46
68.530434 123.263164 -67.432532 
68.702000 122.837497 -67.350262 
68.452152 122.450734 -67.294079 
67.530701 122.261631 -67.303190 
FEnd
FBeg
 4040    O VAL B 162 11731    O HOH B1055 hbw
70.923 124.401 -67.874 66.682 123.153 -65.487  1.56
68.504526 123.374554 -67.420324 
68.419638 124.900884 -66.773130 
68.877802 124.324547 -66.260435 
69.013625 122.986458 -66.718713 
68.702000 122.837497 -67.350262 
68.530434 123.263164 -67.432532 
FEnd
FBeg
 4015    O PRO B 159 11731    O HOH B1055 hbw
68.304 124.966 -69.550 66.682 123.153 -65.487  1.02
67.655182 124.694352 -67.170470 
67.846124 125.475212 -66.745807 
68.419638 124.900884 -66.773130 
68.504526 123.374554 -67.420324 
FEnd
FBeg
 4014    C PRO B 159 11731    O HOH B1055 unk
67.213 125.434 -69.920 66.682 123.153 -65.487  0.27
67.137544 125.055215 -67.046792 
67.839554 125.481340 -66.743440 
67.846124 125.475212 -66.745807 
67.655182 124.694352 -67.170470 
FEnd
FBeg
 3688  CD1 PHE B 121 11731    O HOH B1055 unk
64.912 126.857 -66.594 66.682 123.153 -65.487  4.30
64.908027 124.100669 -66.675873 
64.356050 124.143132 -65.651229 
65.482511 124.868260 -65.026083 
67.803184 125.495177 -66.638990 
67.839554 125.481340 -66.743440 
67.137544 125.055215 -67.046792 
FEnd
FBeg
 3682    N PHE B 121 11731    O HOH B1055 hbw
66.701 126.772 -64.053 66.682 123.153 -65.487  2.90
65.482511 124.868260 -65.026083 
65.595492 124.807116 -64.873272 
68.140922 124.729616 -64.711409 
67.803184 125.495177 -66.638990 
FEnd
FBeg
 3690  CE1 PHE B 121 11731    O HOH B1055 unk
63.721 126.529 -67.222 66.682 123.153 -65.487  0.53
64.150732 123.931859 -65.711927 
64.356050 124.143132 -65.651229 
64.908027 124.100669 -66.675873 
64.793800 124.008828 -66.659638 
64.060935 123.595858 -66.212476 
FEnd
FBeg
 3679   CG ASP B 120 11731    O HOH B1055 unk
64.073 124.930 -62.847 66.682 123.153 -65.487  2.45
65.352866 122.774470 -63.744863 
65.452542 123.023165 -63.813756 
65.595492 124.807116 -64.873272 
65.482511 124.868260 -65.026083 
64.356050 124.143132 -65.651229 
64.150732 123.931859 -65.711927 
FEnd
FBeg
 3678   CB ASP B 120 11731    O HOH B1055 unk
65.146 124.785 -61.818 66.682 123.153 -65.487  0.14
65.921972 121.876070 -63.106996 
65.452542 123.023165 -63.813756 
65.352866 122.774470 -63.744863 
FEnd
FBeg
11542  O3' AMP B 801 11731    O HOH B1055 unk
65.927 119.157 -67.474 66.682 123.153 -65.487  5.24
67.534793 121.019410 -65.739208 
65.411276 121.068195 -65.030447 
64.581060 121.890847 -66.369402 
65.582977 121.986817 -66.943102 
66.838066 121.874345 -67.193810 
67.936882 121.526057 -66.910893 
67.933784 121.412591 -66.681529 
FEnd
FBeg
 4051   CE MET B 163 11731    O HOH B1055 unk
70.148 119.909 -65.373 66.682 123.153 -65.487  2.85
67.637376 121.192942 -63.920052 
67.534793 121.019410 -65.739208 
67.933784 121.412591 -66.681529 
68.761137 122.317794 -66.077357 
68.030171 121.604923 -64.139010 
68.014171 121.588536 -64.118840 
FEnd
FBeg
 3665  OD1 ASN B 118 11731    O HOH B1055 hbw
69.748 121.797 -62.374 66.682 123.153 -65.487  1.58
66.479142 121.295356 -62.734694 
67.637376 121.192942 -63.920052 
68.014171 121.588536 -64.118840 
68.003308 121.699742 -64.059701 
67.807330 122.619883 -63.465875 
FEnd
FBeg
 3675   CA ASP B 120 11731    O HOH B1055 unk
66.541 125.009 -62.381 66.682 123.153 -65.487  8.24
66.271090 121.292794 -62.742609 
66.479142 121.295356 -62.734694 
67.807330 122.619883 -63.465875 
68.276367 124.570273 -64.610045 
68.140922 124.729616 -64.711409 
65.595492 124.807116 -64.873272 
65.452542 123.023165 -63.813756 
65.921972 121.876070 -63.106996 
FEnd
FBeg
 3285   NZ LYS B  71 11744    O HOH B1068 hbw
57.517 110.272 -70.536 53.335 109.471 -68.472  29.33
54.150015 115.084038 -69.928384 
55.208303 113.625514 -68.350144 
56.604223 109.593975 -67.086349 
53.820503 108.911381 -72.991521 
53.601639 109.261269 -73.299190 
53.112259 111.491163 -73.425373 
53.518324 113.726494 -71.735130 
FEnd
FBeg
 1602   OH TYR A 196 11744    O HOH B1068 hbw
51.053 105.978 -70.821 53.335 109.471 -68.472  11.32
53.820503 108.911381 -72.991521 
54.835286 106.266758 -70.044764 
54.587640 106.039402 -69.466100 
51.127709 108.668095 -70.013764 
51.476938 109.279427 -71.262091 
53.601639 109.261269 -73.299190 
FEnd
FBeg
 1599  CE1 TYR A 196 11744    O HOH B1068 unk
50.667 105.971 -68.416 53.335 109.471 -68.472  18.29
54.587640 106.039402 -69.466100 
55.192760 105.593234 -68.521943 
55.151010 105.627947 -68.341476 
54.274792 106.329356 -66.248969 
51.773616 108.243659 -65.768162 
50.601966 109.126225 -66.428530 
51.127709 108.668095 -70.013764 
FEnd
FBeg
 1291  CE1 HIS A 160 11744    O HOH B1068 unk
53.689 108.473 -62.657 53.335 109.471 -68.472  14.63
54.274792 106.329356 -66.248969 
55.512377 106.017064 -66.377907 
55.543404 106.078371 -66.369274 
55.919759 107.287847 -66.184609 
55.957906 108.442035 -65.988843 
51.857487 111.405399 -65.230634 
50.781762 109.828999 -65.435697 
51.404000 108.606242 -65.683433 
51.773616 108.243659 -65.768162 
FEnd
FBeg
 3284   CE LYS B  71 11744    O HOH B1068 unk
58.104 108.873 -70.651 53.335 109.471 -68.472  16.00
56.604223 109.593975 -67.086349 
56.624726 109.444715 -67.000513 
56.473792 108.234858 -66.998819 
55.791594 105.689623 -67.793382 
55.441387 105.577767 -68.529154 
54.835286 106.266758 -70.044764 
53.820503 108.911381 -72.991521 
FEnd

+-+CCS_record::Boundary loops before union-find
Start boundary loop loop_id 5  init_edge IE_B_Wi
xyz 58.8951 116.437 -62.8394
xyz 58.8973 116.438 -62.8417
xyz 58.9036 116.442 -62.8439
End loop
Boundary info init_edge IE_B_Wi [total exposed]: 0.021668 0.021668
Start boundary loop loop_id 6  init_edge IE_B_Wi
xyz 60.1364 119.274 -69.4001
xyz 60.1227 119.26 -69.3886
xyz 61.2388 117.249 -68.4647
xyz 62.2661 116.647 -68.3546
xyz 61.8185 118.577 -69.3914
xyz 61.434 119.071 -69.5915
xyz 61.8087 120.031 -67.9616
xyz 61.7785 120.033 -67.975
xyz 61.6192 120.024 -67.9854
End loop
Boundary info init_edge IE_B_Wi [total exposed]: 10.894173 10.894173
Start boundary loop loop_id 7  init_edge IE_B_Wi
xyz 60.8689 116.866 -62.3569
xyz 61.2322 116.917 -62.0577
xyz 61.3083 117.127 -61.6354
xyz 60.9125 117.175 -61.7748
xyz 60.16 116.971 -62.5746
xyz 59.4518 116.725 -63.0231
xyz 59.3915 116.772 -63.0804
xyz 59.238 116.887 -63.3636
xyz 59.4862 116.998 -63.0746
xyz 59.7698 117.172 -62.9164
xyz 60.16 116.971 -62.5746
End loop
Boundary info init_edge IE_B_Wi [total exposed]: 5.872591 5.872591
Start boundary loop loop_id 8  init_edge IE_A_Wi
xyz 63.8186 76.7084 -72.0214
xyz 65.6563 82.1339 -66.1654
xyz 65.5412 86.0649 -62.1574
xyz 64.0882 89.4755 -63.8031
xyz 65.1 82.4166 -67.9521
xyz 64.6037 80.6378 -69.5313
End loop
Boundary info init_edge IE_A_Wi [total exposed]: 33.260847 33.260847
Start boundary loop loop_id 9  init_edge IE_A_Wi
xyz 61.2241 90.976 -64.8026
xyz 62.5069 90.5238 -64.2033
xyz 62.3976 90.5052 -64.1834
xyz 60.6651 91.0703 -64.9362
End loop
Boundary info init_edge IE_A_Wi [total exposed]: 4.153024 4.153024
Start boundary loop loop_id 10  init_edge IE_A_Wi
xyz 57.8304 79.1387 -70.5043
xyz 57.9879 77.8236 -71.8259
xyz 58.6484 76.8458 -72.7202
xyz 59.8951 75.2301 -74.1728
xyz 58.2257 78.1614 -73.0701
xyz 56.9159 80.6851 -72.0781
xyz 56.9036 80.736 -72.0533
xyz 56.8855 81.2832 -71.7492
xyz 58.1833 83.5791 -66.6444
xyz 57.9789 80.1735 -69.4202
End loop
Boundary info init_edge IE_A_Wi [total exposed]: 24.751450 24.751450
Start boundary loop loop_id 11  init_edge IE_A_Wi
xyz 70.3487 122.291 -54.9605
xyz 70.3192 122.285 -55.4633
xyz 68.7873 118.374 -56.9472
xyz 67.5229 119.525 -59.9747
xyz 67.8224 121.882 -60.3398
xyz 66.463 121.1 -61.0325
xyz 66.0519 120.489 -61.1532
xyz 65.7685 120.386 -61.0804
xyz 65.2836 120.509 -60.8084
xyz 65.4712 120.107 -60.8614
xyz 65.501 120.048 -60.8546
xyz 65.7096 119.691 -60.6258
xyz 66.4629 118.841 -58.4134
xyz 66.1971 119.916 -56.7369
xyz 67.4908 118.908 -56.1667
xyz 69.7219 120.638 -55.2163
End loop
Boundary info init_edge IE_A_Wi [total exposed]: 26.162565 26.162565
Start boundary loop loop_id 12  init_edge IE_B_Wi
xyz 65.7964 109.136 -52.829
xyz 65.6815 108.959 -52.8026
xyz 67.2419 109.546 -52.3009
xyz 67.7338 109.676 -52.152
xyz 67.9944 109.482 -52.1169
xyz 68.8486 109.654 -51.0713
xyz 72.4786 108.673 -46.9448
xyz 72.762 107.89 -46.7533
xyz 71.9493 106.199 -48.0307
xyz 70.1068 103.76 -50.6685
xyz 68.099 104.103 -52.988
xyz 67.5504 104.038 -53.1407
xyz 65.0172 103.094 -51.8838
xyz 64.8696 103.121 -51.838
xyz 64.0696 104.277 -51.9281
xyz 64.1975 105.006 -52.2197
xyz 63.8042 104.576 -51.5204
xyz 63.6705 104.697 -51.1588
xyz 63.4892 104.612 -49.3891
xyz 63.6074 106.369 -47.7594
xyz 63.6438 106.641 -47.6978
xyz 63.6972 106.978 -47.7082
xyz 64.1131 107.812 -50.7201
xyz 65.1609 108.705 -52.7003
xyz 64.0211 109.848 -52.5301
xyz 65.1874 112.54 -52.8266
End loop
Boundary info init_edge IE_B_Wi [total exposed]: 45.629685 45.629685
Start boundary loop loop_id 13  init_edge IE_B_Wi
xyz 61.8611 112.875 -56.3733
xyz 62.8887 114.12 -55.1621
xyz 64.1373 114.264 -54.6965
xyz 64.3609 113.775 -54.9917
xyz 64.9389 113.238 -53.268
xyz 64.1985 114.305 -54.1808
xyz 62.863 114.129 -54.9945
xyz 61.8204 113.062 -55.2608
xyz 61.3358 111.673 -55.0306
xyz 61.1997 112.146 -56.0477
xyz 61.2411 112.053 -56.2416
xyz 61.7 112.205 -56.9125
End loop
Boundary info init_edge IE_B_Wi [total exposed]: 15.081994 15.081994
Start boundary loop loop_id 14  init_edge IE_B_Wi
xyz 67.8396 125.481 -66.7434
xyz 67.8461 125.475 -66.7458
xyz 68.4196 124.901 -66.7731
xyz 68.8778 124.325 -66.2604
xyz 68.2764 124.57 -64.61
xyz 68.1409 124.73 -64.7114
xyz 67.8032 125.495 -66.639
End loop
Boundary info init_edge IE_B_Wi [total exposed]: 5.937472 5.937472
Start boundary loop loop_id 15  init_edge IE_B_Wi
xyz 55.2083 113.626 -68.3501
xyz 56.6042 109.594 -67.0863
xyz 56.6247 109.445 -67.0005
xyz 56.4738 108.235 -66.9988
xyz 55.7916 105.69 -67.7934
xyz 55.4414 105.578 -68.5292
xyz 54.8353 106.267 -70.0448
xyz 54.5876 106.039 -69.4661
xyz 55.1928 105.593 -68.5219
xyz 55.151 105.628 -68.3415
xyz 54.2748 106.329 -66.249
xyz 55.5124 106.017 -66.3779
xyz 55.5434 106.078 -66.3693
xyz 55.9198 107.288 -66.1846
xyz 55.9579 108.442 -65.9888
xyz 51.8575 111.405 -65.2306
xyz 50.7818 109.829 -65.4357
xyz 51.404 108.606 -65.6834
xyz 51.7736 108.244 -65.7682
xyz 50.602 109.126 -66.4285
xyz 51.1277 108.668 -70.0138
xyz 51.4769 109.279 -71.2621
xyz 53.6016 109.261 -73.2992
xyz 53.1123 111.491 -73.4254
xyz 53.5183 113.726 -71.7351
xyz 54.15 115.084 -69.9284
End loop
Boundary info init_edge IE_B_Wi [total exposed]: 47.883238 47.883238
+-+Surf_areas::Interface areas<Areas altogether before UFind>: IE_A_B: 573.15 IE_A_Wi: 189.70 IE_B_Wi: 218.14 
+-+Surf_areas::Chem Interface areas<Areas altogether before UFind>: ali: 214.92 aro: 6.45 hbd: 24.03 hbw: 123.36 hbdp: 0.00 elu: 9.40 elf: 38.12 hbwp: 0.00 ssb: 0.00 unk: 564.72 
+++UnionFindAlgo::processing merged ccs...

+-+MCC_record::Boundary nets of merged cc after union-find
Start boundary net with  1 loops
Start boundary loop loop_id 1
Start boundary loop auf loop_id 1  init_edge IE_A_B
xyz 65.4113 121.068 -65.0304
xyz 64.5811 121.891 -66.3694
xyz 64.0609 123.596 -66.2125
xyz 64.1507 123.932 -65.7119
xyz 65.3529 122.774 -63.7449
xyz 65.922 121.876 -63.107
xyz 66.246 121.223 -62.564
xyz 66.2711 121.293 -62.7426
End loop. Loop info [total exposed]: 11.553 1.1027
End net. Net info [total exposed]: 11.553 1.1027
Start boundary net with  1 loops
Start boundary loop loop_id 5
Start boundary loop auf loop_id 5  init_edge IE_B_Wi
xyz 58.8951 116.437 -62.8394
xyz 58.8973 116.438 -62.8417
xyz 58.9036 116.442 -62.8439
End loop. Loop info [total exposed]: 0.0216676 0.0216676
End net. Net info [total exposed]: 0.0216676 0.0216676
Start boundary net with  4 loops
Start boundary loop loop_id 0
Start boundary loop auf loop_id 0  init_edge IE_A_B
xyz 65.6391 125.263 -58.6272
xyz 65.7676 125.364 -58.0436
xyz 66.4919 125.635 -57.5901
xyz 67.4067 125.451 -56.7568
xyz 68.0517 125.216 -56.4719
xyz 69.9333 128.822 -54.9035
xyz 70.2149 129.165 -54.6477
xyz 69.2256 130.27 -53.2501
xyz 66.0455 133.116 -54.4746
xyz 65.4561 133.544 -55.5004
xyz 64.1272 132.993 -57.166
xyz 63.4311 131.525 -57.536
xyz 62.8548 131.937 -57.9147
xyz 60.2199 131.304 -58.6057
xyz 60.9089 130.05 -59.9089
xyz 59.1034 131.676 -60.3685
xyz 58.5578 131.287 -60.9929
xyz 57.3469 129.468 -61.1625
xyz 57.3687 129.195 -61.2311
xyz 57.2549 129.387 -61.185
xyz 56.244 130.305 -61.7384
xyz 55.4208 130.714 -62.6024
xyz 55.1853 128.156 -66.1082
xyz 56.6746 125.735 -66.5936
xyz 57.1719 125.299 -67.6084
xyz 57.184 125.299 -67.601
xyz 58.408 124.702 -66.8667
xyz 58.3736 124.001 -66.9075
xyz 59.9173 123.585 -66.6267
xyz 59.9253 123.586 -66.6251
xyz 59.9201 123.581 -66.6294
xyz 57.2504 120.157 -70.575
xyz 57.372 119.916 -70.663
xyz 60.0269 119.294 -69.4535
xyz 60.1364 119.274 -69.4001
xyz 61.6192 120.024 -67.9854
xyz 61.7785 120.033 -67.975
xyz 61.8087 120.031 -67.9616
xyz 63.021 119.525 -66.2855
xyz 63.8618 118.956 -65.3407
xyz 63.9192 117.796 -63.5486
xyz 62.1789 117.171 -62.7226
xyz 61.2322 116.917 -62.0577
xyz 61.3083 117.127 -61.6354
xyz 61.9603 117.682 -61.14
xyz 62.812 118.333 -60.6767
xyz 63.9833 119.07 -60.4396
xyz 65.3974 119.713 -60.7751
xyz 65.501 120.048 -60.8546
xyz 65.5089 120.088 -60.8812
xyz 65.7685 120.386 -61.0804
xyz 65.2836 120.509 -60.8084
xyz 64.9899 120.692 -60.7818
xyz 65.0895 121.013 -60.4761
xyz 64.9934 123.117 -59.4001
End loop. Loop info [total exposed]: 79.7582 60.4258
Start boundary loop loop_id 6
Start boundary loop auf loop_id 6  init_edge IE_B_Wi
xyz 60.1364 119.274 -69.4001
xyz 60.1227 119.26 -69.3886
xyz 61.2388 117.249 -68.4647
xyz 62.2661 116.647 -68.3546
xyz 61.8185 118.577 -69.3914
xyz 61.434 119.071 -69.5915
xyz 61.8087 120.031 -67.9616
xyz 61.7785 120.033 -67.975
xyz 61.6192 120.024 -67.9854
End loop. Loop info [total exposed]: 10.8942 8.5189
Start boundary loop loop_id 7
Start boundary loop auf loop_id 7  init_edge IE_B_Wi
xyz 60.8689 116.866 -62.3569
xyz 61.2322 116.917 -62.0577
xyz 61.3083 117.127 -61.6354
xyz 60.9125 117.175 -61.7748
xyz 60.16 116.971 -62.5746
xyz 59.4518 116.725 -63.0231
xyz 59.3915 116.772 -63.0804
xyz 59.238 116.887 -63.3636
xyz 59.4862 116.998 -63.0746
xyz 59.7698 117.172 -62.9164
xyz 60.16 116.971 -62.5746
End loop. Loop info [total exposed]: 5.87259 5.39486
Start boundary loop loop_id 11
Start boundary loop auf loop_id 11  init_edge IE_A_Wi
xyz 70.3487 122.291 -54.9605
xyz 70.3192 122.285 -55.4633
xyz 68.7873 118.374 -56.9472
xyz 67.5229 119.525 -59.9747
xyz 67.8224 121.882 -60.3398
xyz 66.463 121.1 -61.0325
xyz 66.0519 120.489 -61.1532
xyz 65.7685 120.386 -61.0804
xyz 65.2836 120.509 -60.8084
xyz 65.4712 120.107 -60.8614
xyz 65.501 120.048 -60.8546
xyz 65.7096 119.691 -60.6258
xyz 66.4629 118.841 -58.4134
xyz 66.1971 119.916 -56.7369
xyz 67.4908 118.908 -56.1667
xyz 69.7219 120.638 -55.2163
End loop. Loop info [total exposed]: 26.1626 25.5932
End net. Net info [total exposed]: 122.688 99.9327
Start boundary net with  1 loops
Start boundary loop loop_id 12
Start boundary loop auf loop_id 12  init_edge IE_B_Wi
xyz 65.7964 109.136 -52.829
xyz 65.6815 108.959 -52.8026
xyz 67.2419 109.546 -52.3009
xyz 67.7338 109.676 -52.152
xyz 67.9944 109.482 -52.1169
xyz 68.8486 109.654 -51.0713
xyz 72.4786 108.673 -46.9448
xyz 72.762 107.89 -46.7533
xyz 71.9493 106.199 -48.0307
xyz 70.1068 103.76 -50.6685
xyz 68.099 104.103 -52.988
xyz 67.5504 104.038 -53.1407
xyz 65.0172 103.094 -51.8838
xyz 64.8696 103.121 -51.838
xyz 64.0696 104.277 -51.9281
xyz 64.1975 105.006 -52.2197
xyz 63.8042 104.576 -51.5204
xyz 63.6705 104.697 -51.1588
xyz 63.4892 104.612 -49.3891
xyz 63.6074 106.369 -47.7594
xyz 63.6438 106.641 -47.6978
xyz 63.6972 106.978 -47.7082
xyz 64.1131 107.812 -50.7201
xyz 65.1609 108.705 -52.7003
xyz 64.0211 109.848 -52.5301
xyz 65.1874 112.54 -52.8266
End loop. Loop info [total exposed]: 45.6297 45.6297
End net. Net info [total exposed]: 45.6297 45.6297
Start boundary net with  1 loops
Start boundary loop loop_id 14
Start boundary loop auf loop_id 14  init_edge IE_B_Wi
xyz 67.8396 125.481 -66.7434
xyz 67.8461 125.475 -66.7458
xyz 68.4196 124.901 -66.7731
xyz 68.8778 124.325 -66.2604
xyz 68.2764 124.57 -64.61
xyz 68.1409 124.73 -64.7114
xyz 67.8032 125.495 -66.639
End loop. Loop info [total exposed]: 5.93747 5.93747
End net. Net info [total exposed]: 5.93747 5.93747
Start boundary net with  1 loops
Start boundary loop loop_id 13
Start boundary loop auf loop_id 13  init_edge IE_B_Wi
xyz 61.8611 112.875 -56.3733
xyz 62.8887 114.12 -55.1621
xyz 64.1373 114.264 -54.6965
xyz 64.3609 113.775 -54.9917
xyz 64.9389 113.238 -53.268
xyz 64.1985 114.305 -54.1808
xyz 62.863 114.129 -54.9945
xyz 61.8204 113.062 -55.2608
xyz 61.3358 111.673 -55.0306
xyz 61.1997 112.146 -56.0477
xyz 61.2411 112.053 -56.2416
xyz 61.7 112.205 -56.9125
End loop. Loop info [total exposed]: 15.082 15.082
End net. Net info [total exposed]: 15.082 15.082
Start boundary net with  2 loops
Start boundary loop loop_id 2
Start boundary loop auf loop_id 2  init_edge IE_A_B
xyz 60.2581 111.493 -59.6307
xyz 59.2723 112.221 -60.472
xyz 58.1534 113.453 -61.3447
xyz 58.0448 113.911 -61.3605
xyz 58.4115 116.118 -62.2913
xyz 58.2386 116.246 -62.4399
xyz 56.8262 116.383 -63.1957
xyz 56.6481 116.425 -63.2214
xyz 54.4819 116.312 -63.1403
xyz 54.0075 116.087 -62.9962
xyz 53.5252 115.835 -63.0804
xyz 51.9885 114.853 -65.2419
xyz 51.7121 114.487 -65.6539
xyz 51.9033 113.534 -65.5168
xyz 51.9848 112.269 -64.7057
xyz 52.3185 111.586 -64.0162
xyz 52.2582 111.473 -64.1959
xyz 51.8575 111.405 -65.2306
xyz 55.9579 108.442 -65.9888
xyz 56.1513 108.464 -65.5212
xyz 56.1078 107.147 -65.7445
xyz 56.0451 107.038 -65.9053
xyz 55.5434 106.078 -66.3693
xyz 55.5266 106.009 -66.3976
xyz 55.663 105.753 -66.449
xyz 57.2351 103.675 -66.7404
xyz 58.7595 102.511 -66.7312
xyz 61.0583 103.091 -65.9152
xyz 61.6147 104.146 -65.4036
xyz 61.6684 103.662 -65.0344
xyz 62.2243 102.765 -64.0619
xyz 63.2712 102.017 -62.8835
xyz 63.2924 103.22 -61.5315
xyz 63.2101 103.434 -61.2303
xyz 63.6647 103.521 -60.6045
xyz 64.6604 102.701 -61.0633
xyz 65.1941 103.496 -60.9025
xyz 65.2947 103.461 -60.7247
xyz 65.2116 101.938 -59.635
xyz 66.0341 101.87 -57.6515
xyz 66.8164 103.432 -57.1356
xyz 66.8221 103.368 -57.1167
xyz 66.4887 101.475 -57.0877
xyz 66.6566 101.375 -56.2848
xyz 67.7357 103.887 -53.5714
xyz 67.5504 104.038 -53.1407
xyz 65.0861 107.133 -53.2616
xyz 64.815 107.575 -53.8201
xyz 64.9141 107.676 -55.028
xyz 64.3468 107.678 -55.9526
xyz 64.0364 107.887 -56.5302
xyz 63.8951 108.044 -56.8143
xyz 63.467 108.048 -56.9448
xyz 63.1638 108.089 -57.0378
xyz 62.4032 111.009 -57.3149
xyz 62.1794 111.549 -57.2567
xyz 61.6333 112.12 -57.5089
xyz 61.641 112.444 -58.0507
End loop. Loop info [total exposed]: 75.4492 50.0832
Start boundary loop loop_id 15
Start boundary loop auf loop_id 15  init_edge IE_B_Wi
xyz 55.2083 113.626 -68.3501
xyz 56.6042 109.594 -67.0863
xyz 56.6247 109.445 -67.0005
xyz 56.4738 108.235 -66.9988
xyz 55.7916 105.69 -67.7934
xyz 55.4414 105.578 -68.5292
xyz 54.8353 106.267 -70.0448
xyz 54.5876 106.039 -69.4661
xyz 55.1928 105.593 -68.5219
xyz 55.151 105.628 -68.3415
xyz 54.2748 106.329 -66.249
xyz 55.5124 106.017 -66.3779
xyz 55.5434 106.078 -66.3693
xyz 55.9198 107.288 -66.1846
xyz 55.9579 108.442 -65.9888
xyz 51.8575 111.405 -65.2306
xyz 50.7818 109.829 -65.4357
xyz 51.404 108.606 -65.6834
xyz 51.7736 108.244 -65.7682
xyz 50.602 109.126 -66.4285
xyz 51.1277 108.668 -70.0138
xyz 51.4769 109.279 -71.2621
xyz 53.6016 109.261 -73.2992
xyz 53.1123 111.491 -73.4254
xyz 53.5183 113.726 -71.7351
xyz 54.15 115.084 -69.9284
End loop. Loop info [total exposed]: 47.8832 42.7676
End net. Net info [total exposed]: 123.332 92.8508
+-+Surf_areas::Interface areas<for merged connected component>: IE_A_B: 497.47 IE_A_Wi: 109.74 IE_B_Wi: 158.31 
+-+Surf_areas::Chem Interface areas<for merged connected component>: ali: 199.86 aro: 6.45 hbd: 24.03 hbw: 103.42 hbdp: 0.00 elu: 9.40 elf: 38.12 hbwp: 0.00 ssb: 0.00 unk: 384.25 
+-+MCC_record::dump_stats::Nb loops_before - nets_after uf merge: 11 7

+-+MCC_record::Boundary nets of merged cc after union-find
Start boundary net with  1 loops
Start boundary loop loop_id 3
Start boundary loop auf loop_id 3  init_edge IE_A_B
xyz 55.7727 106.88 -74.9881
xyz 55.2909 107.373 -75.5472
xyz 53.9778 106.739 -77.1177
xyz 53.6019 103.894 -77.6303
xyz 55.0939 102.138 -75.9044
xyz 55.3897 100.305 -76.4232
xyz 57.2519 96.5582 -72.9772
xyz 57.2975 96.6503 -72.7341
xyz 57.4953 97.8872 -70.9594
xyz 57.4355 98.2257 -70.8822
xyz 56.2936 100.456 -73.0535
xyz 57.6148 100.193 -70.2068
xyz 57.8884 101.138 -69.8016
xyz 57.8204 102.688 -69.1241
xyz 57.7759 103.138 -69.0302
xyz 57.7418 103.275 -69.086
xyz 56.3042 106.132 -73.2557
End loop. Loop info [total exposed]: 36.0128 36.0128
End net. Net info [total exposed]: 36.0128 36.0128
+-+Surf_areas::Interface areas<for merged connected component>: IE_A_B: 57.44 
+-+Surf_areas::Chem Interface areas<for merged connected component>: ali: 15.05 aro: 0.00 hbd: 0.00 hbw: 0.00 hbdp: 0.00 elu: 0.00 elf: 0.00 hbwp: 0.00 ssb: 0.00 unk: 42.39 
+-+MCC_record::dump_stats::Nb loops_before - nets_after uf merge: 1 1

+-+MCC_record::Boundary nets of merged cc after union-find
Start boundary net with  1 loops
Start boundary loop loop_id 4
Start boundary loop auf loop_id 4  init_edge IE_A_B
xyz 50.7213 133.482 -67.9735
xyz 47.941 131.982 -69.9071
xyz 49.4758 127.312 -68.8295
xyz 52.1658 130.631 -66.9622
xyz 51.7497 132.964 -67.2564
End loop. Loop info [total exposed]: 17.1444 17.1444
End net. Net info [total exposed]: 17.1444 17.1444
+-+Surf_areas::Interface areas<for merged connected component>: IE_A_B: 18.24 
+-+Surf_areas::Chem Interface areas<for merged connected component>: ali: 0.00 aro: 0.00 hbd: 0.00 hbw: 0.00 hbdp: 0.00 elu: 0.00 elf: 0.00 hbwp: 0.00 ssb: 0.00 unk: 18.24 
+-+MCC_record::dump_stats::Nb loops_before - nets_after uf merge: 1 1

+-+MCC_record::Boundary nets of merged cc after union-find
Start boundary net with  1 loops
Start boundary loop loop_id 10
Start boundary loop auf loop_id 10  init_edge IE_A_Wi
xyz 57.8304 79.1387 -70.5043
xyz 57.9879 77.8236 -71.8259
xyz 58.6484 76.8458 -72.7202
xyz 59.8951 75.2301 -74.1728
xyz 58.2257 78.1614 -73.0701
xyz 56.9159 80.6851 -72.0781
xyz 56.9036 80.736 -72.0533
xyz 56.8855 81.2832 -71.7492
xyz 58.1833 83.5791 -66.6444
xyz 57.9789 80.1735 -69.4202
End loop. Loop info [total exposed]: 24.7515 24.7515
End net. Net info [total exposed]: 24.7515 24.7515
Start boundary net with  1 loops
Start boundary loop loop_id 8
Start boundary loop auf loop_id 8  init_edge IE_A_Wi
xyz 63.8186 76.7084 -72.0214
xyz 65.6563 82.1339 -66.1654
xyz 65.5412 86.0649 -62.1574
xyz 64.0882 89.4755 -63.8031
xyz 65.1 82.4166 -67.9521
xyz 64.6037 80.6378 -69.5313
End loop. Loop info [total exposed]: 33.2608 33.2608
End net. Net info [total exposed]: 33.2608 33.2608
Start boundary net with  1 loops
Start boundary loop loop_id 9
Start boundary loop auf loop_id 9  init_edge IE_A_Wi
xyz 61.2241 90.976 -64.8026
xyz 62.5069 90.5238 -64.2033
xyz 62.3976 90.5052 -64.1834
xyz 60.6651 91.0703 -64.9362
End loop. Loop info [total exposed]: 4.15302 4.15302
End net. Net info [total exposed]: 4.15302 4.15302
+-+Surf_areas::Interface areas<for merged connected component>: IE_A_Wi: 79.96 IE_B_Wi: 59.83 
+-+Surf_areas::Chem Interface areas<for merged connected component>: ali: 0.00 aro: 0.00 hbd: 0.00 hbw: 19.94 hbdp: 0.00 elu: 0.00 elf: 0.00 hbwp: 0.00 ssb: 0.00 unk: 119.85 
+-+MCC_record::dump_stats::Nb loops_before - nets_after uf merge: 3 3
