Begin VSO per interface edge
64 1644  2
67 1644  2
68 1644  1
68 1645  2
69 1644  2
69 1645  2
69 1671  3
70 1645  1
70 1671  2
71 1671  2
76 1646  1
77 1646  1
78 1644  1
78 1646  1
78 1647  2
79 1646  1
80 1660  1
82 1660  1
83 1493  1
83 1502  2
83 1503  1
83 1504  1
83 1505  3
83 1507  2
83 1646  1
83 1660  1
84 1505  4
84 1507  3
85 1502  3
85 1504  2
85 1505  3
85 1517  3
85 1644  2
85 1646  2
86 1500  1
86 1505  3
86 1507  2
86 1660  2
87 1505  4
87 1517  3
87 1518  4
87 1644  2
87 1645  2
87 1671  3
88 1505  2
88 1507  1
88 1519  1
89 1505  3
89 1507  2
89 1517  4
89 1518  3
89 1519  2
89 1520  3
89 1671  4
296 1623  1
305 1623  2
308 1647  1
309 1623  2
309 1647  1
309 1670  1
310 1623  1
315 1644  1
315 1647  1
316 1647  1
317 1623  1
317 1647  1
318 1623  2
318 1647  2
326 1644  1
327 1644  2
327 1645  1
514 1520  3
514 1671  3
516 1520  3
516 1671  3
525 1547  1
525 1671  2
527 1520  3
527 1544  1
527 1547  2
527 1671  3
528 1481  1
528 1518  2
528 1519  1
528 1520  2
528 1561  1
529 1478  2
529 1479  1
529 1481  2
529 1518  2
529 1519  1
529 1520  3
529 1544  1
529 1545  2
529 1546  2
529 1547  2
529 1561  2
533 1671  1
1492 1660  2
1493 1660  1
1495 1660  1
1496 1660  1
1500 1660  1
1502 1660  2
1504 1644  2
1504 1646  1
1507 1660  2
1509 1646  1
1510 1644  3
1510 1646  2
1510 1647  2
1511 1646  1
1511 1647  1
1512 1644  3
1512 1646  2
1513 1644  3
1513 1645  3
1513 1646  3
1513 1647  2
1513 1670  3
1514 1647  2
1516 1645  2
1516 1670  2
1517 1644  3
1517 1645  2
1517 1671  3
1518 1671  4
1520 1671  3
1521 1647  2
1521 1670  2
1522 1670  2
1524 1670  1
1525 1623  1
1525 1647  2
1525 1670  1
1547 1645  1
1547 1670  1
1547 1671  2
End VSO per interface edge

Voronoi Facets of interface MI_AB
FBeg
  528   CE LYS A  85  1561  OXT LEU B 112 unk
10.316 41.690 10.460 12.550 46.158 10.991  24.32
7.151376 46.562575 9.223509 
6.365777 46.581157 12.372294 
6.332447 46.571666 12.592380 
6.478472 46.497673 12.600626 
10.353849 44.684157 11.555801 
12.852357 43.703184 9.298408 
12.848257 43.711498 9.245697 
10.313479 45.293426 6.599063 
8.877017 45.942451 7.181391 
FEnd
FBeg
  529   NZ LYS A  85  1561  OXT LEU B 112 hbd
11.352 42.062 11.445 12.550 46.158 10.991  2.26
10.353849 44.684157 11.555801 
12.852357 43.703184 9.298408 
12.857833 43.703384 9.314671 
12.873575 43.755301 9.824603 
12.668492 43.960950 11.138805 
FEnd
FBeg
  529   NZ LYS A  85  1481  NH2 ARG B 101 elu
11.352 42.062 11.445 12.551 44.831 13.298  7.72
12.668492 43.960950 11.138805 
10.353849 44.684157 11.555801 
8.800512 44.121176 13.402183 
12.451586 42.561098 13.371000 
12.593160 42.528322 13.328373 
FEnd
FBeg
  529   NZ LYS A  85  1478   NE ARG B 101 elu
11.352 42.062 11.445 12.890 43.728 15.272  0.38
12.451586 42.561098 13.371000 
10.215135 42.458230 14.314570 
12.105518 42.303145 13.622373 
12.604660 42.410397 13.375087 
12.593160 42.528322 13.328373 
FEnd
FBeg
  529   NZ LYS A  85  1518   CD GLU B 106 unk
11.352 42.062 11.445 13.060 39.868 13.941  2.80
12.105518 42.303145 13.622373 
10.014498 40.519625 13.485521 
10.111334 40.491308 13.394365 
12.874485 41.490006 12.381418 
12.604660 42.410397 13.375087 
FEnd
FBeg
  529   NZ LYS A  85  1520  OE2 GLU B 106 elf
11.352 42.062 11.445 12.643 39.832 12.768  3.30
10.111334 40.491308 13.394365 
12.056946 40.419674 11.375070 
13.031503 40.749129 10.979403 
13.130567 40.893068 11.125352 
12.874485 41.490006 12.381418 
FEnd
FBeg
  529   NZ LYS A  85  1547   CB ALA B 110 unk
11.352 42.062 11.445 15.567 40.174 10.446  0.04
13.031503 40.749129 10.979403 
13.097996 40.975426 10.832277 
13.137871 41.006371 10.942035 
13.130567 40.893068 11.125352 
FEnd
FBeg
  527   CD LYS A  85  1547   CB ALA B 110 ali
10.923 40.839 9.370 15.567 40.174 10.446  3.69
13.031503 40.749129 10.979403 
13.097996 40.975426 10.832277 
13.749706 40.102365 7.479928 
13.256660 38.987405 8.918831 
12.957924 39.877699 10.758398 
FEnd
FBeg
  525   CB LYS A  85  1547   CB ALA B 110 ali
10.466 38.993 7.783 15.567 40.174 10.446  2.51
13.749706 40.102365 7.479928 
14.227664 39.899594 6.654321 
14.131584 38.611138 7.409775 
13.785258 38.212968 8.249747 
13.256660 38.987405 8.918831 
FEnd
FBeg
  527   CD LYS A  85  1544   CA ALA B 110 ali
10.923 40.839 9.370 15.510 41.652 10.050  10.18
13.097996 40.975426 10.832277 
13.749706 40.102365 7.479928 
13.742824 41.474609 5.885715 
13.639161 41.825872 6.165014 
12.865977 43.760281 9.067841 
12.848257 43.711498 9.245697 
12.854448 43.602523 9.334225 
FEnd
FBeg
  527   CD LYS A  85  1520  OE2 GLU B 106 unk
10.923 40.839 9.370 12.643 39.832 12.768  2.27
12.056946 40.419674 11.375070 
13.031503 40.749129 10.979403 
12.957924 39.877699 10.758398 
10.397563 38.516321 11.650957 
10.293958 38.679641 11.751799 
FEnd
FBeg
  514   CB THR A  83  1520  OE2 GLU B 106 unk
7.315 37.553 10.985 12.643 39.832 12.768  0.15
10.397563 38.516321 11.650957 
10.400826 38.371165 11.826744 
9.941898 39.014257 12.376132 
10.293958 38.679641 11.751799 
FEnd
FBeg
  516  CG2 THR A  83  1520  OE2 GLU B 106 unk
7.576 36.703 12.198 12.643 39.832 12.768  0.20
10.400826 38.371165 11.826744 
10.452568 38.260300 11.975376 
9.768770 39.231028 12.725191 
9.941898 39.014257 12.376132 
FEnd
FBeg
   89   CZ PHE A  11  1520  OE2 GLU B 106 unk
11.189 37.188 14.865 12.643 39.832 12.768  2.65
10.452568 38.260300 11.975376 
12.081841 37.994924 12.770468 
9.612432 40.000352 13.586792 
9.557041 40.021423 13.574952 
9.768770 39.231028 12.725191 
FEnd
FBeg
   89   CZ PHE A  11  1519  OE1 GLU B 106 unk
11.189 37.188 14.865 12.460 40.504 14.820  0.87
9.612432 40.000352 13.586792 
9.557041 40.021423 13.574952 
9.511931 40.039079 13.601938 
11.417120 39.339706 15.876936 
11.536739 39.294232 15.904561 
11.946512 39.135825 15.805549 
FEnd
FBeg
   89   CZ PHE A  11  1505   CB THR B 104 ali
11.189 37.188 14.865 12.859 39.526 18.036  0.72
11.536739 39.294232 15.904561 
11.513922 39.163341 16.013085 
11.886432 38.113113 16.591243 
11.889459 38.113669 16.589239 
12.476911 38.763799 15.800513 
11.946512 39.135825 15.805549 
FEnd
FBeg
   87  CE1 PHE A  11  1505   CB THR B 104 ali
12.370 36.594 15.255 12.859 39.526 18.036  0.90
11.889459 38.113669 16.589239 
12.476911 38.763799 15.800513 
12.479941 38.763200 15.800612 
13.696563 38.024942 16.365029 
FEnd
FBeg
   87  CE1 PHE A  11  1517   CG GLU B 106 ali
12.370 36.594 15.255 14.330 39.113 14.325  7.62
12.479941 38.763200 15.800612 
13.696563 38.024942 16.365029 
14.958249 36.838643 15.810853 
14.020845 36.623844 13.253444 
13.704872 36.763971 12.967070 
12.764796 37.520610 13.035267 
12.482843 38.742035 15.749401 
FEnd
FBeg
   89   CZ PHE A  11  1517   CG GLU B 106 ali
11.189 37.188 14.865 14.330 39.113 14.325  0.25
12.764796 37.520610 13.035267 
12.482843 38.742035 15.749401 
12.671094 37.667647 13.014397 
FEnd
FBeg
   85  CD1 PHE A  11  1517   CG GLU B 106 ali
12.510 36.130 16.567 14.330 39.113 14.325  0.77
13.696563 38.024942 16.365029 
14.958249 36.838643 15.810853 
15.243063 36.897063 16.119787 
14.310317 37.848118 16.627993 
FEnd
FBeg
   85  CD1 PHE A  11  1504    O THR B 104 unk
12.510 36.130 16.567 14.952 37.491 18.502  3.11
15.243063 36.897063 16.119787 
14.310317 37.848118 16.627993 
13.444354 37.296566 18.108792 
13.407080 37.221625 18.208543 
14.014852 36.027484 18.281434 
15.247665 36.852578 16.145268 
FEnd
FBeg
   83   CB PHE A  11  1504    O THR B 104 unk
11.671 35.846 18.910 14.952 37.491 18.502  4.64
13.407080 37.221625 18.208543 
14.014852 36.027484 18.281434 
15.095126 34.773501 21.912746 
15.098126 34.794718 22.022413 
14.597100 35.773530 21.939772 
13.467910 37.160058 18.449487 
FEnd
FBeg
   83   CB PHE A  11  1502   CA THR B 104 ali
11.671 35.846 18.910 13.549 39.263 19.309  6.40
13.467910 37.160058 18.449487 
13.407080 37.221625 18.208543 
13.307038 37.279966 18.179791 
11.761422 38.013913 19.169189 
11.225205 38.163397 20.412870 
12.118202 37.597534 21.055741 
13.966691 36.510979 21.660496 
FEnd
FBeg
   83   CB PHE A  11  1493    O ARG B 103 unk
11.671 35.846 18.910 12.841 39.524 21.942  1.82
12.118202 37.597534 21.055741 
13.901343 35.534916 22.869736 
14.325714 36.086220 22.037213 
13.966691 36.510979 21.660496 
FEnd
FBeg
   83   CB PHE A  11  1507  CG2 THR B 104 ali
11.671 35.846 18.910 11.462 40.005 18.320  2.37
11.761422 38.013913 19.169189 
11.589285 37.910005 18.497699 
11.113263 37.894821 18.559291 
9.449841 37.997028 19.869012 
11.225205 38.163397 20.412870 
FEnd
FBeg
   86  CD2 PHE A  11  1507  CG2 THR B 104 ali
10.294 36.860 17.082 11.462 40.005 18.320  6.66
11.113263 37.894821 18.559291 
9.449841 37.997028 19.869012 
9.193963 38.097580 19.854982 
8.354288 39.353983 17.455427 
11.434317 38.475036 16.782419 
11.491994 38.078995 17.734100 
FEnd
FBeg
   86  CD2 PHE A  11  1505   CB THR B 104 ali
10.294 36.860 17.082 12.859 39.526 18.036  0.32
11.434317 38.475036 16.782419 
11.491994 38.078995 17.734100 
11.884273 38.097137 16.628689 
11.881790 38.109742 16.600139 
FEnd
FBeg
   84   CG PHE A  11  1505   CB THR B 104 ali
11.474 36.266 17.491 12.859 39.526 18.036  1.72
11.491994 38.078995 17.734100 
11.884273 38.097137 16.628689 
13.108693 37.328526 18.114652 
11.589285 37.910005 18.497699 
FEnd
FBeg
   88  CE2 PHE A  11  1507  CG2 THR B 104 ali
10.142 37.322 15.783 11.462 40.005 18.320  5.95
8.354288 39.353983 17.455427 
8.281105 39.721999 17.104309 
9.186402 40.836819 15.454308 
11.417120 39.339706 15.876936 
11.513922 39.163341 16.013085 
11.434317 38.475036 16.782419 
FEnd
FBeg
   86  CD2 PHE A  11  1500  NH2 ARG B 103 unk
10.294 36.860 17.082 8.174 40.892 19.935  4.87
9.193963 38.097580 19.854982 
8.354288 39.353983 17.455427 
6.937171 38.664942 17.376185 
6.959921 37.754786 18.679369 
7.052658 37.613739 18.947613 
8.692151 37.785927 19.922539 
FEnd
FBeg
   84   CG PHE A  11  1507  CG2 THR B 104 ali
11.474 36.266 17.491 11.462 40.005 18.320  0.19
11.589285 37.910005 18.497699 
11.113263 37.894821 18.559291 
11.491994 38.078995 17.734100 
FEnd
FBeg
   83   CB PHE A  11  1505   CB THR B 104 ali
11.671 35.846 18.910 12.859 39.526 18.036  0.75
13.307038 37.279966 18.179791 
13.108693 37.328526 18.114652 
11.589285 37.910005 18.497699 
11.761422 38.013913 19.169189 
FEnd
FBeg
   83   CB PHE A  11  1503    C THR B 104 ali
11.671 35.846 18.910 14.896 38.626 18.971  1.55
14.597100 35.773530 21.939772 
13.467910 37.160058 18.449487 
13.966691 36.510979 21.660496 
14.325714 36.086220 22.037213 
FEnd
FBeg
   85  CD1 PHE A  11  1502   CA THR B 104 ali
12.510 36.130 16.567 13.549 39.263 19.309  0.01
13.444354 37.296566 18.108792 
13.307038 37.279966 18.179791 
13.407080 37.221625 18.208543 
FEnd
FBeg
   87  CE1 PHE A  11  1518   CD GLU B 106 aro
12.370 36.594 15.255 13.060 39.868 13.941  0.00
12.476911 38.763799 15.800513 
12.479941 38.763200 15.800612 
12.482843 38.742035 15.749401 
FEnd
FBeg
   85  CD1 PHE A  11  1505   CB THR B 104 ali
12.510 36.130 16.567 12.859 39.526 18.036  2.64
11.886432 38.113113 16.591243 
11.889459 38.113669 16.589239 
13.696563 38.024942 16.365029 
14.310317 37.848118 16.627993 
13.444354 37.296566 18.108792 
13.307038 37.279966 18.179791 
13.108693 37.328526 18.114652 
11.884273 38.097137 16.628689 
11.881790 38.109742 16.600139 
FEnd
FBeg
   88  CE2 PHE A  11  1505   CB THR B 104 ali
10.142 37.322 15.783 12.859 39.526 18.036  0.32
11.513922 39.163341 16.013085 
11.886432 38.113113 16.591243 
11.881790 38.109742 16.600139 
11.434317 38.475036 16.782419 
FEnd
FBeg
   89   CZ PHE A  11  1507  CG2 THR B 104 ali
11.189 37.188 14.865 11.462 40.005 18.320  0.01
11.417120 39.339706 15.876936 
11.513922 39.163341 16.013085 
11.536739 39.294232 15.904561 
FEnd
FBeg
   88  CE2 PHE A  11  1519  OE1 GLU B 106 unk
10.142 37.322 15.783 12.460 40.504 14.820  3.83
9.511931 40.039079 13.601938 
11.417120 39.339706 15.876936 
9.186402 40.836819 15.454308 
8.427238 41.076039 14.417400 
FEnd
FBeg
  528   CE LYS A  85  1519  OE1 GLU B 106 unk
10.316 41.690 10.460 12.460 40.504 14.820  1.23
9.557041 40.021423 13.574952 
9.511931 40.039079 13.601938 
8.427238 41.076039 14.417400 
8.714957 41.639843 14.429281 
10.014498 40.519625 13.485521 
9.753654 40.211943 13.530094 
FEnd
FBeg
   89   CZ PHE A  11  1518   CD GLU B 106 aro
11.189 37.188 14.865 13.060 39.868 13.941  6.77
12.081841 37.994924 12.770468 
9.612432 40.000352 13.586792 
11.946512 39.135825 15.805549 
12.476911 38.763799 15.800513 
12.482843 38.742035 15.749401 
12.671094 37.667647 13.014397 
FEnd
FBeg
  528   CE LYS A  85  1520  OE2 GLU B 106 unk
10.316 41.690 10.460 12.643 39.832 12.768  4.03
10.111334 40.491308 13.394365 
12.056946 40.419674 11.375070 
10.293958 38.679641 11.751799 
9.941898 39.014257 12.376132 
9.768770 39.231028 12.725191 
9.557041 40.021423 13.574952 
9.753654 40.211943 13.530094 
FEnd
FBeg
  528   CE LYS A  85  1518   CD GLU B 106 ali
10.316 41.690 10.460 13.060 39.868 13.941  0.03
10.014498 40.519625 13.485521 
10.111334 40.491308 13.394365 
9.753654 40.211943 13.530094 
FEnd
FBeg
  529   NZ LYS A  85  1519  OE1 GLU B 106 elf
11.352 42.062 11.445 12.460 40.504 14.820  4.16
10.215135 42.458230 14.314570 
9.305657 42.494633 14.629953 
8.714957 41.639843 14.429281 
10.014498 40.519625 13.485521 
12.105518 42.303145 13.622373 
FEnd
FBeg
  529   NZ LYS A  85  1479   CZ ARG B 101 unk
11.352 42.062 11.445 12.564 44.835 14.620  4.42
8.800512 44.121176 13.402183 
8.332746 43.488917 14.132951 
9.305657 42.494633 14.629953 
10.215135 42.458230 14.314570 
12.451586 42.561098 13.371000 
FEnd
FBeg
  529   NZ LYS A  85  1546    O ALA B 110 hbd
11.352 42.062 11.445 14.158 42.483 11.817  6.42
12.873575 43.755301 9.824603 
12.668492 43.960950 11.138805 
12.593160 42.528322 13.328373 
12.604660 42.410397 13.375087 
12.874485 41.490006 12.381418 
13.130567 40.893068 11.125352 
13.137871 41.006371 10.942035 
13.009906 42.613718 10.088207 
FEnd
FBeg
  529   NZ LYS A  85  1545    C ALA B 110 unk
11.352 42.062 11.445 15.253 42.490 11.281  0.30
12.857833 43.703384 9.314671 
12.873575 43.755301 9.824603 
13.009906 42.613718 10.088207 
FEnd
FBeg
  529   NZ LYS A  85  1544   CA ALA B 110 unk
11.352 42.062 11.445 15.510 41.652 10.050  0.40
12.852357 43.703184 9.298408 
12.857833 43.703384 9.314671 
13.009906 42.613718 10.088207 
13.137871 41.006371 10.942035 
13.097996 40.975426 10.832277 
12.854448 43.602523 9.334225 
FEnd
FBeg
  528   CE LYS A  85  1481  NH2 ARG B 101 unk
10.316 41.690 10.460 12.551 44.831 13.298  5.22
6.478472 46.497673 12.600626 
7.191515 45.254873 13.414575 
8.800512 44.121176 13.402183 
10.353849 44.684157 11.555801 
FEnd

+-+CCS_record::Boundary loops before union-find
Start boundary loop loop_id 0  init_edge IE_A_B
xyz 6.36578 46.5812 12.3723
xyz 6.33245 46.5717 12.5924
xyz 6.47847 46.4977 12.6006
xyz 7.19152 45.2549 13.4146
xyz 8.80051 44.1212 13.4022
xyz 8.33275 43.4889 14.133
xyz 9.30566 42.4946 14.63
xyz 8.71496 41.6398 14.4293
xyz 8.42724 41.076 14.4174
xyz 9.1864 40.8368 15.4543
xyz 8.28111 39.722 17.1043
xyz 8.35429 39.354 17.4554
xyz 6.93717 38.6649 17.3762
xyz 6.95992 37.7548 18.6794
xyz 7.05266 37.6137 18.9476
xyz 8.69215 37.7859 19.9225
xyz 9.19396 38.0976 19.855
xyz 9.44984 37.997 19.869
xyz 11.2252 38.1634 20.4129
xyz 12.1182 37.5975 21.0557
xyz 13.9013 35.5349 22.8697
xyz 14.3257 36.0862 22.0372
xyz 14.5971 35.7735 21.9398
xyz 15.0981 34.7947 22.0224
xyz 15.0951 34.7735 21.9127
xyz 14.0149 36.0275 18.2814
xyz 15.2477 36.8526 16.1453
xyz 15.2431 36.8971 16.1198
xyz 14.9582 36.8386 15.8109
xyz 14.0208 36.6238 13.2534
xyz 13.7049 36.764 12.9671
xyz 12.7648 37.5206 13.0353
xyz 12.6711 37.6676 13.0144
xyz 12.0818 37.9949 12.7705
xyz 10.4526 38.2603 11.9754
xyz 10.4008 38.3712 11.8267
xyz 10.3976 38.5163 11.651
xyz 12.9579 39.8777 10.7584
xyz 13.2567 38.9874 8.91883
xyz 13.7853 38.213 8.24975
xyz 14.1316 38.6111 7.40977
xyz 14.2277 39.8996 6.65432
xyz 13.7497 40.1024 7.47993
xyz 13.7428 41.4746 5.88572
xyz 13.6392 41.8259 6.16501
xyz 12.866 43.7603 9.06784
xyz 12.8483 43.7115 9.2457
xyz 12.8544 43.6025 9.33423
xyz 12.8524 43.7032 9.29841
xyz 12.8483 43.7115 9.2457
xyz 10.3135 45.2934 6.59906
xyz 8.87702 45.9425 7.18139
xyz 7.15138 46.5626 9.22351
End loop
Boundary info init_edge IE_A_B [total exposed]: 70.226621 70.226621
Voronoi Facets of interface MI_AWi_BWi
FBeg
   87  CE1 PHE A  11  1671    O HOH B 199 unk
12.370 36.594 15.255 13.114 37.888 11.154  0.67
12.533221 36.905091 12.799038 
12.764796 37.520610 13.035267 
13.704872 36.763971 12.967070 
13.539568 36.375847 12.814615 
13.382485 36.434947 12.804765 
FEnd
FBeg
   69   CD LYS A   9  1671    O HOH B 199 unk
11.349 34.710 11.998 13.114 37.888 11.154  1.11
13.382485 36.434947 12.804765 
12.533221 36.905091 12.799038 
10.547966 37.777895 11.933866 
10.512435 37.734489 11.696123 
10.747805 37.579826 11.605968 
FEnd
FBeg
   71   NZ LYS A   9  1671    O HOH B 199 hbw
11.269 35.873 9.794 13.114 37.888 11.154  3.16
10.512435 37.734489 11.696123 
10.435514 37.930305 11.510350 
10.431271 38.209633 11.102250 
10.871872 38.191580 10.531270 
12.931089 37.541642 8.700659 
13.291991 37.040545 8.953488 
10.747805 37.579826 11.605968 
FEnd
FBeg
  533    O ILE A  86  1671    O HOH B 199 hbw
12.777 35.618 7.136 13.114 37.888 11.154  2.00
12.931089 37.541642 8.700659 
13.785258 38.212968 8.249747 
14.936545 37.136094 8.761574 
14.544328 36.555964 9.122219 
13.291991 37.040545 8.953488 
FEnd
FBeg
 1547   CB ALA B 110  1671    O HOH B 199 unk
15.567 40.174 10.446 13.114 37.888 11.154  8.22
13.785258 38.212968 8.249747 
13.256660 38.987405 8.918831 
12.957924 39.877699 10.758398 
13.982822 39.144186 11.940974 
14.762841 38.313886 11.962612 
14.936545 37.136094 8.761574 
FEnd
FBeg
 1547   CB ALA B 110  1645    O HOH B 142 unk
15.567 40.174 10.446 15.551 36.614 11.755  9.62
14.762841 38.313886 11.962612 
14.936545 37.136094 8.761574 
16.666778 36.774879 7.800350 
17.352514 36.718762 7.656115 
17.361639 36.718592 7.655765 
17.781507 36.835924 7.979997 
16.283339 38.453582 12.361120 
15.885571 38.454645 12.359148 
FEnd
FBeg
 1517   CG GLU B 106  1645    O HOH B 142 unk
14.330 39.113 14.325 15.551 36.614 11.755  4.35
15.885571 38.454645 12.359148 
14.762841 38.313886 11.962612 
13.704872 36.763971 12.967070 
14.020845 36.623844 13.253444 
16.110500 37.028107 13.853139 
16.256257 37.900511 13.074086 
FEnd
FBeg
 1513   CA GLU B 106  1645    O HOH B 142 unk
16.759 39.418 15.121 15.551 36.614 11.755  0.33
16.110500 37.028107 13.853139 
16.545368 36.860120 13.837011 
16.327246 37.956599 13.001885 
16.256257 37.900511 13.074086 
FEnd
FBeg
 1513   CA GLU B 106  1670    O HOH B 198 unk
16.759 39.418 15.121 18.142 37.543 12.298  3.47
16.545368 36.860120 13.837011 
16.327246 37.956599 13.001885 
16.988492 38.913285 12.690414 
18.726554 37.713334 14.338890 
16.702417 36.775446 13.970190 
FEnd
FBeg
 1513   CA GLU B 106  1647    O HOH B 144 unk
16.759 39.418 15.121 18.668 35.585 14.391  3.17
18.726554 37.713334 14.338890 
18.938280 37.763902 14.627054 
18.981692 37.753533 14.795021 
17.623407 36.912826 15.657300 
16.739479 36.439466 15.831235 
16.702417 36.775446 13.970190 
FEnd
FBeg
 1510    C GLY B 105  1647    O HOH B 144 unk
17.507 38.841 17.352 18.668 35.585 14.391  0.95
17.623407 36.912826 15.657300 
16.739479 36.439466 15.831235 
16.766230 36.216747 16.086632 
17.641925 35.728135 16.967281 
FEnd
FBeg
 1510    C GLY B 105  1646    O HOH B 143 unk
17.507 38.841 17.352 15.076 34.841 17.550  2.57
16.766230 36.216747 16.086632 
17.641925 35.728135 16.967281 
17.987517 35.565650 17.927845 
16.682345 36.349235 17.733250 
15.841940 36.793375 16.387470 
15.982956 36.695979 16.151220 
16.028039 36.667466 16.128731 
FEnd
FBeg
 1513   CA GLU B 106  1646    O HOH B 143 unk
16.759 39.418 15.121 15.076 34.841 17.550  0.00
15.982956 36.695979 16.151220 
16.028039 36.667466 16.128731 
15.851798 36.735594 16.134992 
FEnd
FBeg
 1512    N GLU B 106  1646    O HOH B 143 hbw
16.566 39.373 16.571 15.076 34.841 17.550  0.07
15.841940 36.793375 16.387470 
15.982956 36.695979 16.151220 
15.851798 36.735594 16.134992 
15.472977 36.862646 16.146590 
FEnd
FBeg
 1512    N GLU B 106  1644    O HOH B 141 hbw
16.566 39.373 16.571 15.081 35.145 14.383  0.02
15.851798 36.735594 16.134992 
15.472977 36.862646 16.146590 
15.363442 36.919713 16.110656 
15.393723 36.924995 16.079899 
FEnd
FBeg
 1504    O THR B 104  1644    O HOH B 141 hbw
14.952 37.491 18.502 15.081 35.145 14.383  0.01
15.472977 36.862646 16.146590 
15.363442 36.919713 16.110656 
15.243063 36.897063 16.119787 
15.247665 36.852578 16.145268 
FEnd
FBeg
   85  CD1 PHE A  11  1644    O HOH B 141 unk
12.510 36.130 16.567 15.081 35.145 14.383  2.01
15.243063 36.897063 16.119787 
14.958249 36.838643 15.810853 
13.522514 34.547818 15.153887 
13.704801 34.152271 15.546870 
14.055090 34.289469 15.897352 
15.247665 36.852578 16.145268 
FEnd
FBeg
   85  CD1 PHE A  11  1646    O HOH B 143 unk
12.510 36.130 16.567 15.076 34.841 17.550  5.38
14.055090 34.289469 15.897352 
15.247665 36.852578 16.145268 
14.014852 36.027484 18.281434 
13.538611 34.839575 17.966909 
13.559038 33.972796 16.776985 
FEnd
FBeg
   78   CD PRO A  10  1646    O HOH B 143 unk
14.623 31.734 16.176 15.076 34.841 17.550  5.05
13.559038 33.972796 16.776985 
14.055090 34.289469 15.897352 
17.054853 33.867905 15.861622 
17.372091 33.681541 16.178453 
17.366313 33.646555 16.259471 
15.534289 33.381543 17.462745 
14.002310 33.570345 17.540896 
FEnd
FBeg
   76   CB PRO A  10  1646    O HOH B 143 unk
14.716 31.525 18.504 15.076 34.841 17.550  15.52
15.534289 33.381543 17.462745 
18.014804 33.522535 18.888862 
18.898710 33.956004 20.729105 
18.068861 34.283316 21.553653 
15.147462 34.735176 22.021853 
14.679882 34.456616 20.877167 
14.002310 33.570345 17.540896 
FEnd
FBeg
   77   CG PRO A  10  1646    O HOH B 143 unk
15.441 31.110 17.284 15.076 34.841 17.550  2.82
17.366313 33.646555 16.259471 
18.014804 33.522535 18.888862 
15.534289 33.381543 17.462745 
FEnd
FBeg
   78   CD PRO A  10  1647    O HOH B 144 unk
14.623 31.734 16.176 18.668 35.585 14.391  0.33
17.054853 33.867905 15.861622 
17.372091 33.681541 16.178453 
17.346968 33.365642 15.439993 
17.108129 33.447867 15.076151 
FEnd
FBeg
  315    O PRO A  57  1647    O HOH B 144 hbw
17.332 30.868 14.202 18.668 35.585 14.391  1.63
17.346968 33.365642 15.439993 
17.108129 33.447867 15.076151 
17.100400 33.561394 12.297403 
17.315180 33.503861 12.215048 
17.732143 33.374495 12.496305 
17.524495 33.322847 15.253153 
FEnd
FBeg
  318   CD PRO A  57  1647    O HOH B 144 unk
20.422 32.323 14.462 18.668 35.585 14.391  10.85
17.732143 33.374495 12.496305 
19.721474 34.436592 12.148030 
19.875357 34.519411 12.151509 
20.858224 35.124284 15.660620 
18.320850 33.765634 15.923079 
17.524495 33.322847 15.253153 
FEnd
FBeg
  317   CG PRO A  57  1647    O HOH B 144 unk
20.712 32.059 15.899 18.668 35.585 14.391  5.89
20.858224 35.124284 15.660620 
21.215087 35.889002 16.964973 
18.705200 34.865172 17.973055 
18.294539 34.378376 17.391455 
18.320850 33.765634 15.923079 
FEnd
FBeg
  317   CG PRO A  57  1623    O HOH A 226 unk
20.712 32.059 15.899 22.045 35.638 13.436  29.61
20.858224 35.124284 15.660620 
21.215087 35.889002 16.964973 
24.047873 36.484413 19.363300 
25.838838 36.127696 19.814241 
28.919629 35.252145 20.209327 
26.393504 33.541932 16.357043 
25.629874 33.317156 15.617136 
24.100086 33.226707 14.657766 
FEnd
FBeg
  296    O PHE A  55  1623    O HOH A 226 hbw
23.492 32.325 11.441 22.045 35.638 13.436  13.66
25.629874 33.317156 15.617136 
24.100086 33.226707 14.657766 
22.320217 33.538373 12.849235 
21.971963 34.099300 11.665136 
23.666934 35.383818 10.761385 
25.985366 35.013901 13.057277 
26.088017 33.555111 15.554273 
FEnd
FBeg
  310  CD1 LEU A  56  1623    O HOH A 226 unk
21.713 32.967 9.017 22.045 35.638 13.436  7.46
21.971963 34.099300 11.665136 
21.553912 34.223664 11.621374 
20.848728 36.575999 10.252520 
21.441127 37.448201 9.680824 
23.394618 37.000205 9.804842 
23.666934 35.383818 10.761385 
FEnd
FBeg
  309   CG LEU A  56  1623    O HOH A 226 unk
20.284 32.790 9.449 22.045 35.638 13.436  3.15
21.553912 34.223664 11.621374 
20.145878 34.380661 12.131137 
19.875357 34.519411 12.151509 
19.744668 35.194710 11.726853 
20.848728 36.575999 10.252520 
FEnd
FBeg
  309   CG LEU A  56  1670    O HOH B 198 unk
20.284 32.790 9.449 18.142 37.543 12.298  10.55
19.744668 35.194710 11.726853 
20.848728 36.575999 10.252520 
20.076475 37.525890 8.087201 
19.527890 37.532622 7.663519 
17.874029 35.805288 9.301796 
17.884257 34.477957 11.523878 
FEnd
FBeg
 1524    O ALA B 107  1670    O HOH B 198 hbw
19.140 40.955 11.060 18.142 37.543 12.298  8.91
20.076475 37.525890 8.087201 
19.527890 37.532622 7.663519 
19.320310 37.557840 7.565682 
18.889179 37.743056 7.728598 
17.878528 39.405382 11.495339 
18.869608 39.161869 11.623152 
19.574312 38.873328 11.396005 
21.228126 37.763460 9.670349 
21.107768 37.596017 9.111841 
FEnd
FBeg
 1525   CB ALA B 107  1670    O HOH B 198 unk
20.977 39.841 13.537 18.142 37.543 12.298  6.59
19.574312 38.873328 11.396005 
19.305125 38.712533 12.310171 
19.311263 37.698073 14.177668 
20.179120 37.064549 13.366902 
21.441444 37.472921 9.721117 
21.228126 37.763460 9.670349 
FEnd
FBeg
 1525   CB ALA B 107  1623    O HOH A 226 unk
20.977 39.841 13.537 22.045 35.638 13.436  29.32
20.179120 37.064549 13.366902 
21.441444 37.472921 9.721117 
26.316348 38.615959 13.703389 
25.957555 38.469059 16.022463 
23.105871 37.710164 17.448582 
20.789550 37.167653 15.531182 
FEnd
FBeg
 1525   CB ALA B 107  1647    O HOH B 144 unk
20.977 39.841 13.537 18.668 35.585 14.391  1.84
19.311263 37.698073 14.177668 
20.179120 37.064549 13.366902 
20.789550 37.167653 15.531182 
19.352082 37.794393 14.768058 
FEnd
FBeg
 1522   CA ALA B 107  1670    O HOH B 198 unk
19.804 40.770 13.355 18.142 37.543 12.298  0.34
18.869608 39.161869 11.623152 
19.305125 38.712533 12.310171 
19.574312 38.873328 11.396005 
FEnd
FBeg
  305   CA LEU A  56  1623    O HOH A 226 unk
20.959 31.392 11.744 22.045 35.638 13.436  1.44
22.320217 33.538373 12.849235 
20.145878 34.380661 12.131137 
21.553912 34.223664 11.621374 
21.971963 34.099300 11.665136 
FEnd
FBeg
  318   CD PRO A  57  1623    O HOH A 226 unk
20.422 32.323 14.462 22.045 35.638 13.436  9.12
19.875357 34.519411 12.151509 
20.858224 35.124284 15.660620 
24.100086 33.226707 14.657766 
22.320217 33.538373 12.849235 
20.145878 34.380661 12.131137 
FEnd
FBeg
  309   CG LEU A  56  1647    O HOH B 144 unk
20.284 32.790 9.449 18.668 35.585 14.391  1.12
19.721474 34.436592 12.148030 
17.758591 34.279522 11.595013 
17.884257 34.477957 11.523878 
19.744668 35.194710 11.726853 
19.875357 34.519411 12.151509 
FEnd
FBeg
  308   CB LEU A  56  1647    O HOH B 144 unk
20.070 31.690 10.521 18.668 35.585 14.391  1.68
17.315180 33.503861 12.215048 
17.241469 33.707637 11.983253 
17.758591 34.279522 11.595013 
19.721474 34.436592 12.148030 
17.732143 33.374495 12.496305 
FEnd
FBeg
  315    O PRO A  57  1644    O HOH B 141 hbw
17.332 30.868 14.202 15.081 35.145 14.383  2.64
17.108129 33.447867 15.076151 
17.100400 33.561394 12.297403 
15.475668 32.672685 13.091511 
15.438576 32.651349 13.134391 
FEnd
FBeg
  326   CE LYS A  58  1644    O HOH B 141 unk
15.883 30.420 10.736 15.081 35.145 14.383  1.35
17.100400 33.561394 12.297403 
15.475668 32.672685 13.091511 
15.299512 32.685367 13.036343 
15.398740 33.136373 12.473847 
15.995954 33.647505 11.942964 
17.087198 33.671667 12.151632 
FEnd
FBeg
  327   NZ LYS A  58  1644    O HOH B 141 hbw
14.756 31.312 10.327 15.081 35.145 14.383  0.24
15.398740 33.136373 12.473847 
15.426075 33.745631 11.895896 
15.995954 33.647505 11.942964 
FEnd
FBeg
  327   NZ LYS A  58  1645    O HOH B 142 hbw
14.756 31.312 10.327 15.551 36.614 11.755  3.42
15.426075 33.745631 11.895896 
15.995954 33.647505 11.942964 
16.825234 33.956881 10.332607 
16.143360 34.404296 9.051022 
15.388489 34.403349 9.474790 
15.053118 33.971612 11.264490 
FEnd
FBeg
   68   CG LYS A   9  1645    O HOH B 142 unk
12.188 33.665 12.686 15.551 36.614 11.755  1.16
15.053118 33.971612 11.264490 
15.426075 33.745631 11.895896 
13.665817 36.062474 12.876155 
13.669068 36.052946 12.857718 
FEnd
FBeg
   69   CD LYS A   9  1645    O HOH B 142 unk
11.349 34.710 11.998 15.551 36.614 11.755  0.00
13.665817 36.062474 12.876155 
13.640507 36.122002 12.904903 
13.594639 36.217979 12.863764 
13.669068 36.052946 12.857718 
FEnd
FBeg
   69   CD LYS A   9  1644    O HOH B 141 unk
11.349 34.710 11.998 15.081 35.145 14.383  0.00
13.665817 36.062474 12.876155 
13.640507 36.122002 12.904903 
13.624330 36.070894 12.939537 
FEnd
FBeg
   70   CE LYS A   9  1645    O HOH B 142 unk
12.087 35.089 10.738 15.551 36.614 11.755  8.03
15.388489 34.403349 9.474790 
15.053118 33.971612 11.264490 
13.669068 36.052946 12.857718 
13.594639 36.217979 12.863764 
13.539568 36.375847 12.814615 
14.544328 36.555964 9.122219 
15.236629 35.043146 9.032660 
FEnd
FBeg
   68   CG LYS A   9  1644    O HOH B 141 unk
12.188 33.665 12.686 15.081 35.145 14.383  6.49
15.299512 32.685367 13.036343 
15.276955 32.655443 13.100895 
14.449475 33.240060 14.001699 
14.261058 33.405963 14.178219 
13.426845 34.866902 14.326238 
13.624330 36.070894 12.939537 
13.665817 36.062474 12.876155 
15.426075 33.745631 11.895896 
15.398740 33.136373 12.473847 
FEnd
FBeg
   64   CA LYS A   9  1644    O HOH B 141 unk
12.225 31.861 14.421 15.081 35.145 14.383  0.01
14.449475 33.240060 14.001699 
14.233311 33.431630 14.310926 
14.261058 33.405963 14.178219 
FEnd
FBeg
  316   CB PRO A  57  1647    O HOH B 144 unk
19.568 31.128 16.267 18.668 35.585 14.391  1.30
17.372091 33.681541 16.178453 
17.346968 33.365642 15.439993 
17.524495 33.322847 15.253153 
18.320850 33.765634 15.923079 
18.294539 34.378376 17.391455 
FEnd
FBeg
   79    N PHE A  11  1646    O HOH B 143 hbw
12.187 33.466 18.502 15.076 34.841 17.550  3.05
13.538611 34.839575 17.966909 
13.559038 33.972796 16.776985 
14.002310 33.570345 17.540896 
14.679882 34.456616 20.877167 
14.414432 34.626571 20.317085 
FEnd
FBeg
   83   CB PHE A  11  1646    O HOH B 143 unk
11.671 35.846 18.910 15.076 34.841 17.550  3.01
14.014852 36.027484 18.281434 
13.538611 34.839575 17.966909 
14.414432 34.626571 20.317085 
15.095126 34.773501 21.912746 
FEnd
FBeg
   78   CD PRO A  10  1644    O HOH B 141 unk
14.623 31.734 16.176 15.081 35.145 14.383  6.98
13.704801 34.152271 15.546870 
14.233311 33.431630 14.310926 
14.449475 33.240060 14.001699 
15.276955 32.655443 13.100895 
15.438576 32.651349 13.134391 
17.108129 33.447867 15.076151 
17.054853 33.867905 15.861622 
14.055090 34.289469 15.897352 
FEnd
FBeg
   67   CB LYS A   9  1644    O HOH B 141 unk
11.702 33.250 14.043 15.081 35.145 14.383  1.24
13.522514 34.547818 15.153887 
13.426845 34.866902 14.326238 
14.261058 33.405963 14.178219 
14.233311 33.431630 14.310926 
13.704801 34.152271 15.546870 
FEnd
FBeg
   87  CE1 PHE A  11  1644    O HOH B 141 unk
12.370 36.594 15.255 15.081 35.145 14.383  4.72
14.958249 36.838643 15.810853 
14.020845 36.623844 13.253444 
13.640507 36.122002 12.904903 
13.624330 36.070894 12.939537 
13.426845 34.866902 14.326238 
13.522514 34.547818 15.153887 
FEnd
FBeg
 1504    O THR B 104  1646    O HOH B 143 hbw
14.952 37.491 18.502 15.076 34.841 17.550  12.10
16.682345 36.349235 17.733250 
15.841940 36.793375 16.387470 
15.472977 36.862646 16.146590 
15.247665 36.852578 16.145268 
14.014852 36.027484 18.281434 
15.095126 34.773501 21.912746 
15.146738 34.737122 22.020733 
16.883942 35.062143 21.342276 
FEnd
FBeg
 1509   CA GLY B 105  1646    O HOH B 143 unk
17.276 38.828 18.849 15.076 34.841 17.550  8.52
17.987517 35.565650 17.927845 
16.682345 36.349235 17.733250 
16.883942 35.062143 21.342276 
18.177825 34.290224 21.520180 
19.010100 34.054974 20.832682 
18.997471 34.429240 19.705339 
18.892956 34.814858 18.698776 
FEnd
FBeg
 1511    O GLY B 105  1646    O HOH B 143 hbw
18.545 38.353 16.896 15.076 34.841 17.550  0.84
17.641925 35.728135 16.967281 
17.987517 35.565650 17.927845 
18.892956 34.814858 18.698776 
18.705200 34.865172 17.973055 
FEnd
FBeg
 1510    C GLY B 105  1644    O HOH B 141 unk
17.507 38.841 17.352 15.081 35.145 14.383  0.14
16.739479 36.439466 15.831235 
16.766230 36.216747 16.086632 
16.028039 36.667466 16.128731 
FEnd
FBeg
 1511    O GLY B 105  1647    O HOH B 144 hbw
18.545 38.353 16.896 18.668 35.585 14.391  10.63
18.981692 37.753533 14.795021 
17.623407 36.912826 15.657300 
17.641925 35.728135 16.967281 
18.705200 34.865172 17.973055 
21.215087 35.889002 16.964973 
20.789550 37.167653 15.531182 
19.352082 37.794393 14.768058 
19.232926 37.791717 14.765165 
FEnd
FBeg
 1514    C GLU B 106  1647    O HOH B 144 unk
18.015 40.238 14.847 18.668 35.585 14.391  0.02
18.938280 37.763902 14.627054 
18.981692 37.753533 14.795021 
19.232926 37.791717 14.765165 
FEnd
FBeg
 1521    N ALA B 107  1647    O HOH B 144 hbw
18.585 40.064 13.666 18.668 35.585 14.391  0.23
18.726554 37.713334 14.338890 
18.938280 37.763902 14.627054 
19.232926 37.791717 14.765165 
19.352082 37.794393 14.768058 
19.311263 37.698073 14.177668 
FEnd
FBeg
 1521    N ALA B 107  1670    O HOH B 198 hbw
18.585 40.064 13.666 18.142 37.543 12.298  5.17
16.988492 38.913285 12.690414 
18.726554 37.713334 14.338890 
19.311263 37.698073 14.177668 
19.305125 38.712533 12.310171 
18.869608 39.161869 11.623152 
17.878528 39.405382 11.495339 
16.913434 39.089972 12.389115 
FEnd
FBeg
 1516   CB GLU B 106  1670    O HOH B 198 unk
15.547 40.020 14.397 18.142 37.543 12.298  0.52
16.327246 37.956599 13.001885 
16.988492 38.913285 12.690414 
16.913434 39.089972 12.389115 
16.283339 38.453582 12.361120 
FEnd
FBeg
 1513   CA GLU B 106  1644    O HOH B 141 unk
16.759 39.418 15.121 15.081 35.145 14.383  2.29
16.110500 37.028107 13.853139 
16.545368 36.860120 13.837011 
16.702417 36.775446 13.970190 
16.739479 36.439466 15.831235 
16.028039 36.667466 16.128731 
15.851798 36.735594 16.134992 
15.393723 36.924995 16.079899 
FEnd
FBeg
 1517   CG GLU B 106  1644    O HOH B 141 unk
14.330 39.113 14.325 15.081 35.145 14.383  3.06
14.020845 36.623844 13.253444 
16.110500 37.028107 13.853139 
15.393723 36.924995 16.079899 
15.363442 36.919713 16.110656 
15.243063 36.897063 16.119787 
14.958249 36.838643 15.810853 
FEnd
FBeg
 1516   CB GLU B 106  1645    O HOH B 142 unk
15.547 40.020 14.397 15.551 36.614 11.755  0.21
16.283339 38.453582 12.361120 
15.885571 38.454645 12.359148 
16.256257 37.900511 13.074086 
16.327246 37.956599 13.001885 
FEnd
FBeg
 1547   CB ALA B 110  1670    O HOH B 198 unk
15.567 40.174 10.446 18.142 37.543 12.298  8.21
17.781507 36.835924 7.979997 
18.785287 37.477483 7.495768 
18.889179 37.743056 7.728598 
17.878528 39.405382 11.495339 
16.913434 39.089972 12.389115 
16.283339 38.453582 12.361120 
FEnd
FBeg
 1520  OE2 GLU B 106  1671    O HOH B 199 hbw
12.643 39.832 12.768 13.114 37.888 11.154  5.39
12.957924 39.877699 10.758398 
10.397563 38.516321 11.650957 
10.400826 38.371165 11.826744 
10.452568 38.260300 11.975376 
12.081841 37.994924 12.770468 
13.614476 38.840154 12.199678 
13.982822 39.144186 11.940974 
FEnd
FBeg
 1518   CD GLU B 106  1671    O HOH B 199 unk
13.060 39.868 13.941 13.114 37.888 11.154  0.61
12.081841 37.994924 12.770468 
12.671094 37.667647 13.014397 
13.614476 38.840154 12.199678 
FEnd
FBeg
  525   CB LYS A  85  1671    O HOH B 199 unk
10.466 38.993 7.783 13.114 37.888 11.154  2.76
10.871872 38.191580 10.531270 
13.256660 38.987405 8.918831 
13.785258 38.212968 8.249747 
12.931089 37.541642 8.700659 
FEnd
FBeg
  527   CD LYS A  85  1671    O HOH B 199 unk
10.923 40.839 9.370 13.114 37.888 11.154  4.55
10.431271 38.209633 11.102250 
10.397563 38.516321 11.650957 
12.957924 39.877699 10.758398 
13.256660 38.987405 8.918831 
10.871872 38.191580 10.531270 
FEnd
FBeg
  514   CB THR A  83  1671    O HOH B 199 unk
7.315 37.553 10.985 13.114 37.888 11.154  0.20
10.435514 37.930305 11.510350 
10.400826 38.371165 11.826744 
10.397563 38.516321 11.650957 
10.431271 38.209633 11.102250 
FEnd
FBeg
  516  CG2 THR A  83  1671    O HOH B 199 unk
7.576 36.703 12.198 13.114 37.888 11.154  0.19
10.547966 37.777895 11.933866 
10.452568 38.260300 11.975376 
10.400826 38.371165 11.826744 
10.435514 37.930305 11.510350 
10.512435 37.734489 11.696123 
FEnd
FBeg
   70   CE LYS A   9  1671    O HOH B 199 unk
12.087 35.089 10.738 13.114 37.888 11.154  8.30
13.539568 36.375847 12.814615 
13.382485 36.434947 12.804765 
10.747805 37.579826 11.605968 
13.291991 37.040545 8.953488 
14.544328 36.555964 9.122219 
FEnd
FBeg
   87  CE1 PHE A  11  1645    O HOH B 142 unk
12.370 36.594 15.255 15.551 36.614 11.755  0.20
13.704872 36.763971 12.967070 
14.020845 36.623844 13.253444 
13.640507 36.122002 12.904903 
13.594639 36.217979 12.863764 
13.539568 36.375847 12.814615 
FEnd
FBeg
 1517   CG GLU B 106  1671    O HOH B 199 unk
14.330 39.113 14.325 13.114 37.888 11.154  2.85
12.764796 37.520610 13.035267 
13.704872 36.763971 12.967070 
14.762841 38.313886 11.962612 
13.982822 39.144186 11.940974 
13.614476 38.840154 12.199678 
12.671094 37.667647 13.014397 
FEnd
FBeg
   89   CZ PHE A  11  1671    O HOH B 199 unk
11.189 37.188 14.865 13.114 37.888 11.154  1.78
12.533221 36.905091 12.799038 
12.764796 37.520610 13.035267 
12.671094 37.667647 13.014397 
12.081841 37.994924 12.770468 
10.452568 38.260300 11.975376 
10.547966 37.777895 11.933866 
FEnd
FBeg
   80   CA PHE A  11  1660    O HOH B 170 unk
11.301 34.389 19.202 10.394 37.865 22.461  3.97
13.907905 34.545794 23.807416 
13.915330 35.293424 23.012072 
10.112477 35.914318 21.291478 
10.146788 35.407876 21.841190 
11.220184 34.998402 22.576662 
FEnd
FBeg
   82    O PHE A  11  1660    O HOH B 170 hbw
8.970 34.751 19.681 10.394 37.865 22.461  4.44
10.112477 35.914318 21.291478 
10.146788 35.407876 21.841190 
7.652932 36.980947 21.356553 
7.289835 37.564174 20.889244 
8.692151 37.785927 19.922539 
9.047220 37.598126 19.951027 
FEnd
FBeg
   86  CD2 PHE A  11  1660    O HOH B 170 unk
10.294 36.860 17.082 10.394 37.865 22.461  0.18
8.692151 37.785927 19.922539 
9.193963 38.097580 19.854982 
9.449841 37.997028 19.869012 
9.047220 37.598126 19.951027 
FEnd
FBeg
 1507  CG2 THR B 104  1660    O HOH B 170 unk
11.462 40.005 18.320 10.394 37.865 22.461  2.33
9.193963 38.097580 19.854982 
9.930349 39.325802 20.679627 
10.873821 39.316490 20.918144 
11.054955 39.102834 20.854447 
11.280792 38.727225 20.718583 
11.225205 38.163397 20.412870 
9.449841 37.997028 19.869012 
FEnd
FBeg
 1502   CA THR B 104  1660    O HOH B 170 unk
13.549 39.263 19.309 10.394 37.865 22.461  0.40
11.280792 38.727225 20.718583 
12.118202 37.597534 21.055741 
11.225205 38.163397 20.412870 
FEnd
FBeg
 1493    O ARG B 103  1660    O HOH B 170 hbw
12.841 39.524 21.942 10.394 37.865 22.461  24.06
11.054955 39.102834 20.854447 
10.964853 39.345037 21.203841 
11.963860 40.108364 28.353994 
12.288595 40.039998 29.666529 
13.901343 35.534916 22.869736 
12.118202 37.597534 21.055741 
11.280792 38.727225 20.718583 
FEnd
FBeg
 1492    C ARG B 103  1660    O HOH B 170 unk
13.153 40.546 21.314 10.394 37.865 22.461  0.04
10.873821 39.316490 20.918144 
10.964853 39.345037 21.203841 
11.054955 39.102834 20.854447 
FEnd
FBeg
 1495   CG ARG B 103  1660    O HOH B 170 unk
10.545 41.817 22.018 10.394 37.865 22.461  34.49
9.930349 39.325802 20.679627 
8.206584 39.598054 22.520824 
7.900800 40.237970 28.125287 
10.727258 40.683322 33.061685 
11.971516 40.299653 30.063095 
11.963860 40.108364 28.353994 
10.964853 39.345037 21.203841 
10.873821 39.316490 20.918144 
FEnd
FBeg
 1496   CD ARG B 103  1660    O HOH B 170 unk
9.250 42.617 21.856 10.394 37.865 22.461  5.49
8.206584 39.598054 22.520824 
6.239824 39.299016 23.890982 
7.900800 40.237970 28.125287 
FEnd
FBeg
 1500  NH2 ARG B 103  1660    O HOH B 170 hbw
8.174 40.892 19.935 10.394 37.865 22.461  9.35
7.289835 37.564174 20.889244 
6.726617 37.836450 21.710512 
6.239824 39.299016 23.890982 
8.206584 39.598054 22.520824 
9.930349 39.325802 20.679627 
9.193963 38.097580 19.854982 
8.692151 37.785927 19.922539 
FEnd
FBeg
   83   CB PHE A  11  1660    O HOH B 170 unk
11.671 35.846 18.910 10.394 37.865 22.461  9.40
13.915330 35.293424 23.012072 
10.112477 35.914318 21.291478 
9.047220 37.598126 19.951027 
9.449841 37.997028 19.869012 
11.225205 38.163397 20.412870 
12.118202 37.597534 21.055741 
13.901343 35.534916 22.869736 
FEnd

+-+CCS_record::Boundary loops before union-find
Start boundary loop loop_id 1  init_edge IE_A_Wi
xyz 23.1059 37.7102 17.4486
xyz 20.7896 37.1677 15.5312
xyz 21.2151 35.889 16.965
xyz 24.0479 36.4844 19.3633
xyz 25.8388 36.1277 19.8142
xyz 28.9196 35.2521 20.2093
xyz 26.3935 33.5419 16.357
xyz 25.6299 33.3172 15.6171
xyz 26.088 33.5551 15.5543
xyz 25.9854 35.0139 13.0573
xyz 23.6669 35.3838 10.7614
xyz 23.3946 37.0002 9.80484
xyz 21.4411 37.4482 9.68082
xyz 20.8487 36.576 10.2525
xyz 20.0765 37.5259 8.0872
xyz 21.1078 37.596 9.11184
xyz 21.2281 37.7635 9.67035
xyz 21.4414 37.4729 9.72112
xyz 26.3163 38.616 13.7034
xyz 25.9576 38.4691 16.0225
End loop
Boundary info init_edge IE_A_Wi [total exposed]: 48.622487 48.622487
Start boundary loop loop_id 2  init_edge IE_A_Wi
xyz 15.3885 34.4033 9.47479
xyz 16.1434 34.4043 9.05102
xyz 16.8252 33.9569 10.3326
xyz 15.996 33.6475 11.943
xyz 17.0872 33.6717 12.1516
xyz 17.1004 33.5614 12.2974
xyz 17.3152 33.5039 12.215
xyz 17.2415 33.7076 11.9833
xyz 17.7586 34.2795 11.595
xyz 17.8843 34.478 11.5239
xyz 17.874 35.8053 9.3018
xyz 19.5279 37.5326 7.66352
xyz 19.3203 37.5578 7.56568
xyz 18.8892 37.7431 7.7286
xyz 18.7853 37.4775 7.49577
xyz 17.7815 36.8359 7.98
xyz 17.3616 36.7186 7.65576
xyz 17.3525 36.7188 7.65612
xyz 16.6668 36.7749 7.80035
xyz 14.9365 37.1361 8.76157
xyz 14.5443 36.556 9.12222
xyz 15.2366 35.0431 9.03266
End loop
Boundary info init_edge IE_A_Wi [total exposed]: 21.562354 21.562354
Start boundary loop loop_id 3  init_edge IE_A_Wi
xyz 18.893 34.8149 18.6988
xyz 18.7052 34.8652 17.9731
xyz 18.2945 34.3784 17.3915
xyz 17.3721 33.6815 16.1785
xyz 17.3663 33.6466 16.2595
xyz 18.0148 33.5225 18.8889
xyz 18.8987 33.956 20.7291
xyz 18.0689 34.2833 21.5537
xyz 15.1475 34.7352 22.0219
xyz 14.6799 34.4566 20.8772
xyz 14.4144 34.6266 20.3171
xyz 15.0951 34.7735 21.9127
xyz 15.1467 34.7371 22.0207
xyz 16.8839 35.0621 21.3423
xyz 18.1778 34.2902 21.5202
xyz 19.0101 34.055 20.8327
xyz 18.9975 34.4292 19.7053
End loop
Boundary info init_edge IE_A_Wi [total exposed]: 22.945875 22.945875
Start boundary loop loop_id 4  init_edge IE_A_Wi
xyz 15.4386 32.6513 13.1344
xyz 15.277 32.6554 13.1009
xyz 15.2995 32.6854 13.0363
xyz 15.4757 32.6727 13.0915
End loop
Boundary info init_edge IE_A_Wi [total exposed]: 0.485351 0.485351
Start boundary loop loop_id 5  init_edge IE_A_Wi
xyz 13.9153 35.2934 23.0121
xyz 13.9013 35.5349 22.8697
xyz 12.2886 40.04 29.6665
xyz 11.9639 40.1084 28.354
xyz 11.9715 40.2997 30.0631
xyz 10.7273 40.6833 33.0617
xyz 7.9008 40.238 28.1253
xyz 6.23982 39.299 23.891
xyz 6.72662 37.8365 21.7105
xyz 7.28983 37.5642 20.8892
xyz 7.65293 36.9809 21.3566
xyz 10.1468 35.4079 21.8412
xyz 11.2202 34.9984 22.5767
xyz 13.9079 34.5458 23.8074
End loop
Boundary info init_edge IE_A_Wi [total exposed]: 38.253589 38.253589
+-+Surf_areas::Interface areas<Areas altogether before UFind>: IE_A_B: 153.74 IE_A_Wi: 106.90 IE_B_Wi: 108.37 
+-+Surf_areas::Chem Interface areas<Areas altogether before UFind>: ali: 55.56 aro: 6.77 hbd: 8.69 hbw: 55.50 hbdp: 0.00 elu: 8.10 elf: 7.46 hbwp: 0.00 ssb: 0.00 unk: 226.93 
+++UnionFindAlgo::processing merged ccs...

+-+MCC_record::Boundary nets of merged cc after union-find
Start boundary net with  1 loops
Start boundary loop loop_id 0
Start boundary loop auf loop_id 0  init_edge IE_A_B
xyz 6.36578 46.5812 12.3723
xyz 6.33245 46.5717 12.5924
xyz 6.47847 46.4977 12.6006
xyz 7.19152 45.2549 13.4146
xyz 8.80051 44.1212 13.4022
xyz 8.33275 43.4889 14.133
xyz 9.30566 42.4946 14.63
xyz 8.71496 41.6398 14.4293
xyz 8.42724 41.076 14.4174
xyz 9.1864 40.8368 15.4543
xyz 8.28111 39.722 17.1043
xyz 8.35429 39.354 17.4554
xyz 6.93717 38.6649 17.3762
xyz 6.95992 37.7548 18.6794
xyz 7.05266 37.6137 18.9476
xyz 8.69215 37.7859 19.9225
xyz 9.19396 38.0976 19.855
xyz 9.44984 37.997 19.869
xyz 11.2252 38.1634 20.4129
xyz 12.1182 37.5975 21.0557
xyz 13.9013 35.5349 22.8697
xyz 14.3257 36.0862 22.0372
xyz 14.5971 35.7735 21.9398
xyz 15.0981 34.7947 22.0224
xyz 15.0951 34.7735 21.9127
xyz 14.0149 36.0275 18.2814
xyz 15.2477 36.8526 16.1453
xyz 15.2431 36.8971 16.1198
xyz 14.9582 36.8386 15.8109
xyz 14.0208 36.6238 13.2534
xyz 13.7049 36.764 12.9671
xyz 12.7648 37.5206 13.0353
xyz 12.6711 37.6676 13.0144
xyz 12.0818 37.9949 12.7705
xyz 10.4526 38.2603 11.9754
xyz 10.4008 38.3712 11.8267
xyz 10.3976 38.5163 11.651
xyz 12.9579 39.8777 10.7584
xyz 13.2567 38.9874 8.91883
xyz 13.7853 38.213 8.24975
xyz 14.1316 38.6111 7.40977
xyz 14.2277 39.8996 6.65432
xyz 13.7497 40.1024 7.47993
xyz 13.7428 41.4746 5.88572
xyz 13.6392 41.8259 6.16501
xyz 12.866 43.7603 9.06784
xyz 12.8483 43.7115 9.2457
xyz 12.8544 43.6025 9.33423
xyz 12.8524 43.7032 9.29841
xyz 12.8483 43.7115 9.2457
xyz 10.3135 45.2934 6.59906
xyz 8.87702 45.9425 7.18139
xyz 7.15138 46.5626 9.22351
End loop. Loop info [total exposed]: 70.2266 42.1269
End net. Net info [total exposed]: 70.2266 42.1269
Start boundary net with  1 loops
Start boundary loop loop_id 1
Start boundary loop auf loop_id 1  init_edge IE_A_Wi
xyz 23.1059 37.7102 17.4486
xyz 20.7896 37.1677 15.5312
xyz 21.2151 35.889 16.965
xyz 24.0479 36.4844 19.3633
xyz 25.8388 36.1277 19.8142
xyz 28.9196 35.2521 20.2093
xyz 26.3935 33.5419 16.357
xyz 25.6299 33.3172 15.6171
xyz 26.088 33.5551 15.5543
xyz 25.9854 35.0139 13.0573
xyz 23.6669 35.3838 10.7614
xyz 23.3946 37.0002 9.80484
xyz 21.4411 37.4482 9.68082
xyz 20.8487 36.576 10.2525
xyz 20.0765 37.5259 8.0872
xyz 21.1078 37.596 9.11184
xyz 21.2281 37.7635 9.67035
xyz 21.4414 37.4729 9.72112
xyz 26.3163 38.616 13.7034
xyz 25.9576 38.4691 16.0225
End loop. Loop info [total exposed]: 48.6225 48.6225
End net. Net info [total exposed]: 48.6225 48.6225
Start boundary net with  1 loops
Start boundary loop loop_id 2
Start boundary loop auf loop_id 2  init_edge IE_A_Wi
xyz 15.3885 34.4033 9.47479
xyz 16.1434 34.4043 9.05102
xyz 16.8252 33.9569 10.3326
xyz 15.996 33.6475 11.943
xyz 17.0872 33.6717 12.1516
xyz 17.1004 33.5614 12.2974
xyz 17.3152 33.5039 12.215
xyz 17.2415 33.7076 11.9833
xyz 17.7586 34.2795 11.595
xyz 17.8843 34.478 11.5239
xyz 17.874 35.8053 9.3018
xyz 19.5279 37.5326 7.66352
xyz 19.3203 37.5578 7.56568
xyz 18.8892 37.7431 7.7286
xyz 18.7853 37.4775 7.49577
xyz 17.7815 36.8359 7.98
xyz 17.3616 36.7186 7.65576
xyz 17.3525 36.7188 7.65612
xyz 16.6668 36.7749 7.80035
xyz 14.9365 37.1361 8.76157
xyz 14.5443 36.556 9.12222
xyz 15.2366 35.0431 9.03266
End loop. Loop info [total exposed]: 21.5624 21.5624
End net. Net info [total exposed]: 21.5624 21.5624
Start boundary net with  1 loops
Start boundary loop loop_id 3
Start boundary loop auf loop_id 3  init_edge IE_A_Wi
xyz 18.893 34.8149 18.6988
xyz 18.7052 34.8652 17.9731
xyz 18.2945 34.3784 17.3915
xyz 17.3721 33.6815 16.1785
xyz 17.3663 33.6466 16.2595
xyz 18.0148 33.5225 18.8889
xyz 18.8987 33.956 20.7291
xyz 18.0689 34.2833 21.5537
xyz 15.1475 34.7352 22.0219
xyz 14.6799 34.4566 20.8772
xyz 14.4144 34.6266 20.3171
xyz 15.0951 34.7735 21.9127
xyz 15.1467 34.7371 22.0207
xyz 16.8839 35.0621 21.3423
xyz 18.1778 34.2902 21.5202
xyz 19.0101 34.055 20.8327
xyz 18.9975 34.4292 19.7053
End loop. Loop info [total exposed]: 22.9459 22.9459
End net. Net info [total exposed]: 22.9459 22.9459
Start boundary net with  1 loops
Start boundary loop loop_id 5
Start boundary loop auf loop_id 5  init_edge IE_A_Wi
xyz 13.9153 35.2934 23.0121
xyz 13.9013 35.5349 22.8697
xyz 12.2886 40.04 29.6665
xyz 11.9639 40.1084 28.354
xyz 11.9715 40.2997 30.0631
xyz 10.7273 40.6833 33.0617
xyz 7.9008 40.238 28.1253
xyz 6.23982 39.299 23.891
xyz 6.72662 37.8365 21.7105
xyz 7.28983 37.5642 20.8892
xyz 7.65293 36.9809 21.3566
xyz 10.1468 35.4079 21.8412
xyz 11.2202 34.9984 22.5767
xyz 13.9079 34.5458 23.8074
End loop. Loop info [total exposed]: 38.2536 38.2536
End net. Net info [total exposed]: 38.2536 38.2536
Start boundary net with  1 loops
Start boundary loop loop_id 4
Start boundary loop auf loop_id 4  init_edge IE_A_Wi
xyz 15.4386 32.6513 13.1344
xyz 15.277 32.6554 13.1009
xyz 15.2995 32.6854 13.0363
xyz 15.4757 32.6727 13.0915
End loop. Loop info [total exposed]: 0.485351 0.485351
End net. Net info [total exposed]: 0.485351 0.485351
+-+Surf_areas::Interface areas<for merged connected component>: IE_A_B: 153.74 IE_A_Wi: 106.90 IE_B_Wi: 108.37 
+-+Surf_areas::Chem Interface areas<for merged connected component>: ali: 55.56 aro: 6.77 hbd: 8.69 hbw: 55.50 hbdp: 0.00 elu: 8.10 elf: 7.46 hbwp: 0.00 ssb: 0.00 unk: 226.93 
+-+MCC_record::dump_stats::Nb loops_before - nets_after uf merge: 6 6
