Begin VSO per interface edge
722 3580  1
726 3562  1
726 3580  1
727 3562  1
732 3562  2
732 3580  2
733 3562  3
734 1197  1
736 1186  1
736 1187  1
736 1188  2
736 1189  2
736 1191  1
736 1192  2
736 1193  2
736 1196  1
736 1197  2
736 1198  2
736 3562  2
736 3580  2
737 1197  2
737 1198  3
737 3562  2
738 1197  1
738 1198  2
741 1197  2
741 1198  3
741 1213  2
741 3562  2
742 1197  2
742 1198  3
742 1199  1
742 1211  1
742 1212  2
742 1213  2
743 1211  1
743 1212  2
743 1213  2
743 1214  2
744 1212  2
744 1213  1
744 1214  1
744 3562  1
745 1212  1
745 1214  1
1189 3580  2
1190 3580  1
1191 3580  1
1193 3562  2
1193 3580  2
1196 3562  2
1198 3562  2
1206 3562  1
1206 3580  1
1213 3562  1
End VSO per interface edge

Voronoi Facets of interface MI_AB
FBeg
  736   CB ALA A 153  1186   OG SER B  62 unk
23.129 37.014 7.188 21.202 41.554 8.938  17.16
25.636473 40.728057 8.953854 
24.981975 40.634946 8.474716 
22.532676 39.872351 7.756078 
22.376403 39.758209 7.880115 
22.986009 38.371251 12.149543 
27.372921 40.055517 12.610694 
FEnd
FBeg
  736   CB ALA A 153  1196   CB ASP B  64 ali
23.129 37.014 7.188 19.706 38.597 8.191  13.67
22.376403 39.758209 7.880115 
21.555985 38.606389 6.898101 
20.660292 36.754469 6.764135 
20.669335 36.226726 7.627916 
20.776525 36.213174 8.015118 
21.667659 36.789104 10.147375 
22.183461 37.274570 11.141492 
22.986009 38.371251 12.149543 
FEnd
FBeg
  736   CB ALA A 153  1197   CG ASP B  64 ali
23.129 37.014 7.188 18.846 37.536 8.837  0.25
20.776525 36.213174 8.015118 
20.802092 36.180535 8.091855 
21.273654 36.358145 9.260435 
21.667659 36.789104 10.147375 
FEnd
FBeg
  734    C ALA A 153  1197   CG ASP B  64 ali
23.205 34.693 8.282 18.846 37.536 8.837  1.09
21.273654 36.358145 9.260435 
21.667659 36.789104 10.147375 
22.033702 37.142045 11.214351 
21.657066 36.537689 11.352062 
21.249172 36.218377 9.784122 
FEnd
FBeg
  738   CA GLU A 154  1197   CG ASP B  64 ali
21.325 33.289 9.057 18.846 37.536 8.837  3.67
21.657066 36.537689 11.352062 
21.547156 36.530623 12.454147 
20.651075 35.988351 12.083036 
20.220553 35.678541 10.953492 
20.468183 35.731944 9.194075 
20.621299 35.810927 8.993469 
21.249172 36.218377 9.784122 
FEnd
FBeg
  738   CA GLU A 154  1198  OD1 ASP B  64 unk
21.325 33.289 9.057 18.813 36.391 8.361  0.03
20.468183 35.731944 9.194075 
20.621299 35.810927 8.993469 
20.521941 35.691491 8.819756 
FEnd
FBeg
  741   CB GLU A 154  1198  OD1 ASP B  64 unk
19.783 33.257 8.839 18.813 36.391 8.361  5.97
20.521941 35.691491 8.819756 
20.468183 35.731944 9.194075 
19.008493 35.412712 10.063171 
17.742438 34.864431 9.037565 
17.805564 34.585675 7.081803 
20.277878 35.466931 7.842706 
FEnd
FBeg
  741   CB GLU A 154  1213  OD1 ASN B  66 unk
19.783 33.257 8.839 15.886 35.216 8.434  1.16
17.742438 34.864431 9.037565 
17.805564 34.585675 7.081803 
17.597927 34.100416 6.732511 
17.459030 34.171311 8.411936 
17.507003 34.324672 8.692140 
FEnd
FBeg
  742   CG GLU A 154  1213  OD1 ASN B  66 unk
18.963 32.816 10.087 15.886 35.216 8.434  1.34
17.507003 34.324672 8.692140 
17.742438 34.864431 9.037565 
17.553072 35.406997 10.177819 
17.482825 35.460431 10.386161 
17.457328 35.458636 10.431017 
17.130504 35.162349 10.609208 
16.906409 34.808330 10.512351 
FEnd
FBeg
  742   CG GLU A 154  1212   CG ASN B  66 ali
18.963 32.816 10.087 14.866 35.738 8.886  0.14
17.130504 35.162349 10.609208 
16.906409 34.808330 10.512351 
16.753317 34.850503 11.137200 
FEnd
FBeg
  743   CD GLU A 154  1212   CG ASN B  66 aro
17.570 32.219 9.786 14.866 35.738 8.886  4.78
16.906409 34.808330 10.512351 
16.753317 34.850503 11.137200 
15.794289 34.341341 12.027727 
14.728298 33.141928 10.540730 
14.949501 33.021554 9.405477 
15.621978 33.474141 9.154669 
FEnd
FBeg
  744  OE1 GLU A 154  1212   CG ASN B  66 unk
17.066 32.340 8.653 14.866 35.738 8.886  0.45
14.949501 33.021554 9.405477 
15.059217 33.173021 8.232474 
15.621978 33.474141 9.154669 
FEnd
FBeg
  744  OE1 GLU A 154  1214  ND2 ASN B  66 hbd
17.066 32.340 8.653 13.666 35.221 8.707  10.17
14.949501 33.021554 9.405477 
15.059217 33.173021 8.232474 
14.678858 32.781982 5.146608 
13.471993 31.336562 6.274644 
13.331398 31.165478 6.549990 
12.839362 30.539533 8.965283 
14.263705 32.208126 9.623673 
FEnd
FBeg
  745  OE2 GLU A 154  1214  ND2 ASN B  66 hbd
16.964 31.617 10.706 13.666 35.221 8.707  7.18
12.839362 30.539533 8.965283 
14.263705 32.208126 9.623673 
14.728298 33.141928 10.540730 
14.258893 33.647647 12.226927 
12.825965 32.020628 11.657653 
12.461014 30.358282 9.262712 
FEnd
FBeg
  743   CD GLU A 154  1214  ND2 ASN B  66 unk
17.570 32.219 9.786 13.666 35.221 8.707  0.61
14.728298 33.141928 10.540730 
14.949501 33.021554 9.405477 
14.263705 32.208126 9.623673 
FEnd
FBeg
  745  OE2 GLU A 154  1212   CG ASN B  66 unk
16.964 31.617 10.706 14.866 35.738 8.886  1.88
15.794289 34.341341 12.027727 
14.779210 34.059794 12.560353 
14.258893 33.647647 12.226927 
14.728298 33.141928 10.540730 
FEnd
FBeg
  743   CD GLU A 154  1211   CB ASN B  66 ali
17.570 32.219 9.786 14.933 37.025 9.694  0.72
16.753317 34.850503 11.137200 
15.794289 34.341341 12.027727 
16.465918 34.723108 12.719934 
FEnd
FBeg
  742   CG GLU A 154  1211   CB ASN B  66 ali
18.963 32.816 10.087 14.933 37.025 9.694  3.60
17.457328 35.458636 10.431017 
17.130504 35.162349 10.609208 
16.753317 34.850503 11.137200 
16.465918 34.723108 12.719934 
16.695397 35.075814 14.144205 
17.189056 35.597826 14.672715 
FEnd
FBeg
  742   CG GLU A 154  1199  OD2 ASP B  64 unk
18.963 32.816 10.087 18.241 37.824 9.877  21.18
17.482825 35.460431 10.386161 
17.457328 35.458636 10.431017 
17.189056 35.597826 14.672715 
19.784155 36.122926 18.272888 
21.602713 36.237269 14.747313 
21.527290 36.203066 14.190980 
20.651075 35.988351 12.083036 
FEnd
FBeg
  743   CD GLU A 154  1213  OD1 ASN B  66 unk
17.570 32.219 9.786 15.886 35.216 8.434  2.28
17.459030 34.171311 8.411936 
17.507003 34.324672 8.692140 
16.906409 34.808330 10.512351 
15.621978 33.474141 9.154669 
FEnd
FBeg
  744  OE1 GLU A 154  1213  OD1 ASN B  66 hbd
17.066 32.340 8.653 15.886 35.216 8.434  9.83
17.597927 34.100416 6.732511 
17.459030 34.171311 8.411936 
15.621978 33.474141 9.154669 
15.059217 33.173021 8.232474 
14.678858 32.781982 5.146608 
15.679182 33.174624 4.913064 
15.962767 33.294540 4.959866 
16.753617 33.643286 5.278537 
FEnd
FBeg
  742   CG GLU A 154  1198  OD1 ASP B  64 unk
18.963 32.816 10.087 18.813 36.391 8.361  0.91
19.008493 35.412712 10.063171 
17.553072 35.406997 10.177819 
17.742438 34.864431 9.037565 
FEnd
FBeg
  737    N GLU A 154  1198  OD1 ASP B  64 hbd
21.994 34.152 8.081 18.813 36.391 8.361  0.65
20.621299 35.810927 8.993469 
20.521941 35.691491 8.819756 
20.277878 35.466931 7.842706 
20.712201 36.099565 7.718101 
20.802092 36.180535 8.091855 
FEnd
FBeg
  741   CB GLU A 154  1197   CG ASP B  64 ali
19.783 33.257 8.839 18.846 37.536 8.837  1.20
20.220553 35.678541 10.953492 
19.008493 35.412712 10.063171 
20.468183 35.731944 9.194075 
FEnd
FBeg
  742   CG GLU A 154  1197   CG ASP B  64 ali
18.963 32.816 10.087 18.846 37.536 8.837  2.53
20.651075 35.988351 12.083036 
17.482825 35.460431 10.386161 
17.553072 35.406997 10.177819 
19.008493 35.412712 10.063171 
20.220553 35.678541 10.953492 
FEnd
FBeg
  737    N GLU A 154  1197   CG ASP B  64 unk
21.994 34.152 8.081 18.846 37.536 8.837  0.68
20.802092 36.180535 8.091855 
21.273654 36.358145 9.260435 
21.249172 36.218377 9.784122 
20.621299 35.810927 8.993469 
FEnd
FBeg
  736   CB ALA A 153  1198  OD1 ASP B  64 unk
23.129 37.014 7.188 18.813 36.391 8.361  0.03
20.669335 36.226726 7.627916 
20.712201 36.099565 7.718101 
20.802092 36.180535 8.091855 
20.776525 36.213174 8.015118 
FEnd
FBeg
  736   CB ALA A 153  1193   CA ASP B  64 ali
23.129 37.014 7.188 19.323 38.888 6.729  1.80
21.555985 38.606389 6.898101 
21.479934 38.246156 6.057955 
21.266900 37.692171 5.562617 
20.844427 36.926601 5.940073 
20.660292 36.754469 6.764135 
FEnd
FBeg
  736   CB ALA A 153  1189    C ALA B  63 ali
23.129 37.014 7.188 20.670 39.958 4.953  1.93
21.479934 38.246156 6.057955 
22.560340 39.467622 6.478213 
22.648280 39.297210 6.156988 
22.371585 38.086156 4.866184 
21.266900 37.692171 5.562617 
FEnd
FBeg
  736   CB ALA A 153  1191   CB ALA B  63 ali
23.129 37.014 7.188 22.919 40.526 3.938  22.84
22.648280 39.297210 6.156988 
22.971607 39.618302 6.483074 
26.741405 40.759607 7.472799 
29.866012 40.412999 6.896351 
29.685247 40.100409 6.570241 
26.677254 37.797760 4.276326 
25.961821 37.503801 4.004897 
24.215843 37.353064 3.954826 
22.371585 38.086156 4.866184 
FEnd
FBeg
  736   CB ALA A 153  1188   CA ALA B  63 ali
23.129 37.014 7.188 21.667 41.087 4.627  0.12
22.560340 39.467622 6.478213 
22.621298 39.573967 6.612544 
22.971607 39.618302 6.483074 
22.648280 39.297210 6.156988 
FEnd
FBeg
  736   CB ALA A 153  1192    N ASP B  64 unk
23.129 37.014 7.188 20.274 39.872 6.221  1.81
22.532676 39.872351 7.756078 
22.621298 39.573967 6.612544 
22.560340 39.467622 6.478213 
21.479934 38.246156 6.057955 
21.555985 38.606389 6.898101 
22.376403 39.758209 7.880115 
FEnd
FBeg
  736   CB ALA A 153  1187    N ALA B  63 unk
23.129 37.014 7.188 22.036 41.775 5.861  5.28
24.981975 40.634946 8.474716 
25.741221 40.783200 8.381258 
26.741405 40.759607 7.472799 
22.971607 39.618302 6.483074 
22.621298 39.573967 6.612544 
22.532676 39.872351 7.756078 
FEnd

+-+CCS_record::Boundary loops before union-find
Start boundary loop loop_id 0  init_edge IE_A_B
xyz 24.982 40.6349 8.47472
xyz 25.7412 40.7832 8.38126
xyz 26.7414 40.7596 7.4728
xyz 29.866 40.413 6.89635
xyz 29.6852 40.1004 6.57024
xyz 26.6773 37.7978 4.27633
xyz 25.9618 37.5038 4.0049
xyz 24.2158 37.3531 3.95483
xyz 22.3716 38.0862 4.86618
xyz 21.2669 37.6922 5.56262
xyz 20.8444 36.9266 5.94007
xyz 20.6603 36.7545 6.76413
xyz 20.6693 36.2267 7.62792
xyz 20.7122 36.0996 7.7181
xyz 20.2779 35.4669 7.84271
xyz 17.8056 34.5857 7.0818
xyz 17.5979 34.1004 6.73251
xyz 16.7536 33.6433 5.27854
xyz 15.9628 33.2945 4.95987
xyz 15.6792 33.1746 4.91306
xyz 14.6789 32.782 5.14661
xyz 13.472 31.3366 6.27464
xyz 13.3314 31.1655 6.54999
xyz 12.8394 30.5395 8.96528
xyz 12.461 30.3583 9.26271
xyz 12.826 32.0206 11.6577
xyz 14.2589 33.6476 12.2269
xyz 14.7792 34.0598 12.5604
xyz 15.7943 34.3413 12.0277
xyz 16.4659 34.7231 12.7199
xyz 16.6954 35.0758 14.1442
xyz 17.1891 35.5978 14.6727
xyz 19.7842 36.1229 18.2729
xyz 21.6027 36.2373 14.7473
xyz 21.5273 36.2031 14.191
xyz 20.6511 35.9884 12.083
xyz 21.5472 36.5306 12.4541
xyz 21.6571 36.5377 11.3521
xyz 22.0337 37.142 11.2144
xyz 21.6677 36.7891 10.1474
xyz 22.1835 37.2746 11.1415
xyz 22.986 38.3713 12.1495
xyz 27.3729 40.0555 12.6107
xyz 25.6365 40.7281 8.95385
End loop
Boundary info init_edge IE_A_B [total exposed]: 71.665020 71.665020
Voronoi Facets of interface MI_AWi_BWi
FBeg
  726   CG ARG A 152  3562    O HOH B 589 unk
21.035 32.398 4.349 19.949 35.164 6.091  7.25
17.866817 34.353717 3.492885 
18.673073 34.918155 3.099291 
21.353635 34.811438 4.939858 
21.372184 34.127692 6.037095 
20.940311 33.787558 6.307931 
17.515055 33.788552 4.170975 
17.363075 33.873305 3.941654 
FEnd
FBeg
  727   CD ARG A 152  3562    O HOH B 589 unk
20.351 31.623 5.445 19.949 35.164 6.091  4.46
20.940311 33.787558 6.307931 
20.580933 33.688568 6.626901 
17.851077 33.440185 6.289629 
17.173469 33.491955 5.584186 
17.515055 33.788552 4.170975 
FEnd
FBeg
  744  OE1 GLU A 154  3562    O HOH B 589 hbw
17.066 32.340 8.653 19.949 35.164 6.091  0.70
17.851077 33.440185 6.289629 
17.597927 34.100416 6.732511 
16.753617 33.643286 5.278537 
17.173469 33.491955 5.584186 
FEnd
FBeg
 1213  OD1 ASN B  66  3562    O HOH B 589 hbw
15.886 35.216 8.434 19.949 35.164 6.091  1.86
17.597927 34.100416 6.732511 
17.805564 34.585675 7.081803 
17.453893 35.422667 6.453395 
16.993140 34.605034 5.672549 
16.680775 33.688302 5.151222 
16.753617 33.643286 5.278537 
FEnd
FBeg
 1198  OD1 ASP B  64  3562    O HOH B 589 hbw
18.813 36.391 8.361 19.949 35.164 6.091  4.67
17.805564 34.585675 7.081803 
20.277878 35.466931 7.842706 
20.712201 36.099565 7.718101 
20.669335 36.226726 7.627916 
19.719456 36.560698 6.972036 
18.555297 36.455029 6.446561 
17.453893 35.422667 6.453395 
FEnd
FBeg
 1193   CA ASP B  64  3562    O HOH B 589 unk
19.323 38.888 6.729 19.949 35.164 6.091  2.58
19.719456 36.560698 6.972036 
20.660292 36.754469 6.764135 
20.844427 36.926601 5.940073 
19.710504 36.879556 5.102080 
18.555297 36.455029 6.446561 
FEnd
FBeg
 1193   CA ASP B  64  3580    O HOH B 649 unk
19.323 38.888 6.729 21.375 36.454 4.089  1.40
20.844427 36.926601 5.940073 
19.710504 36.879556 5.102080 
19.848573 37.429152 4.702687 
20.486186 37.682530 4.964679 
21.266900 37.692171 5.562617 
FEnd
FBeg
  736   CB ALA A 153  3580    O HOH B 649 unk
23.129 37.014 7.188 21.375 36.454 4.089  4.38
21.266900 37.692171 5.562617 
20.844427 36.926601 5.940073 
21.479561 35.942579 5.758411 
24.215843 37.353064 3.954826 
22.371585 38.086156 4.866184 
FEnd
FBeg
 1191   CB ALA B  63  3580    O HOH B 649 unk
22.919 40.526 3.938 21.375 36.454 4.089  17.57
24.215843 37.353064 3.954826 
25.044694 36.993866 2.743512 
25.027875 36.954820 1.518579 
24.645422 37.070739 0.733919 
23.271954 37.523890 -1.089936 
22.058951 37.925501 -2.662898 
21.610040 38.112333 -2.214815 
21.883593 38.234165 3.867736 
22.371585 38.086156 4.866184 
FEnd
FBeg
  722   CA ARG A 152  3580    O HOH B 649 unk
23.441 33.274 4.162 21.375 36.454 4.089  9.42
25.044694 36.993866 2.743512 
21.564261 34.777139 4.680220 
21.404237 34.607686 1.827492 
24.673543 36.718301 1.243509 
24.692488 36.730672 1.246252 
25.027875 36.954820 1.518579 
FEnd
FBeg
  732    N ALA A 153  3580    O HOH B 649 hbw
23.346 34.932 5.889 21.375 36.454 4.089  5.67
21.479561 35.942579 5.758411 
21.353635 34.811438 4.939858 
21.564261 34.777139 4.680220 
25.044694 36.993866 2.743512 
24.215843 37.353064 3.954826 
FEnd
FBeg
 1189    C ALA B  63  3580    O HOH B 649 unk
20.670 39.958 4.953 21.375 36.454 4.089  1.64
20.486186 37.682530 4.964679 
21.266900 37.692171 5.562617 
22.371585 38.086156 4.866184 
21.883593 38.234165 3.867736 
FEnd
FBeg
 1190    O ALA B  63  3580    O HOH B 649 hbw
20.293 39.183 4.083 21.375 36.454 4.089  18.06
19.848573 37.429152 4.702687 
20.486186 37.682530 4.964679 
21.883593 38.234165 3.867736 
21.610040 38.112333 -2.214815 
18.787702 36.994030 -1.894969 
18.815385 37.007354 -0.826511 
FEnd
FBeg
 1206   CD PRO B  65  3580    O HOH B 649 unk
17.347 37.931 4.729 21.375 36.454 4.089  9.88
19.710504 36.879556 5.102080 
19.848573 37.429152 4.702687 
18.815385 37.007354 -0.826511 
18.420920 34.847948 1.674330 
18.673073 34.918155 3.099291 
FEnd
FBeg
 1196   CB ASP B  64  3562    O HOH B 589 unk
19.706 38.597 8.191 19.949 35.164 6.091  0.48
20.669335 36.226726 7.627916 
20.660292 36.754469 6.764135 
19.719456 36.560698 6.972036 
FEnd
FBeg
  736   CB ALA A 153  3562    O HOH B 589 unk
23.129 37.014 7.188 19.949 35.164 6.091  2.09
20.712201 36.099565 7.718101 
21.449514 35.471015 6.640765 
21.491751 35.495779 6.476565 
21.479561 35.942579 5.758411 
20.844427 36.926601 5.940073 
20.660292 36.754469 6.764135 
20.669335 36.226726 7.627916 
FEnd
FBeg
  733   CA ALA A 153  3562    O HOH B 589 unk
23.741 35.579 7.129 19.949 35.164 6.091  0.01
21.449514 35.471015 6.640765 
21.486893 35.362971 6.547408 
21.491751 35.495779 6.476565 
FEnd
FBeg
  741   CB GLU A 154  3562    O HOH B 589 unk
19.783 33.257 8.839 19.949 35.164 6.091  4.91
20.580933 33.688568 6.626901 
20.277878 35.466931 7.842706 
17.805564 34.585675 7.081803 
17.597927 34.100416 6.732511 
17.851077 33.440185 6.289629 
FEnd
FBeg
  737    N GLU A 154  3562    O HOH B 589 hbw
21.994 34.152 8.081 19.949 35.164 6.091  3.04
21.372184 34.127692 6.037095 
21.486893 35.362971 6.547408 
21.449514 35.471015 6.640765 
20.712201 36.099565 7.718101 
20.277878 35.466931 7.842706 
20.580933 33.688568 6.626901 
20.940311 33.787558 6.307931 
FEnd
FBeg
  732    N ALA A 153  3562    O HOH B 589 hbw
23.346 34.932 5.889 19.949 35.164 6.091  1.57
21.353635 34.811438 4.939858 
21.479561 35.942579 5.758411 
21.491751 35.495779 6.476565 
21.486893 35.362971 6.547408 
21.372184 34.127692 6.037095 
FEnd
FBeg
  726   CG ARG A 152  3580    O HOH B 649 unk
21.035 32.398 4.349 21.375 36.454 4.089  10.32
18.673073 34.918155 3.099291 
21.353635 34.811438 4.939858 
21.564261 34.777139 4.680220 
21.404237 34.607686 1.827492 
18.333132 34.699419 -0.757535 
18.420920 34.847948 1.674330 
FEnd
FBeg
 1206   CD PRO B  65  3562    O HOH B 589 unk
17.347 37.931 4.729 19.949 35.164 6.091  8.24
17.866817 34.353717 3.492885 
16.993140 34.605034 5.672549 
17.453893 35.422667 6.453395 
18.555297 36.455029 6.446561 
19.710504 36.879556 5.102080 
18.673073 34.918155 3.099291 
FEnd

+-+CCS_record::Boundary loops before union-find
Start boundary loop loop_id 1  init_edge IE_A_Wi
xyz 16.9931 34.605 5.67255
xyz 16.6808 33.6883 5.15122
xyz 16.7536 33.6433 5.27854
xyz 17.1735 33.492 5.58419
xyz 17.5151 33.7886 4.17097
xyz 17.3631 33.8733 3.94165
xyz 17.8668 34.3537 3.49289
End loop
Boundary info init_edge IE_A_Wi [total exposed]: 6.755836 6.755836
Start boundary loop loop_id 2  init_edge IE_A_Wi
xyz 23.272 37.5239 -1.08994
xyz 22.059 37.9255 -2.6629
xyz 21.61 38.1123 -2.21481
xyz 18.7877 36.994 -1.89497
xyz 18.8154 37.0074 -0.826511
xyz 18.4209 34.8479 1.67433
xyz 18.3331 34.6994 -0.757535
xyz 21.4042 34.6077 1.82749
xyz 24.6735 36.7183 1.24351
xyz 24.6925 36.7307 1.24625
xyz 25.0279 36.9548 1.51858
xyz 24.6454 37.0707 0.733919
End loop
Boundary info init_edge IE_A_Wi [total exposed]: 24.242883 24.242883
+-+Surf_areas::Interface areas<Areas altogether before UFind>: IE_A_B: 146.96 IE_A_Wi: 26.91 IE_B_Wi: 33.19 
+-+Surf_areas::Chem Interface areas<Areas altogether before UFind>: ali: 53.56 aro: 4.78 hbd: 27.84 hbw: 17.78 hbdp: 0.00 elu: 0.00 elf: 0.00 hbwp: 0.00 ssb: 0.00 unk: 103.10 
+++UnionFindAlgo::processing merged ccs...

+-+MCC_record::Boundary nets of merged cc after union-find
Start boundary net with  1 loops
Start boundary loop loop_id 1
Start boundary loop auf loop_id 1  init_edge IE_A_Wi
xyz 16.9931 34.605 5.67255
xyz 16.6808 33.6883 5.15122
xyz 16.7536 33.6433 5.27854
xyz 17.1735 33.492 5.58419
xyz 17.5151 33.7886 4.17097
xyz 17.3631 33.8733 3.94165
xyz 17.8668 34.3537 3.49289
End loop. Loop info [total exposed]: 6.75584 6.75584
End net. Net info [total exposed]: 6.75584 6.75584
Start boundary net with  1 loops
Start boundary loop loop_id 0
Start boundary loop auf loop_id 0  init_edge IE_A_B
xyz 24.982 40.6349 8.47472
xyz 25.7412 40.7832 8.38126
xyz 26.7414 40.7596 7.4728
xyz 29.866 40.413 6.89635
xyz 29.6852 40.1004 6.57024
xyz 26.6773 37.7978 4.27633
xyz 25.9618 37.5038 4.0049
xyz 24.2158 37.3531 3.95483
xyz 22.3716 38.0862 4.86618
xyz 21.2669 37.6922 5.56262
xyz 20.8444 36.9266 5.94007
xyz 20.6603 36.7545 6.76413
xyz 20.6693 36.2267 7.62792
xyz 20.7122 36.0996 7.7181
xyz 20.2779 35.4669 7.84271
xyz 17.8056 34.5857 7.0818
xyz 17.5979 34.1004 6.73251
xyz 16.7536 33.6433 5.27854
xyz 15.9628 33.2945 4.95987
xyz 15.6792 33.1746 4.91306
xyz 14.6789 32.782 5.14661
xyz 13.472 31.3366 6.27464
xyz 13.3314 31.1655 6.54999
xyz 12.8394 30.5395 8.96528
xyz 12.461 30.3583 9.26271
xyz 12.826 32.0206 11.6577
xyz 14.2589 33.6476 12.2269
xyz 14.7792 34.0598 12.5604
xyz 15.7943 34.3413 12.0277
xyz 16.4659 34.7231 12.7199
xyz 16.6954 35.0758 14.1442
xyz 17.1891 35.5978 14.6727
xyz 19.7842 36.1229 18.2729
xyz 21.6027 36.2373 14.7473
xyz 21.5273 36.2031 14.191
xyz 20.6511 35.9884 12.083
xyz 21.5472 36.5306 12.4541
xyz 21.6571 36.5377 11.3521
xyz 22.0337 37.142 11.2144
xyz 21.6677 36.7891 10.1474
xyz 22.1835 37.2746 11.1415
xyz 22.986 38.3713 12.1495
xyz 27.3729 40.0555 12.6107
xyz 25.6365 40.7281 8.95385
End loop. Loop info [total exposed]: 71.665 59.2435
End net. Net info [total exposed]: 71.665 59.2435
Start boundary net with  1 loops
Start boundary loop loop_id 2
Start boundary loop auf loop_id 2  init_edge IE_A_Wi
xyz 23.272 37.5239 -1.08994
xyz 22.059 37.9255 -2.6629
xyz 21.61 38.1123 -2.21481
xyz 18.7877 36.994 -1.89497
xyz 18.8154 37.0074 -0.826511
xyz 18.4209 34.8479 1.67433
xyz 18.3331 34.6994 -0.757535
xyz 21.4042 34.6077 1.82749
xyz 24.6735 36.7183 1.24351
xyz 24.6925 36.7307 1.24625
xyz 25.0279 36.9548 1.51858
xyz 24.6454 37.0707 0.733919
End loop. Loop info [total exposed]: 24.2429 24.2429
End net. Net info [total exposed]: 24.2429 24.2429
+-+Surf_areas::Interface areas<for merged connected component>: IE_A_B: 146.96 IE_A_Wi: 26.91 IE_B_Wi: 33.19 
+-+Surf_areas::Chem Interface areas<for merged connected component>: ali: 53.56 aro: 4.78 hbd: 27.84 hbw: 17.78 hbdp: 0.00 elu: 0.00 elf: 0.00 hbwp: 0.00 ssb: 0.00 unk: 103.10 
+-+MCC_record::dump_stats::Nb loops_before - nets_after uf merge: 3 3
