Begin VSO per interface edge
1319 3733  1
1320 3731  1
1320 3733  1
1321 3702  1
1321 3731  1
1321 3733  1
1321 4055  1
1352 3732  1
1352 3733  1
1352 4054  1
1352 4055  2
1353 4054  2
1353 4055  2
1353 5257  2
1354 4054  2
1354 4055  1
1354 5257  1
1355 4052  1
1355 4054  1
1355 5183  2
1355 5195  1
1355 5257  2
1371 5183  4
1373 5183  3
1374 5183  3
1377 4064  3
1377 5183  3
1377 5195  3
1377 5257  1
1377 5323  1
1378 4040  3
1378 4042  2
1378 5183  3
1378 5195  2
1378 5257  1
1379 4040  2
1379 4041  1
1379 4042  3
1379 4064  2
1379 5195  2
1379 5257  2
1379 5323  1
1380 5183  3
1381 5183  3
1381 5184  3
1381 5199  3
1382 5184  4
1383 5184  3
1384 5184  4
1385 4092  2
1385 5184  4
1385 5199  3
1386 4092  1
1387 4092  1
1387 5183  2
1387 5195  1
1387 5199  2
1410 5184  3
1410 5223  2
1411 5223  1
1412 4065  1
1412 5183  3
1412 5184  2
1412 5199  2
1412 5223  2
1413 4065  1
1413 5183  3
1415 4064  2
1415 4065  1
1415 5183  2
1415 5199  2
1416 5184  3
1417 5184  3
1417 5223  2
1420 5184  4
1420 5223  3
1440 4064  1
1445 3915  1
1447 5223  1
1449 3892  1
1449 3893  2
1450 3892  1
1450 3893  1
1450 4134  2
1450 4136  1
1450 5223  1
1450 5227  1
1451 3892  2
1451 3893  1
1451 5227  2
1451 5273  1
1455 5273  1
1456 3884  1
1458 3883  1
1458 3884  1
1458 5273  1
1459 3883  2
1459 3885  1
1459 5273  1
1460 3883  1
1460 3884  1
1460 3885  1
1462 5227  1
1465 5227  1
1468 5227  1
1473 5227  1
1476 5223  2
1477 4134  1
1477 4135  2
1477 5267  1
1478 4125  1
1478 4134  2
1478 4135  2
1478 4136  1
1478 5223  2
1478 5267  2
1479 5267  1
1498 4125  1
1498 5223  3
1499 5184  4
1499 5223  3
1500 4093  2
1500 4123  1
1500 4124  1
1500 4125  1
1500 5184  3
1500 5223  2
1501 4093  2
1501 4123  2
1501 4125  2
1501 5184  3
1501 5199  2
1501 5223  2
1502 4089  1
1502 4092  1
1502 4093  2
1502 4123  2
1502 4124  1
1502 5199  2
1502 5298  1
1526 3797  1
1527 5215  2
1528 5215  2
1529 3796  1
1529 3797  1
1529 3798  1
1529 5215  1
1530 3796  2
1530 3797  2
1530 3798  1
1530 5215  1
1531 5215  2
1532 5215  2
1536 5215  1
1558 5215  2
1560 3797  1
1560 5215  2
1561 3794  1
1561 3797  1
1562 3782  2
1562 3783  1
1562 3796  1
1562 3797  1
1562 3798  2
1562 5215  2
1571 5215  2
1572 5215  1
1573 5215  1
3761 5298  1
3782 5215  1
3797 5215  2
3798 5215  1
3814 5267  1
3862 5273  1
3863 5227  1
3863 5273  1
3864 5273  1
3879 5273  2
3881 5273  2
3882 5273  1
3883 5273  1
3885 5273  1
3886 5273  2
3887 5273  1
3890 5273  2
3892 5273  1
3893 5227  1
3893 5273  2
4013 5323  1
4014 5323  1
4031 5323  1
4036 5257  1
4036 5323  2
4039 5323  2
4040 5195  3
4040 5257  2
4040 5323  2
4041 5195  2
4041 5323  2
4042 5195  3
4042 5257  2
4052 5195  1
4054 5195  2
4054 5257  2
4055 5257  2
4056 5257  1
4057 5195  2
4058 5195  2
4058 5199  2
4061 5195  3
4063 5199  1
4064 5183  3
4064 5195  3
4064 5199  2
4065 5183  2
4065 5199  1
4082 5298  2
4086 5298  1
4089 5298  2
4092 5195  1
4092 5199  2
4093 5184  2
4093 5199  1
4093 5223  1
4114 5298  1
4115 5298  2
4119 5267  2
4120 5267  2
4121 5267  1
4122 5298  1
4123 5298  2
4124 5298  1
4125 5223  2
4125 5267  1
4126 5267  2
4127 5267  2
4132 5267  1
4134 5267  1
4135 5223  2
4135 5267  2
4136 5223  1
End VSO per interface edge

Voronoi Facets of interface MI_AB
FBeg
 1321  OE1 GLU A 189  4055   CG PRO B 211 unk
-24.306 55.235 88.724 -20.636 50.748 89.660  8.68
-23.726887 52.953926 92.412150 
-22.038693 54.107467 91.322692 
-21.467208 54.056084 88.835612 
-24.203108 51.978174 89.601822 
-24.602230 51.812842 90.374187 
-24.626756 51.817544 90.492893 
FEnd
FBeg
 1321  OE1 GLU A 189  3702  OD2 ASP B 166 elu
-24.306 55.235 88.724 -25.390 50.097 87.064  13.15
-24.203108 51.978174 89.601822 
-24.602230 51.812842 90.374187 
-27.447670 52.479148 90.169958 
-29.287749 53.079036 89.514787 
-26.659977 53.532275 86.395964 
-25.204145 53.005006 87.077282 
FEnd
FBeg
 1321  OE1 GLU A 189  3731   CD LYS B 169 unk
-24.306 55.235 88.724 -23.522 51.824 84.409  2.32
-26.659977 53.532275 86.395964 
-26.665164 53.711037 86.253711 
-25.850572 54.091633 86.100855 
-23.898148 54.229323 86.346751 
-25.204145 53.005006 87.077282 
FEnd
FBeg
 1320   CD GLU A 189  3731   CD LYS B 169 ali
-24.341 56.426 88.335 -23.522 51.824 84.409  5.27
-25.850572 54.091633 86.100855 
-23.898148 54.229323 86.346751 
-22.950700 54.834052 85.835542 
-22.226113 55.734183 84.931578 
-23.129126 56.161508 84.242296 
-23.415999 56.171056 84.171260 
FEnd
FBeg
 1320   CD GLU A 189  3733   NZ LYS B 169 unk
-24.341 56.426 88.335 -22.410 51.972 86.645  2.16
-23.898148 54.229323 86.346751 
-22.950700 54.834052 85.835542 
-21.916651 55.279984 85.841794 
-21.939501 54.653072 87.467915 
FEnd
FBeg
 1319   CG GLU A 189  3733   NZ LYS B 169 unk
-23.191 57.349 88.707 -22.410 51.972 86.645  1.83
-21.916651 55.279984 85.841794 
-21.939501 54.653072 87.467915 
-21.326973 54.338466 88.520303 
-21.216000 54.419179 88.351861 
-21.129839 54.929054 87.054913 
-21.163002 55.317289 86.029967 
-21.289526 55.349170 85.898910 
FEnd
FBeg
 1352   CG GLN A 193  3733   NZ LYS B 169 unk
-17.693 54.385 87.907 -22.410 51.972 86.645  4.32
-21.216000 54.419179 88.351861 
-20.868619 53.738699 88.354558 
-19.984611 52.537658 87.346829 
-19.738641 52.293019 86.895222 
-20.893787 54.998744 86.039366 
-21.129839 54.929054 87.054913 
FEnd
FBeg
 1352   CG GLN A 193  3732   CE LYS B 169 ali
-17.693 54.385 87.907 -22.237 51.591 85.207  11.20
-19.738641 52.293019 86.895222 
-20.893787 54.998744 86.039366 
-20.588481 55.050983 85.471490 
-17.856258 52.524989 83.487196 
-17.509357 51.940432 83.508283 
-17.542757 50.856514 84.686148 
-17.598277 50.788866 84.849589 
FEnd
FBeg
 1352   CG GLN A 193  4054   CB PRO B 211 ali
-17.693 54.385 87.907 -19.254 50.340 89.248  6.70
-19.984611 52.537658 87.346829 
-19.738641 52.293019 86.895222 
-17.598277 50.788866 84.849589 
-17.533168 50.769051 84.865611 
-17.499088 50.771508 84.912695 
-16.749660 51.081577 86.720364 
-17.529283 51.720708 87.740716 
-19.684766 52.701572 88.190297 
FEnd
FBeg
 1353   CD GLN A 193  4054   CB PRO B 211 ali
-17.703 53.736 89.275 -19.254 50.340 89.248  4.58
-17.529283 51.720708 87.740716 
-19.684766 52.701572 88.190297 
-19.181009 52.456132 90.123139 
-18.342963 52.064614 91.226391 
-18.310020 52.049494 91.235771 
FEnd
FBeg
 1354  OE1 GLN A 193  4054   CB PRO B 211 unk
-18.646 53.907 90.052 -19.254 50.340 89.248  0.31
-19.181009 52.456132 90.123139 
-18.959102 52.191450 91.129609 
-18.342963 52.064614 91.226391 
FEnd
FBeg
 1353   CD GLN A 193  4055   CG PRO B 211 ali
-17.703 53.736 89.275 -20.636 50.748 89.660  1.01
-19.684766 52.701572 88.190297 
-19.181009 52.456132 90.123139 
-20.340886 53.386889 88.510625 
FEnd
FBeg
 1355  NE2 GLN A 193  4054   CB PRO B 211 unk
-16.649 52.986 89.581 -19.254 50.340 89.248  6.61
-16.749660 51.081577 86.720364 
-17.529283 51.720708 87.740716 
-18.310020 52.049494 91.235771 
-17.933415 51.650904 91.456829 
-16.199540 50.314114 88.515090 
-16.177355 50.378445 87.830374 
-16.316498 50.606635 87.105682 
FEnd
FBeg
 1355  NE2 GLN A 193  4052    C PRO B 211 unk
-16.649 52.986 89.581 -18.145 48.063 89.070  0.15
-16.199540 50.314114 88.515090 
-16.177355 50.378445 87.830374 
-15.772825 50.221377 88.159278 
FEnd
FBeg
 1352   CG GLN A 193  4055   CG PRO B 211 ali
-17.693 54.385 87.907 -20.636 50.748 89.660  0.91
-20.868619 53.738699 88.354558 
-19.984611 52.537658 87.346829 
-19.684766 52.701572 88.190297 
-20.340886 53.386889 88.510625 
FEnd
FBeg
 1321  OE1 GLU A 189  3733   NZ LYS B 169 elf
-24.306 55.235 88.724 -22.410 51.972 86.645  10.03
-21.467208 54.056084 88.835612 
-24.203108 51.978174 89.601822 
-25.204145 53.005006 87.077282 
-23.898148 54.229323 86.346751 
-21.939501 54.653072 87.467915 
-21.326973 54.338466 88.520303 
FEnd
FBeg
 1354  OE1 GLN A 193  4055   CG PRO B 211 unk
-18.646 53.907 90.052 -20.636 50.748 89.660  7.19
-22.038693 54.107467 91.322692 
-18.959102 52.191450 91.129609 
-19.181009 52.456132 90.123139 
-20.340886 53.386889 88.510625 
-20.868619 53.738699 88.354558 
-21.467208 54.056084 88.835612 
FEnd
FBeg
 1562  OE2 GLU A 219  3782   CE LYS B 176 unk
-13.175 54.089 75.576 -17.192 50.676 75.124  1.81
-14.905722 52.282664 76.791053 
-15.708939 53.219707 76.853873 
-14.210841 51.800593 74.255588 
-14.589224 51.998480 76.124127 
FEnd
FBeg
 1562  OE2 GLU A 219  3798  NH2 ARG B 178 elf
-13.175 54.089 75.576 -13.119 50.082 77.310  0.93
-14.589224 51.998480 76.124127 
-12.877849 52.411795 77.023965 
-12.748161 52.479897 77.177150 
-14.905722 52.282664 76.791053 
FEnd
FBeg
 1562  OE2 GLU A 219  3797  NH1 ARG B 178 elf
-13.175 54.089 75.576 -11.658 50.865 75.725  1.32
-12.877849 52.411795 77.023965 
-13.933996 51.757212 73.613228 
-13.857726 51.780316 73.336617 
-12.409961 52.630646 76.995700 
-12.733409 52.487015 77.180969 
-12.748161 52.479897 77.177150 
FEnd
FBeg
 1530   OG SER A 215  3797  NH1 ARG B 178 hbd
-10.843 52.613 78.503 -11.658 50.865 75.725  3.24
-12.409961 52.630646 76.995700 
-12.733409 52.487015 77.180969 
-12.734795 52.476679 77.187880 
-12.453204 52.172047 77.296951 
-10.495509 50.662449 77.672493 
-10.329689 52.557863 76.431195 
-10.989215 52.706920 76.530893 
FEnd
FBeg
 1561  OE1 GLU A 219  3797  NH1 ARG B 178 elf
-11.207 53.520 74.739 -11.658 50.865 75.725  15.29
-10.329689 52.557863 76.431195 
-9.508864 52.284748 76.071228 
-7.753497 51.620152 75.084584 
-7.358036 51.111100 73.894745 
-7.626075 50.840842 73.044418 
-13.342818 51.757348 72.897433 
-10.989215 52.706920 76.530893 
FEnd
FBeg
 1561  OE1 GLU A 219  3794   CD ARG B 178 unk
-11.207 53.520 74.739 -11.994 48.519 74.165  12.66
-7.626075 50.840842 73.044418 
-13.342818 51.757348 72.897433 
-13.718132 51.999949 71.298340 
-13.714481 52.040171 70.942898 
-12.584118 51.908556 70.539788 
-11.784456 51.802659 70.366018 
-10.805117 51.657525 70.287753 
-9.914762 51.472229 70.681403 
-8.335632 51.123913 71.551008 
FEnd
FBeg
 1526   CA SER A 215  3797  NH1 ARG B 178 unk
-8.931 54.092 78.403 -11.658 50.865 75.725  0.82
-9.508864 52.284748 76.071228 
-7.507195 51.028014 75.547305 
-7.753497 51.620152 75.084584 
FEnd
FBeg
 1529   CB SER A 215  3797  NH1 ARG B 178 unk
-9.553 52.842 79.025 -11.658 50.865 75.725  8.78
-10.495509 50.662449 77.672493 
-8.613031 48.962103 77.490362 
-7.972043 49.473278 76.775249 
-7.273467 50.532708 75.694948 
-7.507195 51.028014 75.547305 
-9.508864 52.284748 76.071228 
-10.329689 52.557863 76.431195 
FEnd
FBeg
 1529   CB SER A 215  3796   CZ ARG B 178 ali
-9.553 52.842 79.025 -12.474 49.915 76.160  3.82
-10.495509 50.662449 77.672493 
-8.613031 48.962103 77.490362 
-9.615111 48.301922 79.186497 
-9.859131 48.440428 79.293783 
-10.745759 50.039245 78.564325 
FEnd
FBeg
 1529   CB SER A 215  3798  NH2 ARG B 178 unk
-9.553 52.842 79.025 -13.119 50.082 77.310  1.96
-9.859131 48.440428 79.293783 
-10.216880 48.710745 79.602621 
-11.078749 49.462996 80.184086 
-11.423069 49.812461 80.337626 
-10.745759 50.039245 78.564325 
FEnd
FBeg
 1530   OG SER A 215  3796   CZ ARG B 178 unk
-10.843 52.613 78.503 -12.474 49.915 76.160  1.34
-12.453204 52.172047 77.296951 
-10.495509 50.662449 77.672493 
-10.745759 50.039245 78.564325 
FEnd
FBeg
 1530   OG SER A 215  3798  NH2 ARG B 178 hbd
-10.843 52.613 78.503 -13.119 50.082 77.310  6.16
-12.734795 52.476679 77.187880 
-12.453204 52.172047 77.296951 
-10.745759 50.039245 78.564325 
-11.423069 49.812461 80.337626 
-12.535884 50.632178 80.721584 
FEnd
FBeg
 1560   CD GLU A 219  3797  NH1 ARG B 178 unk
-12.061 54.374 75.069 -11.658 50.865 75.725  4.55
-13.857726 51.780316 73.336617 
-12.409961 52.630646 76.995700 
-10.989215 52.706920 76.530893 
-13.342818 51.757348 72.897433 
-13.751632 51.733548 73.021276 
FEnd
FBeg
 1562  OE2 GLU A 219  3796   CZ ARG B 178 unk
-13.175 54.089 75.576 -12.474 49.915 76.160  2.65
-14.210841 51.800593 74.255588 
-14.156047 51.786795 74.091199 
-13.933996 51.757212 73.613228 
-12.877849 52.411795 77.023965 
-14.589224 51.998480 76.124127 
FEnd
FBeg
 1562  OE2 GLU A 219  3783   NZ LYS B 176 elf
-13.175 54.089 75.576 -17.135 52.005 74.431  17.35
-15.708939 53.219707 76.853873 
-16.352335 54.369772 76.985850 
-16.805042 55.860474 75.838335 
-15.798295 55.787093 72.490044 
-15.342544 55.194105 71.993113 
-13.954047 51.897599 73.190905 
-14.156047 51.786795 74.091199 
-14.210841 51.800593 74.255588 
FEnd
FBeg
 1450  NH1 ARG A 205  3893  CD2 LEU B 190 unk
-4.056 46.451 88.701 -4.438 41.464 87.605  6.00
-2.959072 44.447394 86.516469 
-3.612025 44.797377 85.151562 
-5.002306 44.780827 85.711437 
-5.518567 44.435359 87.463316 
-5.525330 44.397561 87.637658 
-3.332989 44.025445 88.566739 
-3.223230 44.065020 88.348406 
FEnd
FBeg
 1451  NH2 ARG A 205  3893  CD2 LEU B 190 unk
-1.800 46.095 88.952 -4.438 41.464 87.605  2.95
-3.223230 44.065020 88.348406 
-3.184883 43.957363 88.643434 
-2.348557 43.332288 89.154568 
-1.560506 43.197732 88.073831 
-1.536976 43.216018 87.964882 
-2.959072 44.447394 86.516469 
FEnd
FBeg
 1451  NH2 ARG A 205  3892  CD1 LEU B 190 unk
-1.800 46.095 88.952 -5.261 42.188 89.837  0.96
-3.184883 43.957363 88.643434 
-2.348557 43.332288 89.154568 
-2.538352 43.859812 90.741187 
FEnd
FBeg
 1449   CZ ARG A 205  3892  CD1 LEU B 190 ali
-2.913 46.718 89.324 -5.261 42.188 89.837  6.76
-2.538352 43.859812 90.741187 
-3.184883 43.957363 88.643434 
-3.332989 44.025445 88.566739 
-5.050529 45.214808 91.208133 
-4.189387 44.885492 92.241580 
-2.784913 44.209023 92.696355 
FEnd
FBeg
 1449   CZ ARG A 205  3893  CD2 LEU B 190 ali
-2.913 46.718 89.324 -4.438 41.464 87.605  0.02
-3.332989 44.025445 88.566739 
-3.184883 43.957363 88.643434 
-3.223230 44.065020 88.348406 
FEnd
FBeg
 1450  NH1 ARG A 205  3892  CD1 LEU B 190 unk
-4.056 46.451 88.701 -5.261 42.188 89.837  6.64
-5.525330 44.397561 87.637658 
-3.332989 44.025445 88.566739 
-5.050529 45.214808 91.208133 
-5.730497 45.370321 91.070446 
-6.430261 45.277223 89.978816 
FEnd
FBeg
 1450  NH1 ARG A 205  4136  NH2 ARG B 220 elu
-4.056 46.451 88.701 -8.212 44.012 88.011  5.38
-5.518567 44.435359 87.463316 
-5.525330 44.397561 87.637658 
-6.430261 45.277223 89.978816 
-7.096131 46.431796 89.908309 
-6.564373 46.291798 87.200293 
-6.361374 46.028717 86.907527 
-6.241507 45.862469 86.773197 
FEnd
FBeg
 1478  OD1 ASP A 209  4136  NH2 ARG B 220 elf
-6.822 48.245 85.171 -8.212 44.012 88.011  0.41
-6.564373 46.291798 87.200293 
-6.361374 46.028717 86.907527 
-6.384874 45.930767 86.750032 
-7.423507 46.229046 86.686269 
-7.608556 46.319704 86.730825 
FEnd
FBeg
 1478  OD1 ASP A 209  4135  NH1 ARG B 220 elf
-6.822 48.245 85.171 -8.732 44.051 85.772  4.94
-7.423507 46.229046 86.686269 
-7.608556 46.319704 86.730825 
-9.134324 46.904280 85.961269 
-8.278269 46.231064 83.983892 
-6.826296 45.672976 84.703769 
-6.525070 45.725717 86.029126 
FEnd
FBeg
 1477   CG ASP A 209  4135  NH1 ARG B 220 unk
-5.614 48.407 84.890 -8.732 44.051 85.772  0.80
-6.826296 45.672976 84.703769 
-6.525070 45.725717 86.029126 
-5.730032 45.004552 85.278030 
FEnd
FBeg
 1477   CG ASP A 209  4134   CZ ARG B 220 aro
-5.614 48.407 84.890 -8.318 43.393 86.842  1.47
-6.525070 45.725717 86.029126 
-5.730032 45.004552 85.278030 
-5.001543 44.658801 85.399052 
-5.002306 44.780827 85.711437 
-6.241507 45.862469 86.773197 
-6.384874 45.930767 86.750032 
FEnd
FBeg
 1478  OD1 ASP A 209  4125  OE2 GLU B 219 elu
-6.822 48.245 85.171 -10.900 47.057 83.810  6.33
-9.134324 46.904280 85.961269 
-9.408381 48.215785 85.637637 
-8.687520 48.240677 83.455976 
-8.175863 47.877729 82.239698 
-8.092624 47.723336 82.125053 
-7.972545 47.311159 82.125042 
-7.907778 46.966090 82.232185 
-8.278269 46.231064 83.983892 
FEnd
FBeg
 1498   CB LYS A 212  4125  OE2 GLU B 219 unk
-7.942 51.170 83.827 -10.900 47.057 83.810  0.61
-8.687520 48.240677 83.455976 
-8.175863 47.877729 82.239698 
-8.456644 48.080653 82.000010 
-8.815550 48.338767 82.001306 
FEnd
FBeg
 1500   CD LYS A 212  4125  OE2 GLU B 219 unk
-10.414 50.687 84.012 -10.900 47.057 83.810  6.36
-9.408381 48.215785 85.637637 
-8.687520 48.240677 83.455976 
-8.815550 48.338767 82.001306 
-8.958079 48.370378 81.776163 
-11.452952 48.530545 84.900431 
-10.832112 48.387251 85.981756 
-10.415406 48.312134 86.329069 
FEnd
FBeg
 1500   CD LYS A 212  4093   OG SER B 215 unk
-10.414 50.687 84.012 -13.141 47.502 86.595  0.07
-10.832112 48.387251 85.981756 
-10.415406 48.312134 86.329069 
-10.492520 48.499123 86.478225 
FEnd
FBeg
 1501   CE LYS A 212  4093   OG SER B 215 unk
-11.668 51.072 84.783 -13.141 47.502 86.595  2.82
-10.492520 48.499123 86.478225 
-10.832112 48.387251 85.981756 
-11.737848 48.390758 85.252379 
-11.747444 48.392876 85.248753 
-13.051791 49.721576 86.806234 
-11.349220 49.090553 86.947037 
-10.515127 48.538188 86.536813 
FEnd
FBeg
 1502   NZ LYS A 212  4093   OG SER B 215 hbd
-12.851 50.226 84.514 -13.141 47.502 86.595  2.42
-11.747444 48.392876 85.248753 
-13.028156 48.202097 84.820551 
-13.369492 48.205811 84.777845 
-13.345862 49.773988 86.833859 
-13.051791 49.721576 86.806234 
FEnd
FBeg
 1502   NZ LYS A 212  4092   CB SER B 215 unk
-12.851 50.226 84.514 -14.484 47.163 86.869  7.94
-13.369492 48.205811 84.777845 
-13.345862 49.773988 86.833859 
-14.028807 50.217292 86.936870 
-14.386957 50.302476 86.799317 
-16.775290 50.401926 85.272551 
-16.998267 50.183320 84.833607 
-16.896153 50.028278 84.702763 
-14.004811 48.343179 84.515969 
FEnd
FBeg
 1502   NZ LYS A 212  4089   CA SER B 215 unk
-12.851 50.226 84.514 -15.084 46.253 85.791  1.20
-16.896153 50.028278 84.702763 
-16.821189 49.924789 84.511869 
-14.856431 48.652667 83.989682 
-14.004811 48.343179 84.515969 
FEnd
FBeg
 1386  OD1 ASP A 197  4092   CB SER B 215 unk
-14.119 52.935 86.674 -14.484 47.163 86.869  2.13
-14.386957 50.302476 86.799317 
-16.775290 50.401926 85.272551 
-15.855957 50.419373 87.509783 
-15.797795 50.417406 87.560437 
-15.361398 50.386583 87.464908 
FEnd
FBeg
 1387  OD2 ASP A 197  4092   CB SER B 215 unk
-13.696 52.434 88.768 -14.484 47.163 86.869  0.56
-15.797795 50.417406 87.560437 
-15.738830 50.303589 87.851889 
-15.650365 50.193292 88.121327 
-15.333685 50.074314 88.320164 
-14.756416 50.262377 87.558621 
-15.361398 50.386583 87.464908 
FEnd
FBeg
 1385   CG ASP A 197  4092   CB SER B 215 ali
-13.410 53.022 87.701 -14.484 47.163 86.869  0.42
-14.028807 50.217292 86.936870 
-14.386957 50.302476 86.799317 
-15.361398 50.386583 87.464908 
-14.756416 50.262377 87.558621 
FEnd
FBeg
 1502   NZ LYS A 212  4124  OE1 GLU B 219 elf
-12.851 50.226 84.514 -12.679 48.038 82.949  9.15
-13.028156 48.202097 84.820551 
-13.369492 48.205811 84.777845 
-14.004811 48.343179 84.515969 
-14.856431 48.652667 83.989682 
-14.214684 50.673741 81.234582 
-12.825567 50.864895 81.120003 
-11.931164 49.032899 83.779585 
FEnd
FBeg
 1500   CD LYS A 212  4124  OE1 GLU B 219 unk
-10.414 50.687 84.012 -12.679 48.038 82.949  4.12
-12.825567 50.864895 81.120003 
-11.931164 49.032899 83.779585 
-10.971408 49.568794 80.399122 
-11.518294 49.999590 80.490860 
-12.497992 50.707361 80.814596 
FEnd
FBeg
 1502   NZ LYS A 212  4123   CD GLU B 219 unk
-12.851 50.226 84.514 -11.884 47.081 83.023  1.07
-11.747444 48.392876 85.248753 
-13.028156 48.202097 84.820551 
-11.931164 49.032899 83.779585 
-11.857910 48.931135 84.041748 
FEnd
FBeg
 1501   CE LYS A 212  4123   CD GLU B 219 ali
-11.668 51.072 84.783 -11.884 47.081 83.023  0.22
-11.737848 48.390758 85.252379 
-11.747444 48.392876 85.248753 
-11.857910 48.931135 84.041748 
-11.452952 48.530545 84.900431 
FEnd
FBeg
 1501   CE LYS A 212  4125  OE2 GLU B 219 unk
-11.668 51.072 84.783 -10.900 47.057 83.810  0.28
-11.452952 48.530545 84.900431 
-11.737848 48.390758 85.252379 
-10.832112 48.387251 85.981756 
FEnd
FBeg
 1500   CD LYS A 212  4123   CD GLU B 219 ali
-10.414 50.687 84.012 -11.884 47.081 83.023  7.66
-8.958079 48.370378 81.776163 
-11.452952 48.530545 84.900431 
-11.857910 48.931135 84.041748 
-11.931164 49.032899 83.779585 
-10.971408 49.568794 80.399122 
-10.035716 49.188160 80.396188 
FEnd
FBeg
 1478  OD1 ASP A 209  4134   CZ ARG B 220 unk
-6.822 48.245 85.171 -8.318 43.393 86.842  0.41
-6.384874 45.930767 86.750032 
-7.423507 46.229046 86.686269 
-6.525070 45.725717 86.029126 
FEnd
FBeg
 1450  NH1 ARG A 205  4134   CZ ARG B 220 unk
-4.056 46.451 88.701 -8.318 43.393 86.842  1.48
-5.002306 44.780827 85.711437 
-5.518567 44.435359 87.463316 
-6.241507 45.862469 86.773197 
FEnd
FBeg
 1412   CB ASP A 200  4065   NZ LYS B 212 unk
-9.563 51.598 91.969 -12.197 48.363 91.896  8.85
-9.857450 48.837435 90.055332 
-10.041875 48.987539 90.057983 
-12.002558 50.562838 90.994198 
-11.153131 49.844404 92.182473 
-9.125850 48.157144 93.804785 
-8.717468 47.846005 92.857610 
-8.936362 48.067323 90.948042 
FEnd
FBeg
 1413   CG ASP A 200  4065   NZ LYS B 212 unk
-10.452 51.700 93.186 -12.197 48.363 91.896  2.68
-11.153131 49.844404 92.182473 
-10.690396 48.686357 94.552187 
-10.003636 48.373009 94.433773 
-9.406173 48.178163 94.129608 
-9.125850 48.157144 93.804785 
FEnd
FBeg
 1415  OD2 ASP A 200  4065   NZ LYS B 212 elf
-11.575 51.151 93.137 -12.197 48.363 91.896  4.13
-12.002558 50.562838 90.994198 
-12.158483 50.585240 91.022021 
-12.985508 50.371333 91.917091 
-11.013277 48.707641 94.666200 
-10.690396 48.686357 94.552187 
-11.153131 49.844404 92.182473 
FEnd
FBeg
 1415  OD2 ASP A 200  4064   CE LYS B 212 unk
-11.575 51.151 93.137 -13.460 47.844 92.488  7.19
-12.985508 50.371333 91.917091 
-11.013277 48.707641 94.666200 
-13.452558 49.902506 95.662548 
-13.954518 50.472980 94.213607 
-14.093072 50.706622 93.425499 
FEnd
FBeg
 1377   CZ ARG A 196  4064   CE LYS B 212 ali
-16.060 52.701 94.385 -13.460 47.844 92.488  0.46
-13.954518 50.472980 94.213607 
-14.093072 50.706622 93.425499 
-14.456620 50.605180 93.186954 
-14.878632 50.313741 93.354740 
FEnd
FBeg
 1379  NH2 ARG A 196  4064   CE LYS B 212 unk
-16.417 51.569 94.979 -13.460 47.844 92.488  4.16
-13.452558 49.902506 95.662548 
-13.954518 50.472980 94.213607 
-14.878632 50.313741 93.354740 
-15.406876 49.865751 93.397592 
-14.004223 48.664286 96.859295 
FEnd
FBeg
 1379  NH2 ARG A 196  4041  OD1 ASP B 209 elf
-16.417 51.569 94.979 -17.385 48.981 94.473  16.23
-15.406876 49.865751 93.397592 
-14.004223 48.664286 96.859295 
-14.343147 48.583572 97.920492 
-15.731092 48.894352 98.986172 
-15.934352 48.962500 99.026464 
-17.385189 49.757769 97.734477 
-17.894728 50.202046 96.436937 
-16.796849 50.453378 93.051178 
FEnd
FBeg
 1379  NH2 ARG A 196  4040   CG ASP B 209 unk
-16.417 51.569 94.979 -18.567 48.877 94.082  3.68
-17.894728 50.202046 96.436937 
-18.571828 51.323687 94.693688 
-17.787113 51.146643 93.344151 
-17.572202 51.032998 93.170098 
-17.141666 50.772412 92.920205 
-16.796849 50.453378 93.051178 
FEnd
FBeg
 1378  NH1 ARG A 196  4040   CG ASP B 209 unk
-16.578 53.009 93.200 -18.567 48.877 94.082  0.03
-17.572202 51.032998 93.170098 
-17.141666 50.772412 92.920205 
-17.228234 50.800724 92.857623 
FEnd
FBeg
 1378  NH1 ARG A 196  4042  OD2 ASP B 209 elf
-16.578 53.009 93.200 -19.007 49.529 93.113  0.32
-17.228234 50.800724 92.857623 
-17.572202 51.032998 93.170098 
-17.748267 51.153061 93.283216 
-17.719731 51.158477 92.269861 
FEnd
FBeg
 1379  NH2 ARG A 196  4042  OD2 ASP B 209 elf
-16.417 51.569 94.979 -19.007 49.529 93.113  0.01
-17.787113 51.146643 93.344151 
-17.748267 51.153061 93.283216 
-17.572202 51.032998 93.170098 
FEnd
FBeg
 1440   NZ LYS A 204  4064   CE LYS B 212 unk
-10.290 50.664 96.867 -13.460 47.844 92.488  7.41
-11.013277 48.707641 94.666200 
-13.452558 49.902506 95.662548 
-14.004223 48.664286 96.859295 
-13.989119 48.091158 97.217446 
-12.983068 47.334448 96.976464 
-10.825848 47.761779 95.139638 
-10.583560 47.900200 94.875102 
FEnd
FBeg
 1459   CE LYS A 206  3885  OE2 GLU B 189 unk
3.562 43.913 94.125 1.879 40.770 94.095  6.58
2.468513 42.024120 93.949013 
1.471622 42.574312 92.232810 
4.181746 41.144014 90.042346 
5.080297 40.655882 90.773640 
FEnd
FBeg
 1460   NZ LYS A 206  3885  OE2 GLU B 189 elf
3.684 42.584 94.798 1.879 40.770 94.095  60.42
5.080297 40.655882 90.773640 
2.468513 42.024120 93.949013 
7.252933 32.883602 105.250607 
8.375261 31.702323 105.417090 
8.769612 32.033685 103.549532 
8.819435 32.974984 100.992706 
FEnd
FBeg
 1460   NZ LYS A 206  3883   CD GLU B 189 unk
3.684 42.584 94.798 0.878 41.093 94.780  14.86
2.468513 42.024120 93.949013 
7.252933 32.883602 105.250607 
7.014575 33.328550 105.551419 
2.175398 42.558940 95.341483 
2.190245 42.535019 95.008350 
FEnd
FBeg
 1458   CD LYS A 206  3883   CD GLU B 189 ali
2.307 44.626 94.590 0.878 41.093 94.780  5.92
2.175398 42.558940 95.341483 
2.190245 42.535019 95.008350 
1.312081 42.745403 92.315662 
-1.133155 43.785079 93.257425 
-1.110714 43.816010 94.001350 
FEnd
FBeg
 1458   CD LYS A 206  3884  OE1 GLU B 189 unk
2.307 44.626 94.590 0.894 42.025 95.615  41.74
-1.110714 43.816010 94.001350 
2.175398 42.558940 95.341483 
5.802159 46.543898 110.453181 
2.934125 46.809478 107.173415 
FEnd
FBeg
 1456   CB LYS A 206  3884  OE1 GLU B 189 unk
0.925 46.687 94.546 0.894 42.025 95.615  18.55
2.934125 46.809478 107.173415 
-1.110714 43.816010 94.001350 
-1.261737 43.817338 94.002761 
-2.219762 44.025534 94.882941 
-0.016642 46.009567 103.599366 
FEnd
FBeg
 1460   NZ LYS A 206  3884  OE1 GLU B 189 elf
3.684 42.584 94.798 0.894 42.025 95.615  130.90
7.014575 33.328550 105.551419 
8.324067 35.132127 111.257272 
5.802159 46.543898 110.453181 
2.175398 42.558940 95.341483 
FEnd
FBeg
 1459   CE LYS A 206  3883   CD GLU B 189 ali
3.562 43.913 94.125 0.878 41.093 94.780  1.43
2.468513 42.024120 93.949013 
2.190245 42.535019 95.008350 
1.312081 42.745403 92.315662 
1.471622 42.574312 92.232810 
FEnd
FBeg
 1445   CB ARG A 205  3915   CG GLN B 193 ali
-3.687 48.836 93.243 -6.373 43.240 94.836  12.99
-2.650031 44.691849 93.323579 
-2.763950 45.011286 94.253635 
-3.058879 45.453744 95.310645 
-3.256400 45.583394 95.433042 
-6.274618 47.064717 95.547639 
-7.137742 47.348497 95.089183 
-7.276430 47.360863 94.898780 
-7.165170 46.932574 93.581855 
-6.252511 46.275129 92.811195 
-3.562705 44.946662 92.679818 
-2.790928 44.669642 93.007998 
FEnd

+-+CCS_record::Boundary loops before union-find
Start boundary loop loop_id 0  init_edge IE_A_B
xyz -22.0387 54.1075 91.3227
xyz -18.9591 52.1915 91.1296
xyz -18.343 52.0646 91.2264
xyz -18.31 52.0495 91.2358
xyz -17.9334 51.6509 91.4568
xyz -16.1995 50.3141 88.5151
xyz -15.7728 50.2214 88.1593
xyz -16.1774 50.3784 87.8304
xyz -16.3165 50.6066 87.1057
xyz -16.7497 51.0816 86.7204
xyz -17.4991 50.7715 84.9127
xyz -17.5332 50.7691 84.8656
xyz -17.5983 50.7889 84.8496
xyz -17.5428 50.8565 84.6861
xyz -17.5094 51.9404 83.5083
xyz -17.8563 52.525 83.4872
xyz -20.5885 55.051 85.4715
xyz -20.8938 54.9987 86.0394
xyz -21.1298 54.9291 87.0549
xyz -21.163 55.3173 86.03
xyz -21.2895 55.3492 85.8989
xyz -21.9167 55.28 85.8418
xyz -22.9507 54.8341 85.8355
xyz -22.2261 55.7342 84.9316
xyz -23.1291 56.1615 84.2423
xyz -23.416 56.1711 84.1713
xyz -25.8506 54.0916 86.1009
xyz -26.6652 53.711 86.2537
xyz -26.66 53.5323 86.396
xyz -29.2877 53.079 89.5148
xyz -27.4477 52.4791 90.17
xyz -24.6022 51.8128 90.3742
xyz -24.6268 51.8175 90.4929
xyz -23.7269 52.9539 92.4122
End loop
Boundary info init_edge IE_A_B [total exposed]: 46.494469 46.494469
Start boundary loop loop_id 1  init_edge IE_A_B
xyz -21.216 54.4192 88.3519
xyz -20.8686 53.7387 88.3546
xyz -21.4672 54.0561 88.8356
xyz -21.327 54.3385 88.5203
End loop
Boundary info init_edge IE_A_B [total exposed]: 2.258120 2.258120
Start boundary loop loop_id 2  init_edge IE_A_B
xyz -15.7089 53.2197 76.8539
xyz -16.3523 54.3698 76.9859
xyz -16.805 55.8605 75.8383
xyz -15.7983 55.7871 72.49
xyz -15.3425 55.1941 71.9931
xyz -13.954 51.8976 73.1909
xyz -14.156 51.7868 74.0912
xyz -13.934 51.7572 73.6132
xyz -13.8577 51.7803 73.3366
xyz -13.7516 51.7335 73.0213
xyz -13.3428 51.7573 72.8974
xyz -13.7181 51.9999 71.2983
xyz -13.7145 52.0402 70.9429
xyz -12.5841 51.9086 70.5398
xyz -11.7845 51.8027 70.366
xyz -10.8051 51.6575 70.2878
xyz -9.91476 51.4722 70.6814
xyz -8.33563 51.1239 71.551
xyz -7.62608 50.8408 73.0444
xyz -7.35804 51.1111 73.8947
xyz -7.7535 51.6202 75.0846
xyz -7.5072 51.028 75.5473
xyz -7.27347 50.5327 75.6949
xyz -7.97204 49.4733 76.7752
xyz -8.61303 48.9621 77.4904
xyz -9.61511 48.3019 79.1865
xyz -9.85913 48.4404 79.2938
xyz -10.2169 48.7107 79.6026
xyz -11.0787 49.463 80.1841
xyz -11.4231 49.8125 80.3376
xyz -12.5359 50.6322 80.7216
xyz -12.7348 52.4767 77.1879
xyz -12.7334 52.487 77.181
xyz -12.7482 52.4799 77.1771
xyz -14.9057 52.2827 76.7911
End loop
Boundary info init_edge IE_A_B [total exposed]: 43.492283 43.492283
Start boundary loop loop_id 3  init_edge IE_A_B
xyz -3.61203 44.7974 85.1516
xyz -5.00231 44.7808 85.7114
xyz -5.00154 44.6588 85.3991
xyz -5.73003 45.0046 85.278
xyz -6.8263 45.673 84.7038
xyz -8.27827 46.2311 83.9839
xyz -7.90778 46.9661 82.2322
xyz -7.97254 47.3112 82.125
xyz -8.09262 47.7233 82.1251
xyz -8.17586 47.8777 82.2397
xyz -8.45664 48.0807 82
xyz -8.81555 48.3388 82.0013
xyz -8.95808 48.3704 81.7762
xyz -10.0357 49.1882 80.3962
xyz -10.9714 49.5688 80.3991
xyz -11.5183 49.9996 80.4909
xyz -12.498 50.7074 80.8146
xyz -12.8256 50.8649 81.12
xyz -14.2147 50.6737 81.2346
xyz -14.8564 48.6527 83.9897
xyz -16.8212 49.9248 84.5119
xyz -16.8962 50.0283 84.7028
xyz -16.9983 50.1833 84.8336
xyz -16.7753 50.4019 85.2726
xyz -15.856 50.4194 87.5098
xyz -15.7978 50.4174 87.5604
xyz -15.7388 50.3036 87.8519
xyz -15.6504 50.1933 88.1213
xyz -15.3337 50.0743 88.3202
xyz -14.7564 50.2624 87.5586
xyz -14.0288 50.2173 86.9369
xyz -13.3459 49.774 86.8339
xyz -13.0518 49.7216 86.8062
xyz -11.3492 49.0906 86.947
xyz -10.5151 48.5382 86.5368
xyz -10.4925 48.4991 86.4782
xyz -10.4154 48.3121 86.3291
xyz -9.40838 48.2158 85.6376
xyz -9.13432 46.9043 85.9613
xyz -7.60856 46.3197 86.7308
xyz -6.56437 46.2918 87.2003
xyz -7.09613 46.4318 89.9083
xyz -6.43026 45.2772 89.9788
xyz -5.7305 45.3703 91.0704
xyz -5.05053 45.2148 91.2081
xyz -4.18939 44.8855 92.2416
xyz -2.78491 44.209 92.6964
xyz -2.53835 43.8598 90.7412
xyz -2.34856 43.3323 89.1546
xyz -1.56051 43.1977 88.0738
xyz -1.53698 43.216 87.9649
xyz -2.95907 44.4474 86.5165
End loop
Boundary info init_edge IE_A_B [total exposed]: 57.024102 57.024102
Start boundary loop loop_id 4  init_edge IE_A_B
xyz -6.24151 45.8625 86.7732
xyz -6.38487 45.9308 86.75
xyz -6.36137 46.0287 86.9075
End loop
Boundary info init_edge IE_A_B [total exposed]: 0.592489 0.592489
Start boundary loop loop_id 5  init_edge IE_A_B
xyz -10.0419 48.9875 90.058
xyz -12.0026 50.5628 90.9942
xyz -12.1585 50.5852 91.022
xyz -12.9855 50.3713 91.9171
xyz -14.0931 50.7066 93.4255
xyz -14.4566 50.6052 93.187
xyz -14.8786 50.3137 93.3547
xyz -15.4069 49.8658 93.3976
xyz -16.7968 50.4534 93.0512
xyz -17.1417 50.7724 92.9202
xyz -17.2282 50.8007 92.8576
xyz -17.7197 51.1585 92.2699
xyz -17.7483 51.1531 93.2832
xyz -17.7871 51.1466 93.3442
xyz -18.5718 51.3237 94.6937
xyz -17.8947 50.202 96.4369
xyz -17.3852 49.7578 97.7345
xyz -15.9344 48.9625 99.0265
xyz -15.7311 48.8944 98.9862
xyz -14.3431 48.5836 97.9205
xyz -14.0042 48.6643 96.8593
xyz -13.9891 48.0912 97.2174
xyz -12.9831 47.3344 96.9765
xyz -10.8258 47.7618 95.1396
xyz -10.5836 47.9002 94.8751
xyz -11.0133 48.7076 94.6662
xyz -10.6904 48.6864 94.5522
xyz -10.0036 48.373 94.4338
xyz -9.40617 48.1782 94.1296
xyz -9.12585 48.1571 93.8048
xyz -8.71747 47.846 92.8576
xyz -8.93636 48.0673 90.948
xyz -9.85745 48.8374 90.0553
End loop
Boundary info init_edge IE_A_B [total exposed]: 35.293820 35.293820
Start boundary loop loop_id 6  init_edge IE_A_B
xyz 5.0803 40.6559 90.7736
xyz 8.81944 32.975 100.993
xyz 8.76961 32.0337 103.55
xyz 8.37526 31.7023 105.417
xyz 7.25293 32.8836 105.251
xyz 7.01458 33.3285 105.551
xyz 8.32407 35.1321 111.257
xyz 5.80216 46.5439 110.453
xyz 2.93412 46.8095 107.173
xyz -0.0166419 46.0096 103.599
xyz -2.21976 44.0255 94.8829
xyz -1.26174 43.8173 94.0028
xyz -1.11071 43.816 94.0013
xyz -1.13316 43.7851 93.2574
xyz 1.31208 42.7454 92.3157
xyz 1.47162 42.5743 92.2328
xyz 4.18175 41.144 90.0423
End loop
Boundary info init_edge IE_A_B [total exposed]: 66.627450 66.627450
Start boundary loop loop_id 7  init_edge IE_A_B
xyz -2.76395 45.0113 94.2536
xyz -3.05888 45.4537 95.3106
xyz -3.2564 45.5834 95.433
xyz -6.27462 47.0647 95.5476
xyz -7.13774 47.3485 95.0892
xyz -7.27643 47.3609 94.8988
xyz -7.16517 46.9326 93.5819
xyz -6.25251 46.2751 92.8112
xyz -3.56271 44.9467 92.6798
xyz -2.79093 44.6696 93.008
xyz -2.65003 44.6918 93.3236
End loop
Boundary info init_edge IE_A_B [total exposed]: 14.042104 14.042104
Voronoi Facets of interface MI_AWi_BWi
FBeg
 1374   CG ARG A 196  5183    O HOH A 389 unk
-13.762 54.641 93.259 -13.841 52.083 91.266  6.11
-12.174795 53.005797 91.939473 
-12.516519 52.608195 92.463337 
-13.681923 51.841902 93.493065 
-14.897459 52.683077 92.461605 
-15.325365 53.456708 91.485618 
-14.973037 53.771745 91.067304 
-13.494538 53.805679 90.965144 
FEnd
FBeg
 1371    C ARG A 196  5183    O HOH A 389 unk
-11.740 55.301 91.062 -13.841 52.083 91.266  0.94
-13.494538 53.805679 90.965144 
-12.174795 53.005797 91.939473 
-11.891823 52.786613 91.396276 
-11.882221 52.776184 91.330649 
-12.838098 53.368567 90.830610 
-13.505126 53.811300 90.944786 
FEnd
FBeg
 1380    N ASP A 197  5183    O HOH A 389 hbw
-12.129 55.036 89.817 -13.841 52.083 91.266  0.76
-12.838098 53.368567 90.830610 
-13.494462 53.439068 90.198791 
-14.400083 53.975277 90.221567 
-14.412857 53.999498 90.255836 
-13.505126 53.811300 90.944786 
FEnd
FBeg
 1387  OD2 ASP A 197  5183    O HOH A 389 hbw
-13.696 52.434 88.768 -13.841 52.083 91.266  5.23
-13.494462 53.439068 90.198791 
-12.141505 51.559177 90.013178 
-14.257730 50.640392 89.761238 
-14.952031 51.567941 89.851268 
-14.400083 53.975277 90.221567 
FEnd
FBeg
 1387  OD2 ASP A 197  5195    O HOH A 401 hbw
-13.696 52.434 88.768 -15.881 50.569 91.132  1.55
-14.257730 50.640392 89.761238 
-14.952031 51.567941 89.851268 
-15.682490 50.220393 88.113016 
-15.650365 50.193292 88.121327 
-15.333685 50.074314 88.320164 
FEnd
FBeg
 4092   CB SER B 215  5195    O HOH A 401 unk
-14.484 47.163 86.869 -15.881 50.569 91.132  0.39
-15.650365 50.193292 88.121327 
-15.333685 50.074314 88.320164 
-15.050535 49.183800 89.124445 
-15.430715 49.291370 88.913914 
-15.604734 49.887237 88.380808 
FEnd
FBeg
 4052    C PRO B 211  5195    O HOH A 401 unk
-18.145 48.063 89.070 -15.881 50.569 91.132  2.09
-15.430715 49.291370 88.913914 
-16.400383 49.324371 89.938467 
-17.127445 49.726736 90.247750 
-16.199540 50.314114 88.515090 
-15.772825 50.221377 88.159278 
-15.604734 49.887237 88.380808 
FEnd
FBeg
 4054   CB PRO B 211  5195    O HOH A 401 unk
-19.254 50.340 89.248 -15.881 50.569 91.132  3.85
-17.127445 49.726736 90.247750 
-17.803618 49.838856 91.444703 
-18.046693 51.105226 91.725961 
-17.933415 51.650904 91.456829 
-16.199540 50.314114 88.515090 
FEnd
FBeg
 4054   CB PRO B 211  5257    O HOH B 362 unk
-19.254 50.340 89.248 -19.460 52.290 93.115  1.23
-18.046693 51.105226 91.725961 
-17.933415 51.650904 91.456829 
-18.310020 52.049494 91.235771 
-18.342963 52.064614 91.226391 
-18.959102 52.191450 91.129609 
-19.145577 50.924908 91.758351 
FEnd
FBeg
 4042  OD2 ASP B 209  5257    O HOH B 362 hbw
-19.007 49.529 93.113 -19.460 52.290 93.115  5.58
-19.145577 50.924908 91.758351 
-18.046693 51.105226 91.725961 
-17.719731 51.158477 92.269861 
-17.748267 51.153061 93.283216 
-17.787113 51.146643 93.344151 
-20.637483 50.678271 94.323289 
-21.154815 50.594133 93.300745 
-19.271464 50.904216 91.810435 
FEnd
FBeg
 4056   CD PRO B 211  5257    O HOH B 362 unk
-21.051 49.587 90.542 -19.460 52.290 93.115  7.07
-21.154815 50.594133 93.300745 
-22.661982 51.156900 93.641492 
-24.495517 52.737219 93.115084 
-23.726887 52.953926 92.412150 
-19.271464 50.904216 91.810435 
FEnd
FBeg
 4036   CA ASP B 209  5257    O HOH B 362 unk
-20.886 47.811 94.205 -19.460 52.290 93.115  1.58
-20.637483 50.678271 94.323289 
-20.639090 50.684457 94.346606 
-22.494192 51.257895 94.276010 
-22.661982 51.156900 93.641492 
-21.154815 50.594133 93.300745 
FEnd
FBeg
 4036   CA ASP B 209  5323    O HOH B 428 unk
-20.886 47.811 94.205 -19.790 51.617 96.320  3.32
-20.639090 50.684457 94.346606 
-22.494192 51.257895 94.276010 
-22.169474 50.195544 96.019469 
-21.014683 49.839455 96.061843 
-20.485810 50.400753 94.777710 
FEnd
FBeg
 4040   CG ASP B 209  5323    O HOH B 428 unk
-18.567 48.877 94.082 -19.790 51.617 96.320  3.93
-20.485810 50.400753 94.777710 
-20.639090 50.684457 94.346606 
-18.571828 51.323687 94.693688 
-17.894728 50.202046 96.436937 
-18.021210 49.730936 96.944602 
FEnd
FBeg
 4041  OD1 ASP B 209  5323    O HOH B 428 hbw
-17.385 48.981 94.473 -19.790 51.617 96.320  0.41
-17.894728 50.202046 96.436937 
-17.385189 49.757769 97.734477 
-17.907709 49.612757 97.261056 
-18.021210 49.730936 96.944602 
FEnd
FBeg
 1379  NH2 ARG A 196  5323    O HOH B 428 hbw
-16.417 51.569 94.979 -19.790 51.617 96.320  16.77
-18.571828 51.323687 94.693688 
-18.476510 52.259235 94.899953 
-17.265240 53.453510 97.903898 
-15.918706 52.609722 101.321019 
-15.778925 51.894060 101.698225 
-17.385189 49.757769 97.734477 
-17.894728 50.202046 96.436937 
FEnd
FBeg
 1377   CZ ARG A 196  5323    O HOH B 428 unk
-16.060 52.701 94.385 -19.790 51.617 96.320  6.82
-18.476510 52.259235 94.899953 
-19.078447 55.395371 95.496515 
-18.870894 55.661716 96.045813 
-18.716771 55.622906 96.321166 
-18.390914 55.411115 96.830657 
-17.265240 53.453510 97.903898 
FEnd
FBeg
 1377   CZ ARG A 196  5257    O HOH B 362 unk
-16.060 52.701 94.385 -19.460 52.290 93.115  3.62
-18.476510 52.259235 94.899953 
-19.078447 55.395371 95.496515 
-18.829325 55.299852 94.860485 
-17.764481 51.212221 93.332570 
FEnd
FBeg
 4039   CB ASP B 209  5323    O HOH B 428 unk
-19.484 47.913 94.827 -19.790 51.617 96.320  2.79
-21.014683 49.839455 96.061843 
-20.485810 50.400753 94.777710 
-18.021210 49.730936 96.944602 
-17.907709 49.612757 97.261056 
FEnd
FBeg
 4013  NH1 ARG B 205  5323    O HOH B 428 hbw
-20.691 48.912 98.143 -19.790 51.617 96.320  41.32
-22.169474 50.195544 96.019469 
-21.014683 49.839455 96.061843 
-17.907709 49.612757 97.261056 
-17.385189 49.757769 97.734477 
-15.778925 51.894060 101.698225 
-15.818336 52.072087 101.942906 
-18.413884 55.641956 105.957118 
-20.784954 52.849579 100.641860 
-22.343911 50.334288 96.139126 
FEnd
FBeg
 4014  NH2 ARG B 205  5323    O HOH B 428 hbw
-22.887 49.122 98.786 -19.790 51.617 96.320  65.44
-20.784954 52.849579 100.641860 
-18.982617 56.536827 106.635989 
-19.423903 57.366634 106.921352 
-26.680064 59.182767 99.645976 
-23.828866 52.003824 95.963371 
-22.343911 50.334288 96.139126 
FEnd
FBeg
 4031    O THR B 208  5323    O HOH B 428 hbw
-23.589 48.086 94.876 -19.790 51.617 96.320  4.35
-22.494192 51.257895 94.276010 
-22.169474 50.195544 96.019469 
-22.343911 50.334288 96.139126 
-23.828866 52.003824 95.963371 
-24.200121 53.014305 94.469179 
FEnd
FBeg
 4040   CG ASP B 209  5257    O HOH B 362 unk
-18.567 48.877 94.082 -19.460 52.290 93.115  1.68
-17.787113 51.146643 93.344151 
-18.571828 51.323687 94.693688 
-20.639090 50.684457 94.346606 
-20.637483 50.678271 94.323289 
FEnd
FBeg
 1379  NH2 ARG A 196  5257    O HOH B 362 hbw
-16.417 51.569 94.979 -19.460 52.290 93.115  0.80
-17.748267 51.153061 93.283216 
-17.764481 51.212221 93.332570 
-18.476510 52.259235 94.899953 
-18.571828 51.323687 94.693688 
-17.787113 51.146643 93.344151 
FEnd
FBeg
 1378  NH1 ARG A 196  5257    O HOH B 362 hbw
-16.578 53.009 93.200 -19.460 52.290 93.115  8.61
-17.719731 51.158477 92.269861 
-17.842687 51.736912 91.545934 
-18.036377 52.513421 91.544799 
-18.720925 55.116381 92.737017 
-18.829325 55.299852 94.860485 
-17.764481 51.212221 93.332570 
-17.748267 51.153061 93.283216 
FEnd
FBeg
 1378  NH1 ARG A 196  5195    O HOH A 401 hbw
-16.578 53.009 93.200 -15.881 50.569 91.132  3.55
-17.719731 51.158477 92.269861 
-17.842687 51.736912 91.545934 
-15.674688 52.395811 91.499213 
-15.263936 51.764136 92.382956 
-17.086149 50.784343 92.924838 
-17.141666 50.772412 92.920205 
-17.228234 50.800724 92.857623 
FEnd
FBeg
 4040   CG ASP B 209  5195    O HOH A 401 unk
-18.567 48.877 94.082 -15.881 50.569 91.132  1.12
-17.141666 50.772412 92.920205 
-17.228234 50.800724 92.857623 
-17.331941 49.375572 91.945788 
-17.254287 49.313036 91.980624 
-16.570985 49.395133 92.649864 
-16.796849 50.453378 93.051178 
FEnd
FBeg
 4041  OD1 ASP B 209  5195    O HOH A 401 hbw
-17.385 48.981 94.473 -15.881 50.569 91.132  1.04
-16.570985 49.395133 92.649864 
-15.738449 49.382624 93.018697 
-15.406876 49.865751 93.397592 
-16.796849 50.453378 93.051178 
FEnd
FBeg
 4064   CE LYS B 212  5195    O HOH A 401 unk
-13.460 47.844 92.488 -15.881 50.569 91.132  5.43
-15.738449 49.382624 93.018697 
-15.325316 48.900018 91.311251 
-14.543450 48.946917 90.009557 
-13.813166 49.955422 90.732386 
-14.456620 50.605180 93.186954 
-14.878632 50.313741 93.354740 
-15.406876 49.865751 93.397592 
FEnd
FBeg
 4064   CE LYS B 212  5183    O HOH A 389 unk
-13.460 47.844 92.488 -13.841 52.083 91.266  2.11
-13.813166 49.955422 90.732386 
-14.456620 50.605180 93.186954 
-14.093072 50.706622 93.425499 
-12.985508 50.371333 91.917091 
-13.324984 50.051106 90.912099 
FEnd
FBeg
 4065   NZ LYS B 212  5183    O HOH A 389 hbw
-12.197 48.363 91.896 -13.841 52.083 91.266  0.63
-12.985508 50.371333 91.917091 
-13.324984 50.051106 90.912099 
-12.158483 50.585240 91.022021 
FEnd
FBeg
 4065   NZ LYS B 212  5199    O HOH A 405 hbw
-12.197 48.363 91.896 -12.528 49.687 88.975  9.28
-13.324984 50.051106 90.912099 
-12.158483 50.585240 91.022021 
-12.002558 50.562838 90.994198 
-10.041875 48.987539 90.057983 
-9.963677 48.746059 89.939667 
-10.650624 46.697272 89.088858 
-11.463654 46.721895 89.192149 
-12.948054 48.051032 89.962814 
FEnd
FBeg
 4063   CD LYS B 212  5199    O HOH A 405 unk
-13.864 46.532 91.843 -12.528 49.687 88.975  1.79
-11.463654 46.721895 89.192149 
-12.948054 48.051032 89.962814 
-14.326436 48.531365 89.849123 
-14.229827 48.205071 89.535180 
-12.167719 46.953923 89.119422 
-11.522972 46.722817 89.165530 
FEnd
FBeg
 4093   OG SER B 215  5199    O HOH A 405 hbw
-13.141 47.502 86.595 -12.528 49.687 88.975  6.58
-12.167719 46.953923 89.119422 
-13.345862 49.773988 86.833859 
-13.051791 49.721576 86.806234 
-11.349220 49.090553 86.947037 
-10.690664 48.274936 87.526209 
-10.680588 46.695140 88.973972 
-11.522972 46.722817 89.165530 
FEnd
FBeg
 4093   OG SER B 215  5223    O HOH A 429 hbw
-13.141 47.502 86.595 -7.999 48.651 87.813  3.33
-10.690664 48.274936 87.526209 
-10.680588 46.695140 88.973972 
-10.582317 46.540504 88.704978 
-10.243836 46.466935 87.345424 
-10.164300 46.701366 86.788501 
-10.415406 48.312134 86.329069 
-10.492520 48.499123 86.478225 
-10.515127 48.538188 86.536813 
FEnd
FBeg
 1501   CE LYS A 212  5223    O HOH A 429 unk
-11.668 51.072 84.783 -7.999 48.651 87.813  0.00
-10.492520 48.499123 86.478225 
-10.515127 48.538188 86.536813 
-10.440321 48.613196 86.506162 
FEnd
FBeg
 1501   CE LYS A 212  5184    O HOH A 390 unk
-11.668 51.072 84.783 -10.178 50.912 88.028  5.43
-10.515127 48.538188 86.536813 
-10.440321 48.613196 86.506162 
-9.947742 50.485649 86.372310 
-10.335407 52.300975 86.639821 
-11.737643 51.448361 87.241644 
-12.113055 50.895815 87.386776 
-11.349220 49.090553 86.947037 
FEnd
FBeg
 1385   CG ASP A 197  5184    O HOH A 390 unk
-13.410 53.022 87.701 -10.178 50.912 88.028  0.62
-11.737643 51.448361 87.241644 
-12.113055 50.895815 87.386776 
-11.862129 51.497241 88.787435 
-11.772702 51.600935 88.572662 
FEnd
FBeg
 1381   CA ASP A 197  5184    O HOH A 390 unk
-11.452 54.026 89.001 -10.178 50.912 88.028  2.92
-11.862129 51.497241 88.787435 
-11.366404 51.367940 89.850328 
-10.024474 52.017725 89.527811 
-10.021016 52.237726 88.828243 
-10.254954 52.494548 87.700001 
-11.772702 51.600935 88.572662 
FEnd
FBeg
 1382    C ASP A 197  5184    O HOH A 390 unk
-9.980 54.374 88.775 -10.178 50.912 88.028  0.73
-10.021016 52.237726 88.828243 
-9.472010 52.619182 86.914851 
-9.837184 52.657708 86.833093 
-10.254954 52.494548 87.700001 
FEnd
FBeg
 1383    O ASP A 197  5184    O HOH A 390 hbw
-9.119 53.506 88.849 -10.178 50.912 88.028  2.51
-10.024474 52.017725 89.527811 
-9.070202 51.655309 89.441980 
-8.746586 51.687590 88.922556 
-9.153304 52.473565 86.963843 
-9.472010 52.619182 86.914851 
-10.021016 52.237726 88.828243 
FEnd
FBeg
 1420   CB ALA A 201  5184    O HOH A 390 unk
-6.566 52.026 87.725 -10.178 50.912 88.028  3.74
-8.746586 51.687590 88.922556 
-8.520566 50.978764 89.010850 
-8.359705 50.400131 88.801053 
-8.542724 50.423161 86.703997 
-9.153304 52.473565 86.963843 
FEnd
FBeg
 1420   CB ALA A 201  5223    O HOH A 429 unk
-6.566 52.026 87.725 -7.999 48.651 87.813  3.89
-8.359705 50.400131 88.801053 
-8.542724 50.423161 86.703997 
-8.113521 50.232458 86.379285 
-7.497078 49.966570 86.220069 
-7.152053 49.824651 86.395585 
-6.322048 49.509298 87.816957 
FEnd
FBeg
 1417   CA ALA A 201  5223    O HOH A 429 unk
-6.053 51.665 89.114 -7.999 48.651 87.813  3.87
-6.322048 49.509298 87.816957 
-8.359705 50.400131 88.801053 
-8.458696 50.259718 89.274413 
-7.439115 49.385100 89.775561 
-6.681352 48.911325 89.739706 
-5.822704 48.852402 88.591868 
FEnd
FBeg
 1447   CD ARG A 205  5223    O HOH A 429 unk
-4.042 48.360 90.788 -7.999 48.651 87.813  3.86
-6.681352 48.911325 89.739706 
-7.647910 47.301163 90.867810 
-7.068843 46.526525 90.021831 
-5.806631 48.176243 88.504351 
-5.822704 48.852402 88.591868 
FEnd
FBeg
 1450  NH1 ARG A 205  5223    O HOH A 429 hbw
-4.056 46.451 88.701 -7.999 48.651 87.813  3.30
-7.068843 46.526525 90.021831 
-7.096131 46.431796 89.908309 
-6.564373 46.291798 87.200293 
-6.375086 46.643287 87.230606 
-5.806631 48.176243 88.504351 
FEnd
FBeg
 1411    O ASP A 200  5223    O HOH A 429 hbw
-6.695 50.457 91.508 -7.999 48.651 87.813  3.48
-7.439115 49.385100 89.775561 
-8.663866 48.969224 90.411055 
-8.936362 48.067323 90.948042 
-8.748587 47.603656 91.108400 
-7.647910 47.301163 90.867810 
-6.681352 48.911325 89.739706 
FEnd
FBeg
 1412   CB ASP A 200  5223    O HOH A 429 unk
-9.563 51.598 91.969 -7.999 48.651 87.813  1.35
-8.663866 48.969224 90.411055 
-8.855420 49.834497 89.725407 
-9.857450 48.837435 90.055332 
-8.936362 48.067323 90.948042 
FEnd
FBeg
 1410    C ASP A 200  5223    O HOH A 429 unk
-7.203 51.542 91.239 -7.999 48.651 87.813  1.28
-8.458696 50.259718 89.274413 
-8.855420 49.834497 89.725407 
-8.663866 48.969224 90.411055 
-7.439115 49.385100 89.775561 
FEnd
FBeg
 1410    C ASP A 200  5184    O HOH A 390 unk
-7.203 51.542 91.239 -10.178 50.912 88.028  0.41
-8.458696 50.259718 89.274413 
-8.855420 49.834497 89.725407 
-8.891650 51.095673 89.511531 
-8.505274 50.528769 89.264779 
FEnd
FBeg
 1476   CB ASP A 209  5223    O HOH A 429 unk
-4.696 48.970 85.955 -7.999 48.651 87.813  4.37
-7.152053 49.824651 86.395585 
-6.322048 49.509298 87.816957 
-5.822704 48.852402 88.591868 
-5.806631 48.176243 88.504351 
-6.375086 46.643287 87.230606 
FEnd
FBeg
 1478  OD1 ASP A 209  5223    O HOH A 429 hbw
-6.822 48.245 85.171 -7.999 48.651 87.813  8.45
-7.497078 49.966570 86.220069 
-7.152053 49.824651 86.395585 
-6.375086 46.643287 87.230606 
-6.564373 46.291798 87.200293 
-7.608556 46.319704 86.730825 
-9.134324 46.904280 85.961269 
-9.408381 48.215785 85.637637 
-8.736670 49.269028 85.775028 
-8.668206 49.323795 85.797113 
FEnd
FBeg
 1498   CB LYS A 212  5223    O HOH A 429 unk
-7.942 51.170 83.827 -7.999 48.651 87.813  0.42
-8.113521 50.232458 86.379285 
-7.497078 49.966570 86.220069 
-8.668206 49.323795 85.797113 
FEnd
FBeg
 1499   CG LYS A 212  5223    O HOH A 429 unk
-9.280 51.644 84.362 -7.999 48.651 87.813  0.90
-8.542724 50.423161 86.703997 
-8.113521 50.232458 86.379285 
-8.668206 49.323795 85.797113 
-8.736670 49.269028 85.775028 
-9.303788 49.720761 86.377322 
FEnd
FBeg
 1417   CA ALA A 201  5184    O HOH A 390 unk
-6.053 51.665 89.114 -10.178 50.912 88.028  0.19
-8.520566 50.978764 89.010850 
-8.505274 50.528769 89.264779 
-8.458696 50.259718 89.274413 
-8.359705 50.400131 88.801053 
FEnd
FBeg
 1416    N ALA A 201  5184    O HOH A 390 hbw
-6.952 52.201 90.118 -10.178 50.912 88.028  0.57
-9.070202 51.655309 89.441980 
-8.891650 51.095673 89.511531 
-8.505274 50.528769 89.264779 
-8.520566 50.978764 89.010850 
-8.746586 51.687590 88.922556 
FEnd
FBeg
 1412   CB ASP A 200  5184    O HOH A 390 unk
-9.563 51.598 91.969 -10.178 50.912 88.028  5.05
-11.366404 51.367940 89.850328 
-10.041875 48.987539 90.057983 
-9.857450 48.837435 90.055332 
-8.855420 49.834497 89.725407 
-8.891650 51.095673 89.511531 
-9.070202 51.655309 89.441980 
-10.024474 52.017725 89.527811 
FEnd
FBeg
 1381   CA ASP A 197  5199    O HOH A 405 unk
-11.452 54.026 89.001 -12.528 49.687 88.975  0.66
-11.862129 51.497241 88.787435 
-11.366404 51.367940 89.850328 
-11.851874 51.485899 90.255805 
-12.141505 51.559177 90.013178 
-12.018312 51.534736 88.993714 
FEnd
FBeg
 1385   CG ASP A 197  5199    O HOH A 405 unk
-13.410 53.022 87.701 -12.528 49.687 88.975  3.49
-12.113055 50.895815 87.386776 
-11.862129 51.497241 88.787435 
-12.018312 51.534736 88.993714 
-14.756416 50.262377 87.558621 
-14.028807 50.217292 86.936870 
-13.521221 50.343309 86.915344 
FEnd
FBeg
 1384   CB ASP A 197  5184    O HOH A 390 unk
-12.145 53.871 87.637 -10.178 50.912 88.028  2.44
-10.335407 52.300975 86.639821 
-11.737643 51.448361 87.241644 
-11.772702 51.600935 88.572662 
-10.254954 52.494548 87.700001 
-9.837184 52.657708 86.833093 
FEnd
FBeg
 1499   CG LYS A 212  5184    O HOH A 390 unk
-9.280 51.644 84.362 -10.178 50.912 88.028  3.39
-9.947742 50.485649 86.372310 
-10.335407 52.300975 86.639821 
-9.837184 52.657708 86.833093 
-9.472010 52.619182 86.914851 
-9.153304 52.473565 86.963843 
-8.542724 50.423161 86.703997 
-9.303788 49.720761 86.377322 
FEnd
FBeg
 1500   CD LYS A 212  5184    O HOH A 390 unk
-10.414 50.687 84.012 -10.178 50.912 88.028  0.79
-10.440321 48.613196 86.506162 
-9.947742 50.485649 86.372310 
-9.303788 49.720761 86.377322 
FEnd
FBeg
 1500   CD LYS A 212  5223    O HOH A 429 unk
-10.414 50.687 84.012 -7.999 48.651 87.813  1.83
-10.415406 48.312134 86.329069 
-10.492520 48.499123 86.478225 
-10.440321 48.613196 86.506162 
-9.303788 49.720761 86.377322 
-8.736670 49.269028 85.775028 
-9.408381 48.215785 85.637637 
FEnd
FBeg
 4125  OE2 GLU B 219  5223    O HOH A 429 hbw
-10.900 47.057 83.810 -7.999 48.651 87.813  1.95
-10.164300 46.701366 86.788501 
-10.415406 48.312134 86.329069 
-9.408381 48.215785 85.637637 
-9.134324 46.904280 85.961269 
FEnd
FBeg
 4135  NH1 ARG B 220  5223    O HOH A 429 hbw
-8.732 44.051 85.772 -7.999 48.651 87.813  1.92
-10.243836 46.466935 87.345424 
-10.164300 46.701366 86.788501 
-9.134324 46.904280 85.961269 
-7.608556 46.319704 86.730825 
FEnd
FBeg
 4136  NH2 ARG B 220  5223    O HOH A 429 hbw
-8.212 44.012 88.011 -7.999 48.651 87.813  10.06
-10.582317 46.540504 88.704978 
-10.243836 46.466935 87.345424 
-7.608556 46.319704 86.730825 
-6.564373 46.291798 87.200293 
-7.096131 46.431796 89.908309 
-9.989109 46.558263 89.759200 
-10.435676 46.559173 89.300119 
FEnd
FBeg
 4093   OG SER B 215  5184    O HOH A 390 hbw
-13.141 47.502 86.595 -10.178 50.912 88.028  0.52
-11.349220 49.090553 86.947037 
-10.690664 48.274936 87.526209 
-10.515127 48.538188 86.536813 
FEnd
FBeg
 1501   CE LYS A 212  5199    O HOH A 405 unk
-11.668 51.072 84.783 -12.528 49.687 88.975  2.00
-13.051791 49.721576 86.806234 
-13.521221 50.343309 86.915344 
-12.113055 50.895815 87.386776 
-11.349220 49.090553 86.947037 
FEnd
FBeg
 1502   NZ LYS A 212  5199    O HOH A 405 hbw
-12.851 50.226 84.514 -12.528 49.687 88.975  0.24
-13.345862 49.773988 86.833859 
-14.028807 50.217292 86.936870 
-13.521221 50.343309 86.915344 
-13.051791 49.721576 86.806234 
FEnd
FBeg
 4058   CA LYS B 212  5199    O HOH A 405 unk
-16.596 46.946 90.572 -12.528 49.687 88.975  0.54
-14.326436 48.531365 89.849123 
-14.543450 48.946917 90.009557 
-15.050535 49.183800 89.124445 
-14.229827 48.205071 89.535180 
FEnd
FBeg
 1412   CB ASP A 200  5199    O HOH A 405 unk
-9.563 51.598 91.969 -12.528 49.687 88.975  2.41
-12.002558 50.562838 90.994198 
-10.041875 48.987539 90.057983 
-11.366404 51.367940 89.850328 
-11.851874 51.485899 90.255805 
-12.055693 50.704027 90.956701 
FEnd
FBeg
 1415  OD2 ASP A 200  5199    O HOH A 405 hbw
-11.575 51.151 93.137 -12.528 49.687 88.975  0.01
-12.158483 50.585240 91.022021 
-12.002558 50.562838 90.994198 
-12.055693 50.704027 90.956701 
FEnd
FBeg
 4064   CE LYS B 212  5199    O HOH A 405 unk
-13.460 47.844 92.488 -12.528 49.687 88.975  2.17
-14.543450 48.946917 90.009557 
-13.813166 49.955422 90.732386 
-13.324984 50.051106 90.912099 
-12.948054 48.051032 89.962814 
-14.326436 48.531365 89.849123 
FEnd
FBeg
 4061   CB LYS B 212  5195    O HOH A 401 unk
-16.356 46.819 92.077 -15.881 50.569 91.132  1.99
-17.254287 49.313036 91.980624 
-16.858090 49.161322 91.577731 
-15.325316 48.900018 91.311251 
-15.738449 49.382624 93.018697 
-16.570985 49.395133 92.649864 
FEnd
FBeg
 1379  NH2 ARG A 196  5195    O HOH A 401 hbw
-16.417 51.569 94.979 -15.881 50.569 91.132  0.81
-17.086149 50.784343 92.924838 
-17.141666 50.772412 92.920205 
-16.796849 50.453378 93.051178 
-15.406876 49.865751 93.397592 
-14.878632 50.313741 93.354740 
FEnd
FBeg
 1377   CZ ARG A 196  5195    O HOH A 401 unk
-16.060 52.701 94.385 -15.881 50.569 91.132  2.24
-15.263936 51.764136 92.382956 
-17.086149 50.784343 92.924838 
-14.878632 50.313741 93.354740 
-14.456620 50.605180 93.186954 
FEnd
FBeg
 4055   CG PRO B 211  5257    O HOH B 362 unk
-20.636 50.748 89.660 -19.460 52.290 93.115  7.64
-18.959102 52.191450 91.129609 
-19.145577 50.924908 91.758351 
-19.271464 50.904216 91.810435 
-23.726887 52.953926 92.412150 
-22.038693 54.107467 91.322692 
FEnd
FBeg
 1354  OE1 GLN A 193  5257    O HOH B 362 hbw
-18.646 53.907 90.052 -19.460 52.290 93.115  9.89
-18.342963 52.064614 91.226391 
-18.959102 52.191450 91.129609 
-22.038693 54.107467 91.322692 
-21.976273 54.706141 91.655329 
-21.480298 55.596157 92.256987 
-18.720925 55.116381 92.737017 
-18.036377 52.513421 91.544799 
-18.217367 52.223776 91.343793 
FEnd
FBeg
 1353   CD GLN A 193  5257    O HOH B 362 unk
-17.703 53.736 89.275 -19.460 52.290 93.115  0.00
-18.310020 52.049494 91.235771 
-18.342963 52.064614 91.226391 
-18.217367 52.223776 91.343793 
FEnd
FBeg
 1355  NE2 GLN A 193  5257    O HOH B 362 hbw
-16.649 52.986 89.581 -19.460 52.290 93.115  0.24
-17.933415 51.650904 91.456829 
-18.310020 52.049494 91.235771 
-18.217367 52.223776 91.343793 
-18.036377 52.513421 91.544799 
-17.842687 51.736912 91.545934 
FEnd
FBeg
 4042  OD2 ASP B 209  5195    O HOH A 401 hbw
-19.007 49.529 93.113 -15.881 50.569 91.132  1.77
-17.803618 49.838856 91.444703 
-17.331941 49.375572 91.945788 
-17.228234 50.800724 92.857623 
-17.719731 51.158477 92.269861 
-18.046693 51.105226 91.725961 
FEnd
FBeg
 4057    N LYS B 212  5195    O HOH A 401 hbw
-17.809 47.717 90.310 -15.881 50.569 91.132  1.69
-16.400383 49.324371 89.938467 
-16.858090 49.161322 91.577731 
-17.254287 49.313036 91.980624 
-17.331941 49.375572 91.945788 
-17.803618 49.838856 91.444703 
-17.127445 49.726736 90.247750 
FEnd
FBeg
 4058   CA LYS B 212  5195    O HOH A 401 unk
-16.596 46.946 90.572 -15.881 50.569 91.132  3.64
-15.050535 49.183800 89.124445 
-14.543450 48.946917 90.009557 
-15.325316 48.900018 91.311251 
-16.858090 49.161322 91.577731 
-16.400383 49.324371 89.938467 
-15.430715 49.291370 88.913914 
FEnd
FBeg
 4092   CB SER B 215  5199    O HOH A 405 unk
-14.484 47.163 86.869 -12.528 49.687 88.975  8.19
-15.333685 50.074314 88.320164 
-15.050535 49.183800 89.124445 
-14.229827 48.205071 89.535180 
-12.167719 46.953923 89.119422 
-13.345862 49.773988 86.833859 
-14.028807 50.217292 86.936870 
-14.756416 50.262377 87.558621 
FEnd
FBeg
 1355  NE2 GLN A 193  5195    O HOH A 401 hbw
-16.649 52.986 89.581 -15.881 50.569 91.132  6.85
-14.952031 51.567941 89.851268 
-15.682490 50.220393 88.113016 
-15.772825 50.221377 88.159278 
-16.199540 50.314114 88.515090 
-17.933415 51.650904 91.456829 
-17.842687 51.736912 91.545934 
-15.674688 52.395811 91.499213 
FEnd
FBeg
 1387  OD2 ASP A 197  5199    O HOH A 405 hbw
-13.696 52.434 88.768 -12.528 49.687 88.975  4.99
-12.141505 51.559177 90.013178 
-14.257730 50.640392 89.761238 
-15.333685 50.074314 88.320164 
-14.756416 50.262377 87.558621 
-12.018312 51.534736 88.993714 
FEnd
FBeg
 1381   CA ASP A 197  5183    O HOH A 389 unk
-11.452 54.026 89.001 -13.841 52.083 91.266  2.39
-11.882221 52.776184 91.330649 
-11.851874 51.485899 90.255805 
-12.141505 51.559177 90.013178 
-13.494462 53.439068 90.198791 
-12.838098 53.368567 90.830610 
FEnd
FBeg
 1412   CB ASP A 200  5183    O HOH A 389 unk
-9.563 51.598 91.969 -13.841 52.083 91.266  1.21
-11.891823 52.786613 91.396276 
-12.017215 51.682003 91.397259 
-12.055693 50.704027 90.956701 
-11.851874 51.485899 90.255805 
-11.882221 52.776184 91.330649 
FEnd
FBeg
 1373   CB ARG A 196  5183    O HOH A 389 unk
-13.855 55.830 92.308 -13.841 52.083 91.266  0.60
-14.973037 53.771745 91.067304 
-13.494538 53.805679 90.965144 
-13.505126 53.811300 90.944786 
-14.412857 53.999498 90.255836 
FEnd
FBeg
 1355  NE2 GLN A 193  5183    O HOH A 389 hbw
-16.649 52.986 89.581 -13.841 52.083 91.266  3.15
-15.325365 53.456708 91.485618 
-14.973037 53.771745 91.067304 
-14.412857 53.999498 90.255836 
-14.400083 53.975277 90.221567 
-14.952031 51.567941 89.851268 
-15.674688 52.395811 91.499213 
FEnd
FBeg
 1378  NH1 ARG A 196  5183    O HOH A 389 hbw
-16.578 53.009 93.200 -13.841 52.083 91.266  1.20
-14.897459 52.683077 92.461605 
-15.325365 53.456708 91.485618 
-15.674688 52.395811 91.499213 
-15.263936 51.764136 92.382956 
FEnd
FBeg
 1377   CZ ARG A 196  5183    O HOH A 389 unk
-16.060 52.701 94.385 -13.841 52.083 91.266  2.30
-13.681923 51.841902 93.493065 
-14.897459 52.683077 92.461605 
-15.263936 51.764136 92.382956 
-14.456620 50.605180 93.186954 
-14.093072 50.706622 93.425499 
FEnd
FBeg
 1415  OD2 ASP A 200  5183    O HOH A 389 hbw
-11.575 51.151 93.137 -13.841 52.083 91.266  5.08
-12.516519 52.608195 92.463337 
-13.681923 51.841902 93.493065 
-14.093072 50.706622 93.425499 
-12.985508 50.371333 91.917091 
-12.158483 50.585240 91.022021 
-12.055693 50.704027 90.956701 
-12.017215 51.682003 91.397259 
FEnd
FBeg
 1413   CG ASP A 200  5183    O HOH A 389 unk
-10.452 51.700 93.186 -13.841 52.083 91.266  0.87
-12.174795 53.005797 91.939473 
-12.516519 52.608195 92.463337 
-12.017215 51.682003 91.397259 
-11.891823 52.786613 91.396276 
FEnd
FBeg
 3863  OD1 ASP B 187  5227    O HOH A 433 hbw
-0.996 40.312 88.155 0.007 45.233 86.445  20.63
4.343730 41.419294 86.243635 
5.476658 41.595251 87.414519 
-1.446557 43.219785 88.028759 
-1.536976 43.216018 87.964882 
-1.334205 41.443987 82.984307 
FEnd
FBeg
 3893  CD2 LEU B 190  5227    O HOH A 433 unk
-4.438 41.464 87.605 0.007 45.233 86.445  13.01
-1.536976 43.216018 87.964882 
-2.959072 44.447394 86.516469 
-3.612025 44.797377 85.151562 
-3.603678 44.745917 85.016348 
-3.408520 44.227145 84.078611 
-2.449963 42.647731 82.619968 
-1.662032 41.631132 82.336167 
-1.334205 41.443987 82.984307 
FEnd
FBeg
 1450  NH1 ARG A 205  5227    O HOH A 433 hbw
-4.056 46.451 88.701 0.007 45.233 86.445  1.48
-2.959072 44.447394 86.516469 
-2.653124 46.133044 86.157401 
-3.303994 45.404556 85.378507 
-3.359738 45.326746 85.320122 
-3.612025 44.797377 85.151562 
FEnd
FBeg
 1473   CA ASP A 209  5227    O HOH A 433 unk
-3.294 49.275 85.423 0.007 45.233 86.445  1.56
-2.653124 46.133044 86.157401 
-2.170932 46.576190 86.352586 
-1.956331 46.500293 85.359263 
-3.134170 45.403747 84.826788 
-3.265418 45.343989 85.014370 
-3.331278 45.357233 85.279473 
-3.303994 45.404556 85.378507 
FEnd
FBeg
 1468    O THR A 208  5227    O HOH A 433 hbw
-0.653 48.615 86.044 0.007 45.233 86.445  12.40
-2.170932 46.576190 86.352586 
-0.205390 47.106142 87.587096 
5.006737 47.828713 85.102637 
4.995970 47.821620 85.060535 
3.761176 47.489724 84.293686 
-1.956331 46.500293 85.359263 
FEnd
FBeg
 1465    N THR A 208  5227    O HOH A 433 hbw
0.417 49.362 88.506 0.007 45.233 86.445  5.54
-0.205390 47.106142 87.587096 
0.715250 46.595931 88.426106 
5.489907 47.593127 85.478490 
5.006737 47.828713 85.102637 
FEnd
FBeg
 1462   CA GLY A 207  5227    O HOH A 433 unk
1.736 48.645 90.400 0.007 45.233 86.445  22.09
0.715250 46.595931 88.426106 
1.511255 44.819498 89.610655 
3.342011 44.229532 89.319274 
7.655534 44.336778 87.341017 
6.360896 46.594160 85.959537 
5.757767 47.403337 85.525124 
5.489907 47.593127 85.478490 
FEnd
FBeg
 1451  NH2 ARG A 205  5227    O HOH A 433 hbw
-1.800 46.095 88.952 0.007 45.233 86.445  14.53
-1.446557 43.219785 88.028759 
1.511255 44.819498 89.610655 
0.715250 46.595931 88.426106 
-0.205390 47.106142 87.587096 
-2.170932 46.576190 86.352586 
-2.653124 46.133044 86.157401 
-2.959072 44.447394 86.516469 
-1.536976 43.216018 87.964882 
FEnd
FBeg
 1451  NH2 ARG A 205  5273    O HOH B 378 hbw
-1.800 46.095 88.952 -0.397 41.983 90.487  9.74
-1.446557 43.219785 88.028759 
1.511255 44.819498 89.610655 
1.284617 44.897496 90.026745 
-1.773886 44.545678 91.879779 
-2.538352 43.859812 90.741187 
-2.348557 43.332288 89.154568 
-1.560506 43.197732 88.073831 
FEnd
FBeg
 3893  CD2 LEU B 190  5273    O HOH B 378 unk
-4.438 41.464 87.605 -0.397 41.983 90.487  0.90
-2.348557 43.332288 89.154568 
-1.560506 43.197732 88.073831 
-2.001951 42.255303 88.862520 
-2.393972 42.774911 89.318620 
FEnd
FBeg
 3890   CB LEU B 190  5273    O HOH B 378 unk
-3.789 40.170 89.637 -0.397 41.983 90.487  3.73
-2.001951 42.255303 88.862520 
-1.538458 41.033493 89.618958 
-1.437008 40.432990 90.494953 
-1.771460 40.884790 90.865948 
-2.640577 42.423135 91.053037 
-2.393972 42.774911 89.318620 
FEnd
FBeg
 3887   CA LEU B 190  5273    O HOH B 378 unk
-4.005 39.867 91.125 -0.397 41.983 90.487  2.86
-1.771460 40.884790 90.865948 
-2.006236 41.749336 92.405613 
-2.034649 41.812498 92.454418 
-2.664379 43.034833 92.947199 
-2.828020 43.243691 92.714483 
-2.640577 42.423135 91.053037 
FEnd
FBeg
 3882   CG GLU B 189  5273    O HOH B 378 unk
-0.415 40.318 94.594 -0.397 41.983 90.487  5.07
-2.034649 41.812498 92.454418 
-1.863068 41.609962 92.373061 
-1.685780 41.422419 92.297807 
0.322599 41.567055 92.365245 
-1.135305 43.785125 93.258073 
-2.340604 44.039450 93.355895 
-2.487773 43.749170 93.237569 
-2.664379 43.034833 92.947199 
FEnd
FBeg
 3883   CD GLU B 189  5273    O HOH B 378 unk
0.878 41.093 94.780 -0.397 41.983 90.487  2.78
0.322599 41.567055 92.365245 
0.984951 41.313766 92.116019 
1.471622 42.574312 92.232810 
1.312081 42.745403 92.315662 
-1.133155 43.785079 93.257425 
-1.135305 43.785125 93.258073 
FEnd
FBeg
 1458   CD LYS A 206  5273    O HOH B 378 unk
2.307 44.626 94.590 -0.397 41.983 90.487  3.47
1.312081 42.745403 92.315662 
1.674182 44.112877 91.196151 
-0.203718 44.386958 92.257190 
-1.133155 43.785079 93.257425 
FEnd
FBeg
 1459   CE LYS A 206  5273    O HOH B 378 unk
3.562 43.913 94.125 -0.397 41.983 90.487  13.30
1.471622 42.574312 92.232810 
4.181746 41.144014 90.042346 
6.050560 41.818072 87.651042 
3.342011 44.229532 89.319274 
2.405493 44.540536 90.173435 
1.674182 44.112877 91.196151 
1.312081 42.745403 92.315662 
FEnd
FBeg
 3885  OE2 GLU B 189  5273    O HOH B 378 hbw
1.879 40.770 94.095 -0.397 41.983 90.487  4.65
0.984951 41.313766 92.116019 
1.980719 40.258630 91.133135 
2.475854 40.342581 90.849018 
4.181746 41.144014 90.042346 
1.471622 42.574312 92.232810 
FEnd
FBeg
 3864  OD2 ASP B 187  5273    O HOH B 378 hbw
-0.316 38.923 89.724 -0.397 41.983 90.487  6.16
1.980719 40.258630 91.133135 
-0.828199 40.179988 91.150334 
-1.202505 40.294478 90.651439 
4.335954 41.003580 88.395559 
2.475854 40.342581 90.849018 
FEnd
FBeg
 3881   CB GLU B 189  5273    O HOH B 378 unk
-0.302 39.252 93.515 -0.397 41.983 90.487  4.63
-1.685780 41.422419 92.297807 
-0.828199 40.179988 91.150334 
1.980719 40.258630 91.133135 
0.984951 41.313766 92.116019 
0.322599 41.567055 92.365245 
FEnd
FBeg
 3879    C GLU B 189  5273    O HOH B 378 unk
-2.737 38.994 92.993 -0.397 41.983 90.487  0.00
-2.006236 41.749336 92.405613 
-1.863068 41.609962 92.373061 
-2.034649 41.812498 92.454418 
FEnd
FBeg
 3886    N LEU B 190  5273    O HOH B 378 hbw
-2.846 39.188 91.683 -0.397 41.983 90.487  1.61
-1.437008 40.432990 90.494953 
-1.202505 40.294478 90.651439 
-0.828199 40.179988 91.150334 
-1.685780 41.422419 92.297807 
-1.863068 41.609962 92.373061 
-2.006236 41.749336 92.405613 
-1.771460 40.884790 90.865948 
FEnd
FBeg
 3862   CG ASP B 187  5273    O HOH B 378 unk
-0.805 39.157 88.597 -0.397 41.983 90.487  6.13
-1.538458 41.033493 89.618958 
5.259888 41.391341 87.616311 
4.335954 41.003580 88.395559 
-1.202505 40.294478 90.651439 
-1.437008 40.432990 90.494953 
FEnd
FBeg
 3892  CD1 LEU B 190  5273    O HOH B 378 unk
-5.261 42.188 89.837 -0.397 41.983 90.487  4.01
-2.538352 43.859812 90.741187 
-2.348557 43.332288 89.154568 
-2.393972 42.774911 89.318620 
-2.640577 42.423135 91.053037 
-2.828020 43.243691 92.714483 
-2.809570 43.847692 92.766910 
-2.784913 44.209023 92.696355 
FEnd
FBeg
 1455    O LYS A 206  5273    O HOH B 378 hbw
-0.222 47.372 91.799 -0.397 41.983 90.487  4.14
1.284617 44.897496 90.026745 
-1.773886 44.545678 91.879779 
-2.632679 44.332526 92.869845 
-2.454610 44.262226 93.134850 
-0.202717 44.409099 92.231205 
1.656453 44.783890 90.443781 
FEnd
FBeg
 3863  OD1 ASP B 187  5273    O HOH B 378 hbw
-0.996 40.312 88.155 -0.397 41.983 90.487  11.21
5.476658 41.595251 87.414519 
-1.446557 43.219785 88.028759 
-1.560506 43.197732 88.073831 
-2.001951 42.255303 88.862520 
-1.538458 41.033493 89.618958 
5.259888 41.391341 87.616311 
5.409857 41.459566 87.528903 
FEnd
FBeg
 1536  CG1 ILE A 216  5215    O HOH A 421 unk
-10.897 55.771 82.849 -13.734 53.376 79.064  3.20
-11.845053 54.093640 80.530650 
-12.017079 52.671616 81.559391 
-12.167332 52.681651 81.665661 
-13.310312 53.110186 82.251208 
-12.848643 54.960916 80.734100 
-12.738685 55.076390 80.578615 
-12.001444 54.410163 80.447587 
FEnd
FBeg
 1531    N ILE A 216  5215    O HOH A 421 hbw
-9.613 55.689 80.119 -13.734 53.376 79.064  0.09
-12.001444 54.410163 80.447587 
-11.845053 54.093640 80.530650 
-11.834955 54.191202 80.277310 
-12.000949 54.521891 80.200700 
FEnd
FBeg
 1527    C SER A 215  5215    O HOH A 421 unk
-9.714 55.342 78.840 -13.734 53.376 79.064  1.98
-11.834955 54.191202 80.277310 
-11.849733 54.132496 79.496839 
-12.090465 54.436309 77.843071 
-12.473245 55.336951 78.878286 
-12.433872 55.315110 79.393196 
-12.000949 54.521891 80.200700 
FEnd
FBeg
 1572  NH1 ARG A 220  5215    O HOH A 421 hbw
-14.608 56.492 79.263 -13.734 53.376 79.064  9.69
-12.473245 55.336951 78.878286 
-12.661701 55.325006 78.237638 
-13.827541 55.043311 77.528165 
-16.352335 54.369772 76.985850 
-17.651798 53.936173 78.068073 
-17.723046 53.911098 78.147788 
-12.734963 55.168395 80.368129 
-12.433872 55.315110 79.393196 
FEnd
FBeg
 3782   CE LYS B 176  5215    O HOH A 421 unk
-17.192 50.676 75.124 -13.734 53.376 79.064  9.92
-17.651798 53.936173 78.068073 
-15.708939 53.219707 76.853873 
-14.905722 52.282664 76.791053 
-16.613643 50.523796 79.495351 
-17.875083 51.452128 79.966307 
-18.111027 52.406968 79.519054 
-17.842942 53.771825 78.348457 
-17.723046 53.911098 78.147788 
FEnd
FBeg
 3798  NH2 ARG B 178  5215    O HOH A 421 hbw
-13.119 50.082 77.310 -13.734 53.376 79.064  12.95
-14.905722 52.282664 76.791053 
-12.748161 52.479897 77.177150 
-12.734795 52.476679 77.187880 
-12.535884 50.632178 80.721584 
-13.944496 50.362677 80.733808 
-16.596159 50.513771 79.520308 
-16.613643 50.523796 79.495351 
FEnd
FBeg
 3797  NH1 ARG B 178  5215    O HOH A 421 hbw
-11.658 50.865 75.725 -13.734 53.376 79.064  0.00
-12.748161 52.479897 77.177150 
-12.733409 52.487015 77.180969 
-12.734795 52.476679 77.187880 
FEnd
FBeg
 1562  OE2 GLU A 219  5215    O HOH A 421 hbw
-13.175 54.089 75.576 -13.734 53.376 79.064  8.09
-13.827541 55.043311 77.528165 
-12.651038 54.748352 77.656421 
-12.426137 53.467669 77.430674 
-12.733409 52.487015 77.180969 
-12.748161 52.479897 77.177150 
-14.905722 52.282664 76.791053 
-15.708939 53.219707 76.853873 
-16.352335 54.369772 76.985850 
FEnd
FBeg
 1560   CD GLU A 219  5215    O HOH A 421 unk
-12.061 54.374 75.069 -13.734 53.376 79.064  0.41
-12.651038 54.748352 77.656421 
-12.369345 54.768750 77.779482 
-12.098038 54.432579 77.809119 
-12.426137 53.467669 77.430674 
FEnd
FBeg
 1558   CB GLU A 219  5215    O HOH A 421 unk
-12.517 56.774 75.715 -13.734 53.376 79.064  0.62
-12.661701 55.325006 78.237638 
-12.369345 54.768750 77.779482 
-12.651038 54.748352 77.656421 
-13.827541 55.043311 77.528165 
FEnd
FBeg
 1528    O SER A 215  5215    O HOH A 421 hbw
-10.391 55.983 78.032 -13.734 53.376 79.064  0.50
-12.090465 54.436309 77.843071 
-12.098038 54.432579 77.809119 
-12.369345 54.768750 77.779482 
-12.661701 55.325006 78.237638 
-12.473245 55.336951 78.878286 
FEnd
FBeg
 1530   OG SER A 215  5215    O HOH A 421 hbw
-10.843 52.613 78.503 -13.734 53.376 79.064  8.92
-11.849733 54.132496 79.496839 
-12.126148 51.845105 81.183406 
-12.497992 50.707361 80.814596 
-12.535884 50.632178 80.721584 
-12.734795 52.476679 77.187880 
-12.733409 52.487015 77.180969 
-12.426137 53.467669 77.430674 
-12.098038 54.432579 77.809119 
-12.090465 54.436309 77.843071 
FEnd
FBeg
 1532   CA ILE A 216  5215    O HOH A 421 unk
-10.314 56.850 80.643 -13.734 53.376 79.064  0.74
-12.738685 55.076390 80.578615 
-12.001444 54.410163 80.447587 
-12.000949 54.521891 80.200700 
-12.433872 55.315110 79.393196 
-12.734963 55.168395 80.368129 
FEnd
FBeg
 1571   CZ ARG A 220  5215    O HOH A 421 unk
-15.172 56.621 80.457 -13.734 53.376 79.064  1.99
-12.848643 54.960916 80.734100 
-12.738685 55.076390 80.578615 
-12.734963 55.168395 80.368129 
-17.723046 53.911098 78.147788 
-17.842942 53.771825 78.348457 
FEnd
FBeg
 1573  NH2 ARG A 220  5215    O HOH A 421 hbw
-15.302 55.564 81.256 -13.734 53.376 79.064  18.47
-13.310312 53.110186 82.251208 
-12.848643 54.960916 80.734100 
-17.842942 53.771825 78.348457 
-18.111027 52.406968 79.519054 
-18.084931 51.630742 80.312531 
-17.723979 51.419604 80.781484 
-15.925420 51.499035 81.988758 
-14.044508 52.546020 82.289153 
FEnd
FBeg
 1529   CB SER A 215  5215    O HOH A 421 unk
-9.553 52.842 79.025 -13.734 53.376 79.064  1.90
-11.845053 54.093640 80.530650 
-12.017079 52.671616 81.559391 
-12.126148 51.845105 81.183406 
-11.849733 54.132496 79.496839 
-11.834955 54.191202 80.277310 
FEnd
FBeg
 4124  OE1 GLU B 219  5298    O HOH B 403 hbw
-12.679 48.038 82.949 -15.361 47.431 81.879  8.99
-13.944496 50.362677 80.733808 
-14.214684 50.673741 81.234582 
-14.856431 48.652667 83.989682 
-14.285954 47.052591 83.467465 
-13.945964 47.260032 82.497586 
-13.208954 48.441467 79.980023 
FEnd
FBeg
 4122   CG GLU B 219  5298    O HOH B 403 unk
-12.138 45.902 82.105 -15.361 47.431 81.879  8.71
-13.945964 47.260032 82.497586 
-14.286578 46.668306 83.351791 
-14.596667 45.987614 83.168775 
-14.355927 45.908206 79.198330 
-14.293450 45.968392 78.714542 
-14.036970 46.466663 78.427907 
-13.208954 48.441467 79.980023 
FEnd
FBeg
 4114   CB THR B 218  5298    O HOH B 403 unk
-16.218 43.554 81.286 -15.361 47.431 81.879  0.63
-14.355927 45.908206 79.198330 
-15.754389 46.082467 80.080070 
-14.948151 46.081691 78.919970 
-14.293450 45.968392 78.714542 
FEnd
FBeg
 3761   CB ALA B 173  5298    O HOH B 403 unk
-18.526 46.552 79.680 -15.361 47.431 81.879  19.34
-15.754389 46.082467 80.080070 
-17.229888 46.280743 82.124486 
-18.449210 50.755503 82.090761 
-18.280542 51.483060 81.557174 
-17.723979 51.419604 80.781484 
-16.596159 50.513771 79.520308 
-15.593664 48.539365 78.866651 
-14.965698 47.019883 78.570203 
-14.948151 46.081691 78.919970 
FEnd
FBeg
 4086  CG2 ILE B 214  5298    O HOH B 403 unk
-19.184 46.406 84.098 -15.361 47.431 81.879  10.64
-17.229888 46.280743 82.124486 
-16.555766 46.216886 83.256401 
-16.512794 46.484659 83.454124 
-16.821189 49.924789 84.511869 
-17.469199 51.063397 83.921393 
-18.393503 50.878064 82.243348 
-18.449210 50.755503 82.090761 
FEnd
FBeg
 4082    C ILE B 214  5298    O HOH B 403 unk
-17.174 45.029 85.526 -15.361 47.431 81.879  0.04
-16.555766 46.216886 83.256401 
-16.328352 46.191652 83.352832 
-16.512794 46.484659 83.454124 
FEnd
FBeg
 4115  OG1 THR B 218  5298    O HOH B 403 hbw
-15.676 44.726 81.914 -15.361 47.431 81.879  7.43
-14.596667 45.987614 83.168775 
-16.328352 46.191652 83.352832 
-16.555766 46.216886 83.256401 
-17.229888 46.280743 82.124486 
-15.754389 46.082467 80.080070 
-14.355927 45.908206 79.198330 
FEnd
FBeg
 4123   CD GLU B 219  5298    O HOH B 403 unk
-11.884 47.081 83.023 -15.361 47.431 81.879  0.21
-14.285954 47.052591 83.467465 
-14.286578 46.668306 83.351791 
-13.945964 47.260032 82.497586 
FEnd
FBeg
 4089   CA SER B 215  5298    O HOH B 403 unk
-15.084 46.253 85.791 -15.361 47.431 81.879  6.82
-14.856431 48.652667 83.989682 
-16.821189 49.924789 84.511869 
-16.512794 46.484659 83.454124 
-16.328352 46.191652 83.352832 
-14.596667 45.987614 83.168775 
-14.286578 46.668306 83.351791 
-14.285954 47.052591 83.467465 
FEnd
FBeg
 1502   NZ LYS A 212  5298    O HOH B 403 hbw
-12.851 50.226 84.514 -15.361 47.431 81.879  9.66
-14.214684 50.673741 81.234582 
-15.925420 51.499035 81.988758 
-17.434861 51.611026 83.307802 
-17.469199 51.063397 83.921393 
-16.821189 49.924789 84.511869 
-14.856431 48.652667 83.989682 
FEnd
FBeg
 4121   CB GLU B 219  5267    O HOH B 372 unk
-11.266 44.700 82.429 -7.544 43.721 83.120  8.44
-8.090186 45.761089 79.953571 
-8.124964 46.858551 81.695769 
-8.813949 45.728881 83.806415 
-9.435814 43.374785 83.820773 
-8.835522 44.107050 81.624825 
-8.216544 45.402679 80.126395 
FEnd
FBeg
 3814   CB ALA B 180  5267    O HOH B 372 unk
-6.927 41.783 79.552 -7.544 43.721 83.120  20.44
-8.216544 45.402679 80.126395 
-8.090186 45.761089 79.953571 
-6.116840 45.218920 80.589300 
-2.741538 43.394342 82.164017 
-2.440913 42.897867 82.485670 
-2.449963 42.647731 82.619968 
-4.468803 40.977979 83.177803 
-6.546421 41.124868 82.738745 
-7.861959 42.032658 82.018177 
FEnd
FBeg
 4127   CA ARG B 220  5267    O HOH B 372 unk
-9.740 40.441 82.997 -7.544 43.721 83.120  2.15
-6.546421 41.124868 82.738745 
-9.137268 42.823480 83.698539 
-9.135940 42.822969 83.688430 
-8.336699 42.340036 82.297294 
-7.861959 42.032658 82.018177 
FEnd
FBeg
 4126    N ARG B 220  5267    O HOH B 372 hbw
-10.739 41.485 82.813 -7.544 43.721 83.120  0.00
-9.137268 42.823480 83.698539 
-9.338704 43.083580 83.900511 
-9.341751 43.088199 83.898571 
-9.135940 42.822969 83.688430 
FEnd
FBeg
 4132   CD ARG B 220  5267    O HOH B 372 unk
-8.227 41.309 85.545 -7.544 43.721 83.120  9.74
-4.468803 40.977979 83.177803 
-5.633741 43.287391 85.146730 
-7.142182 43.410022 84.843852 
-9.338704 43.083580 83.900511 
-9.137268 42.823480 83.698539 
-6.546421 41.124868 82.738745 
FEnd
FBeg
 4134   CZ ARG B 220  5267    O HOH B 372 unk
-8.318 43.393 86.842 -7.544 43.721 83.120  1.95
-5.633741 43.287391 85.146730 
-5.001543 44.658801 85.399052 
-5.730032 45.004552 85.278030 
-7.142182 43.410022 84.843852 
FEnd
FBeg
 1477   CG ASP A 209  5267    O HOH B 372 unk
-5.614 48.407 84.890 -7.544 43.721 83.120  3.73
-5.001543 44.658801 85.399052 
-4.209071 44.558728 84.799881 
-7.357195 46.560450 82.933108 
-6.826296 45.672976 84.703769 
-5.730032 45.004552 85.278030 
FEnd
FBeg
 1478  OD1 ASP A 209  5267    O HOH B 372 hbw
-6.822 48.245 85.171 -7.544 43.721 83.120  1.89
-7.357195 46.560450 82.933108 
-7.907778 46.966090 82.232185 
-8.278269 46.231064 83.983892 
-6.826296 45.672976 84.703769 
FEnd
FBeg
 1479  OD2 ASP A 209  5267    O HOH B 372 hbw
-5.129 48.129 83.774 -7.544 43.721 83.120  8.37
-4.209071 44.558728 84.799881 
-3.408520 44.227145 84.078611 
-3.316250 44.206274 83.878559 
-3.404439 44.406767 82.852878 
-5.994778 45.968639 81.891010 
-7.913737 46.992853 82.073808 
-7.907778 46.966090 82.232185 
-7.357195 46.560450 82.933108 
FEnd
FBeg
 4120    O GLU B 219  5267    O HOH B 372 hbw
-9.640 42.348 81.067 -7.544 43.721 83.120  2.55
-8.835522 44.107050 81.624825 
-8.216544 45.402679 80.126395 
-7.861959 42.032658 82.018177 
-8.336699 42.340036 82.297294 
FEnd
FBeg
 4119    C GLU B 219  5267    O HOH B 372 unk
-10.604 42.367 81.832 -7.544 43.721 83.120  2.44
-9.435814 43.374785 83.820773 
-8.835522 44.107050 81.624825 
-8.336699 42.340036 82.297294 
-9.135940 42.822969 83.688430 
-9.341751 43.088199 83.898571 
FEnd
FBeg
 4135  NH1 ARG B 220  5267    O HOH B 372 hbw
-8.732 44.051 85.772 -7.544 43.721 83.120  7.88
-8.813949 45.728881 83.806415 
-9.435814 43.374785 83.820773 
-9.341751 43.088199 83.898571 
-9.338704 43.083580 83.900511 
-7.142182 43.410022 84.843852 
-5.730032 45.004552 85.278030 
-6.826296 45.672976 84.703769 
-8.278269 46.231064 83.983892 
FEnd
FBeg
 4125  OE2 GLU B 219  5267    O HOH B 372 hbw
-10.900 47.057 83.810 -7.544 43.721 83.120  1.34
-8.124964 46.858551 81.695769 
-8.813949 45.728881 83.806415 
-8.278269 46.231064 83.983892 
-7.907778 46.966090 82.232185 
-7.913737 46.992853 82.073808 
FEnd

+-+CCS_record::Boundary loops before union-find
Start boundary loop loop_id 8  init_edge IE_A_Wi
xyz -22.0387 54.1075 91.3227
xyz -21.9763 54.7061 91.6553
xyz -21.4803 55.5962 92.257
xyz -18.7209 55.1164 92.737
xyz -18.8293 55.2999 94.8605
xyz -19.0784 55.3954 95.4965
xyz -18.8709 55.6617 96.0458
xyz -18.7168 55.6229 96.3212
xyz -18.3909 55.4111 96.8307
xyz -17.2652 53.4535 97.9039
xyz -15.9187 52.6097 101.321
xyz -15.7789 51.8941 101.698
xyz -15.8183 52.0721 101.943
xyz -18.4139 55.642 105.957
xyz -20.785 52.8496 100.642
xyz -18.9826 56.5368 106.636
xyz -19.4239 57.3666 106.921
xyz -26.6801 59.1828 99.646
xyz -23.8289 52.0038 95.9634
xyz -24.2001 53.0143 94.4692
xyz -22.4942 51.2579 94.276
xyz -22.662 51.1569 93.6415
xyz -24.4955 52.7372 93.1151
xyz -23.7269 52.9539 92.4122
End loop
Boundary info init_edge IE_A_Wi [total exposed]: 67.014694 67.014694
Start boundary loop loop_id 9  init_edge IE_A_Wi
xyz -8.93636 48.0673 90.948
xyz -8.74859 47.6037 91.1084
xyz -7.64791 47.3012 90.8678
xyz -7.06884 46.5265 90.0218
xyz -7.09613 46.4318 89.9083
xyz -9.98911 46.5583 89.7592
xyz -10.4357 46.5592 89.3001
xyz -10.5823 46.5405 88.705
xyz -10.6806 46.6951 88.974
xyz -11.523 46.7228 89.1655
xyz -11.4637 46.7219 89.1921
xyz -10.6506 46.6973 89.0889
xyz -9.96368 48.7461 89.9397
xyz -10.0419 48.9875 90.058
xyz -9.85745 48.8374 90.0553
End loop
Boundary info init_edge IE_A_Wi [total exposed]: 13.691514 13.691514
Start boundary loop loop_id 10  init_edge IE_A_Wi
xyz -15.7728 50.2214 88.1593
xyz -15.6047 49.8872 88.3808
xyz -15.6504 50.1933 88.1213
xyz -15.6825 50.2204 88.113
End loop
Boundary info init_edge IE_A_Wi [total exposed]: 0.982892 0.982892
Start boundary loop loop_id 11  init_edge IE_B_Wi
xyz 5.47666 41.5953 87.4145
xyz 5.40986 41.4596 87.5289
xyz 5.25989 41.3913 87.6163
xyz 4.33595 41.0036 88.3956
xyz 2.47585 40.3426 90.849
xyz 4.18175 41.144 90.0423
xyz 6.05056 41.8181 87.651
xyz 3.34201 44.2295 89.3193
xyz 2.40549 44.5405 90.1734
xyz 1.67418 44.1129 91.1962
xyz -0.203718 44.387 92.2572
xyz -1.13316 43.7851 93.2574
xyz -1.1353 43.7851 93.2581
xyz -2.3406 44.0394 93.3559
xyz -2.48777 43.7492 93.2376
xyz -2.66438 43.0348 92.9472
xyz -2.82802 43.2437 92.7145
xyz -2.80957 43.8477 92.7669
xyz -2.78491 44.209 92.6964
xyz -2.53835 43.8598 90.7412
xyz -1.77389 44.5457 91.8798
xyz -2.63268 44.3325 92.8698
xyz -2.45461 44.2622 93.1348
xyz -0.202717 44.4091 92.2312
xyz 1.65645 44.7839 90.4438
xyz 1.28462 44.8975 90.0267
xyz 1.51125 44.8195 89.6107
xyz 3.34201 44.2295 89.3193
xyz 7.65553 44.3368 87.341
xyz 6.3609 46.5942 85.9595
xyz 5.75777 47.4033 85.5251
xyz 5.48991 47.5931 85.4785
xyz 5.00674 47.8287 85.1026
xyz 4.99597 47.8216 85.0605
xyz 3.76118 47.4897 84.2937
xyz -1.95633 46.5003 85.3593
xyz -3.13417 45.4037 84.8268
xyz -3.26542 45.344 85.0144
xyz -3.33128 45.3572 85.2795
xyz -3.30399 45.4046 85.3785
xyz -3.35974 45.3267 85.3201
xyz -3.61203 44.7974 85.1516
xyz -3.60368 44.7459 85.0163
xyz -3.40852 44.2271 84.0786
xyz -2.44996 42.6477 82.62
xyz -1.66203 41.6311 82.3362
xyz -1.33421 41.444 82.9843
xyz 4.34373 41.4193 86.2436
End loop
Boundary info init_edge IE_B_Wi [total exposed]: 71.266246 71.266246
Start boundary loop loop_id 12  init_edge IE_A_Wi
xyz -13.3103 53.1102 82.2512
xyz -12.1673 52.6817 81.6657
xyz -12.0171 52.6716 81.5594
xyz -12.1261 51.8451 81.1834
xyz -12.498 50.7074 80.8146
xyz -12.5359 50.6322 80.7216
xyz -13.9445 50.3627 80.7338
xyz -16.5962 50.5138 79.5203
xyz -16.6136 50.5238 79.4954
xyz -17.8751 51.4521 79.9663
xyz -18.111 52.407 79.5191
xyz -18.0849 51.6307 80.3125
xyz -17.724 51.4196 80.7815
xyz -15.9254 51.499 81.9888
xyz -14.0445 52.546 82.2892
End loop
Boundary info init_edge IE_A_Wi [total exposed]: 17.939468 17.939468
Start boundary loop loop_id 13  init_edge IE_A_Wi
xyz -16.3523 54.3698 76.9859
xyz -17.6518 53.9362 78.0681
xyz -15.7089 53.2197 76.8539
End loop
Boundary info init_edge IE_A_Wi [total exposed]: 5.470678 5.470678
Start boundary loop loop_id 14  init_edge IE_B_Wi
xyz -14.2147 50.6737 81.2346
xyz -15.9254 51.499 81.9888
xyz -17.4349 51.611 83.3078
xyz -17.4692 51.0634 83.9214
xyz -18.3935 50.8781 82.2433
xyz -18.4492 50.7555 82.0908
xyz -18.2805 51.4831 81.5572
xyz -17.724 51.4196 80.7815
xyz -16.5962 50.5138 79.5203
xyz -15.5937 48.5394 78.8667
xyz -14.9657 47.0199 78.5702
xyz -14.9482 46.0817 78.92
xyz -14.2935 45.9684 78.7145
xyz -14.037 46.4667 78.4279
xyz -13.209 48.4415 79.98
xyz -13.9445 50.3627 80.7338
End loop
Boundary info init_edge IE_B_Wi [total exposed]: 22.586454 22.586454
Start boundary loop loop_id 15  init_edge IE_B_Wi
xyz -6.11684 45.2189 80.5893
xyz -2.74154 43.3943 82.164
xyz -2.44091 42.8979 82.4857
xyz -2.44996 42.6477 82.62
xyz -4.4688 40.978 83.1778
xyz -5.63374 43.2874 85.1467
xyz -5.00154 44.6588 85.3991
xyz -4.20907 44.5587 84.7999
xyz -3.40852 44.2271 84.0786
xyz -3.31625 44.2063 83.8786
xyz -3.40444 44.4068 82.8529
xyz -5.99478 45.9686 81.891
xyz -7.91374 46.9929 82.0738
xyz -8.12496 46.8586 81.6958
xyz -8.09019 45.7611 79.9536
End loop
Boundary info init_edge IE_B_Wi [total exposed]: 25.964048 25.964048
+-+Surf_areas::Interface areas<Areas altogether before UFind>: IE_A_B: 609.16 IE_A_Wi: 169.82 IE_B_Wi: 224.20 
+-+Surf_areas::Chem Interface areas<Areas altogether before UFind>: ali: 69.36 aro: 1.47 hbd: 11.82 hbw: 221.40 hbdp: 0.00 elu: 24.85 elf: 271.42 hbwp: 0.00 ssb: 0.00 unk: 402.86 
+++UnionFindAlgo::processing merged ccs...

+-+MCC_record::Boundary nets of merged cc after union-find
Start boundary net with  1 loops
Start boundary loop loop_id 1
Start boundary loop auf loop_id 1  init_edge IE_A_B
xyz -21.216 54.4192 88.3519
xyz -20.8686 53.7387 88.3546
xyz -21.4672 54.0561 88.8356
xyz -21.327 54.3385 88.5203
End loop. Loop info [total exposed]: 2.25812 2.25812
End net. Net info [total exposed]: 2.25812 2.25812
Start boundary net with  1 loops
Start boundary loop loop_id 6
Start boundary loop auf loop_id 6  init_edge IE_A_B
xyz 5.0803 40.6559 90.7736
xyz 8.81944 32.975 100.993
xyz 8.76961 32.0337 103.55
xyz 8.37526 31.7023 105.417
xyz 7.25293 32.8836 105.251
xyz 7.01458 33.3285 105.551
xyz 8.32407 35.1321 111.257
xyz 5.80216 46.5439 110.453
xyz 2.93412 46.8095 107.173
xyz -0.0166419 46.0096 103.599
xyz -2.21976 44.0255 94.8829
xyz -1.26174 43.8173 94.0028
xyz -1.11071 43.816 94.0013
xyz -1.13316 43.7851 93.2574
xyz 1.31208 42.7454 92.3157
xyz 1.47162 42.5743 92.2328
xyz 4.18175 41.144 90.0423
End loop. Loop info [total exposed]: 66.6274 59.7934
End net. Net info [total exposed]: 66.6274 59.7934
Start boundary net with  1 loops
Start boundary loop loop_id 4
Start boundary loop auf loop_id 4  init_edge IE_A_B
xyz -6.24151 45.8625 86.7732
xyz -6.38487 45.9308 86.75
xyz -6.36137 46.0287 86.9075
End loop. Loop info [total exposed]: 0.592489 0.592489
End net. Net info [total exposed]: 0.592489 0.592489
Start boundary net with  2 loops
Start boundary loop loop_id 0
Start boundary loop auf loop_id 0  init_edge IE_A_B
xyz -22.0387 54.1075 91.3227
xyz -18.9591 52.1915 91.1296
xyz -18.343 52.0646 91.2264
xyz -18.31 52.0495 91.2358
xyz -17.9334 51.6509 91.4568
xyz -16.1995 50.3141 88.5151
xyz -15.7728 50.2214 88.1593
xyz -16.1774 50.3784 87.8304
xyz -16.3165 50.6066 87.1057
xyz -16.7497 51.0816 86.7204
xyz -17.4991 50.7715 84.9127
xyz -17.5332 50.7691 84.8656
xyz -17.5983 50.7889 84.8496
xyz -17.5428 50.8565 84.6861
xyz -17.5094 51.9404 83.5083
xyz -17.8563 52.525 83.4872
xyz -20.5885 55.051 85.4715
xyz -20.8938 54.9987 86.0394
xyz -21.1298 54.9291 87.0549
xyz -21.163 55.3173 86.03
xyz -21.2895 55.3492 85.8989
xyz -21.9167 55.28 85.8418
xyz -22.9507 54.8341 85.8355
xyz -22.2261 55.7342 84.9316
xyz -23.1291 56.1615 84.2423
xyz -23.416 56.1711 84.1713
xyz -25.8506 54.0916 86.1009
xyz -26.6652 53.711 86.2537
xyz -26.66 53.5323 86.396
xyz -29.2877 53.079 89.5148
xyz -27.4477 52.4791 90.17
xyz -24.6022 51.8128 90.3742
xyz -24.6268 51.8175 90.4929
xyz -23.7269 52.9539 92.4122
End loop. Loop info [total exposed]: 46.4945 35.0501
Start boundary loop loop_id 8
Start boundary loop auf loop_id 8  init_edge IE_A_Wi
xyz -22.0387 54.1075 91.3227
xyz -21.9763 54.7061 91.6553
xyz -21.4803 55.5962 92.257
xyz -18.7209 55.1164 92.737
xyz -18.8293 55.2999 94.8605
xyz -19.0784 55.3954 95.4965
xyz -18.8709 55.6617 96.0458
xyz -18.7168 55.6229 96.3212
xyz -18.3909 55.4111 96.8307
xyz -17.2652 53.4535 97.9039
xyz -15.9187 52.6097 101.321
xyz -15.7789 51.8941 101.698
xyz -15.8183 52.0721 101.943
xyz -18.4139 55.642 105.957
xyz -20.785 52.8496 100.642
xyz -18.9826 56.5368 106.636
xyz -19.4239 57.3666 106.921
xyz -26.6801 59.1828 99.646
xyz -23.8289 52.0038 95.9634
xyz -24.2001 53.0143 94.4692
xyz -22.4942 51.2579 94.276
xyz -22.662 51.1569 93.6415
xyz -24.4955 52.7372 93.1151
xyz -23.7269 52.9539 92.4122
End loop. Loop info [total exposed]: 67.0147 64.6979
End net. Net info [total exposed]: 113.509 99.748
Start boundary net with  2 loops
Start boundary loop loop_id 5
Start boundary loop auf loop_id 5  init_edge IE_A_B
xyz -10.0419 48.9875 90.058
xyz -12.0026 50.5628 90.9942
xyz -12.1585 50.5852 91.022
xyz -12.9855 50.3713 91.9171
xyz -14.0931 50.7066 93.4255
xyz -14.4566 50.6052 93.187
xyz -14.8786 50.3137 93.3547
xyz -15.4069 49.8658 93.3976
xyz -16.7968 50.4534 93.0512
xyz -17.1417 50.7724 92.9202
xyz -17.2282 50.8007 92.8576
xyz -17.7197 51.1585 92.2699
xyz -17.7483 51.1531 93.2832
xyz -17.7871 51.1466 93.3442
xyz -18.5718 51.3237 94.6937
xyz -17.8947 50.202 96.4369
xyz -17.3852 49.7578 97.7345
xyz -15.9344 48.9625 99.0265
xyz -15.7311 48.8944 98.9862
xyz -14.3431 48.5836 97.9205
xyz -14.0042 48.6643 96.8593
xyz -13.9891 48.0912 97.2174
xyz -12.9831 47.3344 96.9765
xyz -10.8258 47.7618 95.1396
xyz -10.5836 47.9002 94.8751
xyz -11.0133 48.7076 94.6662
xyz -10.6904 48.6864 94.5522
xyz -10.0036 48.373 94.4338
xyz -9.40617 48.1782 94.1296
xyz -9.12585 48.1571 93.8048
xyz -8.71747 47.846 92.8576
xyz -8.93636 48.0673 90.948
xyz -9.85745 48.8374 90.0553
End loop. Loop info [total exposed]: 35.2938 16.6044
Start boundary loop loop_id 9
Start boundary loop auf loop_id 9  init_edge IE_A_Wi
xyz -8.93636 48.0673 90.948
xyz -8.74859 47.6037 91.1084
xyz -7.64791 47.3012 90.8678
xyz -7.06884 46.5265 90.0218
xyz -7.09613 46.4318 89.9083
xyz -9.98911 46.5583 89.7592
xyz -10.4357 46.5592 89.3001
xyz -10.5823 46.5405 88.705
xyz -10.6806 46.6951 88.974
xyz -11.523 46.7228 89.1655
xyz -11.4637 46.7219 89.1921
xyz -10.6506 46.6973 89.0889
xyz -9.96368 48.7461 89.9397
xyz -10.0419 48.9875 90.058
xyz -9.85745 48.8374 90.0553
End loop. Loop info [total exposed]: 13.6915 11.9576
End net. Net info [total exposed]: 48.9853 28.5619
Start boundary net with  1 loops
Start boundary loop loop_id 10
Start boundary loop auf loop_id 10  init_edge IE_A_Wi
xyz -15.7728 50.2214 88.1593
xyz -15.6047 49.8872 88.3808
xyz -15.6504 50.1933 88.1213
xyz -15.6825 50.2204 88.113
End loop. Loop info [total exposed]: 0.982892 0.982892
End net. Net info [total exposed]: 0.982892 0.982892
Start boundary net with  2 loops
Start boundary loop loop_id 3
Start boundary loop auf loop_id 3  init_edge IE_A_B
xyz -3.61203 44.7974 85.1516
xyz -5.00231 44.7808 85.7114
xyz -5.00154 44.6588 85.3991
xyz -5.73003 45.0046 85.278
xyz -6.8263 45.673 84.7038
xyz -8.27827 46.2311 83.9839
xyz -7.90778 46.9661 82.2322
xyz -7.97254 47.3112 82.125
xyz -8.09262 47.7233 82.1251
xyz -8.17586 47.8777 82.2397
xyz -8.45664 48.0807 82
xyz -8.81555 48.3388 82.0013
xyz -8.95808 48.3704 81.7762
xyz -10.0357 49.1882 80.3962
xyz -10.9714 49.5688 80.3991
xyz -11.5183 49.9996 80.4909
xyz -12.498 50.7074 80.8146
xyz -12.8256 50.8649 81.12
xyz -14.2147 50.6737 81.2346
xyz -14.8564 48.6527 83.9897
xyz -16.8212 49.9248 84.5119
xyz -16.8962 50.0283 84.7028
xyz -16.9983 50.1833 84.8336
xyz -16.7753 50.4019 85.2726
xyz -15.856 50.4194 87.5098
xyz -15.7978 50.4174 87.5604
xyz -15.7388 50.3036 87.8519
xyz -15.6504 50.1933 88.1213
xyz -15.3337 50.0743 88.3202
xyz -14.7564 50.2624 87.5586
xyz -14.0288 50.2173 86.9369
xyz -13.3459 49.774 86.8339
xyz -13.0518 49.7216 86.8062
xyz -11.3492 49.0906 86.947
xyz -10.5151 48.5382 86.5368
xyz -10.4925 48.4991 86.4782
xyz -10.4154 48.3121 86.3291
xyz -9.40838 48.2158 85.6376
xyz -9.13432 46.9043 85.9613
xyz -7.60856 46.3197 86.7308
xyz -6.56437 46.2918 87.2003
xyz -7.09613 46.4318 89.9083
xyz -6.43026 45.2772 89.9788
xyz -5.7305 45.3703 91.0704
xyz -5.05053 45.2148 91.2081
xyz -4.18939 44.8855 92.2416
xyz -2.78491 44.209 92.6964
xyz -2.53835 43.8598 90.7412
xyz -2.34856 43.3323 89.1546
xyz -1.56051 43.1977 88.0738
xyz -1.53698 43.216 87.9649
xyz -2.95907 44.4474 86.5165
End loop. Loop info [total exposed]: 57.0241 21.3311
Start boundary loop loop_id 11
Start boundary loop auf loop_id 11  init_edge IE_B_Wi
xyz 5.47666 41.5953 87.4145
xyz 5.40986 41.4596 87.5289
xyz 5.25989 41.3913 87.6163
xyz 4.33595 41.0036 88.3956
xyz 2.47585 40.3426 90.849
xyz 4.18175 41.144 90.0423
xyz 6.05056 41.8181 87.651
xyz 3.34201 44.2295 89.3193
xyz 2.40549 44.5405 90.1734
xyz 1.67418 44.1129 91.1962
xyz -0.203718 44.387 92.2572
xyz -1.13316 43.7851 93.2574
xyz -1.1353 43.7851 93.2581
xyz -2.3406 44.0394 93.3559
xyz -2.48777 43.7492 93.2376
xyz -2.66438 43.0348 92.9472
xyz -2.82802 43.2437 92.7145
xyz -2.80957 43.8477 92.7669
xyz -2.78491 44.209 92.6964
xyz -2.53835 43.8598 90.7412
xyz -1.77389 44.5457 91.8798
xyz -2.63268 44.3325 92.8698
xyz -2.45461 44.2622 93.1348
xyz -0.202717 44.4091 92.2312
xyz 1.65645 44.7839 90.4438
xyz 1.28462 44.8975 90.0267
xyz 1.51125 44.8195 89.6107
xyz 3.34201 44.2295 89.3193
xyz 7.65553 44.3368 87.341
xyz 6.3609 46.5942 85.9595
xyz 5.75777 47.4033 85.5251
xyz 5.48991 47.5931 85.4785
xyz 5.00674 47.8287 85.1026
xyz 4.99597 47.8216 85.0605
xyz 3.76118 47.4897 84.2937
xyz -1.95633 46.5003 85.3593
xyz -3.13417 45.4037 84.8268
xyz -3.26542 45.344 85.0144
xyz -3.33128 45.3572 85.2795
xyz -3.30399 45.4046 85.3785
xyz -3.35974 45.3267 85.3201
xyz -3.61203 44.7974 85.1516
xyz -3.60368 44.7459 85.0163
xyz -3.40852 44.2271 84.0786
xyz -2.44996 42.6477 82.62
xyz -1.66203 41.6311 82.3362
xyz -1.33421 41.444 82.9843
xyz 4.34373 41.4193 86.2436
End loop. Loop info [total exposed]: 71.2662 69.2649
End net. Net info [total exposed]: 128.29 90.596
Start boundary net with  1 loops
Start boundary loop loop_id 14
Start boundary loop auf loop_id 14  init_edge IE_B_Wi
xyz -14.2147 50.6737 81.2346
xyz -15.9254 51.499 81.9888
xyz -17.4349 51.611 83.3078
xyz -17.4692 51.0634 83.9214
xyz -18.3935 50.8781 82.2433
xyz -18.4492 50.7555 82.0908
xyz -18.2805 51.4831 81.5572
xyz -17.724 51.4196 80.7815
xyz -16.5962 50.5138 79.5203
xyz -15.5937 48.5394 78.8667
xyz -14.9657 47.0199 78.5702
xyz -14.9482 46.0817 78.92
xyz -14.2935 45.9684 78.7145
xyz -14.037 46.4667 78.4279
xyz -13.209 48.4415 79.98
xyz -13.9445 50.3627 80.7338
End loop. Loop info [total exposed]: 22.5865 22.5865
End net. Net info [total exposed]: 22.5865 22.5865
Start boundary net with  1 loops
Start boundary loop loop_id 15
Start boundary loop auf loop_id 15  init_edge IE_B_Wi
xyz -6.11684 45.2189 80.5893
xyz -2.74154 43.3943 82.164
xyz -2.44091 42.8979 82.4857
xyz -2.44996 42.6477 82.62
xyz -4.4688 40.978 83.1778
xyz -5.63374 43.2874 85.1467
xyz -5.00154 44.6588 85.3991
xyz -4.20907 44.5587 84.7999
xyz -3.40852 44.2271 84.0786
xyz -3.31625 44.2063 83.8786
xyz -3.40444 44.4068 82.8529
xyz -5.99478 45.9686 81.891
xyz -7.91374 46.9929 82.0738
xyz -8.12496 46.8586 81.6958
xyz -8.09019 45.7611 79.9536
End loop. Loop info [total exposed]: 25.964 25.964
End net. Net info [total exposed]: 25.964 25.964
+-+Surf_areas::Interface areas<for merged connected component>: IE_A_B: 513.51 IE_A_Wi: 141.53 IE_B_Wi: 212.76 
+-+Surf_areas::Chem Interface areas<for merged connected component>: ali: 52.55 aro: 1.47 hbd: 2.42 hbw: 192.05 hbdp: 0.00 elu: 24.85 elf: 236.54 hbwp: 0.00 ssb: 0.00 unk: 357.93 
+-+MCC_record::dump_stats::Nb loops_before - nets_after uf merge: 12 9

+-+MCC_record::Boundary nets of merged cc after union-find
Start boundary net with  1 loops
Start boundary loop loop_id 12
Start boundary loop auf loop_id 12  init_edge IE_A_Wi
xyz -13.3103 53.1102 82.2512
xyz -12.1673 52.6817 81.6657
xyz -12.0171 52.6716 81.5594
xyz -12.1261 51.8451 81.1834
xyz -12.498 50.7074 80.8146
xyz -12.5359 50.6322 80.7216
xyz -13.9445 50.3627 80.7338
xyz -16.5962 50.5138 79.5203
xyz -16.6136 50.5238 79.4954
xyz -17.8751 51.4521 79.9663
xyz -18.111 52.407 79.5191
xyz -18.0849 51.6307 80.3125
xyz -17.724 51.4196 80.7815
xyz -15.9254 51.499 81.9888
xyz -14.0445 52.546 82.2892
End loop. Loop info [total exposed]: 17.9395 17.9395
End net. Net info [total exposed]: 17.9395 17.9395
Start boundary net with  2 loops
Start boundary loop loop_id 2
Start boundary loop auf loop_id 2  init_edge IE_A_B
xyz -15.7089 53.2197 76.8539
xyz -16.3523 54.3698 76.9859
xyz -16.805 55.8605 75.8383
xyz -15.7983 55.7871 72.49
xyz -15.3425 55.1941 71.9931
xyz -13.954 51.8976 73.1909
xyz -14.156 51.7868 74.0912
xyz -13.934 51.7572 73.6132
xyz -13.8577 51.7803 73.3366
xyz -13.7516 51.7335 73.0213
xyz -13.3428 51.7573 72.8974
xyz -13.7181 51.9999 71.2983
xyz -13.7145 52.0402 70.9429
xyz -12.5841 51.9086 70.5398
xyz -11.7845 51.8027 70.366
xyz -10.8051 51.6575 70.2878
xyz -9.91476 51.4722 70.6814
xyz -8.33563 51.1239 71.551
xyz -7.62608 50.8408 73.0444
xyz -7.35804 51.1111 73.8947
xyz -7.7535 51.6202 75.0846
xyz -7.5072 51.028 75.5473
xyz -7.27347 50.5327 75.6949
xyz -7.97204 49.4733 76.7752
xyz -8.61303 48.9621 77.4904
xyz -9.61511 48.3019 79.1865
xyz -9.85913 48.4404 79.2938
xyz -10.2169 48.7107 79.6026
xyz -11.0787 49.463 80.1841
xyz -11.4231 49.8125 80.3376
xyz -12.5359 50.6322 80.7216
xyz -12.7348 52.4767 77.1879
xyz -12.7334 52.487 77.181
xyz -12.7482 52.4799 77.1771
xyz -14.9057 52.2827 76.7911
End loop. Loop info [total exposed]: 43.4923 34.711
Start boundary loop loop_id 13
Start boundary loop auf loop_id 13  init_edge IE_A_Wi
xyz -16.3523 54.3698 76.9859
xyz -17.6518 53.9362 78.0681
xyz -15.7089 53.2197 76.8539
End loop. Loop info [total exposed]: 5.47068 4.14628
End net. Net info [total exposed]: 48.963 38.8573
+-+Surf_areas::Interface areas<for merged connected component>: IE_A_B: 82.66 IE_A_Wi: 28.29 IE_B_Wi: 11.44 
+-+Surf_areas::Chem Interface areas<for merged connected component>: ali: 3.82 aro: 0.00 hbd: 9.40 hbw: 29.35 hbdp: 0.00 elu: 0.00 elf: 34.89 hbwp: 0.00 ssb: 0.00 unk: 44.94 
+-+MCC_record::dump_stats::Nb loops_before - nets_after uf merge: 3 2

+-+MCC_record::Boundary nets of merged cc after union-find
Start boundary net with  1 loops
Start boundary loop loop_id 7
Start boundary loop auf loop_id 7  init_edge IE_A_B
xyz -2.76395 45.0113 94.2536
xyz -3.05888 45.4537 95.3106
xyz -3.2564 45.5834 95.433
xyz -6.27462 47.0647 95.5476
xyz -7.13774 47.3485 95.0892
xyz -7.27643 47.3609 94.8988
xyz -7.16517 46.9326 93.5819
xyz -6.25251 46.2751 92.8112
xyz -3.56271 44.9467 92.6798
xyz -2.79093 44.6696 93.008
xyz -2.65003 44.6918 93.3236
End loop. Loop info [total exposed]: 14.0421 14.0421
End net. Net info [total exposed]: 14.0421 14.0421
+-+Surf_areas::Interface areas<for merged connected component>: IE_A_B: 12.99 
+-+Surf_areas::Chem Interface areas<for merged connected component>: ali: 12.99 aro: 0.00 hbd: 0.00 hbw: 0.00 hbdp: 0.00 elu: 0.00 elf: 0.00 hbwp: 0.00 ssb: 0.00 unk: 0.00 
+-+MCC_record::dump_stats::Nb loops_before - nets_after uf merge: 1 1
