Begin VSO per interface edge
1550 4201  3
1550 4202  3
1551 4200  2
1551 4201  3
1551 4202  2
1551 4203  1
1551 4205  2
1552 4201  3
1552 4202  2
1552 4212  2
1766 4541  2
1766 4544  2
1768 4544  1
1769 4541  1
1769 4544  2
1785 4543  3
1785 4544  3
1785 4545  4
1786 4545  4
1786 4614  4
1787 4544  2
1788 4543  2
1788 4544  3
1788 4545  3
1789 4541  1
1789 4543  2
1789 4544  2
1790 3944  1
1790 4520  1
1790 4543  1
1790 4545  2
1790 4615  1
1791 3944  1
1791 3945  1
1791 4520  1
1791 4529  1
1792 4544  2
1793 4543  3
1793 4544  2
1793 4545  4
1793 4555  4
1793 4614  5
1794 4545  4
1794 4614  4
1795 4545  3
1795 4555  3
1795 4556  3
1795 4557  2
1795 4593  1
1795 4594  2
1795 4606  2
1795 4612  3
1795 4614  3
1796 4543  2
1796 4544  1
1796 4555  3
1796 4556  2
1796 4557  1
1799 4606  2
1800 4605  2
1800 4612  4
1800 4613  5
1800 4614  4
1801 4594  3
1801 4603  3
1801 4605  2
1801 4606  2
1801 4612  3
1805 4605  1
1805 4606  1
1807 4603  4
1807 4604  3
1807 4608  3
1807 4612  4
1807 4637  2
1808 4514  3
1808 4608  4
1808 4612  4
1808 4613  4
1808 4615  3
1808 4637  3
1809 4513  2
1809 4514  2
1809 4515  1
1809 4608  3
1809 4611  3
1809 4612  3
1809 4636  1
1809 4637  2
1810 4636  1
1810 4637  1
1811 4637  1
1812 4603  3
1812 4604  2
1812 4605  2
1812 4637  1
1812 4638  1
1814 4602  1
1814 4604  1
1814 4605  1
1818 4612  5
1818 4613  4
1818 4614  4
1819 4511  1
1819 4513  2
1819 4514  2
1819 4545  3
1819 4613  3
1819 4614  3
1819 4615  2
1820 4203  1
1820 4513  2
1820 4514  3
1820 4515  2
1821 4203  1
1821 4220  1
1821 4511  1
1821 4513  1
1821 4515  2
1823 4202  1
1823 4203  1
1826 4203  2
1827 4203  1
1828 4202  2
1828 4203  1
1829 4202  1
1832 4212  2
1832 4214  1
1833 4202  2
1833 4212  2
1833 4213  2
1833 4214  1
1833 4215  3
1833 4216  2
1833 4222  1
1834 4202  1
1834 4215  2
1834 4216  2
1834 4219  2
1834 4220  2
1834 4221  1
1834 4222  1
2118 4205  1
2120 4205  1
2120 4207  1
2121 4205  2
2121 4207  1
2127 4188  2
2127 4194  1
2127 4200  2
2127 4205  2
2130 4194  1
2131 4194  2
2131 4200  3
2131 4201  3
2135 4212  1
2136 4179  1
2136 4186  1
2136 4187  2
2136 4188  1
2136 4193  2
2136 4194  2
2136 4200  3
2136 4201  3
2136 4211  2
2136 4212  1
2137 4201  2
2137 4211  2
2137 4212  1
2142 4188  1
2143 4188  2
2143 4189  1
2146 4188  2
2146 4189  2
2146 4192  3
2146 4194  2
2146 4198  2
2147 4189  1
2148 4187  2
2148 4188  2
2148 4189  1
2148 4190  2
2148 4192  3
2148 4194  3
2148 4196  3
2148 4198  2
2149 4198  2
2150 4190  1
2150 4196  2
2150 4198  1
2150 4696  2
2150 4697  2
2151 4187  3
2151 4190  2
2151 4191  3
2151 4192  4
2151 4195  4
2151 4196  3
2151 4198  2
2151 4697  3
2152 4695  1
2152 4696  1
2152 4697  1
2160 4194  1
2160 4198  2
2162 4198  1
2163 4198  2
2164 4198  1
2219 4207  2
2219 4210  1
2220 4207  2
2220 4210  2
2221 4198  1
2221 4207  1
2221 4210  1
2222 4205  1
2222 4207  2
End VSO per interface edge

Voronoi Facets of interface MI_AB
FBeg
 1810   CB TYR A 234  4637   CG PRO B 288 ali
101.502 19.433 0.627 100.585 15.883 2.823  7.85
103.901535 17.380206 2.469375 
103.636372 16.454887 0.862802 
102.977142 16.584492 0.797038 
99.941246 17.569784 1.122115 
100.600678 18.253179 2.502240 
101.791918 18.255889 3.004055 
103.910319 17.477855 2.630900 
FEnd
FBeg
 1810   CB TYR A 234  4636   CB PRO B 288 ali
101.502 19.433 0.627 100.916 16.084 4.283  1.71
101.791918 18.255889 3.004055 
103.910319 17.477855 2.630900 
103.946274 17.907945 3.030638 
103.826929 18.201429 3.280349 
103.474650 18.689086 3.670592 
FEnd
FBeg
 1809    O TYR A 234  4636   CB PRO B 288 unk
100.356 19.701 3.346 100.916 16.084 4.283  5.23
103.474650 18.689086 3.670592 
101.791918 18.255889 3.004055 
99.002440 17.997068 3.672096 
101.070966 18.622115 4.848639 
101.116075 18.632022 4.859922 
102.904380 18.860355 4.672545 
FEnd
FBeg
 1809    O TYR A 234  4515  NH2 ARG B 272 hbd
100.356 19.701 3.346 100.894 18.472 6.983  2.06
101.116075 18.632022 4.859922 
102.904380 18.860355 4.672545 
102.914790 18.899125 4.684107 
102.818349 19.943645 5.051332 
101.611261 20.123788 5.290763 
FEnd
FBeg
 1820    C GLY A 235  4515  NH2 ARG B 272 unk
101.035 22.717 4.500 100.894 18.472 6.983  1.19
102.818349 19.943645 5.051332 
101.611261 20.123788 5.290763 
101.697834 20.634381 6.168603 
102.725148 20.508682 6.012042 
FEnd
FBeg
 1820    C GLY A 235  4203   CB TYR B 234 ali
101.035 22.717 4.500 105.240 18.791 7.217  0.13
102.725148 20.508682 6.012042 
102.818349 19.943645 5.051332 
102.827040 19.945699 5.040850 
102.887102 20.650972 5.966997 
FEnd
FBeg
 1821    O GLY A 235  4203   CB TYR B 234 unk
101.238 22.869 5.710 105.240 18.791 7.217  0.99
102.887102 20.650972 5.966997 
102.725148 20.508682 6.012042 
102.646915 20.814693 7.047876 
103.230850 21.498630 7.347933 
103.472964 21.554235 6.855443 
FEnd
FBeg
 1821    O GLY A 235  4220  OG1 THR B 236 hbd
101.238 22.869 5.710 102.150 20.303 9.784  3.40
102.646915 20.814693 7.047876 
103.230850 21.498630 7.347933 
103.227246 21.957551 7.637790 
100.775274 22.349202 8.433366 
100.279069 21.784785 8.188949 
101.688586 20.982350 7.368004 
FEnd
FBeg
 1821    O GLY A 235  4513   CZ ARG B 272 unk
101.238 22.869 5.710 99.652 18.925 6.842  3.73
100.279069 21.784785 8.188949 
99.885266 21.943991 8.191895 
99.283831 21.841741 6.993001 
100.196694 21.286795 6.338491 
101.697834 20.634381 6.168603 
101.688586 20.982350 7.368004 
FEnd
FBeg
 1819   CA GLY A 235  4513   CZ ARG B 272 ali
99.667 22.311 3.992 99.652 18.925 6.842  1.27
99.283831 21.841741 6.993001 
100.196694 21.286795 6.338491 
100.726359 20.567658 5.486893 
98.854598 21.334976 6.388670 
FEnd
FBeg
 1819   CA GLY A 235  4511   CD ARG B 272 ali
99.667 22.311 3.992 97.489 19.524 7.876  1.48
98.854598 21.334976 6.388670 
99.283831 21.841741 6.993001 
98.803311 22.521799 7.211525 
97.889544 22.666906 6.803242 
98.481256 21.246931 6.116136 
FEnd
FBeg
 1819   CA GLY A 235  4615  NE2 GLN B 285 unk
99.667 22.311 3.992 96.729 20.808 4.568  7.62
97.889544 22.666906 6.803242 
96.789053 24.011161 4.697641 
96.790914 23.997363 4.671126 
97.037914 23.339930 4.215509 
98.489074 20.360290 3.842436 
98.646904 20.159090 4.122471 
98.481256 21.246931 6.116136 
FEnd
FBeg
 1808    C TYR A 234  4615  NE2 GLN B 285 unk
100.082 20.482 2.444 96.729 20.808 4.568  0.07
98.489074 20.360290 3.842436 
98.646904 20.159090 4.122471 
98.549278 19.925146 4.004263 
98.472388 20.211871 3.838874 
FEnd
FBeg
 1808    C TYR A 234  4613   CD GLN B 285 ali
100.082 20.482 2.444 96.509 20.864 3.265  0.21
98.472388 20.211871 3.838874 
98.489074 20.360290 3.842436 
98.406792 20.829455 3.266047 
98.282096 20.892321 2.694117 
FEnd
FBeg
 1818    N GLY A 235  4613   CD GLN B 285 unk
99.723 21.735 2.660 96.509 20.864 3.265  1.82
98.406792 20.829455 3.266047 
98.282096 20.892321 2.694117 
97.848050 21.611427 1.423571 
97.732481 22.004619 1.375686 
97.770924 22.619555 2.465216 
FEnd
FBeg
 1818    N GLY A 235  4614  OE1 GLN B 285 hbd
99.723 21.735 2.660 96.163 21.892 2.697  0.28
97.732481 22.004619 1.375686 
97.770924 22.619555 2.465216 
97.776797 22.767782 2.401365 
97.755561 22.480795 1.575826 
97.736682 22.105190 1.353117 
FEnd
FBeg
 1800    C LEU A 233  4614  OE1 GLN B 285 unk
98.683 21.015 -0.742 96.163 21.892 2.697  0.11
97.736682 22.105190 1.353117 
97.732481 22.004619 1.375686 
97.277604 21.709002 1.117752 
97.007859 21.661832 0.932120 
97.124961 21.800270 0.982625 
FEnd
FBeg
 1795    O SER A 232  4614  OE1 GLN B 285 hbd
96.258 22.932 -0.374 96.163 21.892 2.697  2.13
97.007859 21.661832 0.932120 
95.929706 21.413908 0.814808 
95.014972 23.042163 1.337923 
95.885178 23.294148 1.450177 
97.124961 21.800270 0.982625 
FEnd
FBeg
 1795    O SER A 232  4545  NH2 ARG B 276 hbd
96.258 22.932 -0.374 95.298 25.081 2.244  0.75
95.014972 23.042163 1.337923 
95.885178 23.294148 1.450177 
95.674052 23.493632 1.209012 
94.842781 23.904967 0.566545 
94.680987 23.331355 0.978068 
FEnd
FBeg
 1795    O SER A 232  4555  CE2 TYR B 277 unk
96.258 22.932 -0.374 93.180 25.291 1.704  0.79
94.842781 23.904967 0.566545 
94.543568 24.142470 -0.146280 
94.415720 24.114478 -0.303875 
94.050639 23.579783 -0.237644 
94.680987 23.331355 0.978068 
FEnd
FBeg
 1795    O SER A 232  4556   CZ TYR B 277 unk
96.258 22.932 -0.374 92.458 25.644 0.574  0.85
94.415720 24.114478 -0.303875 
94.011604 23.920950 -1.370113 
93.500865 23.418476 -1.979919 
94.050639 23.579783 -0.237644 
FEnd
FBeg
 1795    O SER A 232  4557   OH TYR B 277 hbd
96.258 22.932 -0.374 93.110 26.241 -0.464  1.11
94.011604 23.920950 -1.370113 
93.446393 23.289633 -4.811745 
93.426947 23.338945 -2.318533 
93.500865 23.418476 -1.979919 
FEnd
FBeg
 1795    O SER A 232  4593   CB PRO B 282 unk
96.258 22.932 -0.374 92.787 20.097 -0.345  5.22
93.446393 23.289633 -4.811745 
93.491470 23.231236 -5.125365 
94.549889 21.950035 -3.692006 
95.265091 21.096685 -1.511921 
93.426947 23.338945 -2.318533 
FEnd
FBeg
 1795    O SER A 232  4606   OG SER B 284 hbd
96.258 22.932 -0.374 96.057 18.888 -1.891  1.36
94.549889 21.950035 -3.692006 
95.068637 21.773570 -3.290322 
95.990258 21.005881 -1.365939 
95.731767 20.807264 -0.802218 
95.265091 21.096685 -1.511921 
FEnd
FBeg
 1801    O LEU A 233  4606   OG SER B 284 hbd
97.846 20.116 -0.638 96.057 18.888 -1.891  3.72
95.990258 21.005881 -1.365939 
95.731767 20.807264 -0.802218 
95.794462 19.958484 -0.059888 
96.406807 19.001451 0.003759 
96.548215 18.932412 -0.130477 
97.370956 19.845936 -2.200461 
97.167254 20.155320 -2.212832 
FEnd
FBeg
 1801    O LEU A 233  4605   CB SER B 284 unk
97.846 20.116 -0.638 96.579 17.618 -2.244  3.46
96.548215 18.932412 -0.130477 
97.370956 19.845936 -2.200461 
97.917564 19.527804 -2.136863 
98.738195 18.816808 -1.678377 
98.445419 18.276252 -0.606609 
FEnd
FBeg
 1812  CD1 TYR A 234  4605   CB SER B 284 ali
100.760 17.703 -1.059 96.579 17.618 -2.244  1.83
98.738195 18.816808 -1.678377 
98.445419 18.276252 -0.606609 
98.591830 17.281681 -1.051849 
98.699117 16.757736 -1.392804 
98.911035 18.753157 -2.283639 
98.854742 18.930032 -2.097708 
FEnd
FBeg
 1814  CE1 TYR A 234  4605   CB SER B 284 ali
100.756 17.136 -2.330 96.579 17.618 -2.244  9.45
98.699117 16.757736 -1.392804 
98.624092 16.156389 -1.666426 
98.355435 14.243721 -3.995213 
98.341189 14.265858 -4.811198 
98.668283 17.085577 -4.727857 
98.911035 18.753157 -2.283639 
FEnd
FBeg
 1814  CE1 TYR A 234  4602   CA SER B 284 ali
100.756 17.136 -2.330 96.099 16.519 -1.286  2.20
98.624092 16.156389 -1.666426 
98.355435 14.243721 -3.995213 
98.806445 13.900692 -2.186105 
FEnd
FBeg
 1814  CE1 TYR A 234  4604    O SER B 284 unk
100.756 17.136 -2.330 98.017 16.337 0.177  4.29
98.699117 16.757736 -1.392804 
98.624092 16.156389 -1.666426 
98.806445 13.900692 -2.186105 
99.286875 13.557802 -1.770498 
99.726058 13.683972 -1.250461 
100.061598 13.958795 -0.796282 
100.176745 14.640854 -0.453102 
FEnd
FBeg
 1812  CD1 TYR A 234  4604    O SER B 284 unk
100.760 17.703 -1.059 98.017 16.337 0.177  5.36
98.591830 17.281681 -1.051849 
98.699117 16.757736 -1.392804 
100.176745 14.640854 -0.453102 
100.029572 15.477883 0.145350 
99.441174 17.488234 1.061339 
98.689735 18.126561 0.099169 
FEnd
FBeg
 1807   CA TYR A 234  4604    O SER B 284 unk
100.131 20.039 0.982 98.017 16.337 0.177  0.68
99.441174 17.488234 1.061339 
98.689735 18.126561 0.099169 
98.578794 17.986251 1.035761 
99.064728 17.618881 1.449104 
FEnd
FBeg
 1807   CA TYR A 234  4608   CA GLN B 285 ali
100.131 20.039 0.982 96.636 17.079 2.460  0.92
98.578794 17.986251 1.035761 
99.064728 17.618881 1.449104 
99.113691 18.120750 2.569985 
98.968417 18.267628 2.520610 
98.276859 18.300861 0.951852 
FEnd
FBeg
 1807   CA TYR A 234  4612   CG GLN B 285 ali
100.131 20.039 0.982 96.714 19.599 2.479  3.89
98.968417 18.267628 2.520610 
98.228146 21.056739 1.650672 
98.102503 21.253144 1.421611 
97.976025 19.802305 0.706485 
98.054561 18.625159 0.539760 
98.276859 18.300861 0.951852 
FEnd
FBeg
 1808    C TYR A 234  4608   CA GLN B 285 ali
100.082 20.482 2.444 96.636 17.079 2.460  0.05
99.113691 18.120750 2.569985 
98.968417 18.267628 2.520610 
98.972914 18.264770 2.881199 
99.102800 18.132518 2.727233 
FEnd
FBeg
 1808    C TYR A 234  4637   CG PRO B 288 ali
100.082 20.482 2.444 100.585 15.883 2.823  0.05
99.102800 18.132518 2.727233 
99.113691 18.120750 2.569985 
99.800149 18.195850 2.570236 
FEnd
FBeg
 1809    O TYR A 234  4608   CA GLN B 285 unk
100.356 19.701 3.346 96.636 17.079 2.460  0.20
98.972914 18.264770 2.881199 
98.839827 18.264674 3.440265 
98.862171 18.167178 3.634980 
98.976219 17.997314 3.658823 
99.102800 18.132518 2.727233 
FEnd
FBeg
 1809    O TYR A 234  4611   CB GLN B 285 unk
100.356 19.701 3.346 96.169 18.362 3.156  0.02
98.839827 18.264674 3.440265 
98.862171 18.167178 3.634980 
98.787647 18.398979 3.643657 
FEnd
FBeg
 1809    O TYR A 234  4612   CG GLN B 285 unk
100.356 19.701 3.346 96.714 19.599 2.479  0.35
98.972914 18.264770 2.881199 
98.839827 18.264674 3.440265 
98.787647 18.398979 3.643657 
98.732232 19.218424 3.780036 
FEnd
FBeg
 1807   CA TYR A 234  4603    C SER B 284 ali
100.131 20.039 0.982 96.814 16.614 0.076  0.63
98.689735 18.126561 0.099169 
98.578794 17.986251 1.035761 
98.276859 18.300861 0.951852 
98.054561 18.625159 0.539760 
98.553412 18.331853 -0.177807 
FEnd
FBeg
 1812  CD1 TYR A 234  4638   CD PRO B 288 ali
100.760 17.703 -1.059 99.618 14.756 2.782  0.62
100.176745 14.640854 -0.453102 
101.369190 14.345566 -0.325125 
100.029572 15.477883 0.145350 
FEnd
FBeg
 1812  CD1 TYR A 234  4603    C SER B 284 ali
100.760 17.703 -1.059 96.814 16.614 0.076  0.47
98.445419 18.276252 -0.606609 
98.591830 17.281681 -1.051849 
98.689735 18.126561 0.099169 
98.553412 18.331853 -0.177807 
FEnd
FBeg
 1800    C LEU A 233  4605   CB SER B 284 ali
98.683 21.015 -0.742 96.579 17.618 -2.244  0.25
97.917564 19.527804 -2.136863 
98.738195 18.816808 -1.678377 
98.854742 18.930032 -2.097708 
FEnd
FBeg
 1805  CD2 LEU A 233  4605   CB SER B 284 ali
98.395 20.332 -4.276 96.579 17.618 -2.244  41.44
97.370956 19.845936 -2.200461 
97.917564 19.527804 -2.136863 
98.854742 18.930032 -2.097708 
98.911035 18.753157 -2.283639 
98.668283 17.085577 -4.727857 
97.058302 15.839834 -7.830549 
94.077144 15.759705 -10.601836 
93.975705 15.807433 -10.628744 
93.225198 16.190597 -10.787708 
91.735812 19.177658 -8.129165 
FEnd
FBeg
 1801    O LEU A 233  4603    C SER B 284 unk
97.846 20.116 -0.638 96.814 16.614 0.076  1.37
96.406807 19.001451 0.003759 
96.548215 18.932412 -0.130477 
98.445419 18.276252 -0.606609 
98.553412 18.331853 -0.177807 
98.054561 18.625159 0.539760 
FEnd
FBeg
 1801    O LEU A 233  4612   CG GLN B 285 unk
97.846 20.116 -0.638 96.714 19.599 2.479  3.74
95.794462 19.958484 -0.059888 
96.406807 19.001451 0.003759 
98.054561 18.625159 0.539760 
97.976025 19.802305 0.706485 
96.508066 21.132884 0.394062 
96.048071 20.892877 0.187197 
FEnd
FBeg
 1801    O LEU A 233  4594   CG PRO B 282 unk
97.846 20.116 -0.638 93.386 20.969 0.714  0.48
95.731767 20.807264 -0.802218 
95.794462 19.958484 -0.059888 
96.048071 20.892877 0.187197 
FEnd
FBeg
 1799   CA LEU A 233  4606   OG SER B 284 unk
98.484 22.120 -1.764 96.057 18.888 -1.891  1.91
95.068637 21.773570 -3.290322 
95.990258 21.005881 -1.365939 
97.167254 20.155320 -2.212832 
FEnd
FBeg
 1805  CD2 LEU A 233  4606   OG SER B 284 unk
98.395 20.332 -4.276 96.057 18.888 -1.891  12.28
94.549889 21.950035 -3.692006 
95.068637 21.773570 -3.290322 
97.167254 20.155320 -2.212832 
97.370956 19.845936 -2.200461 
91.735812 19.177658 -8.129165 
91.477947 19.437424 -8.224673 
FEnd
FBeg
 1796   CB SER A 232  4557   OH TYR B 277 unk
96.286 26.047 -0.950 93.110 26.241 -0.464  28.90
94.011604 23.920950 -1.370113 
93.446393 23.289633 -4.811745 
93.373236 23.284261 -5.287683 
93.994555 29.930237 -3.880292 
94.405581 30.390757 -1.378079 
94.443447 30.275244 -1.084517 
94.516051 29.934149 -0.473890 
94.529201 29.184533 -0.088725 
94.526303 28.186154 0.290867 
94.448132 26.567416 0.426184 
FEnd
FBeg
 1796   CB SER A 232  4543   CZ ARG B 276 ali
96.286 26.047 -0.950 95.207 26.386 2.482  2.38
94.526303 28.186154 0.290867 
94.448132 26.567416 0.426184 
94.452638 26.540156 0.430293 
94.950064 25.430350 0.696303 
96.074573 26.649115 0.929457 
FEnd
FBeg
 1793   CA SER A 232  4543   CZ ARG B 276 ali
97.041 25.161 0.040 95.207 26.386 2.482  2.52
94.950064 25.430350 0.696303 
96.074573 26.649115 0.929457 
97.262596 25.856810 2.219141 
97.151366 25.248007 2.441003 
94.955414 25.410524 0.710267 
FEnd
FBeg
 1785    C LYS A 231  4543   CZ ARG B 276 ali
99.110 25.252 1.327 95.207 26.386 2.482  0.48
97.262596 25.856810 2.219141 
97.468529 25.918700 2.854270 
97.313472 25.140083 3.094757 
97.151366 25.248007 2.441003 
FEnd
FBeg
 1785    C LYS A 231  4545  NH2 ARG B 276 unk
99.110 25.252 1.327 95.298 25.081 2.244  0.39
97.313472 25.140083 3.094757 
97.151366 25.248007 2.441003 
97.184761 24.499474 2.440243 
97.348459 24.811272 3.178884 
FEnd
FBeg
 1788   CG LYS A 231  4545  NH2 ARG B 276 unk
99.597 26.022 4.134 95.298 25.081 2.244  1.16
97.348459 24.811272 3.178884 
97.313472 25.140083 3.094757 
96.703871 24.815191 4.643116 
96.878967 24.093870 4.603975 
97.238847 24.132721 3.766048 
FEnd
FBeg
 1790   CE LYS A 231  4545  NH2 ARG B 276 unk
99.096 25.772 6.500 95.298 25.081 2.244  0.77
96.703871 24.815191 4.643116 
95.840716 24.608401 5.446959 
96.031008 24.115961 5.357096 
96.789053 24.011161 4.697641 
96.878967 24.093870 4.603975 
FEnd
FBeg
 1790   CE LYS A 231  4520   CB ASP B 273 ali
99.096 25.772 6.500 93.984 23.463 8.328  7.75
95.840716 24.608401 5.446959 
96.031008 24.115961 5.357096 
97.186368 22.903574 7.056657 
97.403031 23.011234 7.798542 
97.064123 24.357633 8.551463 
95.545115 26.429731 6.920888 
95.508489 26.023643 6.305521 
95.684511 25.137994 5.679077 
FEnd
FBeg
 1791   NZ LYS A 231  4520   CB ASP B 273 unk
98.751 26.487 7.730 93.984 23.463 8.328  3.75
97.064123 24.357633 8.551463 
95.545115 26.429731 6.920888 
95.321086 26.973076 7.882640 
96.304577 25.711875 9.344900 
96.481398 25.470178 9.532214 
FEnd
FBeg
 1791   NZ LYS A 231  3944  OE1 GLN B 200 hbd
98.751 26.487 7.730 96.921 22.816 10.807  3.96
96.481398 25.470178 9.532214 
97.064123 24.357633 8.551463 
99.562252 23.915199 9.509345 
99.562427 23.915810 9.510178 
97.286242 25.762488 10.359621 
97.063005 25.744668 10.205594 
96.520414 25.539475 9.638092 
FEnd
FBeg
 1791   NZ LYS A 231  3945  NE2 GLN B 200 hbd
98.751 26.487 7.730 98.149 23.532 12.541  8.49
99.562427 23.915810 9.510178 
100.629741 26.596950 11.290534 
99.510949 28.207113 12.139530 
97.286242 25.762488 10.359621 
FEnd
FBeg
 1791   NZ LYS A 231  4529  OG1 THR B 274 hbd
98.751 26.487 7.730 94.779 27.407 11.195  32.94
95.321086 26.973076 7.882640 
96.304577 25.711875 9.344900 
96.520414 25.539475 9.638092 
97.063005 25.744668 10.205594 
99.554702 28.846191 12.238385 
100.179663 31.098026 12.356901 
100.059306 31.769718 12.040590 
99.632549 32.306781 11.408793 
98.775584 32.548118 10.362359 
96.448236 31.904116 7.865463 
FEnd
FBeg
 1790   CE LYS A 231  3944  OE1 GLN B 200 unk
99.096 25.772 6.500 96.921 22.816 10.807  3.62
97.403031 23.011234 7.798542 
99.171861 22.707025 8.483002 
99.565084 23.825558 9.449252 
99.562252 23.915199 9.509345 
97.064123 24.357633 8.551463 
FEnd
FBeg
 1790   CE LYS A 231  4543   CZ ARG B 276 ali
99.096 25.772 6.500 95.207 26.386 2.482  2.67
96.703871 24.815191 4.643116 
95.840716 24.608401 5.446959 
95.684511 25.137994 5.679077 
95.528478 25.915316 5.948885 
95.723352 26.466119 5.844437 
96.100758 26.880745 5.542507 
96.744005 25.819343 4.757717 
FEnd
FBeg
 1789   CD LYS A 231  4543   CZ ARG B 276 ali
99.431 26.778 5.414 95.207 26.386 2.482  1.67
96.100758 26.880745 5.542507 
96.744005 25.819343 4.757717 
97.083652 26.986621 4.112341 
96.660698 27.737326 4.621304 
FEnd
FBeg
 1789   CD LYS A 231  4541   CD ARG B 276 ali
99.431 26.778 5.414 93.913 28.260 3.438  7.16
96.660698 27.737326 4.621304 
96.100758 26.880745 5.542507 
96.054436 27.695349 6.282815 
96.089629 27.907775 6.343858 
96.784200 31.340978 6.979164 
97.161222 29.980691 4.906112 
97.233924 29.408829 4.274193 
FEnd
FBeg
 1766   CA ALA A 228  4541   CD ARG B 276 ali
98.988 30.997 1.545 93.913 28.260 3.438  0.50
97.161222 29.980691 4.906112 
97.233924 29.408829 4.274193 
96.655733 29.668982 3.100247 
FEnd
FBeg
 1766   CA ALA A 228  4544  NH1 ARG B 276 unk
98.988 30.997 1.545 96.180 27.202 2.087  2.36
97.233924 29.408829 4.274193 
96.655733 29.668982 3.100247 
96.482287 29.621169 1.866869 
97.913266 28.671453 2.630743 
97.668059 29.019939 3.800414 
FEnd
FBeg
 1787   CB LYS A 231  4544  NH1 ARG B 276 unk
100.015 26.883 2.986 96.180 27.202 2.087  3.43
97.913266 28.671453 2.630743 
97.668059 29.019939 3.800414 
97.580411 27.752336 3.724514 
97.701892 26.328987 2.701235 
97.923354 26.944786 1.975020 
98.061933 27.585578 1.611241 
FEnd
FBeg
 1792    N SER A 232  4544  NH1 ARG B 276 hbd
98.321 25.779 0.396 96.180 27.202 2.087  1.37
97.923354 26.944786 1.975020 
97.401853 26.161707 1.973711 
97.184476 27.343233 0.704216 
97.276227 27.588169 0.614267 
98.061933 27.585578 1.611241 
FEnd
FBeg
 1788   CG LYS A 231  4544  NH1 ARG B 276 unk
99.597 26.022 4.134 96.180 27.202 2.087  1.22
97.580411 27.752336 3.724514 
97.083652 26.986621 4.112341 
97.468529 25.918700 2.854270 
97.701892 26.328987 2.701235 
FEnd
FBeg
 1768    O ALA A 228  4544  NH1 ARG B 276 hbd
98.239 29.003 0.469 96.180 27.202 2.087  6.86
96.482287 29.621169 1.866869 
97.913266 28.671453 2.630743 
98.061933 27.585578 1.611241 
97.276227 27.588169 0.614267 
94.667799 29.749887 -0.298896 
95.417109 29.910107 0.832986 
FEnd
FBeg
 1769   CB ALA A 228  4544  NH1 ARG B 276 unk
97.931 32.097 1.651 96.180 27.202 2.087  0.60
96.655733 29.668982 3.100247 
96.482287 29.621169 1.866869 
95.417109 29.910107 0.832986 
FEnd
FBeg
 1769   CB ALA A 228  4541   CD ARG B 276 ali
97.931 32.097 1.651 93.913 28.260 3.438  31.62
96.784200 31.340978 6.979164 
97.161222 29.980691 4.906112 
96.655733 29.668982 3.100247 
95.417109 29.910107 0.832986 
94.314844 30.369977 -0.657992 
91.541638 32.924262 -1.408945 
95.083079 32.771101 6.224984 
96.059462 32.143124 7.071968 
96.591209 31.716667 7.351901 
FEnd
FBeg
 1789   CD LYS A 231  4544  NH1 ARG B 276 unk
99.431 26.778 5.414 96.180 27.202 2.087  1.97
97.083652 26.986621 4.112341 
96.660698 27.737326 4.621304 
97.233924 29.408829 4.274193 
97.668059 29.019939 3.800414 
97.580411 27.752336 3.724514 
FEnd
FBeg
 1786    O LYS A 231  4545  NH2 ARG B 276 hbd
98.884 24.153 1.841 95.298 25.081 2.244  1.06
97.184761 24.499474 2.440243 
97.348459 24.811272 3.178884 
97.238847 24.132721 3.766048 
97.178389 23.955460 3.636259 
96.952379 23.694002 2.227230 
FEnd
FBeg
 1788   CG LYS A 231  4543   CZ ARG B 276 ali
99.597 26.022 4.134 95.207 26.386 2.482  2.79
97.468529 25.918700 2.854270 
97.083652 26.986621 4.112341 
96.744005 25.819343 4.757717 
96.703871 24.815191 4.643116 
97.313472 25.140083 3.094757 
FEnd
FBeg
 1785    C LYS A 231  4544  NH1 ARG B 276 unk
99.110 25.252 1.327 96.180 27.202 2.087  0.68
97.262596 25.856810 2.219141 
97.468529 25.918700 2.854270 
97.701892 26.328987 2.701235 
97.923354 26.944786 1.975020 
97.401853 26.161707 1.973711 
FEnd
FBeg
 1793   CA SER A 232  4544  NH1 ARG B 276 unk
97.041 25.161 0.040 96.180 27.202 2.087  1.43
96.074573 26.649115 0.929457 
97.262596 25.856810 2.219141 
97.401853 26.161707 1.973711 
97.184476 27.343233 0.704216 
FEnd
FBeg
 1796   CB SER A 232  4544  NH1 ARG B 276 unk
96.286 26.047 -0.950 96.180 27.202 2.087  4.30
94.529201 29.184533 -0.088725 
94.526303 28.186154 0.290867 
96.074573 26.649115 0.929457 
97.184476 27.343233 0.704216 
97.276227 27.588169 0.614267 
94.667799 29.749887 -0.298896 
FEnd
FBeg
 1796   CB SER A 232  4556   CZ TYR B 277 ali
96.286 26.047 -0.950 92.458 25.644 0.574  1.35
94.415720 24.114478 -0.303875 
94.011604 23.920950 -1.370113 
94.448132 26.567416 0.426184 
94.452638 26.540156 0.430293 
FEnd
FBeg
 1796   CB SER A 232  4555  CE2 TYR B 277 ali
96.286 26.047 -0.950 93.180 25.291 1.704  1.10
94.543568 24.142470 -0.146280 
94.415720 24.114478 -0.303875 
94.452638 26.540156 0.430293 
94.950064 25.430350 0.696303 
FEnd
FBeg
 1793   CA SER A 232  4555  CE2 TYR B 277 ali
97.041 25.161 0.040 93.180 25.291 1.704  0.62
94.842781 23.904967 0.566545 
94.543568 24.142470 -0.146280 
94.950064 25.430350 0.696303 
94.955414 25.410524 0.710267 
FEnd
FBeg
 1793   CA SER A 232  4545  NH2 ARG B 276 unk
97.041 25.161 0.040 95.298 25.081 2.244  4.95
95.674052 23.493632 1.209012 
94.842781 23.904967 0.566545 
94.955414 25.410524 0.710267 
97.151366 25.248007 2.441003 
97.184761 24.499474 2.440243 
96.952379 23.694002 2.227230 
96.169519 23.392153 1.597161 
FEnd
FBeg
 1793   CA SER A 232  4614  OE1 GLN B 285 unk
97.041 25.161 0.040 96.163 21.892 2.697  0.24
96.952379 23.694002 2.227230 
96.169519 23.392153 1.597161 
97.110746 23.374321 1.886247 
FEnd
FBeg
 1794    C SER A 232  4545  NH2 ARG B 276 unk
97.184 23.744 -0.513 95.298 25.081 2.244  0.05
95.885178 23.294148 1.450177 
95.674052 23.493632 1.209012 
96.169519 23.392153 1.597161 
FEnd
FBeg
 1795    O SER A 232  4594   CG PRO B 282 unk
96.258 22.932 -0.374 93.386 20.969 0.714  9.38
95.929706 21.413908 0.814808 
95.014972 23.042163 1.337923 
94.680987 23.331355 0.978068 
94.050639 23.579783 -0.237644 
93.500865 23.418476 -1.979919 
93.426947 23.338945 -2.318533 
95.265091 21.096685 -1.511921 
95.731767 20.807264 -0.802218 
96.048071 20.892877 0.187197 
FEnd
FBeg
 1795    O SER A 232  4612   CG GLN B 285 unk
96.258 22.932 -0.374 96.714 19.599 2.479  0.55
97.007859 21.661832 0.932120 
95.929706 21.413908 0.814808 
96.048071 20.892877 0.187197 
96.508066 21.132884 0.394062 
FEnd
FBeg
 1800    C LEU A 233  4612   CG GLN B 285 ali
98.683 21.015 -0.742 96.714 19.599 2.479  2.14
97.277604 21.709002 1.117752 
97.007859 21.661832 0.932120 
96.508066 21.132884 0.394062 
97.976025 19.802305 0.706485 
98.102503 21.253144 1.421611 
97.848050 21.611427 1.423571 
FEnd
FBeg
 1794    C SER A 232  4614  OE1 GLN B 285 unk
97.184 23.744 -0.513 96.163 21.892 2.697  1.95
97.755561 22.480795 1.575826 
97.736682 22.105190 1.353117 
97.124961 21.800270 0.982625 
95.885178 23.294148 1.450177 
96.169519 23.392153 1.597161 
97.110746 23.374321 1.886247 
FEnd
FBeg
 1786    O LYS A 231  4614  OE1 GLN B 285 hbd
98.884 24.153 1.841 96.163 21.892 2.697  1.59
97.776797 22.767782 2.401365 
97.755561 22.480795 1.575826 
97.110746 23.374321 1.886247 
96.952379 23.694002 2.227230 
97.178389 23.955460 3.636259 
FEnd
FBeg
 1800    C LEU A 233  4613   CD GLN B 285 ali
98.683 21.015 -0.742 96.509 20.864 3.265  0.12
97.848050 21.611427 1.423571 
97.277604 21.709002 1.117752 
97.732481 22.004619 1.375686 
FEnd
FBeg
 1818    N GLY A 235  4612   CG GLN B 285 unk
99.723 21.735 2.660 96.714 19.599 2.479  0.38
98.282096 20.892321 2.694117 
97.848050 21.611427 1.423571 
98.102503 21.253144 1.421611 
98.228146 21.056739 1.650672 
FEnd
FBeg
 1808    C TYR A 234  4612   CG GLN B 285 ali
100.082 20.482 2.444 96.714 19.599 2.479  3.94
98.549278 19.925146 4.004263 
98.472388 20.211871 3.838874 
98.282096 20.892321 2.694117 
98.228146 21.056739 1.650672 
98.968417 18.267628 2.520610 
98.972914 18.264770 2.881199 
98.732232 19.218424 3.780036 
FEnd
FBeg
 1808    C TYR A 234  4514  NH1 ARG B 272 unk
100.082 20.482 2.444 99.197 19.243 5.627  0.51
98.646904 20.159090 4.122471 
98.549278 19.925146 4.004263 
98.732232 19.218424 3.780036 
99.498374 20.153695 4.357113 
FEnd
FBeg
 1819   CA GLY A 235  4613   CD GLN B 285 ali
99.667 22.311 3.992 96.509 20.864 3.265  3.15
97.037914 23.339930 4.215509 
97.770924 22.619555 2.465216 
98.406792 20.829455 3.266047 
98.489074 20.360290 3.842436 
FEnd
FBeg
 1819   CA GLY A 235  4614  OE1 GLN B 285 unk
99.667 22.311 3.992 96.163 21.892 2.697  1.30
96.790914 23.997363 4.671126 
97.178389 23.955460 3.636259 
97.776797 22.767782 2.401365 
97.770924 22.619555 2.465216 
97.037914 23.339930 4.215509 
FEnd
FBeg
 1819   CA GLY A 235  4545  NH2 ARG B 276 unk
99.667 22.311 3.992 95.298 25.081 2.244  0.16
96.789053 24.011161 4.697641 
96.878967 24.093870 4.603975 
97.238847 24.132721 3.766048 
97.178389 23.955460 3.636259 
96.790914 23.997363 4.671126 
FEnd
FBeg
 1790   CE LYS A 231  4615  NE2 GLN B 285 unk
99.096 25.772 6.500 96.729 20.808 4.568  2.24
97.889544 22.666906 6.803242 
96.789053 24.011161 4.697641 
96.031008 24.115961 5.357096 
97.186368 22.903574 7.056657 
FEnd
FBeg
 1819   CA GLY A 235  4514  NH1 ARG B 272 unk
99.667 22.311 3.992 99.197 19.243 5.627  3.76
100.726359 20.567658 5.486893 
98.854598 21.334976 6.388670 
98.481256 21.246931 6.116136 
98.646904 20.159090 4.122471 
99.498374 20.153695 4.357113 
100.928889 20.342063 5.121795 
FEnd
FBeg
 1820    C GLY A 235  4514  NH1 ARG B 272 unk
101.035 22.717 4.500 99.197 19.243 5.627  0.07
100.928889 20.342063 5.121795 
100.726359 20.567658 5.486893 
101.182888 20.243102 5.230984 
FEnd
FBeg
 1821    O GLY A 235  4511   CD ARG B 272 unk
101.238 22.869 5.710 97.489 19.524 7.876  1.13
99.885266 21.943991 8.191895 
99.366367 22.627587 8.349457 
98.803311 22.521799 7.211525 
99.283831 21.841741 6.993001 
FEnd
FBeg
 1834   OG SER A 237  4220  OG1 THR B 236 hbd
102.368 24.662 8.310 102.150 20.303 9.784  2.03
103.227246 21.957551 7.637790 
100.775274 22.349202 8.433366 
101.284894 22.475508 8.882255 
101.922586 22.468468 8.955749 
103.480211 22.213601 8.432410 
103.508797 22.200276 8.397231 
FEnd
FBeg
 1834   OG SER A 237  4202    O TYR B 234 hbd
102.368 24.662 8.310 106.091 21.498 7.941  0.19
103.508797 22.200276 8.397231 
103.227246 21.957551 7.637790 
103.253042 21.991981 7.602835 
103.510893 22.279054 7.742900 
103.586677 22.286837 8.440771 
FEnd
FBeg
 1833   CB SER A 237  4202    O TYR B 234 unk
103.550 25.437 8.173 106.091 21.498 7.941  2.40
103.510893 22.279054 7.742900 
103.586677 22.286837 8.440771 
103.668273 22.336825 8.485741 
105.573964 23.557927 8.625583 
105.894478 23.770868 8.520632 
105.358095 23.486762 7.469531 
FEnd
FBeg
 1552  NE2 GLN A 200  4202    O TYR B 234 hbd
107.665 23.643 6.558 106.091 21.498 7.941  7.05
105.894478 23.770868 8.520632 
107.378742 22.583650 8.368534 
107.466095 21.368046 6.582578 
106.465782 21.403133 5.498536 
105.377837 22.529890 6.007914 
105.358095 23.486762 7.469531 
FEnd
FBeg
 1828  CG2 THR A 236  4202    O TYR B 234 unk
105.789 23.309 3.290 106.091 21.498 7.941  1.10
106.465782 21.403133 5.498536 
106.484171 21.350738 5.476940 
106.444657 21.022235 5.351594 
105.217499 21.352329 5.559808 
105.284116 22.440229 5.979087 
105.377837 22.529890 6.007914 
FEnd
FBeg
 1823   CA THR A 236  4202    O TYR B 234 unk
103.353 23.188 3.991 106.091 21.498 7.941  1.40
105.217499 21.352329 5.559808 
103.472964 21.554235 6.855443 
103.492684 21.710798 6.908759 
105.284116 22.440229 5.979087 
FEnd
FBeg
 1828  CG2 THR A 236  4203   CB TYR B 234 ali
105.789 23.309 3.290 105.240 18.791 7.217  2.19
106.444657 21.022235 5.351594 
105.217499 21.352329 5.559808 
105.038684 20.742451 4.833147 
105.130039 20.576430 4.654911 
106.064990 20.003766 4.126771 
106.572174 20.131018 4.344079 
106.743708 20.209818 4.458718 
FEnd
FBeg
 1551  OE1 GLN A 200  4203   CB TYR B 234 unk
108.852 22.145 5.375 105.240 18.791 7.217  0.66
106.743708 20.209818 4.458718 
106.444657 21.022235 5.351594 
106.651989 20.905278 5.545192 
107.234276 19.972534 4.988622 
106.808881 20.154372 4.485558 
FEnd
FBeg
 1551  OE1 GLN A 200  4205  CD1 TYR B 234 unk
108.852 22.145 5.375 106.323 17.089 5.686  0.85
107.234276 19.972534 4.988622 
106.808881 20.154372 4.485558 
108.584018 19.288353 4.841603 
108.540836 19.345522 5.419869 
FEnd
FBeg
 2127   CB ASP A 273  4205  CD1 TYR B 234 ali
111.793 19.491 5.857 106.323 17.089 5.686  1.83
108.584018 19.288353 4.841603 
108.540836 19.345522 5.419869 
108.767009 18.797758 5.879315 
109.570514 17.004909 5.360312 
108.850715 18.699324 4.584369 
FEnd
FBeg
 2222  NE2 GLN A 285  4205  CD1 TYR B 234 unk
109.396 16.804 2.213 106.323 17.089 5.686  3.44
109.570514 17.004909 5.360312 
109.583032 16.721955 5.394608 
109.467429 16.641474 5.298924 
107.099637 17.638428 3.122029 
107.180356 17.920571 3.170298 
108.850715 18.699324 4.584369 
FEnd
FBeg
 2121  NH1 ARG A 272  4205  CD1 TYR B 234 unk
106.818 17.798 0.714 106.323 17.089 5.686  0.50
107.099637 17.638428 3.122029 
105.392215 17.647265 2.953302 
106.887391 18.156999 3.174845 
107.180356 17.920571 3.170298 
FEnd
FBeg
 2120   CZ ARG A 272  4205  CD1 TYR B 234 aro
106.406 19.063 0.584 106.323 17.089 5.686  3.92
105.392215 17.647265 2.953302 
104.032465 17.605586 2.915056 
103.946274 17.907945 3.030638 
103.986245 18.414863 3.227419 
106.008084 19.716440 3.763900 
106.887391 18.156999 3.174845 
FEnd
FBeg
 2120   CZ ARG A 272  4207  CE1 TYR B 234 aro
106.406 19.063 0.584 106.379 15.842 5.054  0.36
105.392215 17.647265 2.953302 
104.032465 17.605586 2.915056 
104.054825 17.215681 2.634233 
104.064611 17.179406 2.608152 
FEnd
FBeg
 2121  NH1 ARG A 272  4207  CE1 TYR B 234 unk
106.818 17.798 0.714 106.379 15.842 5.054  6.42
107.099637 17.638428 3.122029 
105.392215 17.647265 2.953302 
104.064611 17.179406 2.608152 
104.152174 16.632903 2.370705 
105.473136 15.048752 1.790361 
105.980275 14.841521 1.748261 
106.584714 15.384962 2.054326 
106.903208 15.954525 2.343239 
FEnd
FBeg
 2220   CD GLN A 285  4207  CE1 TYR B 234 aro
109.622 15.494 2.165 106.379 15.842 5.054  5.19
106.584714 15.384962 2.054326 
106.903208 15.954525 2.343239 
109.049780 16.237809 4.718715 
107.740889 13.746179 3.549575 
106.910449 14.291440 2.551697 
FEnd
FBeg
 2220   CD GLN A 285  4210   OH TYR B 234 unk
109.622 15.494 2.165 105.466 13.692 4.639  0.61
107.740889 13.746179 3.549575 
106.910449 14.291440 2.551697 
107.765542 13.021350 3.063042 
FEnd
FBeg
 2221  OE1 GLN A 285  4210   OH TYR B 234 hbd
109.981 14.839 3.159 105.466 13.692 4.639  4.73
107.765542 13.021350 3.063042 
107.740889 13.746179 3.549575 
108.280331 13.270597 4.826661 
108.745742 11.109844 4.571895 
108.794553 10.425436 4.190386 
108.687192 10.542448 3.953546 
108.135883 11.462287 2.984557 
FEnd
FBeg
 2221  OE1 GLN A 285  4198  CD2 LEU B 233 unk
109.981 14.839 3.159 108.374 13.913 8.077  4.33
108.280331 13.270597 4.826661 
108.745742 11.109844 4.571895 
110.209781 15.449609 5.867408 
110.245065 15.934833 5.970299 
109.536097 16.025173 5.755647 
FEnd
FBeg
 2160  CD2 TYR A 277  4198  CD2 LEU B 233 ali
113.010 14.018 5.992 108.374 13.913 8.077  0.40
110.209781 15.449609 5.867408 
110.245065 15.934833 5.970299 
110.814398 15.844658 7.231669 
110.834097 15.774490 7.271937 
FEnd
FBeg
 2146   CB ARG A 276  4198  CD2 LEU B 233 ali
112.882 16.106 9.693 108.374 13.913 8.077  0.10
110.814398 15.844658 7.231669 
110.599066 15.861692 7.809245 
110.866960 15.555155 7.477912 
110.834097 15.774490 7.271937 
FEnd
FBeg
 2148   CD ARG A 276  4198  CD2 LEU B 233 ali
111.326 14.223 10.177 108.374 13.913 8.077  6.97
110.599066 15.861692 7.809245 
110.198269 15.901774 8.366733 
109.112044 14.262130 10.135698 
109.146407 13.828068 10.151469 
109.181427 13.704360 10.120502 
110.194357 12.223488 8.915218 
110.267838 12.179906 8.818358 
110.504292 12.487607 8.440548 
110.567815 12.681987 8.322559 
110.866960 15.555155 7.477912 
FEnd
FBeg
 2163   CZ TYR A 277  4198  CD2 LEU B 233 ali
112.694 12.100 7.416 108.374 13.913 8.077  0.05
110.504292 12.487607 8.440548 
110.373660 12.326871 8.027662 
110.567815 12.681987 8.322559 
FEnd
FBeg
 2164   OH TYR A 277  4198  CD2 LEU B 233 unk
111.891 11.160 8.036 108.374 13.913 8.077  9.59
110.267838 12.179906 8.818358 
110.204134 12.097998 8.853659 
108.745449 10.235370 8.795618 
108.504366 9.929048 8.683795 
108.144902 9.480015 7.999688 
107.950994 9.258094 6.267397 
108.645013 10.165924 4.843160 
110.373660 12.326871 8.027662 
110.504292 12.487607 8.440548 
FEnd
FBeg
 2149   NE ARG A 276  4198  CD2 LEU B 233 unk
111.200 12.846 10.701 108.374 13.913 8.077  0.01
110.194357 12.223488 8.915218 
110.204134 12.097998 8.853659 
110.267838 12.179906 8.818358 
FEnd
FBeg
 2150   CZ ARG A 276  4198  CD2 LEU B 233 ali
110.141 12.426 11.389 108.374 13.913 8.077  3.58
109.181427 13.704360 10.120502 
109.126927 13.634894 10.118390 
108.379564 10.435781 9.080802 
108.433406 10.304464 8.993119 
108.745449 10.235370 8.795618 
110.204134 12.097998 8.853659 
110.194357 12.223488 8.915218 
FEnd
FBeg
 2150   CZ ARG A 276  4696  CD1 LEU B 295 ali
110.141 12.426 11.389 105.841 10.482 11.660  0.42
108.379564 10.435781 9.080802 
108.433406 10.304464 8.993119 
108.312149 10.760932 10.343561 
108.112515 11.135079 9.859850 
FEnd
FBeg
 2150   CZ ARG A 276  4697  CD2 LEU B 295 ali
110.141 12.426 11.389 107.291 12.299 12.467  5.92
108.312149 10.760932 10.343561 
109.953641 12.271747 14.861305 
109.587175 12.946171 13.971902 
108.279758 12.432297 10.454830 
108.112515 11.135079 9.859850 
FEnd
FBeg
 2151  NH1 ARG A 276  4697  CD2 LEU B 295 unk
109.111 13.226 11.655 107.291 12.299 12.467  5.35
109.587175 12.946171 13.971902 
108.279758 12.432297 10.454830 
107.870936 13.797347 11.096883 
107.852771 14.644726 12.023558 
108.050424 14.749439 12.586117 
FEnd
FBeg
 2151  NH1 ARG A 276  4190   OG SER B 232 hbd
109.111 13.226 11.655 109.545 15.192 13.732  3.48
108.050424 14.749439 12.586117 
109.587175 12.946171 13.971902 
110.350688 14.458087 12.381246 
109.842836 14.993033 11.981007 
109.109368 15.012199 12.116127 
FEnd
FBeg
 2151  NH1 ARG A 276  4187    C SER B 232 unk
109.111 13.226 11.655 109.248 17.221 11.832  0.24
109.842836 14.993033 11.981007 
109.491739 15.027359 11.477993 
109.323687 15.028270 11.587520 
109.109368 15.012199 12.116127 
FEnd
FBeg
 2151  NH1 ARG A 276  4192   CA LEU B 233 unk
109.111 13.226 11.655 108.038 16.193 9.984  1.30
109.491739 15.027359 11.477993 
109.073012 14.213207 10.301275 
108.667848 14.241040 10.610863 
108.097558 14.694036 11.781395 
109.323687 15.028270 11.587520 
FEnd
FBeg
 2148   CD ARG A 276  4187    C SER B 232 ali
111.326 14.223 10.177 109.248 17.221 11.832  2.49
109.842836 14.993033 11.981007 
109.491739 15.027359 11.477993 
110.279234 16.225884 10.295659 
111.486355 16.154273 11.941029 
110.090485 15.114468 12.071976 
FEnd
FBeg
 2148   CD ARG A 276  4189   CB SER B 232 ali
111.326 14.223 10.177 110.020 16.469 14.090  3.05
111.486355 16.154273 11.941029 
110.090485 15.114468 12.071976 
112.158650 13.967031 13.420856 
112.533995 13.849506 13.613588 
111.819120 15.971102 12.157229 
111.520315 16.163934 11.946818 
FEnd
FBeg
 2146   CB ARG A 276  4189   CB SER B 232 ali
112.882 16.106 9.693 110.020 16.469 14.090  1.58
111.819120 15.971102 12.157229 
111.520315 16.163934 11.946818 
112.603908 17.637025 12.530514 
113.071809 16.084315 12.963256 
FEnd
FBeg
 2143   CA ARG A 276  4189   CB SER B 232 ali
114.295 16.609 9.970 110.020 16.469 14.090  10.94
112.603908 17.637025 12.530514 
112.824950 18.328058 12.783354 
113.486833 18.403151 13.472689 
114.372307 17.885076 14.373871 
116.560957 14.229027 16.520627 
116.162604 13.856530 16.094630 
113.071809 16.084315 12.963256 
FEnd
FBeg
 2143   CA ARG A 276  4188    O SER B 232 unk
114.295 16.609 9.970 110.237 17.487 11.118  0.32
112.603908 17.637025 12.530514 
112.824950 18.328058 12.783354 
112.535399 18.199913 11.857845 
FEnd
FBeg
 2142    N ARG A 276  4188    O SER B 232 hbd
114.361 18.056 9.749 110.237 17.487 11.118  2.81
112.824950 18.328058 12.783354 
112.535399 18.199913 11.857845 
111.669634 18.922831 9.550265 
112.487688 19.540109 12.271147 
112.499162 19.543335 12.307051 
112.678744 19.439169 12.804732 
112.817224 18.638741 12.889208 
FEnd
FBeg
 2136  OG1 THR A 274  4188    O SER B 232 hbd
110.667 21.206 10.145 110.237 17.487 11.118  6.79
111.669634 18.922831 9.550265 
111.297175 18.812896 8.965471 
111.058139 18.823050 8.898640 
110.020193 19.072890 9.394880 
109.319558 19.345893 10.128717 
110.458213 19.657230 11.821917 
112.382752 19.656120 12.668189 
112.491811 19.548921 12.306652 
112.487688 19.540109 12.271147 
FEnd
FBeg
 2136  OG1 THR A 274  4186   CA SER B 232 unk
110.667 21.206 10.145 109.267 17.552 13.324  5.92
110.458213 19.657230 11.821917 
112.382752 19.656120 12.668189 
111.449303 21.524103 14.404201 
111.080699 21.684647 14.426404 
110.130748 21.297351 13.562890 
109.585740 19.945532 11.769068 
FEnd
FBeg
 2136  OG1 THR A 274  4179    O LYS B 231 hbd
110.667 21.206 10.145 107.427 19.439 12.461  2.64
110.130748 21.297351 13.562890 
109.347712 21.765609 12.824711 
108.911407 20.355476 11.138469 
109.020023 19.748204 10.827099 
109.585740 19.945532 11.769068 
FEnd
FBeg
 2136  OG1 THR A 274  4211    N GLY B 235 hbd
110.667 21.206 10.145 106.753 20.629 9.905  2.58
108.911407 20.355476 11.138469 
108.882787 21.222590 9.520515 
108.950649 21.006143 8.934174 
109.103716 19.947710 8.982563 
109.117920 19.804899 9.094258 
109.097132 19.470765 10.236597 
109.020023 19.748204 10.827099 
FEnd
FBeg
 2136  OG1 THR A 274  4200   CA TYR B 234 unk
110.667 21.206 10.145 106.533 19.125 8.010  0.34
109.103716 19.947710 8.982563 
109.385947 20.391180 8.003825 
109.539583 20.045152 8.043617 
109.305993 19.773255 8.760936 
109.117920 19.804899 9.094258 
FEnd
FBeg
 2131    N THR A 274  4200   CA TYR B 234 unk
112.027 21.532 7.729 106.533 19.125 8.010  0.14
109.385947 20.391180 8.003825 
109.539583 20.045152 8.043617 
109.538848 20.038934 7.975990 
109.290242 20.545526 7.454740 
109.267389 20.603035 7.500539 
FEnd
FBeg
 2131    N THR A 274  4201    C TYR B 234 unk
112.027 21.532 7.729 106.447 20.526 8.620  0.17
109.267389 20.603035 7.500539 
109.385947 20.391180 8.003825 
109.326390 20.732643 8.016374 
109.228763 20.941488 7.640773 
FEnd
FBeg
 1551  OE1 GLN A 200  4201    C TYR B 234 unk
108.852 22.145 5.375 106.447 20.526 8.620  1.17
109.228763 20.941488 7.640773 
109.267389 20.603035 7.500539 
107.249503 21.036226 6.221131 
107.435601 21.288742 6.485042 
108.942818 21.312377 7.613892 
FEnd
FBeg
 1550   CD GLN A 200  4201    C TYR B 234 ali
108.606 23.313 5.679 106.447 20.526 8.620  0.49
107.435601 21.288742 6.485042 
107.466095 21.368046 6.582578 
108.643880 21.667535 7.731002 
108.942818 21.312377 7.613892 
FEnd
FBeg
 2137  CG2 THR A 274  4201    C TYR B 234 ali
110.132 23.414 9.268 106.447 20.526 8.620  1.89
109.326390 20.732643 8.016374 
109.228763 20.941488 7.640773 
108.942818 21.312377 7.613892 
108.643880 21.667535 7.731002 
107.947065 22.400425 8.427266 
108.560417 21.491955 8.988160 
108.950649 21.006143 8.934174 
FEnd
FBeg
 2137  CG2 THR A 274  4212   CA GLY B 235 ali
110.132 23.414 9.268 106.688 21.905 10.590  13.24
107.947065 22.400425 8.427266 
108.560417 21.491955 8.988160 
108.882787 21.222590 9.520515 
109.067728 21.654655 10.495493 
109.211738 23.208761 12.644599 
108.014823 25.256318 11.863650 
107.173245 25.266118 9.682408 
107.172449 24.976841 9.350136 
FEnd
FBeg
 1832    O SER A 237  4212   CA GLY B 235 unk
106.156 26.138 6.906 106.688 21.905 10.590  0.25
107.173245 25.266118 9.682408 
107.172449 24.976841 9.350136 
106.435509 24.579904 9.000467 
106.490946 24.784738 9.227820 
FEnd
FBeg
 1832    O SER A 237  4214    O GLY B 235 unk
106.156 26.138 6.906 105.103 23.567 11.209  1.59
106.490946 24.784738 9.227820 
107.173245 25.266118 9.682408 
107.528674 26.499142 10.506105 
106.539902 26.791173 10.438625 
FEnd
FBeg
 1833   CB SER A 237  4214    O GLY B 235 unk
103.550 25.437 8.173 105.103 23.567 11.209  11.68
106.539902 26.791173 10.438625 
106.490946 24.784738 9.227820 
106.010990 24.338050 9.198197 
103.585282 23.776228 10.092966 
102.877844 24.800310 11.085615 
103.201705 26.002028 11.660140 
103.322344 26.149572 11.689308 
104.551549 27.119926 11.658217 
FEnd
FBeg
 1833   CB SER A 237  4222    N SER B 237 unk
103.550 25.437 8.173 102.416 23.247 13.393  1.74
102.877844 24.800310 11.085615 
103.201705 26.002028 11.660140 
101.384401 26.156425 11.330123 
102.257078 24.755033 10.931764 
FEnd
FBeg
 1834   OG SER A 237  4222    N SER B 237 hbd
102.368 24.662 8.310 102.416 23.247 13.393  1.83
101.384401 26.156425 11.330123 
102.257078 24.755033 10.931764 
100.870805 24.347038 10.831277 
100.773448 24.412382 10.850387 
100.792621 26.119926 11.325550 
FEnd
FBeg
 1833   CB SER A 237  4216   CA THR B 236 ali
103.550 25.437 8.173 102.982 21.780 11.541  1.96
103.585282 23.776228 10.092966 
102.877844 24.800310 11.085615 
102.257078 24.755033 10.931764 
103.550378 22.361718 8.551193 
103.593648 22.435794 8.638923 
FEnd
FBeg
 2135   CB THR A 274  4212   CA GLY B 235 ali
111.214 22.502 9.855 106.688 21.905 10.590  1.54
109.067728 21.654655 10.495493 
109.211738 23.208761 12.644599 
109.349619 22.506159 12.922959 
109.401097 22.044083 12.864634 
FEnd
FBeg
 2131    N THR A 274  4194    O LEU B 233 hbd
112.027 21.532 7.729 108.813 17.496 8.135  0.01
109.539583 20.045152 8.043617 
109.538848 20.038934 7.975990 
109.862290 19.803158 8.192621 
FEnd
FBeg
 2136  OG1 THR A 274  4201    C TYR B 234 unk
110.667 21.206 10.145 106.447 20.526 8.620  0.71
108.950649 21.006143 8.934174 
109.326390 20.732643 8.016374 
109.385947 20.391180 8.003825 
109.103716 19.947710 8.982563 
FEnd
FBeg
 2137  CG2 THR A 274  4211    N GLY B 235 unk
110.132 23.414 9.268 106.753 20.629 9.905  0.18
108.882787 21.222590 9.520515 
108.950649 21.006143 8.934174 
108.560417 21.491955 8.988160 
FEnd
FBeg
 2136  OG1 THR A 274  4212   CA GLY B 235 unk
110.667 21.206 10.145 106.688 21.905 10.590  2.70
109.347712 21.765609 12.824711 
109.401097 22.044083 12.864634 
109.067728 21.654655 10.495493 
108.882787 21.222590 9.520515 
108.911407 20.355476 11.138469 
FEnd
FBeg
 2136  OG1 THR A 274  4187    C SER B 232 unk
110.667 21.206 10.145 109.248 17.221 11.832  1.27
109.319558 19.345893 10.128717 
110.458213 19.657230 11.821917 
109.585740 19.945532 11.769068 
109.020023 19.748204 10.827099 
109.097132 19.470765 10.236597 
FEnd
FBeg
 2136  OG1 THR A 274  4193    C LEU B 233 unk
110.667 21.206 10.145 107.914 17.326 8.960  0.94
110.020193 19.072890 9.394880 
109.319558 19.345893 10.128717 
109.097132 19.470765 10.236597 
109.117920 19.804899 9.094258 
109.305993 19.773255 8.760936 
FEnd
FBeg
 2136  OG1 THR A 274  4194    O LEU B 233 hbd
110.667 21.206 10.145 108.813 17.496 8.135  1.46
111.058139 18.823050 8.898640 
110.020193 19.072890 9.394880 
109.305993 19.773255 8.760936 
109.539583 20.045152 8.043617 
109.862290 19.803158 8.192621 
FEnd
FBeg
 2127   CB ASP A 273  4188    O SER B 232 unk
111.793 19.491 5.857 110.237 17.487 11.118  0.02
111.297175 18.812896 8.965471 
111.147602 18.640019 8.855381 
111.058139 18.823050 8.898640 
FEnd
FBeg
 2146   CB ARG A 276  4188    O SER B 232 unk
112.882 16.106 9.693 110.237 17.487 11.118  8.76
111.520315 16.163934 11.946818 
112.603908 17.637025 12.530514 
112.535399 18.199913 11.857845 
111.669634 18.922831 9.550265 
111.297175 18.812896 8.965471 
111.147602 18.640019 8.855381 
110.435076 16.929680 9.190360 
110.456293 16.461432 9.683533 
FEnd
FBeg
 2146   CB ARG A 276  4192   CA LEU B 233 ali
112.882 16.106 9.693 108.038 16.193 9.984  0.28
110.435076 16.929680 9.190360 
110.393702 16.260769 8.701633 
110.456293 16.461432 9.683533 
FEnd
FBeg
 2147   CG ARG A 276  4189   CB SER B 232 ali
112.790 14.625 10.044 110.020 16.469 14.090  12.41
112.533995 13.849506 13.613588 
111.819120 15.971102 12.157229 
113.071809 16.084315 12.963256 
116.162604 13.856530 16.094630 
116.728604 11.830012 17.405732 
115.218029 12.342501 16.137981 
113.058056 13.527432 14.119162 
FEnd
FBeg
 2148   CD ARG A 276  4188    O SER B 232 unk
111.326 14.223 10.177 110.237 17.487 11.118  0.60
110.279234 16.225884 10.295659 
111.486355 16.154273 11.941029 
111.520315 16.163934 11.946818 
110.456293 16.461432 9.683533 
FEnd
FBeg
 2148   CD ARG A 276  4190   OG SER B 232 unk
111.326 14.223 10.177 109.545 15.192 13.732  0.72
110.350688 14.458087 12.381246 
109.842836 14.993033 11.981007 
110.090485 15.114468 12.071976 
112.158650 13.967031 13.420856 
FEnd
FBeg
 2151  NH1 ARG A 276  4191    N LEU B 233 hbd
109.111 13.226 11.655 108.125 16.672 11.360  0.85
107.852771 14.644726 12.023558 
108.050424 14.749439 12.586117 
109.109368 15.012199 12.116127 
109.323687 15.028270 11.587520 
108.097558 14.694036 11.781395 
FEnd
FBeg
 2151  NH1 ARG A 276  4195   CB LEU B 233 unk
109.111 13.226 11.655 106.907 15.180 9.825  0.78
107.870936 13.797347 11.096883 
107.852771 14.644726 12.023558 
108.097558 14.694036 11.781395 
108.667848 14.241040 10.610863 
FEnd
FBeg
 2151  NH1 ARG A 276  4196   CG LEU B 233 unk
109.111 13.226 11.655 107.199 13.857 9.096  1.65
108.279758 12.432297 10.454830 
107.870936 13.797347 11.096883 
108.667848 14.241040 10.610863 
109.073012 14.213207 10.301275 
109.146407 13.828068 10.151469 
109.126927 13.634894 10.118390 
FEnd
FBeg
 2150   CZ ARG A 276  4190   OG SER B 232 unk
110.141 12.426 11.389 109.545 15.192 13.732  9.51
109.953641 12.271747 14.861305 
114.348000 12.516465 15.690219 
112.158650 13.967031 13.420856 
110.350688 14.458087 12.381246 
109.587175 12.946171 13.971902 
FEnd
FBeg
 2152  NH2 ARG A 276  4697  CD2 LEU B 295 unk
110.131 11.166 11.814 107.291 12.299 12.467  5.78
108.312149 10.760932 10.343561 
109.953641 12.271747 14.861305 
109.970122 12.088658 15.250654 
109.511938 10.827304 15.446473 
108.354274 10.259652 11.396526 
FEnd
FBeg
 2152  NH2 ARG A 276  4695   CG LEU B 295 unk
110.131 11.166 11.814 106.466 11.092 12.872  9.44
109.511938 10.827304 15.446473 
108.354274 10.259652 11.396526 
108.737869 7.596536 12.539063 
109.735751 9.262809 16.112355 
FEnd
FBeg
 2152  NH2 ARG A 276  4696  CD1 LEU B 295 unk
110.131 11.166 11.814 105.841 10.482 11.660  11.66
108.433406 10.304464 8.993119 
108.312149 10.760932 10.343561 
108.354274 10.259652 11.396526 
108.737869 7.596536 12.539063 
108.946758 6.588562 11.196977 
108.969319 6.529553 10.830591 
108.976265 6.645183 10.123527 
108.870273 7.594896 8.857961 
108.504366 9.929048 8.683795 
FEnd
FBeg
 2150   CZ ARG A 276  4196   CG LEU B 233 ali
110.141 12.426 11.389 107.199 13.857 9.096  1.98
109.126927 13.634894 10.118390 
108.379564 10.435781 9.080802 
108.112515 11.135079 9.859850 
108.279758 12.432297 10.454830 
FEnd
FBeg
 2151  NH1 ARG A 276  4198  CD2 LEU B 233 unk
109.111 13.226 11.655 108.374 13.913 8.077  0.00
109.146407 13.828068 10.151469 
109.126927 13.634894 10.118390 
109.181427 13.704360 10.120502 
FEnd
FBeg
 2148   CD ARG A 276  4196   CG LEU B 233 ali
111.326 14.223 10.177 107.199 13.857 9.096  0.04
109.112044 14.262130 10.135698 
109.146407 13.828068 10.151469 
109.073012 14.213207 10.301275 
FEnd
FBeg
 2148   CD ARG A 276  4192   CA LEU B 233 ali
111.326 14.223 10.177 108.038 16.193 9.984  4.31
110.198269 15.901774 8.366733 
109.112044 14.262130 10.135698 
109.073012 14.213207 10.301275 
109.491739 15.027359 11.477993 
110.279234 16.225884 10.295659 
110.456293 16.461432 9.683533 
110.393702 16.260769 8.701633 
FEnd
FBeg
 2148   CD ARG A 276  4194    O LEU B 233 unk
111.326 14.223 10.177 108.813 17.496 8.135  0.17
110.599066 15.861692 7.809245 
110.198269 15.901774 8.366733 
110.393702 16.260769 8.701633 
FEnd
FBeg
 2146   CB ARG A 276  4194    O LEU B 233 unk
112.882 16.106 9.693 108.813 17.496 8.135  3.25
110.814398 15.844658 7.231669 
110.599066 15.861692 7.809245 
110.393702 16.260769 8.701633 
110.435076 16.929680 9.190360 
111.147602 18.640019 8.855381 
111.143314 17.615301 7.952357 
110.886646 15.975938 7.160104 
FEnd
FBeg
 2130  OD2 ASP A 273  4194    O LEU B 233 unk
113.034 17.590 6.573 108.813 17.496 8.135  1.40
111.143314 17.615301 7.952357 
110.886646 15.975938 7.160104 
110.405397 16.188618 5.872422 
110.377199 16.305729 5.803269 
FEnd
FBeg
 2160  CD2 TYR A 277  4194    O LEU B 233 unk
113.010 14.018 5.992 108.813 17.496 8.135  0.32
110.245065 15.934833 5.970299 
110.814398 15.844658 7.231669 
110.886646 15.975938 7.160104 
110.405397 16.188618 5.872422 
FEnd
FBeg
 2162  CE2 TYR A 277  4198  CD2 LEU B 233 ali
112.154 13.082 6.589 108.374 13.913 8.077  13.09
108.745742 11.109844 4.571895 
110.209781 15.449609 5.867408 
110.834097 15.774490 7.271937 
110.866960 15.555155 7.477912 
110.567815 12.681987 8.322559 
110.373660 12.326871 8.027662 
108.645013 10.165924 4.843160 
108.632265 10.332302 4.717860 
FEnd
FBeg
 2219   CG GLN A 285  4210   OH TYR B 234 unk
109.435 14.827 0.821 105.466 13.692 4.639  7.82
106.910449 14.291440 2.551697 
107.765542 13.021350 3.063042 
108.135883 11.462287 2.984557 
107.410636 11.588934 2.268276 
105.343797 12.980288 0.533311 
105.279903 14.191417 0.826929 
105.980275 14.841521 1.748261 
FEnd
FBeg
 2221  OE1 GLN A 285  4207  CE1 TYR B 234 unk
109.981 14.839 3.159 106.379 15.842 5.054  4.31
109.049780 16.237809 4.718715 
109.467429 16.641474 5.298924 
109.534604 16.557161 5.471235 
109.536097 16.025173 5.755647 
108.280331 13.270597 4.826661 
107.740889 13.746179 3.549575 
FEnd
FBeg
 2219   CG GLN A 285  4207  CE1 TYR B 234 ali
109.435 14.827 0.821 106.379 15.842 5.054  0.53
105.980275 14.841521 1.748261 
106.584714 15.384962 2.054326 
106.910449 14.291440 2.551697 
FEnd
FBeg
 2222  NE2 GLN A 285  4207  CE1 TYR B 234 unk
109.396 16.804 2.213 106.379 15.842 5.054  3.69
109.467429 16.641474 5.298924 
107.099637 17.638428 3.122029 
106.903208 15.954525 2.343239 
109.049780 16.237809 4.718715 
FEnd
FBeg
 2127   CB ASP A 273  4194    O LEU B 233 unk
111.793 19.491 5.857 108.813 17.496 8.135  9.96
108.767009 18.797758 5.879315 
109.570514 17.004909 5.360312 
109.756250 16.778550 5.405048 
110.377199 16.305729 5.803269 
111.143314 17.615301 7.952357 
111.147602 18.640019 8.855381 
111.058139 18.823050 8.898640 
109.862290 19.803158 8.192621 
109.538848 20.038934 7.975990 
FEnd
FBeg
 2127   CB ASP A 273  4200   CA TYR B 234 ali
111.793 19.491 5.857 106.533 19.125 8.010  1.83
108.540836 19.345522 5.419869 
108.767009 18.797758 5.879315 
109.538848 20.038934 7.975990 
109.290242 20.545526 7.454740 
FEnd
FBeg
 2118   CD ARG A 272  4205  CD1 TYR B 234 ali
108.531 19.905 1.527 106.323 17.089 5.686  4.75
106.808881 20.154372 4.485558 
108.584018 19.288353 4.841603 
108.850715 18.699324 4.584369 
107.180356 17.920571 3.170298 
106.887391 18.156999 3.174845 
106.008084 19.716440 3.763900 
106.163894 19.970641 4.018735 
106.572174 20.131018 4.344079 
FEnd
FBeg
 1551  OE1 GLN A 200  4200   CA TYR B 234 unk
108.852 22.145 5.375 106.533 19.125 8.010  4.35
106.651989 20.905278 5.545192 
107.234276 19.972534 4.988622 
108.540836 19.345522 5.419869 
109.290242 20.545526 7.454740 
109.267389 20.603035 7.500539 
107.249503 21.036226 6.221131 
FEnd
FBeg
 1827  OG1 THR A 236  4203   CB TYR B 234 unk
104.266 21.635 2.409 105.240 18.791 7.217  2.73
105.130039 20.576430 4.654911 
106.064990 20.003766 4.126771 
104.744622 19.298343 3.976982 
103.365949 19.164968 4.177379 
103.173076 19.738074 4.555452 
104.862102 20.575185 4.708453 
FEnd
FBeg
 1826   CB THR A 236  4203   CB TYR B 234 ali
104.346 22.997 2.841 105.240 18.791 7.217  0.03
105.038684 20.742451 4.833147 
105.130039 20.576430 4.654911 
104.862102 20.575185 4.708453 
FEnd
FBeg
 1551  OE1 GLN A 200  4202    O TYR B 234 hbd
108.852 22.145 5.375 106.091 21.498 7.941  0.46
106.484171 21.350738 5.476940 
107.435601 21.288742 6.485042 
107.249503 21.036226 6.221131 
106.651989 20.905278 5.545192 
106.444657 21.022235 5.351594 
FEnd
FBeg
 1550   CD GLN A 200  4202    O TYR B 234 unk
108.606 23.313 5.679 106.091 21.498 7.941  0.11
107.466095 21.368046 6.582578 
107.435601 21.288742 6.485042 
106.484171 21.350738 5.476940 
106.465782 21.403133 5.498536 
FEnd
FBeg
 1552  NE2 GLN A 200  4201    C TYR B 234 unk
107.665 23.643 6.558 106.447 20.526 8.620  1.66
107.378742 22.583650 8.368534 
107.466095 21.368046 6.582578 
108.643880 21.667535 7.731002 
107.947065 22.400425 8.427266 
FEnd
FBeg
 1552  NE2 GLN A 200  4212   CA GLY B 235 unk
107.665 23.643 6.558 106.688 21.905 10.590  2.80
105.894478 23.770868 8.520632 
107.378742 22.583650 8.368534 
107.947065 22.400425 8.427266 
107.172449 24.976841 9.350136 
106.435509 24.579904 9.000467 
FEnd
FBeg
 1833   CB SER A 237  4212   CA GLY B 235 ali
103.550 25.437 8.173 106.688 21.905 10.590  0.49
105.573964 23.557927 8.625583 
105.894478 23.770868 8.520632 
106.435509 24.579904 9.000467 
106.490946 24.784738 9.227820 
106.010990 24.338050 9.198197 
FEnd
FBeg
 1833   CB SER A 237  4213    C GLY B 235 ali
103.550 25.437 8.173 105.303 22.377 11.004  3.67
103.668273 22.336825 8.485741 
105.573964 23.557927 8.625583 
106.010990 24.338050 9.198197 
103.585282 23.776228 10.092966 
103.593648 22.435794 8.638923 
FEnd
FBeg
 1833   CB SER A 237  4215    N THR B 236 unk
103.550 25.437 8.173 104.357 21.447 11.144  0.02
103.586677 22.286837 8.440771 
103.668273 22.336825 8.485741 
103.593648 22.435794 8.638923 
103.550378 22.361718 8.551193 
FEnd
FBeg
 1829    N SER A 237  4202    O TYR B 234 hbd
103.775 24.577 5.894 106.091 21.498 7.941  3.28
103.253042 21.991981 7.602835 
103.510893 22.279054 7.742900 
105.358095 23.486762 7.469531 
105.377837 22.529890 6.007914 
105.284116 22.440229 5.979087 
103.492684 21.710798 6.908759 
FEnd
FBeg
 1834   OG SER A 237  4215    N THR B 236 hbd
102.368 24.662 8.310 104.357 21.447 11.144  0.01
103.480211 22.213601 8.432410 
103.508797 22.200276 8.397231 
103.586677 22.286837 8.440771 
103.550378 22.361718 8.551193 
FEnd
FBeg
 1834   OG SER A 237  4216   CA THR B 236 unk
102.368 24.662 8.310 102.982 21.780 11.541  5.17
101.922586 22.468468 8.955749 
103.480211 22.213601 8.432410 
103.550378 22.361718 8.551193 
102.257078 24.755033 10.931764 
100.870805 24.347038 10.831277 
101.436982 22.769280 9.316350 
FEnd
FBeg
 1834   OG SER A 237  4219   CB THR B 236 unk
102.368 24.662 8.310 101.994 20.631 11.169  0.16
101.284894 22.475508 8.882255 
101.922586 22.468468 8.955749 
101.436982 22.769280 9.316350 
FEnd
FBeg
 1834   OG SER A 237  4221  CG2 THR B 236 unk
102.368 24.662 8.310 100.532 21.017 11.420  4.10
100.775274 22.349202 8.433366 
101.284894 22.475508 8.882255 
101.436982 22.769280 9.316350 
100.870805 24.347038 10.831277 
100.773448 24.412382 10.850387 
99.578600 23.875251 9.515473 
99.565084 23.825558 9.449252 
99.781609 22.896288 8.487950 
FEnd
FBeg
 1823   CA THR A 236  4203   CB TYR B 234 ali
103.353 23.188 3.991 105.240 18.791 7.217  4.80
102.827040 19.945699 5.040850 
102.887102 20.650972 5.966997 
103.472964 21.554235 6.855443 
105.217499 21.352329 5.559808 
105.038684 20.742451 4.833147 
104.862102 20.575185 4.708453 
103.173076 19.738074 4.555452 
FEnd
FBeg
 1821    O GLY A 235  4515  NH2 ARG B 272 hbd
101.238 22.869 5.710 100.894 18.472 6.983  1.15
101.697834 20.634381 6.168603 
101.688586 20.982350 7.368004 
102.646915 20.814693 7.047876 
102.725148 20.508682 6.012042 
FEnd
FBeg
 1820    C GLY A 235  4513   CZ ARG B 272 ali
101.035 22.717 4.500 99.652 18.925 6.842  1.30
101.611261 20.123788 5.290763 
101.697834 20.634381 6.168603 
100.196694 21.286795 6.338491 
100.726359 20.567658 5.486893 
101.182888 20.243102 5.230984 
FEnd
FBeg
 1809    O TYR A 234  4513   CZ ARG B 272 unk
100.356 19.701 3.346 99.652 18.925 6.842  0.40
101.070966 18.622115 4.848639 
101.116075 18.632022 4.859922 
101.611261 20.123788 5.290763 
101.182888 20.243102 5.230984 
FEnd
FBeg
 1809    O TYR A 234  4514  NH1 ARG B 272 hbd
100.356 19.701 3.346 99.197 19.243 5.627  4.80
99.002440 17.997068 3.672096 
101.070966 18.622115 4.848639 
101.182888 20.243102 5.230984 
100.928889 20.342063 5.121795 
99.498374 20.153695 4.357113 
98.732232 19.218424 3.780036 
98.787647 18.398979 3.643657 
98.862171 18.167178 3.634980 
98.976219 17.997314 3.658823 
FEnd
FBeg
 1809    O TYR A 234  4637   CG PRO B 288 unk
100.356 19.701 3.346 100.585 15.883 2.823  1.87
100.600678 18.253179 2.502240 
99.800149 18.195850 2.570236 
99.102800 18.132518 2.727233 
98.976219 17.997314 3.658823 
99.002440 17.997068 3.672096 
101.791918 18.255889 3.004055 
FEnd
FBeg
 1807   CA TYR A 234  4637   CG PRO B 288 ali
100.131 20.039 0.982 100.585 15.883 2.823  1.85
99.941246 17.569784 1.122115 
99.441174 17.488234 1.061339 
99.064728 17.618881 1.449104 
99.113691 18.120750 2.569985 
99.800149 18.195850 2.570236 
100.600678 18.253179 2.502240 
FEnd
FBeg
 1812  CD1 TYR A 234  4637   CG PRO B 288 ali
100.760 17.703 -1.059 100.585 15.883 2.823  9.72
102.977142 16.584492 0.797038 
103.690855 16.147989 0.624566 
103.336012 15.012048 0.076006 
102.855680 14.267212 -0.294849 
101.369190 14.345566 -0.325125 
100.029572 15.477883 0.145350 
99.441174 17.488234 1.061339 
99.941246 17.569784 1.122115 
FEnd
FBeg
 1811   CG TYR A 234  4637   CG PRO B 288 ali
101.523 18.834 -0.764 100.585 15.883 2.823  0.14
103.636372 16.454887 0.862802 
103.710239 16.210639 0.681177 
103.711541 16.169531 0.647698 
103.690855 16.147989 0.624566 
102.977142 16.584492 0.797038 
FEnd

+-+CCS_record::Boundary loops before union-find
Start boundary loop loop_id 0  init_edge IE_A_B
xyz 103.636 16.4549 0.862802
xyz 103.71 16.2106 0.681177
xyz 103.712 16.1695 0.647698
xyz 103.691 16.148 0.624566
xyz 103.336 15.012 0.0760061
xyz 102.856 14.2672 -0.294849
xyz 101.369 14.3456 -0.325125
xyz 100.177 14.6409 -0.453102
xyz 100.062 13.9588 -0.796282
xyz 99.7261 13.684 -1.25046
xyz 99.2869 13.5578 -1.7705
xyz 98.8064 13.9007 -2.18611
xyz 98.3554 14.2437 -3.99521
xyz 98.3412 14.2659 -4.8112
xyz 98.6683 17.0856 -4.72786
xyz 97.0583 15.8398 -7.83055
xyz 94.0771 15.7597 -10.6018
xyz 93.9757 15.8074 -10.6287
xyz 93.2252 16.1906 -10.7877
xyz 91.7358 19.1777 -8.12916
xyz 91.4779 19.4374 -8.22467
xyz 94.5499 21.95 -3.69201
xyz 93.4915 23.2312 -5.12536
xyz 93.4464 23.2896 -4.81174
xyz 93.3732 23.2843 -5.28768
xyz 93.9946 29.9302 -3.88029
xyz 94.4056 30.3908 -1.37808
xyz 94.4434 30.2752 -1.08452
xyz 94.5161 29.9341 -0.47389
xyz 94.5292 29.1845 -0.0887246
xyz 94.6678 29.7499 -0.298896
xyz 95.4171 29.9101 0.832986
xyz 94.3148 30.37 -0.657992
xyz 91.5416 32.9243 -1.40894
xyz 95.0831 32.7711 6.22498
xyz 96.0595 32.1431 7.07197
xyz 96.5912 31.7167 7.3519
xyz 96.7842 31.341 6.97916
xyz 96.0896 27.9078 6.34386
xyz 96.0544 27.6953 6.28281
xyz 96.1008 26.8807 5.54251
xyz 95.7234 26.4661 5.84444
xyz 95.5285 25.9153 5.94888
xyz 95.6845 25.138 5.67908
xyz 95.5085 26.0236 6.30552
xyz 95.5451 26.4297 6.92089
xyz 95.3211 26.9731 7.88264
xyz 96.4482 31.9041 7.86546
xyz 98.7756 32.5481 10.3624
xyz 99.6325 32.3068 11.4088
xyz 100.059 31.7697 12.0406
xyz 100.18 31.098 12.3569
xyz 99.5547 28.8462 12.2384
xyz 97.063 25.7447 10.2056
xyz 97.2862 25.7625 10.3596
xyz 99.5109 28.2071 12.1395
xyz 100.63 26.597 11.2905
xyz 99.5624 23.9158 9.51018
xyz 99.5623 23.9152 9.50935
xyz 99.5651 23.8256 9.44925
xyz 99.1719 22.707 8.483
xyz 97.403 23.0112 7.79854
xyz 97.1864 22.9036 7.05666
xyz 97.8895 22.6669 6.80324
xyz 98.8033 22.5218 7.21153
xyz 99.3664 22.6276 8.34946
xyz 99.8853 21.944 8.1919
xyz 100.279 21.7848 8.18895
xyz 100.775 22.3492 8.43337
xyz 99.7816 22.8963 8.48795
xyz 99.5651 23.8256 9.44925
xyz 99.5786 23.8753 9.51547
xyz 100.773 24.4124 10.8504
xyz 100.793 26.1199 11.3256
xyz 101.384 26.1564 11.3301
xyz 103.202 26.002 11.6601
xyz 103.322 26.1496 11.6893
xyz 104.552 27.1199 11.6582
xyz 106.54 26.7912 10.4386
xyz 107.529 26.4991 10.5061
xyz 107.173 25.2661 9.68241
xyz 108.015 25.2563 11.8637
xyz 109.212 23.2088 12.6446
xyz 109.35 22.5062 12.923
xyz 109.401 22.0441 12.8646
xyz 109.348 21.7656 12.8247
xyz 110.131 21.2974 13.5629
xyz 111.081 21.6846 14.4264
xyz 111.449 21.5241 14.4042
xyz 112.383 19.6561 12.6682
xyz 112.492 19.5489 12.3067
xyz 112.488 19.5401 12.2711
xyz 112.499 19.5433 12.3071
xyz 112.679 19.4392 12.8047
xyz 112.817 18.6387 12.8892
xyz 112.825 18.3281 12.7834
xyz 113.487 18.4032 13.4727
xyz 114.372 17.8851 14.3739
xyz 116.561 14.229 16.5206
xyz 116.163 13.8565 16.0946
xyz 116.729 11.83 17.4057
xyz 115.218 12.3425 16.138
xyz 113.058 13.5274 14.1192
xyz 112.534 13.8495 13.6136
xyz 112.159 13.967 13.4209
xyz 114.348 12.5165 15.6902
xyz 109.954 12.2717 14.8613
xyz 109.97 12.0887 15.2507
xyz 109.512 10.8273 15.4465
xyz 109.736 9.26281 16.1124
xyz 108.738 7.59654 12.5391
xyz 108.947 6.58856 11.197
xyz 108.969 6.52955 10.8306
xyz 108.976 6.64518 10.1235
xyz 108.87 7.5949 8.85796
xyz 108.504 9.92905 8.6838
xyz 108.433 10.3045 8.99312
xyz 108.745 10.2354 8.79562
xyz 108.504 9.92905 8.6838
xyz 108.145 9.48001 7.99969
xyz 107.951 9.25809 6.2674
xyz 108.645 10.1659 4.84316
xyz 108.632 10.3323 4.71786
xyz 108.746 11.1098 4.57189
xyz 108.795 10.4254 4.19039
xyz 108.687 10.5424 3.95355
xyz 108.136 11.4623 2.98456
xyz 107.411 11.5889 2.26828
xyz 105.344 12.9803 0.533311
xyz 105.28 14.1914 0.826929
xyz 105.98 14.8415 1.74826
xyz 105.473 15.0488 1.79036
xyz 104.152 16.6329 2.37071
xyz 104.065 17.1794 2.60815
xyz 104.055 17.2157 2.63423
xyz 104.032 17.6056 2.91506
xyz 103.946 17.9079 3.03064
xyz 103.986 18.4149 3.22742
xyz 106.008 19.7164 3.7639
xyz 106.164 19.9706 4.01874
xyz 106.572 20.131 4.34408
xyz 106.809 20.1544 4.48556
xyz 106.744 20.2098 4.45872
xyz 106.572 20.131 4.34408
xyz 106.065 20.0038 4.12677
xyz 104.745 19.2983 3.97698
xyz 103.366 19.165 4.17738
xyz 103.173 19.7381 4.55545
xyz 102.827 19.9457 5.04085
xyz 102.818 19.9436 5.05133
xyz 102.915 18.8991 4.68411
xyz 102.904 18.8604 4.67255
xyz 103.475 18.6891 3.67059
xyz 103.827 18.2014 3.28035
xyz 103.946 17.9079 3.03064
xyz 103.91 17.4779 2.6309
xyz 103.902 17.3802 2.46938
End loop
Boundary info init_edge IE_A_B [total exposed]: 217.686347 217.686347
Start boundary loop loop_id 1  init_edge IE_A_B
xyz 103.473 21.5542 6.85544
xyz 103.493 21.7108 6.90876
xyz 103.253 21.992 7.60284
xyz 103.227 21.9576 7.63779
xyz 103.231 21.4986 7.34793
End loop
Boundary info init_edge IE_A_B [total exposed]: 2.102677 2.102677
Start boundary loop loop_id 2  init_edge IE_A_B
xyz 109.535 16.5572 5.47123
xyz 109.536 16.0252 5.75565
xyz 110.245 15.9348 5.9703
xyz 110.405 16.1886 5.87242
xyz 110.377 16.3057 5.80327
xyz 109.756 16.7785 5.40505
xyz 109.571 17.0049 5.36031
xyz 109.583 16.722 5.39461
xyz 109.467 16.6415 5.29892
End loop
Boundary info init_edge IE_A_B [total exposed]: 3.635359 3.635359
Start boundary loop loop_id 3  init_edge IE_A_B
xyz 96.4814 25.4702 9.53221
xyz 96.3046 25.7119 9.3449
xyz 96.5204 25.5395 9.63809
End loop
Boundary info init_edge IE_A_B [total exposed]: 0.888471 0.888471
