Begin VSO per interface edge
1050 11623  1
1053 11623  1
1059 11623  1
1063 11623  1
1065 11623  1
1069 11623  1
1069 11704  1
1070 11623  2
1156 2846  1
1156 11704  1
1156 11756  1
1157 2846  2
1157 2861  1
1157 2862  1
1158 2861  2
1158 2862  2
1159 2861  2
1160 2846  2
1160 2847  3
1160 2858  3
1160 2861  3
1160 2862  2
1161 2858  3
1161 2859  3
1161 2860  2
1161 2861  3
1161 11681  2
1162 2846  3
1162 2847  3
1162 2858  3
1162 2860  3
1162 2861  3
1162 11736  3
1162 11806  3
1163 2858  3
1163 2860  2
1163 2861  4
1163 11681  1
1163 11736  2
1163 11806  2
1165 11704  1
1168 11704  1
1170 11615  1
1170 11623  1
1170 11704  2
1171 11615  2
1171 11623  2
1171 11704  2
1172 11615  1
1174 11736  2
1175 3265  2
1175 3266  3
1175 3267  3
1176 3265  1
1176 3266  2
1176 3268  1
1176 11736  1
1177 2845  3
1177 2847  3
1177 3253  4
1177 3254  3
1177 3255  3
1177 3256  4
1177 3265  2
1177 3266  3
1177 3267  3
1177 11733  2
1177 11736  2
1178 2845  3
1178 2847  4
1178 3253  3
1178 3254  3
1178 3256  3
1178 3257  3
1178 3258  2
1178 3260  2
1178 3267  2
1178 11615  2
1178 11704  2
1178 11756  2
1179 2845  3
1179 2846  2
1179 2847  3
1179 3260  2
1179 11615  2
1179 11704  2
1179 11756  2
1180 3267  2
1181 3266  2
1181 3267  2
1181 3268  1
1184 3266  2
1184 3267  1
1184 3268  2
1184 11615  1
1185 3267  2
1185 3268  2
1185 11730  1
1186 3267  2
1186 3268  1
1186 11730  1
1569 11681  1
1570 11681  2
1571 11681  1
1572 11681  2
1573 2859  2
1573 2860  2
1573 2865  1
1573 2871  1
1573 11681  1
1574 2859  3
1574 2860  3
1574 2861  2
1574 2871  2
1575 2859  2
1575 2861  1
1575 2864  2
1575 2869  2
1575 2870  1
1575 2871  2
1576 2869  1
1576 2870  1
1576 2871  1
1581 11681  1
1599 11681  1
2600 11730  1
2841 11756  1
2842 11756  1
2843 11756  1
2844 11756  1
2845 11733  2
2845 11736  3
2845 11756  2
2846 11756  2
2847 11736  3
2847 11756  3
2847 11806  2
2851 11806  2
2858 11806  2
2859 11806  3
2860 11681  1
2860 11806  2
2866 11806  2
2872 11806  2
2873 11806  2
2875 11806  1
2876 11806  1
3245 11730  1
3246 11730  2
3247 11730  1
3248 11730  1
3253 11730  2
3255 11733  2
3258 11615  1
3258 11756  1
3259 11615  1
3260 11615  1
3260 11623  1
3260 11704  1
3260 11756  1
3261 11730  1
3262 11730  1
3263 11733  2
3264 11733  1
3265 11733  1
3265 11736  1
3266 11730  2
3267 11615  1
3267 11730  2
3268 11730  1
3271 11733  1
3277 11733  2
3278 11733  1
3281 11733  2
3283 11733  1
3283 11736  2
3283 11806  1
3285 11736  2
3285 11806  1
11521 11730  1
End VSO per interface edge

Voronoi Facets of interface MI_AB
FBeg
 1186  OD1 ASP A 156  3268  ND2 ASN B 207 hbd
18.494 44.909 31.806 20.523 42.797 31.373  24.34
17.471136 43.335715 26.254500 
17.780493 43.603438 26.398272 
20.390914 45.690580 28.450235 
20.588109 45.597008 29.830680 
19.737382 44.298028 32.180154 
19.065639 43.519792 32.828344 
18.612613 43.001938 33.231393 
18.276160 42.666399 33.291429 
16.514261 41.974329 28.410961 
16.905557 42.649073 26.953411 
FEnd
FBeg
 1186  OD1 ASP A 156  3267  OD1 ASN B 207 hbd
18.494 44.909 31.806 20.955 42.763 33.604  0.04
18.612613 43.001938 33.231393 
18.191106 42.697565 33.445045 
18.276160 42.666399 33.291429 
FEnd
FBeg
 1185   CG ASP A 156  3267  OD1 ASN B 207 unk
18.357 45.741 32.721 20.955 42.763 33.604  0.12
18.612613 43.001938 33.231393 
18.191106 42.697565 33.445045 
18.050734 42.694397 33.847369 
18.682520 43.059169 33.218729 
FEnd
FBeg
 1184   CB ASP A 156  3267  OD1 ASN B 207 unk
19.398 45.782 33.791 20.955 42.763 33.604  6.23
18.050734 42.694397 33.847369 
17.890648 42.561611 34.658203 
18.286759 42.721024 35.382675 
20.036805 43.599094 35.778014 
20.464686 43.839401 35.461035 
20.676692 44.016376 34.369097 
20.270617 43.870393 33.344834 
18.789165 43.115395 33.198936 
18.682520 43.059169 33.218729 
FEnd
FBeg
 1184   CB ASP A 156  3266   CG ASN B 207 ali
19.398 45.782 33.791 21.251 42.405 32.451  0.55
20.270617 43.870393 33.344834 
18.789165 43.115395 33.198936 
19.991161 43.973261 32.699149 
FEnd
FBeg
 1181   CA ASP A 156  3266   CG ASN B 207 ali
20.793 45.950 33.214 21.251 42.405 32.451  2.28
19.991161 43.973261 32.699149 
20.270617 43.870393 33.344834 
21.402513 43.960080 33.607569 
21.950933 44.309544 32.313108 
21.889206 44.456541 31.593091 
FEnd
FBeg
 1176    O PRO A 155  3266   CG ASN B 207 unk
23.202 44.777 32.768 21.251 42.405 32.451  2.07
21.950933 44.309544 32.313108 
23.033772 43.343151 32.879878 
22.922332 43.735084 30.633048 
21.889206 44.456541 31.593091 
FEnd
FBeg
 1176    O PRO A 155  3268  ND2 ASN B 207 hbd
23.202 44.777 32.768 20.523 42.797 31.373  5.50
22.922332 43.735084 30.633048 
21.889206 44.456541 31.593091 
22.055879 45.464517 29.842330 
22.181131 45.547792 29.483597 
23.133884 44.950036 28.502329 
24.192850 43.873259 27.996987 
FEnd
FBeg
 1176    O PRO A 155  3265   CB ASN B 207 unk
23.202 44.777 32.768 22.408 41.318 32.204  10.31
23.033772 43.343151 32.879878 
22.922332 43.735084 30.633048 
24.192850 43.873259 27.996987 
24.266429 43.856883 27.993833 
25.874277 43.067365 30.572403 
25.861676 42.991794 31.053614 
24.850595 42.916781 32.937072 
23.931279 43.088466 33.178349 
FEnd
FBeg
 1175    C PRO A 155  3265   CB ASN B 207 ali
22.927 45.131 33.897 22.408 41.318 32.204  0.38
23.931279 43.088466 33.178349 
23.033772 43.343151 32.879878 
22.904653 43.043234 33.594938 
FEnd
FBeg
 1177   CB PRO A 155  3265   CB ASN B 207 ali
23.720 43.471 35.671 22.408 41.318 32.204  4.15
24.850595 42.916781 32.937072 
23.931279 43.088466 33.178349 
22.904653 43.043234 33.594938 
22.254875 42.172928 34.381289 
22.216605 42.041099 34.477637 
23.100021 41.522064 34.465650 
24.025245 41.337326 34.230244 
24.783177 41.990726 33.537663 
FEnd
FBeg
 1177   CB PRO A 155  3255    O LYS B 206 unk
23.720 43.471 35.671 22.828 39.944 34.933  2.71
23.100021 41.522064 34.465650 
24.025245 41.337326 34.230244 
24.476413 40.838380 36.069457 
23.740211 40.922856 36.555563 
22.870860 41.249271 36.046343 
FEnd
FBeg
 1177   CB PRO A 155  3256   CB LYS B 206 ali
23.720 43.471 35.671 21.401 39.783 37.266  0.75
23.740211 40.922856 36.555563 
23.444264 41.306632 37.012658 
22.180739 41.668759 36.012914 
22.187370 41.662888 36.008980 
22.870860 41.249271 36.046343 
FEnd
FBeg
 1177   CB PRO A 155  3253   CA LYS B 206 ali
23.720 43.471 35.671 20.647 39.832 35.922  0.00
22.180739 41.668759 36.012914 
22.117843 41.717887 35.955136 
22.187370 41.662888 36.008980 
FEnd
FBeg
 1178   CG PRO A 155  3253   CA LYS B 206 ali
22.829 43.791 36.913 20.647 39.832 35.922  1.24
22.180739 41.668759 36.012914 
22.117843 41.717887 35.955136 
21.424136 42.235164 35.416050 
20.335485 42.718425 35.882457 
21.244978 42.049618 36.551772 
FEnd
FBeg
 1178   CG PRO A 155  3258   CD LYS B 206 ali
22.829 43.791 36.913 19.983 41.506 38.497  8.92
20.335485 42.718425 35.882457 
21.244978 42.049618 36.551772 
22.586018 41.745380 38.522362 
22.742228 41.824121 38.916616 
22.753713 42.254793 39.558518 
21.783527 43.529237 39.653817 
20.730613 44.140137 38.643282 
19.959716 43.224900 35.937923 
FEnd
FBeg
 1178   CG PRO A 155  3260   NZ LYS B 206 unk
22.829 43.791 36.913 19.339 43.314 40.261  0.64
21.783527 43.529237 39.653817 
21.716258 43.947542 39.643292 
20.950948 44.553126 38.931802 
20.902914 44.582452 38.885909 
20.730613 44.140137 38.643282 
FEnd
FBeg
 1179   CD PRO A 155  3260   NZ LYS B 206 unk
23.335 45.032 37.425 19.339 43.314 40.261  0.09
21.716258 43.947542 39.643292 
20.950948 44.553126 38.931802 
21.680132 44.103967 39.687149 
FEnd
FBeg
 1178   CG PRO A 155  2845  CE1 PHE B 153 ali
22.829 43.791 36.913 25.348 41.351 38.505  4.35
22.742228 41.824121 38.916616 
22.775142 41.690034 38.659026 
23.444264 41.306632 37.012658 
24.481643 42.639158 37.413541 
23.918097 43.228903 39.209113 
23.828932 43.215516 39.329679 
22.753713 42.254793 39.558518 
FEnd
FBeg
 1179   CD PRO A 155  2845  CE1 PHE B 153 ali
23.335 45.032 37.425 25.348 41.351 38.505  0.01
23.918097 43.228903 39.209113 
23.828932 43.215516 39.329679 
23.899807 43.256318 39.336641 
FEnd
FBeg
 1179   CD PRO A 155  2847   CZ PHE B 153 ali
23.335 45.032 37.425 26.117 42.506 38.367  4.07
23.899807 43.256318 39.336641 
23.918097 43.228903 39.209113 
24.844216 43.585359 37.429860 
25.684636 44.331958 36.949883 
25.783982 44.607600 37.395626 
25.710966 44.958045 38.550989 
24.692226 44.207446 39.546874 
FEnd
FBeg
 1179   CD PRO A 155  2846  CE2 PHE B 153 ali
23.335 45.032 37.425 26.872 42.958 39.480  1.22
25.710966 44.958045 38.550989 
25.555700 45.612485 39.478719 
25.270221 45.505175 39.861776 
24.692226 44.207446 39.546874 
FEnd
FBeg
 1156    O PHE A 153  2846  CE2 PHE B 153 unk
25.290 48.159 39.758 26.872 42.958 39.480  2.01
25.555700 45.612485 39.478719 
25.270221 45.505175 39.861776 
26.465487 45.755232 41.985388 
27.067038 45.931565 42.109645 
27.072033 45.934558 42.082084 
26.439138 45.847088 40.116941 
FEnd
FBeg
 1157   CB PHE A 153  2846  CE2 PHE B 153 ali
28.205 48.051 38.824 26.872 42.958 39.480  1.41
27.072033 45.934558 42.082084 
27.776989 45.482894 40.007973 
26.439138 45.847088 40.116941 
FEnd
FBeg
 1157   CB PHE A 153  2862   CG PRO B 155 ali
28.205 48.051 38.824 30.517 44.730 40.333  12.75
27.072033 45.934558 42.082084 
27.776989 45.482894 40.007973 
28.679888 45.763636 39.242460 
29.226754 46.078444 39.097412 
31.606133 48.243142 40.215925 
30.959331 48.303469 41.339686 
28.597335 47.265682 42.674638 
27.102664 45.996088 42.170568 
FEnd
FBeg
 1157   CB PHE A 153  2861   CB PRO B 155 ali
28.205 48.051 38.824 31.076 44.825 38.960  2.65
29.226754 46.078444 39.097412 
30.451231 47.144091 38.526117 
31.275260 47.887059 38.754272 
31.646719 48.273631 40.082386 
31.606133 48.243142 40.215925 
FEnd
FBeg
 1575   CE LYS A 206  2861   CB PRO B 155 ali
33.986 47.299 37.426 31.076 44.825 38.960  13.81
31.275260 47.887059 38.754272 
31.646719 48.273631 40.082386 
31.843476 48.182306 40.308347 
34.494781 45.623275 41.210730 
34.256483 45.076971 39.877612 
33.566743 44.756858 38.052902 
33.353710 44.799804 37.718042 
32.215956 45.487925 36.669506 
31.308698 47.693848 38.506098 
FEnd
FBeg
 1574   CD LYS A 206  2861   CB PRO B 155 ali
33.174 47.920 36.279 31.076 44.825 38.960  1.44
32.215956 45.487925 36.669506 
31.580531 45.623377 36.328627 
31.310520 46.195006 36.777231 
31.308698 47.693848 38.506098 
FEnd
FBeg
 1161  CE1 PHE A 153  2861   CB PRO B 155 ali
29.380 46.813 35.406 31.076 44.825 38.960  1.16
31.580531 45.623377 36.328627 
30.799298 45.216215 36.473684 
29.898991 45.268207 36.932401 
29.700031 45.388486 37.094628 
29.688207 45.415321 37.115281 
31.310520 46.195006 36.777231 
FEnd
FBeg
 1162  CE2 PHE A 153  2861   CB PRO B 155 ali
27.643 45.415 36.228 31.076 44.825 38.960  0.03
29.700031 45.388486 37.094628 
29.705361 45.264906 37.061242 
29.521784 45.214881 37.281119 
29.659079 45.430694 37.155202 
29.688207 45.415321 37.115281 
FEnd
FBeg
 1160  CD2 PHE A 153  2861   CB PRO B 155 ali
27.562 46.127 37.360 31.076 44.825 38.960  1.08
29.521784 45.214881 37.281119 
28.669110 44.753962 38.778731 
28.923613 45.643846 38.943921 
29.651416 45.463128 37.198426 
29.659079 45.430694 37.155202 
FEnd
FBeg
 1160  CD2 PHE A 153  2858   CA PRO B 155 ali
27.562 46.127 37.360 30.671 43.485 38.317  1.17
29.521784 45.214881 37.281119 
28.669110 44.753962 38.778731 
28.484424 44.572184 38.876882 
28.281912 44.000408 37.956274 
FEnd
FBeg
 1162  CE2 PHE A 153  2858   CA PRO B 155 ali
27.643 45.415 36.228 30.671 43.485 38.317  3.46
29.705361 45.264906 37.061242 
29.521784 45.214881 37.281119 
28.281912 44.000408 37.956274 
28.221339 43.393578 37.483431 
28.359977 42.705973 36.647208 
29.219140 43.415715 36.057574 
29.222521 43.421582 36.058094 
FEnd
FBeg
 1163   CZ PHE A 153  2858   CA PRO B 155 ali
28.562 45.731 35.205 30.671 43.485 38.317  1.16
29.222521 43.421582 36.058094 
29.705361 45.264906 37.061242 
29.898991 45.268207 36.932401 
30.483583 44.943396 36.301800 
FEnd
FBeg
 1163   CZ PHE A 153  2860    O PRO B 155 unk
28.562 45.731 35.205 31.306 43.318 36.074  3.86
30.483583 44.943396 36.301800 
29.222521 43.421582 36.058094 
29.220021 43.417474 36.054580 
30.556651 44.068549 33.641841 
31.137543 44.870305 34.033866 
FEnd
FBeg
 1161  CE1 PHE A 153  2860    O PRO B 155 unk
29.380 46.813 35.406 31.306 43.318 36.074  2.47
31.137543 44.870305 34.033866 
30.483583 44.943396 36.301800 
30.516893 44.963271 36.309750 
31.660448 45.548763 36.075927 
31.922371 45.489823 35.012367 
31.866617 45.290318 34.129298 
FEnd
FBeg
 1573   CG LYS A 206  2860    O PRO B 155 unk
33.815 47.831 34.896 31.306 43.318 36.074  2.69
31.922371 45.489823 35.012367 
33.047210 45.008636 35.564679 
33.170493 44.926617 35.513036 
33.284749 44.216490 33.035840 
31.866617 45.290318 34.129298 
FEnd
FBeg
 1573   CG LYS A 206  2865   CA ASP B 156 ali
33.815 47.831 34.896 33.781 42.129 36.529  2.65
33.170493 44.926617 35.513036 
33.284749 44.216490 33.035840 
34.345048 43.894672 31.934216 
34.998763 43.939525 32.104439 
33.177994 44.931324 35.529627 
FEnd
FBeg
 1573   CG LYS A 206  2871  OD2 ASP B 156 unk
33.815 47.831 34.896 35.374 44.494 36.691  12.41
34.998763 43.939525 32.104439 
35.337866 43.959932 31.847859 
36.044101 44.328994 31.920582 
37.563493 46.439673 34.524818 
35.633307 46.200721 35.757005 
33.295724 45.065181 35.676222 
33.173214 44.980339 35.624901 
33.177994 44.931324 35.529627 
FEnd
FBeg
 1574   CD LYS A 206  2871  OD2 ASP B 156 unk
33.174 47.920 36.279 35.374 44.494 36.691  0.01
33.295724 45.065181 35.676222 
33.173214 44.980339 35.624901 
33.180645 44.996616 35.720569 
FEnd
FBeg
 1575   CE LYS A 206  2871  OD2 ASP B 156 unk
33.986 47.299 37.426 35.374 44.494 36.691  4.76
35.633307 46.200721 35.757005 
33.295724 45.065181 35.676222 
33.180645 44.996616 35.720569 
33.479127 44.755494 37.204433 
33.544748 44.743995 37.372236 
35.659315 45.702947 37.705787 
FEnd
FBeg
 1576   NZ LYS A 206  2871  OD2 ASP B 156 elf
35.489 47.448 37.444 35.374 44.494 36.691  8.12
37.563493 46.439673 34.524818 
35.633307 46.200721 35.757005 
35.659315 45.702947 37.705787 
39.216186 45.882296 36.458992 
39.323696 45.964714 36.119249 
39.218866 46.314605 34.762644 
FEnd
FBeg
 1576   NZ LYS A 206  2869   CG ASP B 156 unk
35.489 47.448 37.444 35.685 43.547 37.442  2.63
35.659315 45.702947 37.705787 
39.216186 45.882296 36.458992 
39.129116 45.877763 36.767327 
35.644679 45.701579 38.939196 
FEnd
FBeg
 1576   NZ LYS A 206  2870  OD1 ASP B 156 elf
35.489 47.448 37.444 36.330 43.685 38.488  6.85
39.129116 45.877763 36.767327 
38.751825 46.217278 38.295008 
37.133923 46.383919 40.198959 
36.291521 46.360510 40.793183 
35.559489 46.294461 41.144810 
35.644679 45.701579 38.939196 
FEnd
FBeg
 1573   CG LYS A 206  2859    C PRO B 155 ali
33.815 47.831 34.896 31.646 43.110 37.216  0.01
33.047210 45.008636 35.564679 
33.170493 44.926617 35.513036 
33.177994 44.931324 35.529627 
33.173214 44.980339 35.624901 
FEnd
FBeg
 1574   CD LYS A 206  2860    O PRO B 155 unk
33.174 47.920 36.279 31.306 43.318 36.074  0.72
31.660448 45.548763 36.075927 
33.047210 45.008636 35.564679 
31.922371 45.489823 35.012367 
FEnd
FBeg
 1162  CE2 PHE A 153  2860    O PRO B 155 unk
27.643 45.415 36.228 31.306 43.318 36.074  0.00
29.219140 43.415715 36.057574 
29.220021 43.417474 36.054580 
29.222521 43.421582 36.058094 
FEnd
FBeg
 1162  CE2 PHE A 153  2846  CE2 PHE B 153 aro
27.643 45.415 36.228 26.872 42.958 39.480  0.38
28.281912 44.000408 37.956274 
27.302742 44.117476 37.812576 
28.221339 43.393578 37.483431 
FEnd
FBeg
 1163   CZ PHE A 153  2861   CB PRO B 155 ali
28.562 45.731 35.205 31.076 44.825 38.960  0.01
29.898991 45.268207 36.932401 
29.705361 45.264906 37.061242 
29.700031 45.388486 37.094628 
FEnd
FBeg
 1161  CE1 PHE A 153  2858   CA PRO B 155 ali
29.380 46.813 35.406 30.671 43.485 38.317  0.21
30.799298 45.216215 36.473684 
29.898991 45.268207 36.932401 
30.483583 44.943396 36.301800 
30.516893 44.963271 36.309750 
FEnd
FBeg
 1161  CE1 PHE A 153  2859    C PRO B 155 ali
29.380 46.813 35.406 31.646 43.110 37.216  0.28
31.580531 45.623377 36.328627 
30.799298 45.216215 36.473684 
30.516893 44.963271 36.309750 
31.660448 45.548763 36.075927 
FEnd
FBeg
 1574   CD LYS A 206  2859    C PRO B 155 ali
33.174 47.920 36.279 31.646 43.110 37.216  0.84
32.215956 45.487925 36.669506 
31.580531 45.623377 36.328627 
31.660448 45.548763 36.075927 
33.047210 45.008636 35.564679 
33.173214 44.980339 35.624901 
33.180645 44.996616 35.720569 
FEnd
FBeg
 1575   CE LYS A 206  2859    C PRO B 155 ali
33.986 47.299 37.426 31.646 43.110 37.216  1.39
33.353710 44.799804 37.718042 
32.215956 45.487925 36.669506 
33.180645 44.996616 35.720569 
33.479127 44.755494 37.204433 
FEnd
FBeg
 1575   CE LYS A 206  2864    N ASP B 156 unk
33.986 47.299 37.426 32.830 42.555 37.553  0.10
33.566743 44.756858 38.052902 
33.353710 44.799804 37.718042 
33.479127 44.755494 37.204433 
33.544748 44.743995 37.372236 
FEnd
FBeg
 1575   CE LYS A 206  2869   CG ASP B 156 ali
33.986 47.299 37.426 35.685 43.547 37.442  3.95
34.256483 45.076971 39.877612 
33.566743 44.756858 38.052902 
33.544748 44.743995 37.372236 
35.659315 45.702947 37.705787 
35.644679 45.701579 38.939196 
FEnd
FBeg
 1575   CE LYS A 206  2870  OD1 ASP B 156 unk
33.986 47.299 37.426 36.330 43.685 38.488  3.12
34.494781 45.623275 41.210730 
34.256483 45.076971 39.877612 
35.644679 45.701579 38.939196 
35.559489 46.294461 41.144810 
34.748828 45.966182 41.816928 
FEnd
FBeg
 1159  CD1 PHE A 153  2861   CB PRO B 155 ali
29.277 47.545 36.600 31.076 44.825 38.960  3.22
30.451231 47.144091 38.526117 
31.275260 47.887059 38.754272 
31.308698 47.693848 38.506098 
31.310520 46.195006 36.777231 
29.688207 45.415321 37.115281 
29.659079 45.430694 37.155202 
29.651416 45.463128 37.198426 
FEnd
FBeg
 1158   CG PHE A 153  2861   CB PRO B 155 ali
28.364 47.203 37.583 31.076 44.825 38.960  2.21
29.226754 46.078444 39.097412 
30.451231 47.144091 38.526117 
29.651416 45.463128 37.198426 
28.923613 45.643846 38.943921 
FEnd
FBeg
 1158   CG PHE A 153  2862   CG PRO B 155 ali
28.364 47.203 37.583 30.517 44.730 40.333  0.11
28.679888 45.763636 39.242460 
29.226754 46.078444 39.097412 
28.923613 45.643846 38.943921 
FEnd
FBeg
 1160  CD2 PHE A 153  2862   CG PRO B 155 ali
27.562 46.127 37.360 30.517 44.730 40.333  1.08
27.776989 45.482894 40.007973 
28.679888 45.763636 39.242460 
28.923613 45.643846 38.943921 
28.669110 44.753962 38.778731 
28.484424 44.572184 38.876882 
FEnd
FBeg
 1160  CD2 PHE A 153  2846  CE2 PHE B 153 aro
27.562 46.127 37.360 26.872 42.958 39.480  6.05
25.710966 44.958045 38.550989 
25.555700 45.612485 39.478719 
26.439138 45.847088 40.116941 
27.776989 45.482894 40.007973 
28.484424 44.572184 38.876882 
28.281912 44.000408 37.956274 
27.302742 44.117476 37.812576 
FEnd
FBeg
 1160  CD2 PHE A 153  2847   CZ PHE B 153 aro
27.562 46.127 37.360 26.117 42.506 38.367  0.99
25.783982 44.607600 37.395626 
25.710966 44.958045 38.550989 
27.302742 44.117476 37.812576 
FEnd
FBeg
 1162  CE2 PHE A 153  2847   CZ PHE B 153 aro
27.643 45.415 36.228 26.117 42.506 38.367  4.33
25.684636 44.331958 36.949883 
25.783982 44.607600 37.395626 
27.302742 44.117476 37.812576 
28.221339 43.393578 37.483431 
28.359977 42.705973 36.647208 
28.139577 42.675116 36.448006 
26.225786 43.466527 36.158978 
FEnd
FBeg
 1177   CB PRO A 155  2847   CZ PHE B 153 ali
23.720 43.471 35.671 26.117 42.506 38.367  3.50
24.844216 43.585359 37.429860 
25.684636 44.331958 36.949883 
26.225786 43.466527 36.158978 
25.634283 41.709528 36.055985 
24.481643 42.639158 37.413541 
FEnd
FBeg
 1178   CG PRO A 155  2847   CZ PHE B 153 ali
22.829 43.791 36.913 26.117 42.506 38.367  0.98
24.481643 42.639158 37.413541 
24.844216 43.585359 37.429860 
23.918097 43.228903 39.209113 
FEnd
FBeg
 1178   CG PRO A 155  3257   CG LYS B 206 ali
22.829 43.791 36.913 20.563 40.090 38.550  0.03
22.586018 41.745380 38.522362 
22.775142 41.690034 38.659026 
22.742228 41.824121 38.916616 
FEnd
FBeg
 1178   CG PRO A 155  3254    C LYS B 206 ali
22.829 43.791 36.913 21.610 39.901 34.749  0.04
22.117843 41.717887 35.955136 
21.424136 42.235164 35.416050 
21.495679 42.235310 35.375488 
FEnd
FBeg
 1178   CG PRO A 155  3256   CB LYS B 206 ali
22.829 43.791 36.913 21.401 39.783 37.266  3.05
23.444264 41.306632 37.012658 
22.180739 41.668759 36.012914 
21.244978 42.049618 36.551772 
22.586018 41.745380 38.522362 
22.775142 41.690034 38.659026 
FEnd
FBeg
 1177   CB PRO A 155  2845  CE1 PHE B 153 ali
23.720 43.471 35.671 25.348 41.351 38.505  3.04
24.476413 40.838380 36.069457 
25.485868 41.406065 35.914234 
25.634283 41.709528 36.055985 
24.481643 42.639158 37.413541 
23.444264 41.306632 37.012658 
23.740211 40.922856 36.555563 
FEnd
FBeg
 1177   CB PRO A 155  3254    C LYS B 206 ali
23.720 43.471 35.671 21.610 39.901 34.749  2.10
22.216605 42.041099 34.477637 
23.100021 41.522064 34.465650 
22.870860 41.249271 36.046343 
22.187370 41.662888 36.008980 
22.117843 41.717887 35.955136 
21.495679 42.235310 35.375488 
FEnd
FBeg
 1177   CB PRO A 155  3267  OD1 ASN B 207 unk
23.720 43.471 35.671 20.955 42.763 33.604  1.77
22.254875 42.172928 34.381289 
22.216605 42.041099 34.477637 
21.495679 42.235310 35.375488 
21.436031 43.679559 34.960587 
21.561237 43.681284 34.792509 
22.233990 43.212520 34.053140 
FEnd
FBeg
 1175    C PRO A 155  3267  OD1 ASN B 207 unk
22.927 45.131 33.897 20.955 42.763 33.604  0.62
21.561237 43.681284 34.792509 
22.233990 43.212520 34.053140 
21.402513 43.960080 33.607569 
21.379497 43.969023 33.690204 
FEnd
FBeg
 1177   CB PRO A 155  3266   CG ASN B 207 ali
23.720 43.471 35.671 21.251 42.405 32.451  0.45
22.904653 43.043234 33.594938 
22.254875 42.172928 34.381289 
22.233990 43.212520 34.053140 
FEnd
FBeg
 1175    C PRO A 155  3266   CG ASN B 207 ali
22.927 45.131 33.897 21.251 42.405 32.451  2.23
21.402513 43.960080 33.607569 
22.233990 43.212520 34.053140 
22.904653 43.043234 33.594938 
23.033772 43.343151 32.879878 
21.950933 44.309544 32.313108 
FEnd
FBeg
 1181   CA ASP A 156  3267  OD1 ASN B 207 unk
20.793 45.950 33.214 20.955 42.763 33.604  0.55
20.676692 44.016376 34.369097 
21.379497 43.969023 33.690204 
21.402513 43.960080 33.607569 
20.270617 43.870393 33.344834 
FEnd
FBeg
 1180    N ASP A 156  3267  OD1 ASN B 207 hbd
21.740 45.611 34.218 20.955 42.763 33.604  1.09
20.464686 43.839401 35.461035 
21.436031 43.679559 34.960587 
21.561237 43.681284 34.792509 
21.379497 43.969023 33.690204 
20.676692 44.016376 34.369097 
FEnd
FBeg
 1178   CG PRO A 155  3267  OD1 ASN B 207 unk
22.829 43.791 36.913 20.955 42.763 33.604  2.04
20.036805 43.599094 35.778014 
19.959716 43.224900 35.937923 
20.335485 42.718425 35.882457 
21.424136 42.235164 35.416050 
21.495679 42.235310 35.375488 
21.436031 43.679559 34.960587 
20.464686 43.839401 35.461035 
FEnd
FBeg
 1185   CG ASP A 156  3268  ND2 ASN B 207 unk
18.357 45.741 32.721 20.523 42.797 31.373  0.01
19.065639 43.519792 32.828344 
18.612613 43.001938 33.231393 
18.682520 43.059169 33.218729 
FEnd
FBeg
 1184   CB ASP A 156  3268  ND2 ASN B 207 unk
19.398 45.782 33.791 20.523 42.797 31.373  0.57
19.737382 44.298028 32.180154 
19.065639 43.519792 32.828344 
18.682520 43.059169 33.218729 
18.789165 43.115395 33.198936 
19.991161 43.973261 32.699149 
FEnd
FBeg
 1181   CA ASP A 156  3268  ND2 ASN B 207 unk
20.793 45.950 33.214 20.523 42.797 31.373  4.92
20.588109 45.597008 29.830680 
19.737382 44.298028 32.180154 
19.991161 43.973261 32.699149 
21.889206 44.456541 31.593091 
22.055879 45.464517 29.842330 
20.773575 45.612512 29.776928 
FEnd

+-+CCS_record::Boundary loops before union-find
Start boundary loop loop_id 0  init_edge IE_A_B
xyz 17.7805 43.6034 26.3983
xyz 20.3909 45.6906 28.4502
xyz 20.5881 45.597 29.8307
xyz 20.7736 45.6125 29.7769
xyz 22.0559 45.4645 29.8423
xyz 22.1811 45.5478 29.4836
xyz 23.1339 44.95 28.5023
xyz 24.1928 43.8733 27.997
xyz 24.2664 43.8569 27.9938
xyz 25.8743 43.0674 30.5724
xyz 25.8617 42.9918 31.0536
xyz 24.8506 42.9168 32.9371
xyz 24.7832 41.9907 33.5377
xyz 24.0252 41.3373 34.2302
xyz 24.4764 40.8384 36.0695
xyz 25.4859 41.4061 35.9142
xyz 25.6343 41.7095 36.056
xyz 26.2258 43.4665 36.159
xyz 28.1396 42.6751 36.448
xyz 28.36 42.706 36.6472
xyz 29.2191 43.4157 36.0576
xyz 29.22 43.4175 36.0546
xyz 30.5567 44.0685 33.6418
xyz 31.1375 44.8703 34.0339
xyz 31.8666 45.2903 34.1293
xyz 33.2847 44.2165 33.0358
xyz 34.345 43.8947 31.9342
xyz 34.9988 43.9395 32.1044
xyz 35.3379 43.9599 31.8479
xyz 36.0441 44.329 31.9206
xyz 37.5635 46.4397 34.5248
xyz 39.2189 46.3146 34.7626
xyz 39.3237 45.9647 36.1192
xyz 39.2162 45.8823 36.459
xyz 39.1291 45.8778 36.7673
xyz 38.7518 46.2173 38.295
xyz 37.1339 46.3839 40.199
xyz 36.2915 46.3605 40.7932
xyz 35.5595 46.2945 41.1448
xyz 34.7488 45.9662 41.8169
xyz 34.4948 45.6233 41.2107
xyz 31.8435 48.1823 40.3083
xyz 31.6467 48.2736 40.0824
xyz 31.6061 48.2431 40.2159
xyz 30.9593 48.3035 41.3397
xyz 28.5973 47.2657 42.6746
xyz 27.1027 45.9961 42.1706
xyz 27.072 45.9346 42.0821
xyz 27.067 45.9316 42.1096
xyz 26.4655 45.7552 41.9854
xyz 25.2702 45.5052 39.8618
xyz 24.6922 44.2074 39.5469
xyz 23.8998 43.2563 39.3366
xyz 23.8289 43.2155 39.3297
xyz 22.7537 42.2548 39.5585
xyz 21.7835 43.5292 39.6538
xyz 21.7163 43.9475 39.6433
xyz 21.6801 44.104 39.6871
xyz 20.9509 44.5531 38.9318
xyz 20.9029 44.5825 38.8859
xyz 20.7306 44.1401 38.6433
xyz 19.9597 43.2249 35.9379
xyz 20.0368 43.5991 35.778
xyz 18.2868 42.721 35.3827
xyz 17.8906 42.5616 34.6582
xyz 18.0507 42.6944 33.8474
xyz 18.1911 42.6976 33.445
xyz 18.2762 42.6664 33.2914
xyz 16.5143 41.9743 28.411
xyz 16.9056 42.6491 26.9534
xyz 17.4711 43.3357 26.2545
End loop
Boundary info init_edge IE_A_B [total exposed]: 91.006763 91.006763
Voronoi Facets of interface MI_AWi_BWi
FBeg
 1063   CB SER A 142 11623    O HOH A 500 unk
14.859 50.578 41.676 17.574 48.316 39.508  10.68
14.550820 46.838034 40.570186 
14.304307 46.000040 41.135805 
16.394650 46.462238 43.271317 
17.160376 47.774984 42.860576 
16.599421 49.565683 40.289748 
15.579419 49.000555 39.602025 
FEnd
FBeg
 1059    N SER A 142 11623    O HOH A 500 hbw
15.780 51.425 39.614 17.574 48.316 39.508  1.99
16.599421 49.565683 40.289748 
17.405087 50.062448 39.355074 
16.288455 49.444923 38.568731 
16.124125 49.352453 38.499664 
15.579419 49.000555 39.602025 
FEnd
FBeg
 1050   CA HIS A 141 11623    O HOH A 500 unk
16.589 51.691 37.333 17.574 48.316 39.508  0.01
16.288455 49.444923 38.568731 
16.150525 49.285471 38.383771 
16.124125 49.352453 38.499664 
FEnd
FBeg
 1053   CB HIS A 141 11623    O HOH A 500 unk
17.864 50.863 37.096 17.574 48.316 39.508  5.78
17.405087 50.062448 39.355074 
18.515340 49.910602 39.328217 
19.044059 49.141942 38.580104 
18.532277 48.420155 37.756386 
18.114139 48.052469 37.317846 
16.230774 48.611922 37.682171 
16.150525 49.285471 38.383771 
16.288455 49.444923 38.568731 
FEnd
FBeg
 1170   CD GLU A 154 11623    O HOH A 500 unk
20.766 47.595 37.069 17.574 48.316 39.508  0.56
18.532277 48.420155 37.756386 
18.365440 46.975159 37.965200 
18.237335 47.021936 37.783717 
18.114139 48.052469 37.317846 
FEnd
FBeg
 1170   CD GLU A 154 11615    O HOH A 479 unk
20.766 47.595 37.069 18.974 44.895 37.638  3.60
18.365440 46.975159 37.965200 
18.237335 47.021936 37.783717 
18.545474 46.544125 36.486867 
20.842742 45.359393 38.100099 
20.859937 45.432015 38.498857 
20.131673 45.967789 38.747612 
FEnd
FBeg
 1171  OE1 GLU A 154 11615    O HOH A 479 hbw
20.379 47.805 38.213 18.974 44.895 37.638  1.16
20.131673 45.967789 38.747612 
18.365440 46.975159 37.965200 
18.916769 46.430538 39.374295 
FEnd
FBeg
 1171  OE1 GLU A 154 11704    O HOH A 824 hbw
20.379 47.805 38.213 20.959 46.282 40.462  4.87
18.916769 46.430538 39.374295 
20.131673 45.967789 38.747612 
22.015968 47.272894 39.145471 
22.065363 47.684722 39.411618 
21.957183 48.121943 39.735598 
19.433406 47.598948 40.032294 
FEnd
FBeg
 1069   CB SER A 143 11704    O HOH A 824 unk
20.304 49.845 41.171 20.959 46.282 40.462  7.76
21.957183 48.121943 39.735598 
19.433406 47.598948 40.032294 
18.466299 46.994690 42.175476 
21.365933 47.458949 42.521179 
22.460184 48.152798 40.045227 
FEnd
FBeg
 1069   CB SER A 143 11623    O HOH A 500 unk
20.304 49.845 41.171 17.574 48.316 39.508  5.81
19.433406 47.598948 40.032294 
18.466299 46.994690 42.175476 
17.751753 47.865249 42.548070 
17.785165 48.013601 42.356823 
18.547968 49.843044 39.422565 
19.291944 48.625251 39.320912 
FEnd
FBeg
 1168   CB GLU A 154 11704    O HOH A 824 unk
22.760 49.104 37.255 20.959 46.282 40.462  0.18
22.065363 47.684722 39.411618 
21.957183 48.121943 39.735598 
22.460184 48.152798 40.045227 
22.492259 48.123072 40.037082 
FEnd
FBeg
 1165   CA GLU A 154 11704    O HOH A 824 unk
23.780 47.938 37.376 20.959 46.282 40.462  1.88
22.015968 47.272894 39.145471 
22.065363 47.684722 39.411618 
22.492259 48.123072 40.037082 
23.060680 47.387187 40.161804 
23.399673 46.553409 40.024267 
22.098991 46.734172 38.932277 
FEnd
FBeg
 1179   CD PRO A 155 11704    O HOH A 824 unk
23.335 45.032 37.425 20.959 46.282 40.462  4.97
23.399673 46.553409 40.024267 
23.509519 46.361767 40.189083 
21.680132 44.103967 39.687149 
20.950948 44.553126 38.931802 
20.904841 44.593697 38.879032 
20.859937 45.432015 38.498857 
22.098991 46.734172 38.932277 
FEnd
FBeg
 1178   CG PRO A 155 11704    O HOH A 824 unk
22.829 43.791 36.913 20.959 46.282 40.462  0.00
20.950948 44.553126 38.931802 
20.902914 44.582452 38.885909 
20.904841 44.593697 38.879032 
FEnd
FBeg
 1178   CG PRO A 155 11615    O HOH A 479 unk
22.829 43.791 36.913 18.974 44.895 37.638  3.32
20.902914 44.582452 38.885909 
20.904841 44.593697 38.879032 
20.832570 45.099436 37.724631 
20.303416 44.390876 35.989959 
20.036805 43.599094 35.778014 
19.959716 43.224900 35.937923 
20.730613 44.140137 38.643282 
FEnd
FBeg
 3260   NZ LYS B 206 11615    O HOH A 479 hbw
19.339 43.314 40.261 18.974 44.895 37.638  8.04
20.730613 44.140137 38.643282 
20.902914 44.582452 38.885909 
18.401463 45.871604 40.011025 
15.784101 44.916181 39.799364 
15.730133 44.126310 39.330783 
19.665794 43.810272 38.592631 
FEnd
FBeg
 3259   CE LYS B 206 11615    O HOH A 479 unk
19.129 41.869 39.760 18.974 44.895 37.638  7.61
15.730133 44.126310 39.330783 
15.215331 43.706689 38.770001 
15.194030 42.722226 37.367700 
16.740018 42.530947 36.982008 
19.665794 43.810272 38.592631 
FEnd
FBeg
 3260   NZ LYS B 206 11623    O HOH A 500 hbw
19.339 43.314 40.261 17.574 48.316 39.508  4.44
18.401463 45.871604 40.011025 
15.784101 44.916181 39.799364 
17.381291 45.924472 42.753451 
17.787621 46.035487 42.538482 
FEnd
FBeg
 3258   CD LYS B 206 11615    O HOH A 479 unk
19.983 41.506 38.497 18.974 44.895 37.638  7.58
19.959716 43.224900 35.937923 
20.730613 44.140137 38.643282 
19.665794 43.810272 38.592631 
16.740018 42.530947 36.982008 
18.435540 42.657413 35.489357 
FEnd
FBeg
 3267  OD1 ASN B 207 11615    O HOH A 479 hbw
20.955 42.763 33.604 18.974 44.895 37.638  0.47
20.036805 43.599094 35.778014 
19.959716 43.224900 35.937923 
18.435540 42.657413 35.489357 
18.286759 42.721024 35.382675 
FEnd
FBeg
 1184   CB ASP A 156 11615    O HOH A 479 unk
19.398 45.782 33.791 18.974 44.895 37.638  7.49
20.303416 44.390876 35.989959 
20.036805 43.599094 35.778014 
18.286759 42.721024 35.382675 
16.561763 43.101892 35.280370 
16.561412 43.103306 35.280657 
18.541700 46.380735 36.254591 
FEnd
FBeg
 3260   NZ LYS B 206 11704    O HOH A 824 hbw
19.339 43.314 40.261 20.959 46.282 40.462  12.57
21.680132 44.103967 39.687149 
21.312069 44.201055 41.220016 
19.770037 44.885570 43.540664 
17.787621 46.035487 42.538482 
18.401463 45.871604 40.011025 
20.902914 44.582452 38.885909 
20.950948 44.553126 38.931802 
FEnd
FBeg
 3260   NZ LYS B 206 11756    O HOH B 525 hbw
19.339 43.314 40.261 23.547 44.015 41.227  1.04
21.680132 44.103967 39.687149 
21.312069 44.201055 41.220016 
21.752329 43.037074 40.146867 
21.783527 43.529237 39.653817 
21.716258 43.947542 39.643292 
FEnd
FBeg
 1178   CG PRO A 155 11756    O HOH B 525 unk
22.829 43.791 36.913 23.547 44.015 41.227  1.59
21.783527 43.529237 39.653817 
21.716258 43.947542 39.643292 
23.828932 43.215516 39.329679 
22.753713 42.254793 39.558518 
FEnd
FBeg
 2845  CE1 PHE B 153 11756    O HOH B 525 unk
25.348 41.351 38.505 23.547 44.015 41.227  1.12
23.828932 43.215516 39.329679 
23.899807 43.256318 39.336641 
24.590959 42.893242 40.149279 
24.596753 42.873992 40.171952 
22.749199 42.105896 39.701255 
22.753713 42.254793 39.558518 
FEnd
FBeg
 2843  CD1 PHE B 153 11756    O HOH B 525 unk
25.326 40.652 39.732 23.547 44.015 41.227  1.61
24.596753 42.873992 40.171952 
24.606577 42.869730 40.193229 
24.597732 42.831672 40.268317 
23.728746 41.962391 41.189698 
22.688653 41.992334 39.884666 
22.749199 42.105896 39.701255 
FEnd
FBeg
 2842   CG PHE B 153 11756    O HOH B 525 unk
26.068 41.073 40.829 23.547 44.015 41.227  2.03
24.597732 42.831672 40.268317 
24.980796 42.835092 42.669424 
24.268348 42.271226 42.324734 
23.728746 41.962391 41.189698 
FEnd
FBeg
 2841   CB PHE B 153 11756    O HOH B 525 unk
26.112 40.227 42.122 23.547 44.015 41.227  1.25
24.980796 42.835092 42.669424 
25.419191 43.358980 43.630320 
24.856633 43.131199 44.278507 
24.843986 43.120513 44.269528 
24.268348 42.271226 42.324734 
FEnd
FBeg
 2844  CD2 PHE B 153 11756    O HOH B 525 unk
26.835 42.221 40.705 23.547 44.015 41.227  7.60
24.606577 42.869730 40.193229 
26.465487 45.755232 41.985388 
26.570825 45.841289 42.353136 
26.599508 45.664010 43.143074 
25.419191 43.358980 43.630320 
24.980796 42.835092 42.669424 
24.597732 42.831672 40.268317 
FEnd
FBeg
 1156    O PHE A 153 11756    O HOH B 525 hbw
25.290 48.159 39.758 23.547 44.015 41.227  4.38
26.465487 45.755232 41.985388 
25.270221 45.505175 39.861776 
23.509519 46.361767 40.189083 
23.514303 46.515241 40.627705 
25.789931 46.166499 42.343996 
26.570825 45.841289 42.353136 
FEnd
FBeg
 2846  CE2 PHE B 153 11756    O HOH B 525 unk
26.872 42.958 39.480 23.547 44.015 41.227  4.10
24.590959 42.893242 40.149279 
24.692226 44.207446 39.546874 
25.270221 45.505175 39.861776 
26.465487 45.755232 41.985388 
24.606577 42.869730 40.193229 
24.596753 42.873992 40.171952 
FEnd
FBeg
 2847   CZ PHE B 153 11756    O HOH B 525 unk
26.117 42.506 38.367 23.547 44.015 41.227  0.68
23.899807 43.256318 39.336641 
24.692226 44.207446 39.546874 
24.590959 42.893242 40.149279 
FEnd
FBeg
 3258   CD LYS B 206 11756    O HOH B 525 unk
19.983 41.506 38.497 23.547 44.015 41.227  0.79
21.752329 43.037074 40.146867 
21.783527 43.529237 39.653817 
22.753713 42.254793 39.558518 
22.749199 42.105896 39.701255 
22.688653 41.992334 39.884666 
FEnd
FBeg
 1179   CD PRO A 155 11756    O HOH B 525 unk
23.335 45.032 37.425 23.547 44.015 41.227  6.55
23.509519 46.361767 40.189083 
21.680132 44.103967 39.687149 
21.716258 43.947542 39.643292 
23.828932 43.215516 39.329679 
23.899807 43.256318 39.336641 
24.692226 44.207446 39.546874 
25.270221 45.505175 39.861776 
FEnd
FBeg
 1156    O PHE A 153 11704    O HOH A 824 hbw
25.290 48.159 39.758 20.959 46.282 40.462  0.34
23.060680 47.387187 40.161804 
23.514303 46.515241 40.627705 
23.509519 46.361767 40.189083 
23.399673 46.553409 40.024267 
FEnd
FBeg
 1170   CD GLU A 154 11704    O HOH A 824 unk
20.766 47.595 37.069 20.959 46.282 40.462  1.47
20.859937 45.432015 38.498857 
22.098991 46.734172 38.932277 
22.015968 47.272894 39.145471 
20.131673 45.967789 38.747612 
FEnd
FBeg
 1179   CD PRO A 155 11615    O HOH A 479 unk
23.335 45.032 37.425 18.974 44.895 37.638  0.43
20.842742 45.359393 38.100099 
20.859937 45.432015 38.498857 
20.904841 44.593697 38.879032 
20.832570 45.099436 37.724631 
FEnd
FBeg
 1172  OE2 GLU A 154 11615    O HOH A 479 hbw
20.601 46.488 36.491 18.974 44.895 37.638  3.66
18.545474 46.544125 36.486867 
20.842742 45.359393 38.100099 
20.832570 45.099436 37.724631 
20.303416 44.390876 35.989959 
18.541700 46.380735 36.254591 
FEnd
FBeg
 1171  OE1 GLU A 154 11623    O HOH A 500 hbw
20.379 47.805 38.213 17.574 48.316 39.508  4.37
19.044059 49.141942 38.580104 
19.291944 48.625251 39.320912 
19.433406 47.598948 40.032294 
18.916769 46.430538 39.374295 
18.365440 46.975159 37.965200 
18.532277 48.420155 37.756386 
FEnd
FBeg
 1070   OG SER A 143 11623    O HOH A 500 hbw
20.327 49.978 39.746 17.574 48.316 39.508  0.63
18.515340 49.910602 39.328217 
18.547968 49.843044 39.422565 
19.291944 48.625251 39.320912 
19.044059 49.141942 38.580104 
FEnd
FBeg
 1065    N SER A 143 11623    O HOH A 500 hbw
17.971 50.914 41.231 17.574 48.316 39.508  5.00
17.160376 47.774984 42.860576 
17.687614 47.879274 42.581842 
17.785165 48.013601 42.356823 
18.547968 49.843044 39.422565 
18.515340 49.910602 39.328217 
17.405087 50.062448 39.355074 
16.599421 49.565683 40.289748 
FEnd
FBeg
 1581   CB ASN A 207 11681    O HOH A 725 unk
31.738 47.409 28.616 30.242 46.099 31.963  9.56
31.073668 47.125083 30.898325 
29.990324 47.530522 30.572792 
29.340045 46.472364 29.867981 
32.930385 43.437864 30.285057 
34.511409 43.855135 31.155041 
33.694555 44.870935 31.187513 
FEnd
FBeg
 1570    C LYS A 206 11681    O HOH A 725 unk
32.575 48.731 31.335 30.242 46.099 31.963  3.45
33.694555 44.870935 31.187513 
31.073668 47.125083 30.898325 
31.307124 47.309191 32.537217 
32.335963 46.343627 32.312566 
FEnd
FBeg
 1572   CB LYS A 206 11681    O HOH A 725 unk
32.919 48.511 33.856 30.242 46.099 31.963  4.32
31.307124 47.309191 32.537217 
30.348599 47.836144 33.221296 
31.788623 45.589266 34.047776 
33.234428 45.174861 32.531202 
32.335963 46.343627 32.312566 
FEnd
FBeg
 1573   CG LYS A 206 11681    O HOH A 725 unk
33.815 47.831 34.896 30.242 46.099 31.963  2.29
31.788623 45.589266 34.047776 
31.866617 45.290318 34.129298 
33.284749 44.216490 33.035840 
34.345048 43.894672 31.934216 
34.355454 43.895256 31.921194 
33.234428 45.174861 32.531202 
FEnd
FBeg
 2860    O PRO B 155 11681    O HOH A 725 hbw
31.306 43.318 36.074 30.242 46.099 31.963  4.47
31.866617 45.290318 34.129298 
31.137543 44.870305 34.033866 
30.556651 44.068549 33.641841 
32.439046 42.947171 32.396057 
32.631250 42.959860 32.354894 
32.899367 43.185585 32.438199 
33.284749 44.216490 33.035840 
FEnd
FBeg
 2860    O PRO B 155 11806    O HOH B 733 hbw
31.306 43.318 36.074 29.526 41.862 34.695  8.32
30.556651 44.068549 33.641841 
32.439046 42.947171 32.396057 
32.285796 42.607551 32.952454 
31.472722 41.728529 34.930067 
31.091648 41.625527 35.530707 
29.578577 42.839269 36.202250 
29.219140 43.415715 36.057574 
29.220021 43.417474 36.054580 
FEnd
FBeg
 1163   CZ PHE A 153 11806    O HOH B 733 unk
28.562 45.731 35.205 29.526 41.862 34.695  4.53
29.220021 43.417474 36.054580 
30.556651 44.068549 33.641841 
28.574438 43.715345 32.574569 
28.348509 43.307987 35.237847 
FEnd
FBeg
 1163   CZ PHE A 153 11736    O HOH B 431 unk
28.562 45.731 35.205 26.703 42.532 34.558  5.90
28.574438 43.715345 32.574569 
28.348509 43.307987 35.237847 
26.449285 44.671545 33.952898 
26.441758 44.985932 32.420080 
26.746894 44.940772 31.766636 
FEnd
FBeg
 1176    O PRO A 155 11736    O HOH B 431 hbw
23.202 44.777 32.768 26.703 42.532 34.558  3.70
26.441758 44.985932 32.420080 
26.746894 44.940772 31.766636 
26.747971 44.911066 31.727272 
26.063576 43.149864 30.856975 
25.861676 42.991794 31.053614 
24.850595 42.916781 32.937072 
24.880552 42.982981 32.961509 
FEnd
FBeg
 1177   CB PRO A 155 11736    O HOH B 431 unk
23.720 43.471 35.671 26.703 42.532 34.558  5.92
24.850595 42.916781 32.937072 
24.783177 41.990726 33.537663 
25.485868 41.406065 35.914234 
25.634283 41.709528 36.055985 
26.225786 43.466527 36.158978 
26.097769 43.936869 35.419063 
24.880552 42.982981 32.961509 
FEnd
FBeg
 2847   CZ PHE B 153 11736    O HOH B 431 unk
26.117 42.506 38.367 26.703 42.532 34.558  3.31
25.634283 41.709528 36.055985 
26.196681 41.345123 36.140020 
26.800098 41.437674 36.233485 
27.996860 42.068451 36.421908 
28.139577 42.675116 36.448006 
26.225786 43.466527 36.158978 
FEnd
FBeg
 2847   CZ PHE B 153 11806    O HOH B 733 unk
26.117 42.506 38.367 29.526 41.862 34.695  0.25
27.996860 42.068451 36.421908 
28.139577 42.675116 36.448006 
28.359977 42.705973 36.647208 
28.465127 42.226131 36.828982 
FEnd
FBeg
 3285  CE1 HIS B 209 11806    O HOH B 733 unk
27.771 39.600 37.590 29.526 41.862 34.695  3.98
28.465127 42.226131 36.828982 
27.996860 42.068451 36.421908 
27.789094 40.995937 35.457950 
28.621284 39.956565 35.150329 
29.037286 39.783913 35.267616 
29.734005 40.493333 36.244282 
29.026223 41.805190 36.840228 
FEnd
FBeg
 2851    O GLU B 154 11806    O HOH B 733 hbw
30.345 40.703 38.219 29.526 41.862 34.695  1.01
29.734005 40.493333 36.244282 
30.128712 40.621953 36.194851 
30.411524 41.192798 36.316867 
29.677355 41.735033 36.665827 
29.026223 41.805190 36.840228 
FEnd
FBeg
 2876   CB CYS B 157 11806    O HOH B 733 unk
30.959 38.117 36.393 29.526 41.862 34.695  1.10
29.037286 39.783913 35.267616 
29.354636 39.774913 34.979944 
30.103403 40.173326 35.226748 
30.270708 40.481900 35.766124 
30.128712 40.621953 36.194851 
29.734005 40.493333 36.244282 
FEnd
FBeg
 2873   CA CYS B 157 11806    O HOH B 733 unk
32.144 38.768 35.653 29.526 41.862 34.695  0.26
30.103403 40.173326 35.226748 
30.760107 40.680881 35.071344 
30.270708 40.481900 35.766124 
FEnd
FBeg
 3283  ND1 HIS B 209 11806    O HOH B 733 hbw
26.887 39.150 36.719 29.526 41.862 34.695  0.59
27.789094 40.995937 35.457950 
27.701255 40.453905 34.617141 
27.714472 40.428626 34.600502 
28.621284 39.956565 35.150329 
FEnd
FBeg
 3283  ND1 HIS B 209 11733    O HOH B 419 hbw
26.887 39.150 36.719 25.463 39.997 34.301  5.38
27.701255 40.453905 34.617141 
27.714472 40.428626 34.600502 
26.937997 38.943698 34.537626 
25.729766 39.044101 35.284343 
24.549128 39.954354 36.298493 
24.554191 40.044774 36.327184 
25.841869 41.225028 35.982280 
FEnd
FBeg
 2845  CE1 PHE B 153 11733    O HOH B 419 unk
25.348 41.351 38.505 25.463 39.997 34.301  0.79
24.554191 40.044774 36.327184 
25.841869 41.225028 35.982280 
25.485868 41.406065 35.914234 
24.476413 40.838380 36.069457 
FEnd
FBeg
 3255    O LYS B 206 11733    O HOH B 419 hbw
22.828 39.944 34.933 25.463 39.997 34.301  4.68
24.549128 39.954354 36.298493 
24.554191 40.044774 36.327184 
24.476413 40.838380 36.069457 
24.025245 41.337326 34.230244 
23.902446 40.072167 33.612159 
24.065388 38.805715 34.185309 
24.166761 38.767454 34.604754 
24.223939 38.831656 34.848530 
FEnd
FBeg
 3277    N HIS B 209 11733    O HOH B 419 hbw
24.492 36.646 34.230 25.463 39.997 34.301  0.39
24.065388 38.805715 34.185309 
24.851383 38.595472 33.358855 
25.000587 38.553630 33.293160 
25.132625 38.514996 33.310817 
24.166761 38.767454 34.604754 
FEnd
FBeg
 3271    C ASN B 208 11733    O HOH B 419 unk
24.557 36.285 32.954 25.463 39.997 34.301  0.04
25.000587 38.553630 33.293160 
25.369551 38.537478 33.089505 
25.460854 38.496135 33.142024 
25.132625 38.514996 33.310817 
FEnd
FBeg
 3264    O ASN B 207 11733    O HOH B 419 hbw
24.020 38.808 31.781 25.463 39.997 34.301  1.02
24.851383 38.595472 33.358855 
24.510758 40.191264 32.800968 
24.856889 40.469050 32.471700 
25.369551 38.537478 33.089505 
25.000587 38.553630 33.293160 
FEnd
FBeg
 3263    C ASN B 207 11733    O HOH B 419 unk
22.868 38.696 32.164 25.463 39.997 34.301  1.66
23.902446 40.072167 33.612159 
24.510758 40.191264 32.800968 
24.851383 38.595472 33.358855 
24.065388 38.805715 34.185309 
FEnd
FBeg
 3265   CB ASN B 207 11733    O HOH B 419 unk
22.408 41.318 32.204 25.463 39.997 34.301  3.22
24.025245 41.337326 34.230244 
24.783177 41.990726 33.537663 
25.412892 41.788614 32.492948 
24.856889 40.469050 32.471700 
24.510758 40.191264 32.800968 
23.902446 40.072167 33.612159 
FEnd
FBeg
 3281   CB HIS B 209 11733    O HOH B 419 unk
25.221 37.271 36.466 25.463 39.997 34.301  1.31
25.729766 39.044101 35.284343 
24.549128 39.954354 36.298493 
24.223939 38.831656 34.848530 
FEnd
FBeg
 3278   CA HIS B 209 11733    O HOH B 419 unk
25.681 36.864 35.075 25.463 39.997 34.301  3.81
26.937997 38.943698 34.537626 
25.729766 39.044101 35.284343 
24.223939 38.831656 34.848530 
24.166761 38.767454 34.604754 
25.132625 38.514996 33.310817 
25.460854 38.496135 33.142024 
26.606716 38.704559 33.662946 
FEnd
FBeg
 3285  CE1 HIS B 209 11736    O HOH B 431 unk
27.771 39.600 37.590 26.703 42.532 34.558  0.83
26.800098 41.437674 36.233485 
27.789094 40.995937 35.457950 
27.996860 42.068451 36.421908 
FEnd
FBeg
 3283  ND1 HIS B 209 11736    O HOH B 431 hbw
26.887 39.150 36.719 26.703 42.532 34.558  1.63
26.196681 41.345123 36.140020 
25.841869 41.225028 35.982280 
27.701255 40.453905 34.617141 
27.789094 40.995937 35.457950 
26.800098 41.437674 36.233485 
FEnd
FBeg
 2845  CE1 PHE B 153 11736    O HOH B 431 unk
25.348 41.351 38.505 26.703 42.532 34.558  0.18
25.485868 41.406065 35.914234 
25.841869 41.225028 35.982280 
26.196681 41.345123 36.140020 
25.634283 41.709528 36.055985 
FEnd
FBeg
 1177   CB PRO A 155 11733    O HOH B 419 unk
23.720 43.471 35.671 25.463 39.997 34.301  2.50
24.783177 41.990726 33.537663 
25.485868 41.406065 35.914234 
24.476413 40.838380 36.069457 
24.025245 41.337326 34.230244 
FEnd
FBeg
 3265   CB ASN B 207 11736    O HOH B 431 unk
22.408 41.318 32.204 26.703 42.532 34.558  1.91
25.861676 42.991794 31.053614 
25.412892 41.788614 32.492948 
24.783177 41.990726 33.537663 
24.850595 42.916781 32.937072 
FEnd
FBeg
 1174   CA PRO A 155 11736    O HOH B 431 unk
23.877 44.868 35.051 26.703 42.532 34.558  4.00
26.449285 44.671545 33.952898 
26.441758 44.985932 32.420080 
24.880552 42.982981 32.961509 
26.097769 43.936869 35.419063 
FEnd
FBeg
 1162  CE2 PHE A 153 11736    O HOH B 431 unk
27.643 45.415 36.228 26.703 42.532 34.558  4.38
28.348509 43.307987 35.237847 
26.449285 44.671545 33.952898 
26.097769 43.936869 35.419063 
26.225786 43.466527 36.158978 
28.139577 42.675116 36.448006 
FEnd
FBeg
 1162  CE2 PHE A 153 11806    O HOH B 733 unk
27.643 45.415 36.228 29.526 41.862 34.695  0.93
29.219140 43.415715 36.057574 
29.220021 43.417474 36.054580 
28.348509 43.307987 35.237847 
28.139577 42.675116 36.448006 
28.359977 42.705973 36.647208 
FEnd
FBeg
 2858   CA PRO B 155 11806    O HOH B 733 unk
30.671 43.485 38.317 29.526 41.862 34.695  1.64
29.578577 42.839269 36.202250 
29.219140 43.415715 36.057574 
28.359977 42.705973 36.647208 
28.465127 42.226131 36.828982 
29.026223 41.805190 36.840228 
29.677355 41.735033 36.665827 
FEnd
FBeg
 2859    C PRO B 155 11806    O HOH B 733 unk
31.646 43.110 37.216 29.526 41.862 34.695  1.56
31.091648 41.625527 35.530707 
29.578577 42.839269 36.202250 
29.677355 41.735033 36.665827 
30.411524 41.192798 36.316867 
FEnd
FBeg
 2872    N CYS B 157 11806    O HOH B 733 hbw
32.437 40.090 36.238 29.526 41.862 34.695  1.84
31.472722 41.728529 34.930067 
31.091648 41.625527 35.530707 
30.411524 41.192798 36.316867 
30.128712 40.621953 36.194851 
30.270708 40.481900 35.766124 
30.760107 40.680881 35.071344 
31.510564 41.424354 34.509356 
FEnd
FBeg
 2866    C ASP B 156 11806    O HOH B 733 unk
33.528 40.761 35.851 29.526 41.862 34.695  0.52
32.285796 42.607551 32.952454 
31.472722 41.728529 34.930067 
31.510564 41.424354 34.509356 
FEnd
FBeg
 2875    O CYS B 157 11806    O HOH B 733 hbw
31.050 39.595 33.731 29.526 41.862 34.695  11.51
32.439046 42.947171 32.396057 
32.285796 42.607551 32.952454 
31.510564 41.424354 34.509356 
30.760107 40.680881 35.071344 
30.103403 40.173326 35.226748 
29.354636 39.774913 34.979944 
29.072702 40.780471 32.169502 
29.196094 41.003839 31.839289 
31.417942 42.602096 31.593278 
FEnd
FBeg
 1163   CZ PHE A 153 11681    O HOH A 725 unk
28.562 45.731 35.205 30.242 46.099 31.963  9.59
31.137543 44.870305 34.033866 
28.475786 47.091998 32.906732 
28.024798 46.848489 32.645390 
26.726052 45.052936 31.768567 
26.746894 44.940772 31.766636 
28.574438 43.715345 32.574569 
30.556651 44.068549 33.641841 
FEnd
FBeg
 1599  ND1 HIS A 209 11681    O HOH A 725 hbw
27.563 49.381 33.528 30.242 46.099 31.963  0.80
28.475786 47.091998 32.906732 
29.732497 48.063890 33.019817 
29.426213 48.093106 32.434242 
28.024798 46.848489 32.645390 
FEnd
FBeg
 1161  CE1 PHE A 153 11681    O HOH A 725 unk
29.380 46.813 35.406 30.242 46.099 31.963  5.14
30.348599 47.836144 33.221296 
29.732497 48.063890 33.019817 
28.475786 47.091998 32.906732 
31.137543 44.870305 34.033866 
31.866617 45.290318 34.129298 
31.788623 45.589266 34.047776 
FEnd
FBeg
 1569   CA LYS A 206 11681    O HOH A 725 unk
33.575 48.762 32.502 30.242 46.099 31.963  2.60
34.511409 43.855135 31.155041 
33.694555 44.870935 31.187513 
32.335963 46.343627 32.312566 
33.234428 45.174861 32.531202 
34.355454 43.895256 31.921194 
34.553128 43.756219 31.385776 
FEnd
FBeg
 1571    O LYS A 206 11681    O HOH A 725 hbw
31.343 48.682 31.516 30.242 46.099 31.963  3.82
31.073668 47.125083 30.898325 
29.990324 47.530522 30.572792 
29.426213 48.093106 32.434242 
29.732497 48.063890 33.019817 
30.348599 47.836144 33.221296 
31.307124 47.309191 32.537217 
FEnd
FBeg
11521   O2 SO4 B 223 11730    O HOH B 400 unk
15.876 36.375 29.796 18.170 40.057 32.611  8.98
14.752376 41.647187 29.226655 
17.773951 39.525979 29.538837 
17.586377 38.369930 31.203800 
14.357650 40.106459 31.563586 
14.597793 41.625827 29.380565 
FEnd
FBeg
 1186  OD1 ASP A 156 11730    O HOH B 400 hbw
18.494 44.909 31.806 18.170 40.057 32.611  14.06
13.186331 42.835743 32.263548 
13.523360 42.867649 32.591503 
18.191106 42.697565 33.445045 
18.276160 42.666399 33.291429 
16.514261 41.974329 28.410961 
15.651524 42.071020 28.646509 
FEnd
FBeg
 3268  ND2 ASN B 207 11730    O HOH B 400 hbw
20.523 42.797 31.373 18.170 40.057 32.611  10.89
18.276160 42.666399 33.291429 
18.387610 42.560209 33.268230 
19.615396 40.850259 31.817276 
19.461198 40.263472 30.225495 
17.962285 40.834078 28.639485 
16.514261 41.974329 28.410961 
FEnd
FBeg
 3262   CA ASN B 207 11730    O HOH B 400 unk
21.860 39.893 32.314 18.170 40.057 32.611  2.86
19.615396 40.850259 31.817276 
19.657472 40.831381 32.350460 
19.543521 38.608673 32.162062 
19.456394 39.633917 30.513443 
19.461198 40.263472 30.225495 
FEnd
FBeg
 3261    N ASN B 207 11730    O HOH B 400 hbw
21.049 39.831 33.536 18.170 40.057 32.611  4.86
19.657472 40.831381 32.350460 
19.236452 41.483994 33.820305 
19.130443 41.473006 34.147567 
19.033081 40.167824 34.131710 
19.173886 38.248922 33.224628 
19.373897 38.250350 32.602457 
19.543521 38.608673 32.162062 
FEnd
FBeg
 2600  OE2 GLU B 120 11730    O HOH B 400 hbw
19.961 36.241 33.178 18.170 40.057 32.611  0.38
19.173886 38.248922 33.224628 
19.148265 38.236513 33.222044 
18.366109 37.794221 32.715968 
18.384058 37.791624 32.641795 
19.373897 38.250350 32.602457 
FEnd
FBeg
 3245   CA ASP B 205 11730    O HOH B 400 unk
17.906 37.264 35.460 18.170 40.057 32.611  2.03
19.148265 38.236513 33.222044 
16.756194 39.238053 33.982239 
16.684612 38.650111 33.399221 
18.366109 37.794221 32.715968 
FEnd
FBeg
 3248   CB ASP B 205 11730    O HOH B 400 unk
16.372 37.186 35.727 18.170 40.057 32.611  4.94
16.756194 39.238053 33.982239 
16.577213 39.512033 34.131401 
13.235312 41.634427 34.158569 
12.912019 41.249184 33.617069 
13.492048 40.422428 33.190008 
16.684612 38.650111 33.399221 
FEnd
FBeg
 3247    O ASP B 205 11730    O HOH B 400 hbw
17.902 39.592 35.971 18.170 40.057 32.611  12.07
16.577213 39.512033 34.131401 
18.633574 40.798301 34.473431 
18.539124 41.908396 34.619526 
17.890648 42.561611 34.658203 
17.248979 42.705687 34.626961 
14.733010 42.792113 34.438244 
13.241417 42.510264 34.280265 
13.235312 41.634427 34.158569 
FEnd
FBeg
 3246    C ASP B 205 11730    O HOH B 400 unk
18.556 38.610 35.732 18.170 40.057 32.611  3.97
19.033081 40.167824 34.131710 
18.633574 40.798301 34.473431 
16.577213 39.512033 34.131401 
16.756194 39.238053 33.982239 
19.148265 38.236513 33.222044 
19.173886 38.248922 33.224628 
FEnd
FBeg
 3253   CA LYS B 206 11730    O HOH B 400 unk
20.647 39.832 35.922 18.170 40.057 32.611  0.75
19.130443 41.473006 34.147567 
18.539124 41.908396 34.619526 
18.633574 40.798301 34.473431 
19.033081 40.167824 34.131710 
FEnd
FBeg
 3266   CG ASN B 207 11730    O HOH B 400 unk
21.251 42.405 32.451 18.170 40.057 32.611  1.81
18.387610 42.560209 33.268230 
19.236452 41.483994 33.820305 
19.657472 40.831381 32.350460 
19.615396 40.850259 31.817276 
FEnd
FBeg
 3267  OD1 ASN B 207 11730    O HOH B 400 hbw
20.955 42.763 33.604 18.170 40.057 32.611  1.73
18.191106 42.697565 33.445045 
18.050734 42.694397 33.847369 
17.890648 42.561611 34.658203 
18.539124 41.908396 34.619526 
19.130443 41.473006 34.147567 
19.236452 41.483994 33.820305 
18.387610 42.560209 33.268230 
18.276160 42.666399 33.291429 
FEnd
FBeg
 1185   CG ASP A 156 11730    O HOH B 400 unk
18.357 45.741 32.721 18.170 40.057 32.611  6.24
13.523360 42.867649 32.591503 
13.486247 42.845695 33.788992 
14.733010 42.792113 34.438244 
17.248979 42.705687 34.626961 
18.050734 42.694397 33.847369 
18.191106 42.697565 33.445045 
FEnd

+-+CCS_record::Boundary loops before union-find
Start boundary loop loop_id 1  init_edge IE_A_Wi
xyz 14.3043 46 41.1358
xyz 16.3946 46.4622 43.2713
xyz 17.1604 47.775 42.8606
xyz 17.6876 47.8793 42.5818
xyz 17.7852 48.0136 42.3568
xyz 17.7518 47.8652 42.5481
xyz 18.4663 46.9947 42.1755
xyz 21.3659 47.4589 42.5212
xyz 22.4602 48.1528 40.0452
xyz 22.4923 48.1231 40.0371
xyz 23.0607 47.3872 40.1618
xyz 23.5143 46.5152 40.6277
xyz 25.7899 46.1665 42.344
xyz 26.5708 45.8413 42.3531
xyz 26.5995 45.664 43.1431
xyz 25.4192 43.359 43.6303
xyz 24.8566 43.1312 44.2785
xyz 24.844 43.1205 44.2695
xyz 24.2683 42.2712 42.3247
xyz 23.7287 41.9624 41.1897
xyz 22.6887 41.9923 39.8847
xyz 21.7523 43.0371 40.1469
xyz 21.3121 44.2011 41.22
xyz 19.77 44.8856 43.5407
xyz 17.7876 46.0355 42.5385
xyz 17.3813 45.9245 42.7535
xyz 15.7841 44.9162 39.7994
xyz 15.7301 44.1263 39.3308
xyz 15.2153 43.7067 38.77
xyz 15.194 42.7222 37.3677
xyz 16.74 42.5309 36.982
xyz 18.4355 42.6574 35.4894
xyz 18.2868 42.721 35.3827
xyz 16.5618 43.1019 35.2804
xyz 16.5614 43.1033 35.2807
xyz 18.5417 46.3807 36.2546
xyz 18.5455 46.5441 36.4869
xyz 18.2373 47.0219 37.7837
xyz 18.1141 48.0525 37.3178
xyz 16.2308 48.6119 37.6822
xyz 16.1505 49.2855 38.3838
xyz 16.1241 49.3525 38.4997
xyz 15.5794 49.0006 39.602
xyz 14.5508 46.838 40.5702
End loop
Boundary info init_edge IE_A_Wi [total exposed]: 64.523953 64.523953
Start boundary loop loop_id 2  init_edge IE_A_Wi
xyz 34.3555 43.8953 31.9212
xyz 34.5531 43.7562 31.3858
xyz 34.5114 43.8551 31.155
xyz 32.9304 43.4379 30.2851
xyz 29.34 46.4724 29.868
xyz 29.9903 47.5305 30.5728
xyz 29.4262 48.0931 32.4342
xyz 28.0248 46.8485 32.6454
xyz 26.7261 45.0529 31.7686
xyz 26.7469 44.9408 31.7666
xyz 26.748 44.9111 31.7273
xyz 26.0636 43.1499 30.857
xyz 25.8617 42.9918 31.0536
xyz 25.4129 41.7886 32.4929
xyz 24.8569 40.4691 32.4717
xyz 25.3696 38.5375 33.0895
xyz 25.4609 38.4961 33.142
xyz 26.6067 38.7046 33.6629
xyz 26.938 38.9437 34.5376
xyz 27.7145 40.4286 34.6005
xyz 28.6213 39.9566 35.1503
xyz 29.0373 39.7839 35.2676
xyz 29.3546 39.7749 34.9799
xyz 29.0727 40.7805 32.1695
xyz 29.1961 41.0038 31.8393
xyz 31.4179 42.6021 31.5933
xyz 32.439 42.9472 32.3961
xyz 32.6313 42.9599 32.3549
xyz 32.8994 43.1856 32.4382
xyz 33.2847 44.2165 33.0358
xyz 34.345 43.8947 31.9342
End loop
Boundary info init_edge IE_A_Wi [total exposed]: 40.137476 40.137476
Start boundary loop loop_id 3  init_edge IE_B_Wi
xyz 17.774 39.526 29.5388
xyz 17.5864 38.3699 31.2038
xyz 14.3577 40.1065 31.5636
xyz 14.5978 41.6258 29.3806
xyz 14.7524 41.6472 29.2267
End loop
Boundary info init_edge IE_B_Wi [total exposed]: 12.314011 12.314011
Start boundary loop loop_id 4  init_edge IE_A_Wi
xyz 13.5234 42.8676 32.5915
xyz 13.4862 42.8457 33.789
xyz 14.733 42.7921 34.4382
xyz 13.2414 42.5103 34.2803
xyz 13.2353 41.6344 34.1586
xyz 12.912 41.2492 33.6171
xyz 13.492 40.4224 33.19
xyz 16.6846 38.6501 33.3992
xyz 18.3661 37.7942 32.716
xyz 18.3841 37.7916 32.6418
xyz 19.3739 38.2503 32.6025
xyz 19.5435 38.6087 32.1621
xyz 19.4564 39.6339 30.5134
xyz 19.4612 40.2635 30.2255
xyz 17.9623 40.8341 28.6395
xyz 16.5143 41.9743 28.411
xyz 15.6515 42.071 28.6465
xyz 13.1863 42.8357 32.2635
End loop
Boundary info init_edge IE_A_Wi [total exposed]: 26.838601 26.838601
Start boundary loop loop_id 5  init_edge IE_A_Wi
xyz 17.8906 42.5616 34.6582
xyz 17.249 42.7057 34.627
xyz 18.0507 42.6944 33.8474
End loop
Boundary info init_edge IE_A_Wi [total exposed]: 2.613821 2.613821
+-+Surf_areas::Interface areas<Areas altogether before UFind>: IE_A_B: 224.56 IE_A_Wi: 91.09 IE_B_Wi: 91.71 
+-+Surf_areas::Chem Interface areas<Areas altogether before UFind>: ali: 99.44 aro: 11.76 hbd: 30.97 hbw: 73.06 hbdp: 0.00 elu: 0.00 elf: 14.97 hbwp: 0.00 ssb: 0.00 unk: 177.17 
+++UnionFindAlgo::processing merged ccs...

+-+MCC_record::Boundary nets of merged cc after union-find
Start boundary net with  1 loops
Start boundary loop loop_id 1
Start boundary loop auf loop_id 1  init_edge IE_A_Wi
xyz 14.3043 46 41.1358
xyz 16.3946 46.4622 43.2713
xyz 17.1604 47.775 42.8606
xyz 17.6876 47.8793 42.5818
xyz 17.7852 48.0136 42.3568
xyz 17.7518 47.8652 42.5481
xyz 18.4663 46.9947 42.1755
xyz 21.3659 47.4589 42.5212
xyz 22.4602 48.1528 40.0452
xyz 22.4923 48.1231 40.0371
xyz 23.0607 47.3872 40.1618
xyz 23.5143 46.5152 40.6277
xyz 25.7899 46.1665 42.344
xyz 26.5708 45.8413 42.3531
xyz 26.5995 45.664 43.1431
xyz 25.4192 43.359 43.6303
xyz 24.8566 43.1312 44.2785
xyz 24.844 43.1205 44.2695
xyz 24.2683 42.2712 42.3247
xyz 23.7287 41.9624 41.1897
xyz 22.6887 41.9923 39.8847
xyz 21.7523 43.0371 40.1469
xyz 21.3121 44.2011 41.22
xyz 19.77 44.8856 43.5407
xyz 17.7876 46.0355 42.5385
xyz 17.3813 45.9245 42.7535
xyz 15.7841 44.9162 39.7994
xyz 15.7301 44.1263 39.3308
xyz 15.2153 43.7067 38.77
xyz 15.194 42.7222 37.3677
xyz 16.74 42.5309 36.982
xyz 18.4355 42.6574 35.4894
xyz 18.2868 42.721 35.3827
xyz 16.5618 43.1019 35.2804
xyz 16.5614 43.1033 35.2807
xyz 18.5417 46.3807 36.2546
xyz 18.5455 46.5441 36.4869
xyz 18.2373 47.0219 37.7837
xyz 18.1141 48.0525 37.3178
xyz 16.2308 48.6119 37.6822
xyz 16.1505 49.2855 38.3838
xyz 16.1241 49.3525 38.4997
xyz 15.5794 49.0006 39.602
xyz 14.5508 46.838 40.5702
End loop. Loop info [total exposed]: 64.524 64.524
End net. Net info [total exposed]: 64.524 64.524
Start boundary net with  1 loops
Start boundary loop loop_id 4
Start boundary loop auf loop_id 4  init_edge IE_A_Wi
xyz 13.5234 42.8676 32.5915
xyz 13.4862 42.8457 33.789
xyz 14.733 42.7921 34.4382
xyz 13.2414 42.5103 34.2803
xyz 13.2353 41.6344 34.1586
xyz 12.912 41.2492 33.6171
xyz 13.492 40.4224 33.19
xyz 16.6846 38.6501 33.3992
xyz 18.3661 37.7942 32.716
xyz 18.3841 37.7916 32.6418
xyz 19.3739 38.2503 32.6025
xyz 19.5435 38.6087 32.1621
xyz 19.4564 39.6339 30.5134
xyz 19.4612 40.2635 30.2255
xyz 17.9623 40.8341 28.6395
xyz 16.5143 41.9743 28.411
xyz 15.6515 42.071 28.6465
xyz 13.1863 42.8357 32.2635
End loop. Loop info [total exposed]: 26.8386 26.8386
End net. Net info [total exposed]: 26.8386 26.8386
Start boundary net with  3 loops
Start boundary loop loop_id 0
Start boundary loop auf loop_id 0  init_edge IE_A_B
xyz 17.7805 43.6034 26.3983
xyz 20.3909 45.6906 28.4502
xyz 20.5881 45.597 29.8307
xyz 20.7736 45.6125 29.7769
xyz 22.0559 45.4645 29.8423
xyz 22.1811 45.5478 29.4836
xyz 23.1339 44.95 28.5023
xyz 24.1928 43.8733 27.997
xyz 24.2664 43.8569 27.9938
xyz 25.8743 43.0674 30.5724
xyz 25.8617 42.9918 31.0536
xyz 24.8506 42.9168 32.9371
xyz 24.7832 41.9907 33.5377
xyz 24.0252 41.3373 34.2302
xyz 24.4764 40.8384 36.0695
xyz 25.4859 41.4061 35.9142
xyz 25.6343 41.7095 36.056
xyz 26.2258 43.4665 36.159
xyz 28.1396 42.6751 36.448
xyz 28.36 42.706 36.6472
xyz 29.2191 43.4157 36.0576
xyz 29.22 43.4175 36.0546
xyz 30.5567 44.0685 33.6418
xyz 31.1375 44.8703 34.0339
xyz 31.8666 45.2903 34.1293
xyz 33.2847 44.2165 33.0358
xyz 34.345 43.8947 31.9342
xyz 34.9988 43.9395 32.1044
xyz 35.3379 43.9599 31.8479
xyz 36.0441 44.329 31.9206
xyz 37.5635 46.4397 34.5248
xyz 39.2189 46.3146 34.7626
xyz 39.3237 45.9647 36.1192
xyz 39.2162 45.8823 36.459
xyz 39.1291 45.8778 36.7673
xyz 38.7518 46.2173 38.295
xyz 37.1339 46.3839 40.199
xyz 36.2915 46.3605 40.7932
xyz 35.5595 46.2945 41.1448
xyz 34.7488 45.9662 41.8169
xyz 34.4948 45.6233 41.2107
xyz 31.8435 48.1823 40.3083
xyz 31.6467 48.2736 40.0824
xyz 31.6061 48.2431 40.2159
xyz 30.9593 48.3035 41.3397
xyz 28.5973 47.2657 42.6746
xyz 27.1027 45.9961 42.1706
xyz 27.072 45.9346 42.0821
xyz 27.067 45.9316 42.1096
xyz 26.4655 45.7552 41.9854
xyz 25.2702 45.5052 39.8618
xyz 24.6922 44.2074 39.5469
xyz 23.8998 43.2563 39.3366
xyz 23.8289 43.2155 39.3297
xyz 22.7537 42.2548 39.5585
xyz 21.7835 43.5292 39.6538
xyz 21.7163 43.9475 39.6433
xyz 21.6801 44.104 39.6871
xyz 20.9509 44.5531 38.9318
xyz 20.9029 44.5825 38.8859
xyz 20.7306 44.1401 38.6433
xyz 19.9597 43.2249 35.9379
xyz 20.0368 43.5991 35.778
xyz 18.2868 42.721 35.3827
xyz 17.8906 42.5616 34.6582
xyz 18.0507 42.6944 33.8474
xyz 18.1911 42.6976 33.445
xyz 18.2762 42.6664 33.2914
xyz 16.5143 41.9743 28.411
xyz 16.9056 42.6491 26.9534
xyz 17.4711 43.3357 26.2545
End loop. Loop info [total exposed]: 91.0068 46.4537
Start boundary loop loop_id 2
Start boundary loop auf loop_id 2  init_edge IE_A_Wi
xyz 34.3555 43.8953 31.9212
xyz 34.5531 43.7562 31.3858
xyz 34.5114 43.8551 31.155
xyz 32.9304 43.4379 30.2851
xyz 29.34 46.4724 29.868
xyz 29.9903 47.5305 30.5728
xyz 29.4262 48.0931 32.4342
xyz 28.0248 46.8485 32.6454
xyz 26.7261 45.0529 31.7686
xyz 26.7469 44.9408 31.7666
xyz 26.748 44.9111 31.7273
xyz 26.0636 43.1499 30.857
xyz 25.8617 42.9918 31.0536
xyz 25.4129 41.7886 32.4929
xyz 24.8569 40.4691 32.4717
xyz 25.3696 38.5375 33.0895
xyz 25.4609 38.4961 33.142
xyz 26.6067 38.7046 33.6629
xyz 26.938 38.9437 34.5376
xyz 27.7145 40.4286 34.6005
xyz 28.6213 39.9566 35.1503
xyz 29.0373 39.7839 35.2676
xyz 29.3546 39.7749 34.9799
xyz 29.0727 40.7805 32.1695
xyz 29.1961 41.0038 31.8393
xyz 31.4179 42.6021 31.5933
xyz 32.439 42.9472 32.3961
xyz 32.6313 42.9599 32.3549
xyz 32.8994 43.1856 32.4382
xyz 33.2847 44.2165 33.0358
xyz 34.345 43.8947 31.9342
End loop. Loop info [total exposed]: 40.1375 38.575
Start boundary loop loop_id 5
Start boundary loop auf loop_id 5  init_edge IE_A_Wi
xyz 17.8906 42.5616 34.6582
xyz 17.249 42.7057 34.627
xyz 18.0507 42.6944 33.8474
End loop. Loop info [total exposed]: 2.61382 1.77674
End net. Net info [total exposed]: 133.758 86.8054
+-+Surf_areas::Interface areas<for merged connected component>: IE_A_B: 224.56 IE_A_Wi: 91.09 IE_B_Wi: 87.22 
+-+Surf_areas::Chem Interface areas<for merged connected component>: ali: 99.44 aro: 11.76 hbd: 30.97 hbw: 73.06 hbdp: 0.00 elu: 0.00 elf: 14.97 hbwp: 0.00 ssb: 0.00 unk: 172.68 
+-+MCC_record::dump_stats::Nb loops_before - nets_after uf merge: 5 3

+-+MCC_record::Boundary nets of merged cc after union-find
Start boundary net with  1 loops
Start boundary loop loop_id 3
Start boundary loop auf loop_id 3  init_edge IE_B_Wi
xyz 17.774 39.526 29.5388
xyz 17.5864 38.3699 31.2038
xyz 14.3577 40.1065 31.5636
xyz 14.5978 41.6258 29.3806
xyz 14.7524 41.6472 29.2267
End loop. Loop info [total exposed]: 12.314 12.314
End net. Net info [total exposed]: 12.314 12.314
+-+Surf_areas::Interface areas<for merged connected component>: IE_B_Wi: 4.49 
+-+Surf_areas::Chem Interface areas<for merged connected component>: ali: 0.00 aro: 0.00 hbd: 0.00 hbw: 0.00 hbdp: 0.00 elu: 0.00 elf: 0.00 hbwp: 0.00 ssb: 0.00 unk: 4.49 
+-+MCC_record::dump_stats::Nb loops_before - nets_after uf merge: 1 1
