Begin VSO per interface edge
461 2659  4
463 2659  5
464 2654  3
464 2655  2
464 2656  3
464 2659  4
464 2666  2
465 2655  2
466 2655  2
466 2661  2
466 2847  2
466 2856  1
467 2654  2
467 2655  2
467 2661  1
467 2666  1
467 2847  1
467 2853  1
467 2854  2
467 2856  2
468 2655  1
468 2661  1
468 2847  1
468 2856  1
488 2658  2
488 2659  3
489 2632  1
489 2658  2
490 2658  2
490 2659  3
491 2657  1
491 2658  1
491 2659  2
492 2653  2
492 2656  3
492 2657  2
492 2658  2
492 2659  3
493 2653  2
493 2655  1
493 2656  2
493 2659  3
494 2653  1
494 2657  1
495 2659  4
496 2658  3
496 2659  4
500 2658  4
501 2658  4
501 2659  5
509 2632  1
510 2632  1
510 2633  1
512 2611  2
512 2633  1
513 2611  1
514 2610  1
514 2611  1
514 2612  1
515 2610  2
515 2611  2
515 2612  2
516 2635  4
516 2638  4
516 2658  3
517 2627  4
517 2630  3
517 2631  3
517 2632  2
517 2633  2
517 2634  5
517 2635  4
517 2638  5
517 2657  4
517 2658  3
518 2603  4
518 2604  5
518 2605  5
518 2607  4
518 2610  4
518 2611  3
518 2627  5
518 2629  4
518 2630  4
518 2631  3
518 2633  2
518 2634  5
518 2635  5
518 2638  5
603 2612  2
604 2612  2
606 2612  1
612 2609  2
612 2610  1
612 2612  1
612 5318  1
615 5311  1
615 5318  1
616 2609  2
616 2612  2
616 2887  3
616 5318  2
616 5366  1
617 2887  2
617 2888  2
617 2889  2
617 2891  1
617 2892  1
617 5318  2
617 5366  1
618 2881  4
618 2887  3
618 2888  3
619 2875  2
619 2881  3
619 2887  3
619 2888  2
619 2889  2
619 2892  1
620 2609  3
620 2612  2
620 2887  3
621 2875  3
621 2881  4
621 2887  4
624 2609  4
624 2610  4
624 2612  3
624 2887  4
625 2638  5
625 2871  4
626 2604  6
626 2607  5
626 2608  5
626 2609  5
626 2610  4
626 2614  6
626 2638  5
626 2871  4
626 2874  5
626 2875  4
626 2880  5
626 2881  5
626 2884  5
626 2885  6
626 2887  5
627 2607  4
627 2608  4
627 2610  3
627 2611  3
627 2612  3
627 2638  5
627 2871  5
628 2871  4
628 2872  4
628 2874  4
628 2875  3
629 2872  3
629 2873  3
629 2875  3
630 2871  3
630 2872  3
630 2875  4
631 2859  1
631 2866  1
631 2867  1
631 2871  2
631 2872  2
631 2873  3
631 2875  3
631 2876  1
632 2872  2
632 2873  2
632 2875  2
632 2876  1
632 2877  2
632 2879  1
632 2892  1
635 2859  2
635 2860  3
635 2866  2
635 2869  3
635 2871  3
638 2869  4
638 2871  4
639 2860  4
640 2635  5
640 2637  5
640 2638  5
640 2658  4
640 2659  5
640 2859  5
640 2860  4
640 2869  4
640 2871  5
641 2860  4
642 2637  4
642 2656  4
642 2658  5
642 2659  5
642 2666  3
642 2859  4
642 2860  4
642 2869  4
643 2853  4
643 2854  3
643 2860  5
644 2659  5
644 2666  3
644 2853  3
644 2854  4
644 2860  4
645 2666  2
645 2853  2
645 2854  3
645 2856  2
646 2857  4
646 2859  2
646 2860  3
647 2857  3
647 2860  4
648 2850  3
649 2850  3
649 2853  4
649 2857  3
649 2860  4
650 2857  2
650 2858  2
650 2859  2
650 2860  3
650 2861  1
650 2862  2
650 2864  1
652 2845  1
652 2850  2
652 2857  2
652 2862  2
652 2864  1
654 2850  3
654 2853  3
654 2854  3
654 2855  2
655 2845  1
655 2850  2
655 2855  1
659 2854  2
659 2855  1
659 2856  1
2577 5318  2
2580 5318  2
2582 5318  1
2584 5318  1
2584 5366  2
2608 5318  1
2609 5318  1
2885 5318  2
2886 5318  3
2886 5366  3
2887 5318  2
2887 5366  2
2890 5366  3
2891 5366  2
2895 5366  2
2901 5318  2
2901 5366  2
2908 5366  1
2920 5311  1
2925 5366  2
2926 5311  1
2926 5366  1
2927 5311  1
2928 5311  1
2928 5366  1
End VSO per interface edge

Voronoi Facets of interface MI_AB
FBeg
  510    O GLY A  78  2633   NZ LYS B 143 hbd
28.390 15.802 19.895 29.860 13.254 18.578  43.29
27.598432 14.754797 17.310202 
29.737288 15.409654 18.430584 
30.244643 15.266370 19.274092 
30.756244 14.007285 22.281078 
30.544985 13.406963 23.206720 
25.608651 10.398228 23.517916 
24.449611 10.397365 22.225897 
22.923019 10.794594 19.753437 
22.939424 10.941376 19.487770 
FEnd
FBeg
  512   CA MET A  79  2633   NZ LYS B 143 unk
30.363 17.676 20.344 29.860 13.254 18.578  2.93
30.244643 15.266370 19.274092 
30.756244 14.007285 22.281078 
31.515079 13.933949 22.248574 
31.920022 14.173131 21.534333 
31.532743 14.663229 20.417453 
FEnd
FBeg
  518   CE MET A  79  2633   NZ LYS B 143 unk
33.664 16.244 18.571 29.860 13.254 18.578  0.59
31.920022 14.173131 21.534333 
32.304649 13.683814 21.543080 
31.633782 14.534094 20.165919 
31.532743 14.663229 20.417453 
FEnd
FBeg
  518   CE MET A  79  2631   CD LYS B 143 ali
33.664 16.244 18.571 32.113 13.169 17.428  8.11
32.304649 13.683814 21.543080 
31.633782 14.534094 20.165919 
33.182412 14.930255 16.998708 
33.523845 14.682782 17.201174 
34.353511 13.601050 18.985524 
33.353950 13.319720 21.098743 
32.957923 13.380890 21.471569 
FEnd
FBeg
  518   CE MET A  79  2607   CG ARG B 140 ali
33.664 16.244 18.571 36.338 15.765 21.490  8.08
33.353950 13.319720 21.098743 
35.852402 15.865180 19.227697 
36.440766 17.383590 18.937882 
36.367288 17.611116 19.042529 
36.263863 17.688165 19.149918 
35.079726 17.739293 20.243056 
34.767786 17.417854 20.476067 
32.957923 13.380890 21.471569 
FEnd
FBeg
  518   CE MET A  79  2610   CZ ARG B 140 ali
33.664 16.244 18.571 35.058 17.922 22.752  0.24
35.079726 17.739293 20.243056 
33.938526 17.934349 20.545263 
34.767786 17.417854 20.476067 
FEnd
FBeg
  627  CD2 LEU A 104  2610   CZ ARG B 140 ali
34.537 20.171 19.333 35.058 17.922 22.752  4.87
35.079726 17.739293 20.243056 
33.938526 17.934349 20.545263 
33.762413 18.017885 20.627050 
33.365079 18.847372 21.233229 
35.170608 19.734492 21.541639 
36.541893 18.944504 20.813027 
36.531508 18.456586 20.493660 
36.529626 18.453923 20.492195 
FEnd
FBeg
  627  CD2 LEU A 104  2608   CD ARG B 140 ali
34.537 20.171 19.333 37.078 16.578 22.600  0.00
36.531508 18.456586 20.493660 
36.529626 18.453923 20.492195 
36.531186 18.454018 20.491086 
FEnd
FBeg
  626  CD1 LEU A 104  2608   CD ARG B 140 ali
36.946 20.591 18.613 37.078 16.578 22.600  0.42
36.531186 18.454018 20.491086 
36.531508 18.456586 20.493660 
36.636628 18.598785 20.633306 
37.034783 18.785293 20.807848 
37.593487 18.066986 20.066360 
FEnd
FBeg
  626  CD1 LEU A 104  2887  CD2 LEU B 176 ali
36.946 20.591 18.613 39.636 19.699 21.504  4.25
37.034783 18.785293 20.807848 
37.593487 18.066986 20.066360 
37.754100 17.933018 19.875579 
38.334732 18.832901 19.612969 
38.886370 20.620070 19.651104 
38.804362 21.174379 19.898439 
38.000842 20.682939 20.494462 
36.959565 19.020274 20.950338 
FEnd
FBeg
  624   CB LEU A 104  2887  CD2 LEU B 176 ali
36.089 21.678 20.620 39.636 19.699 21.504  3.13
38.000842 20.682939 20.494462 
36.959565 19.020274 20.950338 
37.142410 20.329295 23.147174 
37.696242 20.873651 22.143597 
FEnd
FBeg
  620    N LEU A 104  2887  CD2 LEU B 176 unk
37.597 22.911 22.121 39.636 19.699 21.504  1.51
37.142410 20.329295 23.147174 
37.293701 20.351752 23.530236 
37.915202 20.762377 23.446470 
38.169233 20.971010 23.199855 
38.458126 21.412798 21.854682 
37.696242 20.873651 22.143597 
FEnd
FBeg
  618    C GLY A 103  2887  CD2 LEU B 176 ali
38.853 23.198 22.485 39.636 19.699 21.504  4.10
38.169233 20.971010 23.199855 
40.885573 21.730995 22.657251 
40.466698 21.917061 21.659267 
39.765699 21.974603 20.894515 
39.504761 21.961473 20.733076 
38.458126 21.412798 21.854682 
FEnd
FBeg
  618    C GLY A 103  2881   CA LEU B 176 ali
38.853 23.198 22.485 41.012 20.940 19.179  0.02
39.765699 21.974603 20.894515 
39.504761 21.961473 20.733076 
39.535549 22.084540 20.669128 
FEnd
FBeg
  619    O GLY A 103  2881   CA LEU B 176 unk
39.761 23.428 21.670 41.012 20.940 19.179  1.41
39.535549 22.084540 20.669128 
39.765699 21.974603 20.894515 
40.331128 21.941538 21.211503 
40.634250 23.301150 20.005759 
39.584731 22.782043 19.997164 
FEnd
FBeg
  619    O GLY A 103  2875    O ASP B 175 unk
39.761 23.428 21.670 39.848 23.308 18.294  2.63
40.634250 23.301150 20.005759 
39.584731 22.782043 19.997164 
39.335828 23.681716 19.958771 
39.807183 24.727399 19.933749 
40.945209 25.202034 19.946205 
41.116221 24.247920 19.984526 
FEnd
FBeg
  619    O GLY A 103  2892   CB SER B 177 unk
39.761 23.428 21.670 43.509 24.095 21.551  7.89
40.945209 25.202034 19.946205 
40.768446 26.396575 21.074374 
40.690798 27.026651 22.160387 
40.745094 26.846548 22.860995 
41.392018 23.185076 22.713671 
41.379567 23.201408 22.413074 
41.116221 24.247920 19.984526 
FEnd
FBeg
  619    O GLY A 103  2889   CA SER B 177 unk
39.761 23.428 21.670 43.560 22.551 21.465  0.04
41.392018 23.185076 22.713671 
41.334652 22.945061 22.677376 
41.379567 23.201408 22.413074 
FEnd
FBeg
  617   CA GLY A 103  2889   CA SER B 177 ali
39.144 23.226 23.981 43.560 22.551 21.465  0.03
41.392018 23.185076 22.713671 
41.334652 22.945061 22.677376 
41.346490 22.845365 22.724901 
41.459163 23.180664 22.832707 
FEnd
FBeg
  617   CA GLY A 103  2891    O SER B 177 unk
39.144 23.226 23.981 42.827 22.080 23.696  6.59
41.346490 22.845365 22.724901 
41.459163 23.180664 22.832707 
42.278680 25.263116 25.049514 
42.291381 25.287764 25.114537 
41.861727 23.754220 25.728664 
40.871072 21.117918 23.527332 
40.981353 21.658214 22.779910 
FEnd
FBeg
  617   CA GLY A 103  2888    N SER B 177 unk
39.144 23.226 23.981 42.338 22.097 20.817  0.22
41.334652 22.945061 22.677376 
41.346490 22.845365 22.724901 
40.981353 21.658214 22.779910 
40.885573 21.730995 22.657251 
41.130854 22.604432 22.593192 
FEnd
FBeg
  617   CA GLY A 103  2892   CB SER B 177 ali
39.144 23.226 23.981 43.509 24.095 21.551  7.42
40.745094 26.846548 22.860995 
41.392018 23.185076 22.713671 
41.459163 23.180664 22.832707 
42.278680 25.263116 25.049514 
41.599400 27.514246 24.634360 
FEnd
FBeg
  632   CB SER A 105  2892   CB SER B 177 ali
38.526 26.479 18.246 43.509 24.095 21.551  2.46
40.945209 25.202034 19.946205 
40.768446 26.396575 21.074374 
41.978745 27.583464 20.105728 
41.503858 25.769250 19.513072 
41.301842 25.344127 19.511001 
FEnd
FBeg
  632   CB SER A 105  2877   CG ASP B 175 ali
38.526 26.479 18.246 42.795 24.457 16.890  0.99
41.503858 25.769250 19.513072 
41.301842 25.344127 19.511001 
40.934349 25.177174 18.603001 
41.286105 26.291515 18.048760 
FEnd
FBeg
  632   CB SER A 105  2876   CB ASP B 175 ali
38.526 26.479 18.246 41.543 24.419 16.019  12.90
40.934349 25.177174 18.603001 
39.651564 24.623819 17.377024 
39.267008 24.812232 16.681767 
39.260228 24.844412 16.642815 
39.575936 27.806156 14.330871 
41.240736 29.624744 14.904023 
41.286105 26.291515 18.048760 
FEnd
FBeg
  631    O SER A 105  2876   CB ASP B 175 unk
37.648 24.874 16.070 41.543 24.419 16.019  2.48
39.260228 24.844412 16.642815 
39.575936 27.806156 14.330871 
39.564887 27.728360 14.181091 
39.445257 26.729377 13.957116 
39.339917 25.740352 14.735712 
FEnd
FBeg
  631    O SER A 105  2872    N ASP B 175 hbd
37.648 24.874 16.070 39.542 23.207 15.366  4.63
39.339917 25.740352 14.735712 
39.260228 24.844412 16.642815 
39.102407 24.544915 16.927401 
39.000869 24.366660 17.076319 
38.567229 23.831106 17.177819 
38.527155 23.783106 17.183663 
37.856884 23.139616 16.904125 
37.754756 23.584203 15.576631 
38.817310 25.109826 14.822742 
FEnd
FBeg
  631    O SER A 105  2866   CA VAL B 174 unk
37.648 24.874 16.070 38.075 23.276 13.438  4.94
37.754756 23.584203 15.576631 
36.715778 23.945954 15.188438 
37.660660 26.190597 13.978912 
38.994317 26.744796 13.858798 
39.417268 26.711914 13.947379 
38.817310 25.109826 14.822742 
FEnd
FBeg
  631    O SER A 105  2859    C ASP B 173 unk
37.648 24.874 16.070 37.349 24.623 11.592  0.54
37.660660 26.190597 13.978912 
37.732573 26.447122 13.959731 
38.401749 27.131804 13.876672 
38.598626 27.200162 13.859695 
38.994317 26.744796 13.858798 
FEnd
FBeg
  650   CB THR A 107  2859    C ASP B 173 ali
35.815 29.241 12.397 37.349 24.623 11.592  0.96
38.401749 27.131804 13.876672 
38.598626 27.200162 13.859695 
37.127923 27.059530 11.863895 
36.513414 26.892497 11.651102 
36.472456 26.877663 11.658148 
36.847441 26.898618 12.252507 
FEnd
FBeg
  650   CB THR A 107  2860    O ASP B 173 unk
35.815 29.241 12.397 36.356 25.034 12.204  0.08
36.472456 26.877663 11.658148 
36.847441 26.898618 12.252507 
36.170426 26.840321 11.625512 
36.169161 26.840318 11.622035 
FEnd
FBeg
  647   CA THR A 107  2860    O ASP B 173 unk
34.578 28.407 12.848 36.356 25.034 12.204  0.00
36.170426 26.840321 11.625512 
36.169161 26.840318 11.622035 
36.110807 26.812172 11.608343 
FEnd
FBeg
  647   CA THR A 107  2857    N ASP B 173 unk
34.578 28.407 12.848 36.561 25.864 9.624  0.14
36.169161 26.840318 11.622035 
36.110807 26.812172 11.608343 
35.701182 26.625761 11.503430 
35.828958 27.114714 11.196349 
FEnd
FBeg
  649    O THR A 107  2857    N ASP B 173 hbd
34.116 27.239 10.796 36.561 25.864 9.624  3.09
35.701182 26.625761 11.503430 
35.828958 27.114714 11.196349 
35.806377 28.034589 10.070037 
35.696841 28.153426 9.702104 
34.925466 26.465303 10.073398 
34.697023 25.269520 10.999728 
35.688773 26.600810 11.506813 
FEnd
FBeg
  649    O THR A 107  2860    O ASP B 173 unk
34.116 27.239 10.796 36.356 25.034 12.204  0.89
34.697023 25.269520 10.999728 
35.688773 26.600810 11.506813 
34.503395 25.621552 11.859072 
34.459165 25.501896 11.742051 
34.467145 25.132322 11.150585 
FEnd
FBeg
  643  CE2 TYR A 106  2860    O ASP B 173 unk
32.057 25.018 12.156 36.356 25.034 12.204  0.47
34.459165 25.501896 11.742051 
34.467145 25.132322 11.150585 
34.468739 24.845521 11.103407 
34.460869 24.490789 11.926455 
34.460866 24.490805 11.926758 
34.460695 24.499186 11.939297 
FEnd
FBeg
  640  CD1 TYR A 106  2860    O ASP B 173 unk
33.339 22.984 13.533 36.356 25.034 12.204  1.41
34.460866 24.490805 11.926758 
35.153293 23.416781 11.841960 
35.409090 23.341965 12.307249 
35.544028 23.881749 13.446197 
35.469372 23.962310 13.400985 
34.482901 24.510641 12.007380 
34.460695 24.499186 11.939297 
FEnd
FBeg
  639   CG TYR A 106  2860    O ASP B 173 unk
33.247 24.257 14.099 36.356 25.034 12.204  0.97
35.469372 23.962310 13.400985 
34.878030 25.208684 12.941857 
34.770353 25.238547 12.777443 
34.482901 24.510641 12.007380 
FEnd
FBeg
  635   CA TYR A 106  2860    O ASP B 173 unk
35.044 25.545 15.281 36.356 25.034 12.204  2.83
35.544028 23.881749 13.446197 
35.683510 23.941975 13.495669 
37.538112 26.063234 13.934172 
37.690111 26.422909 13.939251 
34.878030 25.208684 12.941857 
35.469372 23.962310 13.400985 
FEnd
FBeg
  635   CA TYR A 106  2869   CB VAL B 174 ali
35.044 25.545 15.281 37.198 21.975 13.554  0.44
35.544028 23.881749 13.446197 
35.683510 23.941975 13.495669 
36.155891 23.717458 14.548960 
35.662211 23.490778 14.401802 
35.478870 23.641205 13.862173 
FEnd
FBeg
  638   CB TYR A 106  2869   CB VAL B 174 ali
33.874 24.571 15.407 37.198 21.975 13.554  0.12
35.662211 23.490778 14.401802 
35.478870 23.641205 13.862173 
35.359348 23.192697 14.276115 
FEnd
FBeg
  638   CB TYR A 106  2871  CG2 VAL B 174 ali
33.874 24.571 15.407 36.906 21.643 15.045  4.62
35.359348 23.192697 14.276115 
35.662211 23.490778 14.401802 
35.861035 23.479340 16.159607 
35.535186 23.030280 17.062576 
34.025365 21.540181 16.469294 
33.812767 21.342925 16.284124 
FEnd
FBeg
  640  CD1 TYR A 106  2871  CG2 VAL B 174 ali
33.339 22.984 13.533 36.906 21.643 15.045  5.44
33.812767 21.342925 16.284124 
35.359348 23.192697 14.276115 
34.626176 20.372566 13.504572 
34.217127 20.092463 14.221147 
33.700288 20.740498 16.015180 
FEnd
FBeg
  640  CD1 TYR A 106  2638   CB ALA B 144 ali
33.339 22.984 13.533 36.027 18.168 16.047  0.64
34.217127 20.092463 14.221147 
33.700288 20.740498 16.015180 
33.307848 20.503866 15.981472 
33.271827 20.442387 15.902213 
34.057205 20.060032 14.330010 
34.197359 20.083827 14.225739 
FEnd
FBeg
  640  CD1 TYR A 106  2635   CA ALA B 144 ali
33.339 22.984 13.533 35.386 17.189 14.962  0.01
34.057205 20.060032 14.330010 
34.089227 20.042654 14.213666 
34.197359 20.083827 14.225739 
FEnd
FBeg
  640  CD1 TYR A 106  2658   SD MET B 147 unk
33.339 22.984 13.533 31.409 18.370 13.691  2.96
33.271827 20.442387 15.902213 
32.948595 20.578211 15.920276 
32.534990 20.738099 15.537143 
32.362273 20.784065 14.769699 
33.538910 20.239677 13.245038 
33.829973 20.114338 13.140198 
34.089227 20.042654 14.213666 
34.057205 20.060032 14.330010 
FEnd
FBeg
  642  CE1 TYR A 106  2658   SD MET B 147 unk
32.775 22.719 12.284 31.409 18.370 13.691  0.04
33.538910 20.239677 13.245038 
33.829973 20.114338 13.140198 
33.794215 20.081895 13.005202 
33.684819 20.101754 12.960376 
FEnd
FBeg
  642  CE1 TYR A 106  2659   CE MET B 147 ali
32.775 22.719 12.284 30.748 19.714 12.701  6.81
33.684819 20.101754 12.960376 
33.538910 20.239677 13.245038 
32.021566 21.326279 13.699668 
30.615105 22.021137 11.870299 
30.852333 21.778385 11.274108 
31.925883 20.913727 10.261616 
FEnd
FBeg
  464   CD ARG A  72  2659   CE MET B 147 ali
29.099 21.395 9.517 30.748 19.714 12.701  7.89
30.852333 21.778385 11.274108 
31.925883 20.913727 10.261616 
30.055185 18.997805 10.218940 
28.907214 19.408104 11.030094 
28.451504 20.612478 11.901959 
28.919315 21.384406 12.067220 
29.496441 21.675228 11.921866 
30.352468 22.059735 11.681529 
FEnd
FBeg
  463   CG ARG A  72  2659   CE MET B 147 ali
28.525 22.745 9.939 30.748 19.714 12.701  0.01
28.919315 21.384406 12.067220 
28.939692 21.418894 12.088667 
29.496441 21.675228 11.921866 
FEnd
FBeg
  461    O ARG A  72  2659   CE MET B 147 unk
27.147 21.925 12.567 30.748 19.714 12.701  0.57
28.451504 20.612478 11.901959 
28.421190 20.620701 12.852281 
28.527862 20.799324 12.932937 
28.939692 21.418894 12.088667 
28.919315 21.384406 12.067220 
FEnd
FBeg
  495    N VAL A  76  2659   CE MET B 147 unk
27.982 20.330 14.995 30.748 19.714 12.701  1.09
28.421190 20.620701 12.852281 
28.692542 19.818002 13.395011 
29.414081 19.639085 14.313054 
29.326415 20.383404 14.007481 
28.527862 20.799324 12.932937 
FEnd
FBeg
  496   CA VAL A  76  2659   CE MET B 147 ali
28.970 20.845 15.966 30.748 19.714 12.701  1.17
29.414081 19.639085 14.313054 
29.675843 19.314334 14.568094 
31.047260 20.289985 14.976951 
29.326415 20.383404 14.007481 
FEnd
FBeg
  496   CA VAL A  76  2658   SD MET B 147 unk
28.970 20.845 15.966 31.409 18.370 13.691  3.12
29.675843 19.314334 14.568094 
31.047260 20.289985 14.976951 
31.895580 20.494181 15.664278 
31.984981 20.325344 15.943804 
30.209378 18.589524 15.928619 
29.848015 18.745824 15.371166 
FEnd
FBeg
  488    C GLU A  75  2658   SD MET B 147 unk
27.711 19.037 14.956 31.409 18.370 13.691  1.87
29.848015 18.745824 15.371166 
29.675843 19.314334 14.568094 
29.193809 18.395966 13.643183 
29.158223 17.993493 13.751368 
29.212905 17.309173 14.272045 
FEnd
FBeg
  491   CG GLU A  75  2658   SD MET B 147 unk
27.573 17.050 12.359 31.409 18.370 13.691  3.63
29.158223 17.993493 13.751368 
29.303161 18.125565 13.203081 
29.735852 17.717997 12.360879 
29.775869 17.557586 12.404601 
29.894472 15.225965 14.373654 
29.628428 15.564933 14.803914 
29.212905 17.309173 14.272045 
FEnd
FBeg
  491   CG GLU A  75  2657   CG MET B 147 ali
27.573 17.050 12.359 32.019 17.277 12.360  2.18
29.775869 17.557586 12.404601 
29.894472 15.225965 14.373654 
29.930180 14.529110 13.803246 
29.868341 15.745168 12.694514 
FEnd
FBeg
  492   CD GLU A  75  2657   CG MET B 147 ali
28.305 16.881 11.069 32.019 17.277 12.360  3.33
29.868341 15.745168 12.694514 
29.775869 17.557586 12.404601 
29.798041 17.701326 12.296725 
30.115249 18.007600 11.290223 
30.572219 16.550365 10.422585 
30.583965 16.439148 10.422907 
FEnd
FBeg
  492   CD GLU A  75  2653   CA MET B 147 ali
28.305 16.881 11.069 32.901 17.363 9.883  1.21
30.572219 16.550365 10.422585 
30.583965 16.439148 10.422907 
30.060965 16.474897 8.410699 
30.275355 17.571128 9.687022 
FEnd
FBeg
  493  OE1 GLU A  75  2653   CA MET B 147 unk
28.341 17.831 10.247 32.901 17.363 9.883  2.26
30.060965 16.474897 8.410699 
30.275355 17.571128 9.687022 
30.330771 18.562081 9.107159 
29.898783 15.981441 7.013413 
FEnd
FBeg
  493  OE1 GLU A  75  2655    O MET B 147 unk
28.341 17.831 10.247 32.458 18.930 8.043  6.14
30.330771 18.562081 9.107159 
29.898783 15.981441 7.013413 
29.430431 15.503684 5.900319 
28.750814 15.818219 4.787655 
29.164730 17.604307 6.451450 
29.886003 18.644290 8.317340 
30.309813 18.724499 9.148999 
FEnd
FBeg
  464   CD ARG A  72  2655    O MET B 147 unk
29.099 21.395 9.517 32.458 18.930 8.043  2.02
29.886003 18.644290 8.317340 
30.309813 18.724499 9.148999 
31.451686 20.062251 9.513985 
31.868654 20.658265 9.467459 
31.539160 20.492461 8.993876 
30.243624 19.163336 8.264288 
FEnd
FBeg
  466   CZ ARG A  72  2655    O MET B 147 unk
30.117 21.640 7.263 32.458 18.930 8.043  7.35
31.539160 20.492461 8.993876 
32.649875 20.717971 6.443811 
32.667978 20.621452 6.054135 
29.418225 17.971575 6.600938 
30.243624 19.163336 8.264288 
FEnd
FBeg
  466   CZ ARG A  72  2661   CA VAL B 148 ali
30.117 21.640 7.263 35.023 19.835 7.938  0.06
32.649875 20.717971 6.443811 
32.667978 20.621452 6.054135 
32.767809 20.876171 6.009686 
FEnd
FBeg
  467  NH1 ARG A  72  2661   CA VAL B 148 unk
31.166 22.263 7.775 35.023 19.835 7.938  3.07
32.767809 20.876171 6.009686 
32.649875 20.717971 6.443811 
32.669870 20.871173 8.252720 
33.732432 22.405997 5.972062 
33.499042 21.974491 5.067081 
FEnd
FBeg
  467  NH1 ARG A  72  2666  CG2 VAL B 148 unk
31.166 22.263 7.775 34.791 21.963 9.262  6.85
32.669870 20.871173 8.252720 
33.732432 22.405997 5.972062 
33.686616 23.119471 6.227694 
32.632573 23.270204 8.827643 
32.014328 21.223238 9.921825 
32.046190 20.833804 9.765585 
32.337616 20.806456 9.049631 
FEnd
FBeg
  467  NH1 ARG A  72  2654    C MET B 147 unk
31.166 22.263 7.775 33.281 18.412 8.783  0.13
32.046190 20.833804 9.765585 
31.868654 20.658265 9.467459 
32.337616 20.806456 9.049631 
FEnd
FBeg
  464   CD ARG A  72  2666  CG2 VAL B 148 ali
29.099 21.395 9.517 34.791 21.963 9.262  0.07
32.014328 21.223238 9.921825 
32.046190 20.833804 9.765585 
32.049956 20.823853 9.827482 
32.048862 20.948831 10.081440 
32.022372 21.180349 10.005851 
FEnd
FBeg
  642  CE1 TYR A 106  2666  CG2 VAL B 148 ali
32.775 22.719 12.284 34.791 21.963 9.262  8.85
32.048862 20.948831 10.081440 
34.443240 20.321622 11.835655 
34.856598 20.566824 12.050068 
35.336902 22.951010 11.774042 
34.957727 23.701718 11.333290 
34.706110 24.081848 11.070339 
32.450531 22.005843 10.084969 
32.022372 21.180349 10.005851 
FEnd
FBeg
  644   CZ TYR A 106  2666  CG2 VAL B 148 ali
32.126 23.745 11.608 34.791 21.963 9.262  2.25
34.706110 24.081848 11.070339 
34.669346 24.297569 10.864716 
33.011755 23.528512 9.565901 
32.450531 22.005843 10.084969 
FEnd
FBeg
  644   CZ TYR A 106  2853   CB ASP B 172 ali
32.126 23.745 11.608 33.631 25.615 8.580  3.34
34.669346 24.297569 10.864716 
33.011755 23.528512 9.565901 
31.688548 25.193842 9.936687 
31.688730 25.196373 9.938341 
34.468739 24.845521 11.103407 
FEnd
FBeg
  644   CZ TYR A 106  2854   CG ASP B 172 aro
32.126 23.745 11.608 32.313 26.107 7.972  0.00
31.688548 25.193842 9.936687 
31.684860 25.196277 9.938079 
31.688730 25.196373 9.938341 
FEnd
FBeg
  643  CE2 TYR A 106  2854   CG ASP B 172 aro
32.057 25.018 12.156 32.313 26.107 7.972  0.13
31.684860 25.196277 9.938079 
31.688730 25.196373 9.938341 
31.833804 25.785447 10.100540 
31.543895 25.715143 10.064503 
31.492684 25.259239 9.942708 
FEnd
FBeg
  659  CD1 LEU A 108  2854   CG ASP B 172 ali
29.184 26.011 9.647 32.313 26.107 7.972  5.59
31.543895 25.715143 10.064503 
30.838098 27.112714 8.826132 
29.655899 27.059286 6.614652 
30.918338 24.377164 8.819241 
31.492684 25.259239 9.942708 
FEnd
FBeg
  659  CD1 LEU A 108  2856  OD2 ASP B 172 unk
29.184 26.011 9.647 31.635 25.261 7.331  5.97
29.655899 27.059286 6.614652 
30.918338 24.377164 8.819241 
30.706102 24.131729 8.674114 
29.933198 24.131512 7.856228 
28.948476 24.566545 6.673227 
28.705583 26.408342 5.819740 
28.734336 26.457066 5.834390 
29.522728 27.145739 6.445722 
FEnd
FBeg
  466   CZ ARG A  72  2856  OD2 ASP B 172 unk
30.117 21.640 7.263 31.635 25.261 7.331  3.35
29.933198 24.131512 7.856228 
28.948476 24.566545 6.673227 
29.151053 24.502353 5.569202 
29.976866 24.155708 5.592987 
31.295319 23.600763 5.711291 
FEnd
FBeg
  466   CZ ARG A  72  2847  OG1 THR B 171 unk
30.117 21.640 7.263 32.034 25.718 5.028  0.06
29.976866 24.155708 5.592987 
31.295319 23.600763 5.711291 
31.375385 23.524247 5.640353 
FEnd
FBeg
  468  NH2 ARG A  72  2847  OG1 THR B 171 hbd
30.067 21.431 5.953 32.034 25.718 5.028  11.30
31.375385 23.524247 5.640353 
29.976866 24.155708 5.592987 
29.155922 24.517168 5.522484 
28.858115 24.296449 3.866254 
31.296599 22.818377 2.201394 
31.920079 22.649868 2.746247 
32.734389 22.445321 3.529871 
33.255940 22.515986 4.966447 
FEnd
FBeg
  467  NH1 ARG A  72  2847  OG1 THR B 171 hbd
31.166 22.263 7.775 32.034 25.718 5.028  1.65
31.295319 23.600763 5.711291 
31.375385 23.524247 5.640353 
33.255940 22.515986 4.966447 
33.428471 22.707974 5.262434 
33.577519 23.241274 5.980280 
33.558249 23.266984 6.006528 
33.499120 23.303825 6.034181 
FEnd
FBeg
  468  NH2 ARG A  72  2856  OD2 ASP B 172 elf
30.067 21.431 5.953 31.635 25.261 7.331  0.02
29.151053 24.502353 5.569202 
29.155922 24.517168 5.522484 
29.976866 24.155708 5.592987 
FEnd
FBeg
  467  NH1 ARG A  72  2856  OD2 ASP B 172 elf
31.166 22.263 7.775 31.635 25.261 7.331  6.18
30.706102 24.131729 8.674114 
29.933198 24.131512 7.856228 
31.295319 23.600763 5.711291 
33.499120 23.303825 6.034181 
31.918723 23.900069 8.390787 
31.594566 23.984964 8.621610 
FEnd
FBeg
  467  NH1 ARG A  72  2854   CG ASP B 172 unk
31.166 22.263 7.775 32.313 26.107 7.972  0.03
31.918723 23.900069 8.390787 
31.594566 23.984964 8.621610 
31.818301 23.918128 8.623092 
FEnd
FBeg
  645   OH TYR A 106  2856  OD2 ASP B 172 hbd
31.532 23.546 10.382 31.635 25.261 7.331  0.14
30.918338 24.377164 8.819241 
30.706102 24.131729 8.674114 
31.594566 23.984964 8.621610 
FEnd
FBeg
  659  CD1 LEU A 108  2855  OD1 ASP B 172 unk
29.184 26.011 9.647 31.955 27.323 8.134  2.40
30.838098 27.112714 8.826132 
29.655899 27.059286 6.614652 
29.522728 27.145739 6.445722 
28.778042 28.506225 6.261607 
30.675030 27.344635 8.728591 
FEnd
FBeg
  654   CA LEU A 108  2855  OD1 ASP B 172 unk
31.508 28.061 10.636 31.955 27.323 8.134  1.18
30.675030 27.344635 8.728591 
30.838098 27.112714 8.826132 
33.052354 27.736415 9.037755 
33.479152 28.143753 8.993855 
33.592135 28.469424 8.917980 
FEnd
FBeg
  654   CA LEU A 108  2850   CA ASP B 172 ali
31.508 28.061 10.636 34.869 26.265 7.932  0.10
33.479152 28.143753 8.993855 
33.592135 28.469424 8.917980 
33.766965 28.633028 9.026622 
33.758148 28.591017 9.043567 
33.594906 28.097410 9.168515 
FEnd
FBeg
  648    C THR A 107  2850   CA ASP B 172 ali
33.701 28.013 11.658 34.869 26.265 7.932  0.13
33.766965 28.633028 9.026622 
33.758148 28.591017 9.043567 
34.368525 28.830121 9.122731 
34.041091 29.052429 8.915797 
FEnd
FBeg
  652  CG2 THR A 107  2850   CA ASP B 172 ali
35.396 30.261 11.391 34.869 26.265 7.932  2.54
34.368525 28.830121 9.122731 
35.696841 28.153426 9.702104 
36.692673 28.759721 8.849962 
36.662873 29.193703 8.353146 
34.058510 29.125311 8.828946 
34.041091 29.052429 8.915797 
FEnd
FBeg
  652  CG2 THR A 107  2845    O THR B 171 unk
35.396 30.261 11.391 34.517 28.538 6.332  62.34
36.662873 29.193703 8.353146 
34.058510 29.125311 8.828946 
33.719277 31.657348 8.025524 
34.138123 35.052293 6.796495 
35.944384 40.867027 4.502269 
36.089716 41.018073 4.425574 
41.071878 45.115965 2.164260 
40.167319 39.470086 4.244307 
FEnd
FBeg
  655    C LEU A 108  2845    O THR B 171 unk
31.167 29.122 9.587 34.517 28.538 6.332  8.49
34.058510 29.125311 8.828946 
33.719277 31.657348 8.025524 
31.200725 31.978735 5.375804 
31.857777 29.693301 6.462076 
33.700580 28.845868 8.510706 
FEnd
FBeg
  652  CG2 THR A 107  2864  OD2 ASP B 173 unk
35.396 30.261 11.391 39.320 28.060 9.233  82.92
36.692673 28.759721 8.849962 
36.662873 29.193703 8.353146 
40.167319 39.470086 4.244307 
44.401756 44.439280 6.875788 
42.989928 37.805313 11.074745 
39.521841 31.088620 11.619075 
37.138097 28.469286 9.956121 
36.994214 28.521720 9.641012 
FEnd
FBeg
  652  CG2 THR A 107  2862   CG ASP B 173 ali
35.396 30.261 11.391 39.178 26.829 9.093  0.01
37.138097 28.469286 9.956121 
37.088358 28.428376 9.935358 
36.994214 28.521720 9.641012 
FEnd
FBeg
  650   CB THR A 107  2862   CG ASP B 173 ali
35.815 29.241 12.397 39.178 26.829 9.093  0.09
37.138097 28.469286 9.956121 
37.088358 28.428376 9.935358 
37.238306 28.198183 10.256031 
37.530432 28.370402 10.427649 
FEnd
FBeg
  650   CB THR A 107  2864  OD2 ASP B 173 unk
35.815 29.241 12.397 39.320 28.060 9.233  4.55
39.521841 31.088620 11.619075 
37.138097 28.469286 9.956121 
37.530432 28.370402 10.427649 
39.799384 29.133063 12.656466 
FEnd
FBeg
  655    C LEU A 108  2850   CA ASP B 172 ali
31.167 29.122 9.587 34.869 26.265 7.932  0.23
33.592135 28.469424 8.917980 
33.766965 28.633028 9.026622 
34.041091 29.052429 8.915797 
34.058510 29.125311 8.828946 
33.700580 28.845868 8.510706 
FEnd
FBeg
  654   CA LEU A 108  2853   CB ASP B 172 ali
31.508 28.061 10.636 33.631 25.615 8.580  2.21
33.052354 27.736415 9.037755 
33.479152 28.143753 8.993855 
33.594906 28.097410 9.168515 
32.924862 26.261902 10.660319 
31.833804 25.785447 10.100540 
FEnd
FBeg
  655    C LEU A 108  2855  OD1 ASP B 172 unk
31.167 29.122 9.587 31.955 27.323 8.134  10.20
28.778042 28.506225 6.261607 
30.675030 27.344635 8.728591 
33.592135 28.469424 8.917980 
33.700580 28.845868 8.510706 
31.857777 29.693301 6.462076 
FEnd
FBeg
  654   CA LEU A 108  2854   CG ASP B 172 ali
31.508 28.061 10.636 32.313 26.107 7.972  2.56
31.833804 25.785447 10.100540 
33.052354 27.736415 9.037755 
30.838098 27.112714 8.826132 
31.543895 25.715143 10.064503 
FEnd
FBeg
  645   OH TYR A 106  2854   CG ASP B 172 unk
31.532 23.546 10.382 32.313 26.107 7.972  1.00
31.688548 25.193842 9.936687 
31.684860 25.196277 9.938079 
31.492684 25.259239 9.942708 
30.918338 24.377164 8.819241 
31.594566 23.984964 8.621610 
31.818301 23.918128 8.623092 
FEnd
FBeg
  645   OH TYR A 106  2853   CB ASP B 172 unk
31.532 23.546 10.382 33.631 25.615 8.580  1.85
33.011755 23.528512 9.565901 
31.688548 25.193842 9.936687 
31.818301 23.918128 8.623092 
32.632573 23.270204 8.827643 
FEnd
FBeg
  642  CE1 TYR A 106  2859    C ASP B 173 ali
32.775 22.719 12.284 37.349 24.623 11.592  0.16
35.336902 22.951010 11.774042 
34.957727 23.701718 11.333290 
35.153293 23.416781 11.841960 
35.324483 23.008887 11.851200 
FEnd
FBeg
  642  CE1 TYR A 106  2869   CB VAL B 174 ali
32.775 22.719 12.284 37.198 21.975 13.554  0.90
34.856598 20.566824 12.050068 
35.336902 22.951010 11.774042 
35.324483 23.008887 11.851200 
34.670821 20.526012 12.673159 
FEnd
FBeg
  645   OH TYR A 106  2666  CG2 VAL B 148 unk
31.532 23.546 10.382 34.791 21.963 9.262  1.47
32.632573 23.270204 8.827643 
32.014328 21.223238 9.921825 
32.022372 21.180349 10.005851 
32.450531 22.005843 10.084969 
33.011755 23.528512 9.565901 
FEnd
FBeg
  467  NH1 ARG A  72  2853   CB ASP B 172 unk
31.166 22.263 7.775 33.631 25.615 8.580  2.08
33.686616 23.119471 6.227694 
33.589447 23.242015 6.014964 
33.558249 23.266984 6.006528 
33.499120 23.303825 6.034181 
31.918723 23.900069 8.390787 
31.818301 23.918128 8.623092 
32.632573 23.270204 8.827643 
FEnd
FBeg
  468  NH2 ARG A  72  2661   CA VAL B 148 unk
30.067 21.431 5.953 35.023 19.835 7.938  1.90
32.667978 20.621452 6.054135 
32.767809 20.876171 6.009686 
33.499042 21.974491 5.067081 
33.509510 21.929412 5.004701 
33.257633 20.704830 4.648967 
32.915590 19.768347 4.749994 
FEnd
FBeg
  467  NH1 ARG A  72  2655    O MET B 147 hbd
31.166 22.263 7.775 32.458 18.930 8.043  1.65
31.868654 20.658265 9.467459 
32.337616 20.806456 9.049631 
32.669870 20.871173 8.252720 
32.649875 20.717971 6.443811 
31.539160 20.492461 8.993876 
FEnd
FBeg
  464   CD ARG A  72  2654    C MET B 147 ali
29.099 21.395 9.517 33.281 18.412 8.783  0.15
31.451686 20.062251 9.513985 
31.868654 20.658265 9.467459 
32.046190 20.833804 9.765585 
32.049956 20.823853 9.827482 
FEnd
FBeg
  465   NE ARG A  72  2655    O MET B 147 hbd
29.121 21.230 8.051 32.458 18.930 8.043  0.88
29.164730 17.604307 6.451450 
29.886003 18.644290 8.317340 
30.243624 19.163336 8.264288 
29.418225 17.971575 6.600938 
FEnd
FBeg
  468  NH2 ARG A  72  2655    O MET B 147 hbd
30.067 21.431 5.953 32.458 18.930 8.043  12.90
28.750814 15.818219 4.787655 
29.164730 17.604307 6.451450 
29.418225 17.971575 6.600938 
32.667978 20.621452 6.054135 
32.915590 19.768347 4.749994 
32.778749 19.104130 4.111707 
29.983435 16.570432 4.277648 
28.908586 15.884462 4.686430 
FEnd
FBeg
  493  OE1 GLU A  75  2656   CB MET B 147 unk
28.341 17.831 10.247 32.410 18.126 11.140  1.28
30.275355 17.571128 9.687022 
30.330771 18.562081 9.107159 
30.309813 18.724499 9.148999 
30.055185 18.997805 10.218940 
29.989121 18.457210 10.698547 
FEnd
FBeg
  494  OE2 GLU A  75  2653   CA MET B 147 unk
28.850 15.792 10.908 32.901 17.363 9.883  9.07
30.583965 16.439148 10.422907 
30.060965 16.474897 8.410699 
29.898783 15.981441 7.013413 
29.996825 15.377838 6.475762 
30.306954 14.931741 7.017728 
31.282596 13.775320 9.101226 
31.503963 13.760302 9.953095 
31.576035 13.889715 10.436286 
31.591132 14.021271 10.697587 
FEnd
FBeg
  492   CD GLU A  75  2656   CB MET B 147 ali
28.305 16.881 11.069 32.410 18.126 11.140  1.53
30.115249 18.007600 11.290223 
30.572219 16.550365 10.422585 
30.275355 17.571128 9.687022 
29.989121 18.457210 10.698547 
FEnd
FBeg
  492   CD GLU A  75  2659   CE MET B 147 ali
28.305 16.881 11.069 30.748 19.714 12.701  1.51
29.798041 17.701326 12.296725 
30.115249 18.007600 11.290223 
29.989121 18.457210 10.698547 
29.065584 18.949294 11.226811 
29.267817 18.320029 12.016425 
29.735852 17.717997 12.360879 
FEnd
FBeg
  494  OE2 GLU A  75  2657   CG MET B 147 unk
28.850 15.792 10.908 32.019 17.277 12.360  8.11
29.930180 14.529110 13.803246 
29.868341 15.745168 12.694514 
30.583965 16.439148 10.422907 
31.591132 14.021271 10.697587 
31.609225 13.933493 10.747872 
31.429144 13.191119 11.900146 
31.269121 13.209069 12.231038 
30.186497 14.186913 13.593805 
FEnd
FBeg
  492   CD GLU A  75  2658   SD MET B 147 unk
28.305 16.881 11.069 31.409 18.370 13.691  0.01
29.735852 17.717997 12.360879 
29.798041 17.701326 12.296725 
29.775869 17.557586 12.404601 
FEnd
FBeg
  491   CG GLU A  75  2659   CE MET B 147 ali
27.573 17.050 12.359 30.748 19.714 12.701  0.42
29.303161 18.125565 13.203081 
29.735852 17.717997 12.360879 
29.267817 18.320029 12.016425 
FEnd
FBeg
  490   CB GLU A  75  2658   SD MET B 147 unk
27.207 18.448 12.599 31.409 18.370 13.691  0.11
29.193809 18.395966 13.643183 
29.303161 18.125565 13.203081 
29.158223 17.993493 13.751368 
FEnd
FBeg
  489    O GLU A  75  2658   SD MET B 147 hbd
28.320 18.233 15.655 31.409 18.370 13.691  3.82
30.209378 18.589524 15.928619 
29.848015 18.745824 15.371166 
29.212905 17.309173 14.272045 
29.628428 15.564933 14.803914 
29.935362 15.861590 15.307356 
30.230409 17.158861 15.861901 
FEnd
FBeg
  517   SD MET A  79  2658   SD MET B 147 ssb
32.047 16.465 17.808 31.409 18.370 13.691  5.45
29.935362 15.861590 15.307356 
30.968554 15.454985 14.959103 
31.977199 15.717706 14.924361 
32.395136 15.917338 14.951967 
32.691304 16.242033 15.056313 
32.956686 17.934005 15.798089 
30.230409 17.158861 15.861901 
FEnd
FBeg
  517   SD MET A  79  2635   CA ALA B 144 unk
32.047 16.465 17.808 35.386 17.189 14.962  2.53
32.691304 16.242033 15.056313 
32.956686 17.934005 15.798089 
33.544143 17.989450 16.501413 
33.728460 17.708358 16.646152 
33.712791 16.244955 16.255491 
33.268760 16.049852 15.684909 
FEnd
FBeg
  517   SD MET A  79  2634    N ALA B 144 hbd
32.047 16.465 17.808 35.451 15.804 15.385  0.30
33.712791 16.244955 16.255491 
33.581276 15.420920 16.295528 
33.268760 16.049852 15.684909 
FEnd
FBeg
  518   CE MET A  79  2634    N ALA B 144 unk
33.664 16.244 18.571 35.451 15.804 15.385  2.65
33.712791 16.244955 16.255491 
33.581276 15.420920 16.295528 
33.687746 15.311177 16.370402 
35.286014 15.005573 17.309062 
35.686981 16.243377 17.363015 
35.024334 16.519597 16.953195 
FEnd
FBeg
  518   CE MET A  79  2605    O ARG B 140 unk
33.664 16.244 18.571 36.923 15.225 17.729  2.57
35.286014 15.005573 17.309062 
35.686981 16.243377 17.363015 
36.426587 17.343633 18.894149 
35.470158 14.802551 18.267498 
35.315225 14.473342 18.066238 
FEnd
FBeg
  518   CE MET A  79  2627    C LYS B 143 ali
33.664 16.244 18.571 34.979 14.818 14.611  0.00
33.581276 15.420920 16.295528 
33.687746 15.311177 16.370402 
33.674660 15.311346 16.365996 
33.571965 15.385790 16.305086 
FEnd
FBeg
  518   CE MET A  79  2635   CA ALA B 144 ali
33.664 16.244 18.571 35.386 17.189 14.962  1.09
33.728460 17.708358 16.646152 
33.712791 16.244955 16.255491 
35.024334 16.519597 16.953195 
FEnd
FBeg
  517   SD MET A  79  2638   CB ALA B 144 unk
32.047 16.465 17.808 36.027 18.168 16.047  0.05
33.544143 17.989450 16.501413 
33.686337 17.980674 16.814298 
33.728460 17.708358 16.646152 
FEnd
FBeg
  516   CG MET A  79  2635   CA ALA B 144 ali
31.569 18.168 18.073 35.386 17.189 14.962  0.46
32.956686 17.934005 15.798089 
33.544143 17.989450 16.501413 
33.240626 18.928344 15.833558 
FEnd
FBeg
  517   SD MET A  79  2627    C LYS B 143 unk
32.047 16.465 17.808 34.979 14.818 14.611  0.78
32.395136 15.917338 14.951967 
32.691304 16.242033 15.056313 
33.268760 16.049852 15.684909 
33.581276 15.420920 16.295528 
33.571965 15.385790 16.305086 
32.305099 15.792323 14.933797 
FEnd
FBeg
  517   SD MET A  79  2657   CG MET B 147 unk
32.047 16.465 17.808 32.019 17.277 12.360  0.02
31.977199 15.717706 14.924361 
32.395136 15.917338 14.951967 
32.305099 15.792323 14.933797 
FEnd
FBeg
  517   SD MET A  79  2630   CG LYS B 143 unk
32.047 16.465 17.808 32.868 13.080 16.046  3.21
30.968554 15.454985 14.959103 
31.977199 15.717706 14.924361 
32.305099 15.792323 14.933797 
33.571965 15.385790 16.305086 
33.182412 14.930255 16.998708 
31.536253 15.001504 16.094807 
FEnd
FBeg
  517   SD MET A  79  2632   CE LYS B 143 unk
32.047 16.465 17.808 30.574 13.206 17.243  7.65
29.935362 15.861590 15.307356 
30.968554 15.454985 14.959103 
31.536253 15.001504 16.094807 
31.152314 14.634054 19.215271 
29.737288 15.409654 18.430584 
29.572903 15.527406 18.179943 
29.046473 15.979762 16.943130 
FEnd
FBeg
  509    C GLY A  78  2632   CE LYS B 143 ali
28.106 16.997 19.680 30.574 13.206 17.243  1.53
29.572903 15.527406 18.179943 
29.046473 15.979762 16.943130 
28.168871 15.527670 16.757641 
27.792014 14.943188 17.285210 
FEnd
FBeg
  489    O GLU A  75  2632   CE LYS B 143 unk
28.320 18.233 15.655 30.574 13.206 17.243  4.13
29.628428 15.564933 14.803914 
29.935362 15.861590 15.307356 
29.046473 15.979762 16.943130 
28.168871 15.527670 16.757641 
26.651967 14.557653 15.840027 
FEnd
FBeg
  488    C GLU A  75  2659   CE MET B 147 ali
27.711 19.037 14.956 30.748 19.714 12.701  1.14
28.692542 19.818002 13.395011 
29.193809 18.395966 13.643183 
29.675843 19.314334 14.568094 
29.414081 19.639085 14.313054 
FEnd
FBeg
  490   CB GLU A  75  2659   CE MET B 147 ali
27.207 18.448 12.599 30.748 19.714 12.701  4.89
28.907214 19.408104 11.030094 
29.065584 18.949294 11.226811 
29.267817 18.320029 12.016425 
29.303161 18.125565 13.203081 
29.193809 18.395966 13.643183 
28.692542 19.818002 13.395011 
28.421190 20.620701 12.852281 
28.451504 20.612478 11.901959 
FEnd
FBeg
  493  OE1 GLU A  75  2659   CE MET B 147 unk
28.341 17.831 10.247 30.748 19.714 12.701  0.79
30.055185 18.997805 10.218940 
29.989121 18.457210 10.698547 
29.065584 18.949294 11.226811 
28.907214 19.408104 11.030094 
FEnd
FBeg
  464   CD ARG A  72  2656   CB MET B 147 ali
29.099 21.395 9.517 32.410 18.126 11.140  2.28
31.925883 20.913727 10.261616 
30.055185 18.997805 10.218940 
30.309813 18.724499 9.148999 
31.451686 20.062251 9.513985 
32.049956 20.823853 9.827482 
32.048862 20.948831 10.081440 
FEnd
FBeg
  644   CZ TYR A 106  2659   CE MET B 147 ali
32.126 23.745 11.608 30.748 19.714 12.701  0.11
30.615105 22.021137 11.870299 
30.852333 21.778385 11.274108 
30.352468 22.059735 11.681529 
FEnd
FBeg
  501  CG2 VAL A  76  2659   CE MET B 147 ali
30.022 22.291 14.238 30.748 19.714 12.701  8.85
32.021566 21.326279 13.699668 
30.615105 22.021137 11.870299 
30.352468 22.059735 11.681529 
29.496441 21.675228 11.921866 
28.939692 21.418894 12.088667 
28.527862 20.799324 12.932937 
29.326415 20.383404 14.007481 
31.047260 20.289985 14.976951 
32.362273 20.784065 14.769699 
FEnd
FBeg
  642  CE1 TYR A 106  2656   CB MET B 147 ali
32.775 22.719 12.284 32.410 18.126 11.140  2.50
33.794215 20.081895 13.005202 
33.684819 20.101754 12.960376 
31.925883 20.913727 10.261616 
32.048862 20.948831 10.081440 
34.443240 20.321622 11.835655 
FEnd
FBeg
  642  CE1 TYR A 106  2637    O ALA B 144 unk
32.775 22.719 12.284 35.298 18.074 12.732  0.71
33.829973 20.114338 13.140198 
33.794215 20.081895 13.005202 
34.443240 20.321622 11.835655 
34.856598 20.566824 12.050068 
34.670821 20.526012 12.673159 
FEnd
FBeg
  640  CD1 TYR A 106  2659   CE MET B 147 ali
33.339 22.984 13.533 30.748 19.714 12.701  1.16
32.362273 20.784065 14.769699 
32.021566 21.326279 13.699668 
33.538910 20.239677 13.245038 
FEnd
FBeg
  501  CG2 VAL A  76  2658   SD MET B 147 unk
30.022 22.291 14.238 31.409 18.370 13.691  0.85
32.534990 20.738099 15.537143 
32.362273 20.784065 14.769699 
31.047260 20.289985 14.976951 
31.895580 20.494181 15.664278 
FEnd
FBeg
  500  CG1 VAL A  76  2658   SD MET B 147 unk
30.325 22.781 16.702 31.409 18.370 13.691  0.35
32.948595 20.578211 15.920276 
32.534990 20.738099 15.537143 
31.895580 20.494181 15.664278 
31.984981 20.325344 15.943804 
FEnd
FBeg
  516   CG MET A  79  2658   SD MET B 147 unk
31.569 18.168 18.073 31.409 18.370 13.691  6.84
33.271827 20.442387 15.902213 
32.948595 20.578211 15.920276 
31.984981 20.325344 15.943804 
30.209378 18.589524 15.928619 
30.230409 17.158861 15.861901 
32.956686 17.934005 15.798089 
33.240626 18.928344 15.833558 
FEnd
FBeg
  516   CG MET A  79  2638   CB ALA B 144 ali
31.569 18.168 18.073 36.027 18.168 16.047  2.36
33.307848 20.503866 15.981472 
33.271827 20.442387 15.902213 
33.240626 18.928344 15.833558 
33.544143 17.989450 16.501413 
33.686337 17.980674 16.814298 
34.004274 18.507946 17.513883 
FEnd
FBeg
  627  CD2 LEU A 104  2638   CB ALA B 144 ali
34.537 20.171 19.333 36.027 18.168 16.047  5.80
33.700288 20.740498 16.015180 
33.307848 20.503866 15.981472 
34.004274 18.507946 17.513883 
36.206804 17.732837 18.985068 
35.105215 20.403856 16.857430 
34.884357 20.617432 16.627098 
FEnd
FBeg
  625   CG LEU A 104  2638   CB ALA B 144 ali
35.689 21.221 19.202 36.027 18.168 16.047  0.03
35.105215 20.403856 16.857430 
35.113952 20.577571 16.690267 
34.884357 20.617432 16.627098 
FEnd
FBeg
  626  CD1 LEU A 104  2638   CB ALA B 144 ali
36.946 20.591 18.613 36.027 18.168 16.047  9.84
36.206804 17.732837 18.985068 
36.367288 17.611116 19.042529 
36.691038 17.540792 18.992985 
37.599142 17.638863 18.575146 
38.477160 18.280129 17.655160 
39.063832 19.471661 16.319917 
35.113952 20.577571 16.690267 
35.105215 20.403856 16.857430 
FEnd
FBeg
  626  CD1 LEU A 104  2871  CG2 VAL B 174 ali
36.946 20.591 18.613 36.906 21.643 15.045  8.41
39.063832 19.471661 16.319917 
35.113952 20.577571 16.690267 
36.590369 22.898950 17.358158 
36.707594 22.900895 17.357418 
37.982475 22.712027 17.287439 
38.956041 20.656531 16.670476 
39.108373 19.639646 16.368946 
FEnd
FBeg
  626  CD1 LEU A 104  2880    N LEU B 176 unk
36.946 20.591 18.613 41.071 21.442 17.827  0.83
38.956041 20.656531 16.670476 
39.101737 21.036911 17.846936 
39.173569 20.511396 17.654946 
39.108373 19.639646 16.368946 
FEnd
FBeg
  626  CD1 LEU A 104  2874    C ASP B 175 ali
36.946 20.591 18.613 40.545 22.627 17.509  2.80
37.982475 22.712027 17.287439 
38.173416 22.632211 17.762701 
38.869266 22.023519 18.908595 
39.101737 21.036911 17.846936 
38.956041 20.656531 16.670476 
FEnd
FBeg
  626  CD1 LEU A 104  2875    O ASP B 175 unk
36.946 20.591 18.613 39.848 23.308 18.294  0.30
38.173416 22.632211 17.762701 
38.383902 22.508473 18.623617 
38.851858 22.054549 19.014519 
38.869266 22.023519 18.908595 
FEnd
FBeg
  628    N SER A 105  2874    C ASP B 175 unk
37.528 24.371 19.014 40.545 22.627 17.509  0.27
37.982475 22.712027 17.287439 
38.173416 22.632211 17.762701 
38.401635 23.507165 17.206299 
38.007023 22.824560 17.206245 
FEnd
FBeg
  628    N SER A 105  2872    N ASP B 175 hbd
37.528 24.371 19.014 39.542 23.207 15.366  0.15
38.401635 23.507165 17.206299 
38.007023 22.824560 17.206245 
37.883631 23.062064 17.062340 
38.512750 23.763530 17.185843 
FEnd
FBeg
  628    N SER A 105  2871  CG2 VAL B 174 unk
37.528 24.371 19.014 36.906 21.643 15.045  0.27
36.707594 22.900895 17.357418 
37.982475 22.712027 17.287439 
38.007023 22.824560 17.206245 
37.883631 23.062064 17.062340 
FEnd
FBeg
  626  CD1 LEU A 104  2614   CA GLY B 141 ali
36.946 20.591 18.613 39.666 15.600 17.730  0.66
37.599142 17.638863 18.575146 
38.477160 18.280129 17.655160 
38.077997 17.791365 19.188227 
37.934164 17.684253 19.350593 
FEnd
FBeg
  626  CD1 LEU A 104  2604    C ARG B 140 ali
36.946 20.591 18.613 37.605 14.736 18.671  0.51
36.691038 17.540792 18.992985 
37.599142 17.638863 18.575146 
37.934164 17.684253 19.350593 
37.862938 17.677417 19.469824 
FEnd
FBeg
  640  CD1 TYR A 106  2637    O ALA B 144 unk
33.339 22.984 13.533 35.298 18.074 12.732  0.84
34.626176 20.372566 13.504572 
34.217127 20.092463 14.221147 
34.197359 20.083827 14.225739 
34.089227 20.042654 14.213666 
33.829973 20.114338 13.140198 
34.670821 20.526012 12.673159 
FEnd
FBeg
  627  CD2 LEU A 104  2871  CG2 VAL B 174 ali
34.537 20.171 19.333 36.906 21.643 15.045  0.65
34.025365 21.540181 16.469294 
33.812767 21.342925 16.284124 
33.700288 20.740498 16.015180 
34.884357 20.617432 16.627098 
FEnd
FBeg
  625   CG LEU A 104  2871  CG2 VAL B 174 ali
35.689 21.221 19.202 36.906 21.643 15.045  3.09
35.535186 23.030280 17.062576 
34.025365 21.540181 16.469294 
34.884357 20.617432 16.627098 
35.113952 20.577571 16.690267 
36.590369 22.898950 17.358158 
FEnd
FBeg
  630    C SER A 105  2871  CG2 VAL B 174 ali
36.856 25.351 16.871 36.906 21.643 15.045  3.08
35.861035 23.479340 16.159607 
35.535186 23.030280 17.062576 
36.590369 22.898950 17.358158 
36.707594 22.900895 17.357418 
37.883631 23.062064 17.062340 
37.856884 23.139616 16.904125 
36.683851 23.925403 15.276332 
FEnd
FBeg
  635   CA TYR A 106  2871  CG2 VAL B 174 ali
35.044 25.545 15.281 36.906 21.643 15.045  1.09
36.155891 23.717458 14.548960 
36.715778 23.945954 15.188438 
36.683851 23.925403 15.276332 
35.861035 23.479340 16.159607 
35.662211 23.490778 14.401802 
FEnd
FBeg
  640  CD1 TYR A 106  2869   CB VAL B 174 ali
33.339 22.984 13.533 37.198 21.975 13.554  5.52
35.409090 23.341965 12.307249 
35.544028 23.881749 13.446197 
35.478870 23.641205 13.862173 
35.359348 23.192697 14.276115 
34.626176 20.372566 13.504572 
34.670821 20.526012 12.673159 
35.324483 23.008887 11.851200 
FEnd
FBeg
  640  CD1 TYR A 106  2859    C ASP B 173 ali
33.339 22.984 13.533 37.349 24.623 11.592  0.11
35.153293 23.416781 11.841960 
35.409090 23.341965 12.307249 
35.324483 23.008887 11.851200 
FEnd
FBeg
  642  CE1 TYR A 106  2860    O ASP B 173 unk
32.775 22.719 12.284 36.356 25.034 12.204  0.60
34.460869 24.490789 11.926455 
34.706110 24.081848 11.070339 
34.957727 23.701718 11.333290 
35.153293 23.416781 11.841960 
34.460866 24.490805 11.926758 
FEnd
FBeg
  644   CZ TYR A 106  2860    O ASP B 173 unk
32.126 23.745 11.608 36.356 25.034 12.204  0.42
34.468739 24.845521 11.103407 
34.669346 24.297569 10.864716 
34.706110 24.081848 11.070339 
34.460869 24.490789 11.926455 
FEnd
FBeg
  643  CE2 TYR A 106  2853   CB ASP B 172 ali
32.057 25.018 12.156 33.631 25.615 8.580  2.44
34.467145 25.132322 11.150585 
34.468739 24.845521 11.103407 
31.688730 25.196373 9.938341 
31.833804 25.785447 10.100540 
32.924862 26.261902 10.660319 
FEnd
FBeg
  641  CD2 TYR A 106  2860    O ASP B 173 unk
32.612 25.261 13.387 36.356 25.034 12.204  0.62
34.503395 25.621552 11.859072 
34.459165 25.501896 11.742051 
34.460695 24.499186 11.939297 
34.482901 24.510641 12.007380 
34.770353 25.238547 12.777443 
FEnd
FBeg
  649    O THR A 107  2853   CB ASP B 172 unk
34.116 27.239 10.796 33.631 25.615 8.580  4.00
34.925466 26.465303 10.073398 
34.697023 25.269520 10.999728 
34.467145 25.132322 11.150585 
32.924862 26.261902 10.660319 
33.594906 28.097410 9.168515 
FEnd
FBeg
  649    O THR A 107  2850   CA ASP B 172 unk
34.116 27.239 10.796 34.869 26.265 7.932  2.86
35.696841 28.153426 9.702104 
34.925466 26.465303 10.073398 
33.594906 28.097410 9.168515 
33.758148 28.591017 9.043567 
34.368525 28.830121 9.122731 
FEnd
FBeg
  652  CG2 THR A 107  2857    N ASP B 173 unk
35.396 30.261 11.391 36.561 25.864 9.624  1.06
35.806377 28.034589 10.070037 
37.088358 28.428376 9.935358 
36.994214 28.521720 9.641012 
36.692673 28.759721 8.849962 
35.696841 28.153426 9.702104 
FEnd
FBeg
  646    N THR A 107  2857    N ASP B 173 hbd
34.967 27.183 13.504 36.561 25.864 9.624  0.00
36.110807 26.812172 11.608343 
35.701182 26.625761 11.503430 
35.688773 26.600810 11.506813 
FEnd
FBeg
  646    N THR A 107  2860    O ASP B 173 hbd
34.967 27.183 13.504 36.356 25.034 12.204  5.25
36.847441 26.898618 12.252507 
36.170426 26.840321 11.625512 
36.110807 26.812172 11.608343 
35.688773 26.600810 11.506813 
34.503395 25.621552 11.859072 
34.770353 25.238547 12.777443 
34.878030 25.208684 12.941857 
37.690111 26.422909 13.939251 
FEnd
FBeg
  650   CB THR A 107  2857    N ASP B 173 unk
35.815 29.241 12.397 36.561 25.864 9.624  2.53
36.513414 26.892497 11.651102 
36.472456 26.877663 11.658148 
36.169161 26.840318 11.622035 
35.828958 27.114714 11.196349 
35.806377 28.034589 10.070037 
37.088358 28.428376 9.935358 
37.238306 28.198183 10.256031 
36.999086 27.328502 11.250785 
FEnd
FBeg
  650   CB THR A 107  2858   CA ASP B 173 ali
35.815 29.241 12.397 37.690 25.138 10.203  0.21
37.127923 27.059530 11.863895 
36.513414 26.892497 11.651102 
36.999086 27.328502 11.250785 
FEnd
FBeg
  650   CB THR A 107  2861   CB ASP B 173 ali
35.815 29.241 12.397 38.940 26.008 10.322  7.49
38.598626 27.200162 13.859695 
37.127923 27.059530 11.863895 
36.999086 27.328502 11.250785 
37.238306 28.198183 10.256031 
37.530432 28.370402 10.427649 
39.799384 29.133063 12.656466 
39.022548 27.509586 14.016026 
FEnd
FBeg
  646    N THR A 107  2859    C ASP B 173 unk
34.967 27.183 13.504 37.349 24.623 11.592  0.99
37.732573 26.447122 13.959731 
38.401749 27.131804 13.876672 
36.847441 26.898618 12.252507 
37.690111 26.422909 13.939251 
FEnd
FBeg
  635   CA TYR A 106  2859    C ASP B 173 ali
35.044 25.545 15.281 37.349 24.623 11.592  0.02
37.660660 26.190597 13.978912 
37.732573 26.447122 13.959731 
37.690111 26.422909 13.939251 
37.538112 26.063234 13.934172 
FEnd
FBeg
  635   CA TYR A 106  2866   CA VAL B 174 ali
35.044 25.545 15.281 38.075 23.276 13.438  2.94
36.715778 23.945954 15.188438 
37.660660 26.190597 13.978912 
37.538112 26.063234 13.934172 
35.683510 23.941975 13.495669 
36.155891 23.717458 14.548960 
FEnd
FBeg
  631    O SER A 105  2871  CG2 VAL B 174 unk
37.648 24.874 16.070 36.906 21.643 15.045  0.80
37.856884 23.139616 16.904125 
36.683851 23.925403 15.276332 
36.715778 23.945954 15.188438 
37.754756 23.584203 15.576631 
FEnd
FBeg
  630    C SER A 105  2872    N ASP B 175 unk
36.856 25.351 16.871 39.542 23.207 15.366  0.09
38.527155 23.783106 17.183663 
37.856884 23.139616 16.904125 
37.883631 23.062064 17.062340 
38.512750 23.763530 17.185843 
FEnd
FBeg
  630    C SER A 105  2875    O ASP B 175 unk
36.856 25.351 16.871 39.848 23.308 18.294  0.00
38.512750 23.763530 17.185843 
38.527155 23.783106 17.183663 
38.534593 23.794427 17.184276 
38.521779 23.780038 17.190562 
FEnd
FBeg
  629   CA SER A 105  2875    O ASP B 175 unk
37.275 25.596 18.286 39.848 23.308 18.294  0.36
38.534593 23.794427 17.184276 
38.521779 23.780038 17.190562 
39.058267 24.386268 18.024215 
39.043790 24.366911 17.144153 
38.967165 24.280659 17.120515 
38.567229 23.831106 17.177819 
FEnd
FBeg
  629   CA SER A 105  2873   CA ASP B 175 ali
37.275 25.596 18.286 40.803 23.071 16.063  0.01
39.043790 24.366911 17.144153 
38.967165 24.280659 17.120515 
39.000869 24.366660 17.076319 
39.019067 24.398533 17.068998 
FEnd
FBeg
  631    O SER A 105  2875    O ASP B 175 unk
37.648 24.874 16.070 39.848 23.308 18.294  0.00
38.567229 23.831106 17.177819 
38.534593 23.794427 17.184276 
38.527155 23.783106 17.183663 
FEnd
FBeg
  629   CA SER A 105  2872    N ASP B 175 unk
37.275 25.596 18.286 39.542 23.207 15.366  0.01
39.000869 24.366660 17.076319 
38.567229 23.831106 17.177819 
38.967165 24.280659 17.120515 
FEnd
FBeg
  631    O SER A 105  2873   CA ASP B 175 unk
37.648 24.874 16.070 40.803 23.071 16.063  0.00
39.102407 24.544915 16.927401 
39.019067 24.398533 17.068998 
39.000869 24.366660 17.076319 
FEnd
FBeg
  631    O SER A 105  2867    C VAL B 174 unk
37.648 24.874 16.070 39.468 23.086 14.045  0.39
39.445257 26.729377 13.957116 
39.339917 25.740352 14.735712 
38.817310 25.109826 14.822742 
39.417268 26.711914 13.947379 
FEnd
FBeg
  632   CB SER A 105  2872    N ASP B 175 unk
38.526 26.479 18.246 39.542 23.207 15.366  0.01
39.267008 24.812232 16.681767 
39.102407 24.544915 16.927401 
39.260228 24.844412 16.642815 
FEnd
FBeg
  632   CB SER A 105  2873   CA ASP B 175 ali
38.526 26.479 18.246 40.803 23.071 16.063  0.25
39.651564 24.623819 17.377024 
39.043790 24.366911 17.144153 
39.019067 24.398533 17.068998 
39.102407 24.544915 16.927401 
39.267008 24.812232 16.681767 
FEnd
FBeg
  632   CB SER A 105  2879  OD2 ASP B 175 unk
38.526 26.479 18.246 43.203 25.586 17.232  13.97
41.978745 27.583464 20.105728 
41.503858 25.769250 19.513072 
41.286105 26.291515 18.048760 
41.240736 29.624744 14.904023 
41.867816 31.594905 16.061321 
41.929513 30.046548 17.709486 
FEnd
FBeg
  632   CB SER A 105  2875    O ASP B 175 unk
38.526 26.479 18.246 39.848 23.308 18.294  3.93
39.807183 24.727399 19.933749 
40.945209 25.202034 19.946205 
41.301842 25.344127 19.511001 
40.934349 25.177174 18.603001 
39.651564 24.623819 17.377024 
39.043790 24.366911 17.144153 
39.058267 24.386268 18.024215 
FEnd
FBeg
  628    N SER A 105  2875    O ASP B 175 hbd
37.528 24.371 19.014 39.848 23.308 18.294  4.69
39.335828 23.681716 19.958771 
39.807183 24.727399 19.933749 
39.058267 24.386268 18.024215 
38.521779 23.780038 17.190562 
38.512750 23.763530 17.185843 
38.401635 23.507165 17.206299 
38.173416 22.632211 17.762701 
38.383902 22.508473 18.623617 
FEnd
FBeg
  621   CA LEU A 104  2875    O ASP B 175 unk
37.223 22.685 20.713 39.848 23.308 18.294  1.36
39.584731 22.782043 19.997164 
39.335828 23.681716 19.958771 
38.383902 22.508473 18.623617 
38.851858 22.054549 19.014519 
FEnd
FBeg
  619    O GLY A 103  2888    N SER B 177 hbd
39.761 23.428 21.670 42.338 22.097 20.817  4.00
40.331128 21.941538 21.211503 
40.634250 23.301150 20.005759 
41.116221 24.247920 19.984526 
41.379567 23.201408 22.413074 
41.334652 22.945061 22.677376 
41.130854 22.604432 22.593192 
40.466698 21.917061 21.659267 
FEnd
FBeg
  621   CA LEU A 104  2881   CA LEU B 176 ali
37.223 22.685 20.713 41.012 20.940 19.179  1.65
39.504761 21.961473 20.733076 
39.535549 22.084540 20.669128 
39.584731 22.782043 19.997164 
38.851858 22.054549 19.014519 
38.804362 21.174379 19.898439 
FEnd
FBeg
  619    O GLY A 103  2887  CD2 LEU B 176 unk
39.761 23.428 21.670 39.636 19.699 21.504  0.11
40.466698 21.917061 21.659267 
40.331128 21.941538 21.211503 
39.765699 21.974603 20.894515 
FEnd
FBeg
  618    C GLY A 103  2888    N SER B 177 unk
38.853 23.198 22.485 42.338 22.097 20.817  0.50
40.885573 21.730995 22.657251 
40.466698 21.917061 21.659267 
41.130854 22.604432 22.593192 
FEnd
FBeg
  617   CA GLY A 103  2887  CD2 LEU B 176 ali
39.144 23.226 23.981 39.636 19.699 21.504  4.33
37.915202 20.762377 23.446470 
38.805104 20.088995 24.582057 
39.149015 20.068677 24.679298 
40.871072 21.117918 23.527332 
40.981353 21.658214 22.779910 
40.885573 21.730995 22.657251 
38.169233 20.971010 23.199855 
FEnd
FBeg
  616    N GLY A 103  2887  CD2 LEU B 176 unk
37.933 22.941 24.761 39.636 19.699 21.504  0.92
37.293701 20.351752 23.530236 
37.783017 19.974904 24.161200 
38.805104 20.088995 24.582057 
37.915202 20.762377 23.446470 
FEnd
FBeg
  616    N GLY A 103  2609   NE ARG B 140 hbd
37.933 22.941 24.761 36.370 17.804 22.905  0.40
37.293701 20.351752 23.530236 
37.783017 19.974904 24.161200 
37.606267 19.946216 24.389450 
36.787491 20.464004 23.645844 
36.795175 20.481042 23.592216 
FEnd
FBeg
  616    N GLY A 103  2612  NH2 ARG B 140 hbd
37.933 22.941 24.761 34.443 19.076 23.033  0.00
36.787491 20.464004 23.645844 
36.712808 20.551087 23.601903 
36.795175 20.481042 23.592216 
FEnd
FBeg
  620    N LEU A 104  2612  NH2 ARG B 140 hbd
37.597 22.911 22.121 34.443 19.076 23.033  0.03
36.712808 20.551087 23.601903 
36.795175 20.481042 23.592216 
36.769450 20.459948 23.414548 
36.596485 20.613523 23.462165 
36.676171 20.579235 23.593566 
FEnd
FBeg
  603    O ILE A 101  2612  NH2 ARG B 140 hbd
34.708 22.340 23.724 34.443 19.076 23.033  3.78
36.596485 20.613523 23.462165 
34.112338 21.069787 22.259635 
33.891359 20.955339 22.884988 
34.144046 20.522235 24.833886 
36.676171 20.579235 23.593566 
FEnd
FBeg
  606  CG2 ILE A 101  2612  NH2 ARG B 140 unk
31.796 21.721 23.964 34.443 19.076 23.033  8.96
33.891359 20.955339 22.884988 
32.661430 20.160595 21.645973 
32.359715 18.634495 25.123842 
32.530180 18.412286 26.239805 
32.780789 18.389094 27.018221 
33.369791 19.195985 26.400456 
34.144046 20.522235 24.833886 
FEnd
FBeg
  514    O MET A  79  2612  NH2 ARG B 140 hbd
31.548 18.183 22.390 34.443 19.076 23.033  5.55
32.661430 20.160595 21.645973 
32.664908 20.162130 21.628180 
33.161535 18.689021 21.438059 
32.618257 17.351605 25.741484 
32.475007 17.869766 25.666819 
32.359715 18.634495 25.123842 
FEnd
FBeg
  514    O MET A  79  2610   CZ ARG B 140 unk
31.548 18.183 22.390 35.058 17.922 22.752  2.41
33.161535 18.689021 21.438059 
32.618257 17.351605 25.741484 
32.591768 16.836095 25.626639 
33.126958 18.141407 21.378491 
FEnd
FBeg
  514    O MET A  79  2611  NH1 ARG B 140 hbd
31.548 18.183 22.390 34.362 16.860 22.338  8.58
32.591768 16.836095 25.626639 
31.461493 14.496927 23.975169 
32.490901 16.785382 21.458431 
32.643285 17.116190 21.288199 
33.126958 18.141407 21.378491 
FEnd
FBeg
  515   CB MET A  79  2611  NH1 ARG B 140 unk
31.405 18.499 19.568 34.362 16.860 22.338  1.04
32.643285 17.116190 21.288199 
33.126958 18.141407 21.378491 
33.762413 18.017885 20.627050 
33.787057 17.963501 20.568563 
32.720763 16.717904 20.969826 
FEnd
FBeg
  513    C MET A  79  2611  NH1 ARG B 140 unk
30.463 18.053 21.828 34.362 16.860 22.338  4.03
31.461493 14.496927 23.975169 
32.490901 16.785382 21.458431 
31.515079 13.933949 22.248574 
31.081042 13.085452 23.582009 
31.115974 13.239382 23.675024 
FEnd
FBeg
  515   CB MET A  79  2612  NH2 ARG B 140 unk
31.405 18.499 19.568 34.443 19.076 23.033  0.28
32.664908 20.162130 21.628180 
32.685107 20.173846 21.608519 
33.365079 18.847372 21.233229 
33.161535 18.689021 21.438059 
FEnd
FBeg
  604   CB ILE A 101  2612  NH2 ARG B 140 unk
32.189 22.756 22.910 34.443 19.076 23.033  0.89
34.112338 21.069787 22.259635 
33.814046 20.873197 21.844170 
32.685107 20.173846 21.608519 
32.664908 20.162130 21.628180 
32.661430 20.160595 21.645973 
33.891359 20.955339 22.884988 
FEnd
FBeg
  624   CB LEU A 104  2612  NH2 ARG B 140 unk
36.089 21.678 20.620 34.443 19.076 23.033  3.37
36.769450 20.459948 23.414548 
36.512169 20.124269 22.877075 
35.170608 19.734492 21.541639 
33.814046 20.873197 21.844170 
34.112338 21.069787 22.259635 
36.596485 20.613523 23.462165 
FEnd
FBeg
  612   CB ASP A 102  2612  NH2 ARG B 140 unk
35.970 22.027 26.286 34.443 19.076 23.033  6.55
36.787491 20.464004 23.645844 
36.712808 20.551087 23.601903 
36.676171 20.579235 23.593566 
34.144046 20.522235 24.833886 
33.369791 19.195985 26.400456 
34.889684 18.399425 26.409608 
36.238168 19.519661 24.760376 
FEnd
FBeg
  612   CB ASP A 102  2610   CZ ARG B 140 ali
35.970 22.027 26.286 35.058 17.922 22.752  1.12
34.889684 18.399425 26.409608 
36.238168 19.519661 24.760376 
35.972107 18.374771 26.158911 
35.881180 18.270688 26.303276 
35.421671 18.254031 26.441207 
FEnd
FBeg
  612   CB ASP A 102  2609   NE ARG B 140 unk
35.970 22.027 26.286 36.370 17.804 22.905  2.01
37.606267 19.946216 24.389450 
36.787491 20.464004 23.645844 
36.238168 19.519661 24.760376 
35.972107 18.374771 26.158911 
FEnd
FBeg
  620    N LEU A 104  2609   NE ARG B 140 hbd
37.597 22.911 22.121 36.370 17.804 22.905  0.14
37.142410 20.329295 23.147174 
37.293701 20.351752 23.530236 
36.795175 20.481042 23.592216 
36.769450 20.459948 23.414548 
FEnd
FBeg
  624   CB LEU A 104  2609   NE ARG B 140 unk
36.089 21.678 20.620 36.370 17.804 22.905  1.31
36.959565 19.020274 20.950338 
37.142410 20.329295 23.147174 
36.769450 20.459948 23.414548 
36.512169 20.124269 22.877075 
36.641432 18.942059 20.856855 
FEnd
FBeg
  621   CA LEU A 104  2887  CD2 LEU B 176 ali
37.223 22.685 20.713 39.636 19.699 21.504  2.75
38.804362 21.174379 19.898439 
38.000842 20.682939 20.494462 
37.696242 20.873651 22.143597 
38.458126 21.412798 21.854682 
39.504761 21.961473 20.733076 
FEnd
FBeg
  626  CD1 LEU A 104  2881   CA LEU B 176 ali
36.946 20.591 18.613 41.012 20.940 19.179  2.09
38.886370 20.620070 19.651104 
39.173569 20.511396 17.654946 
39.101737 21.036911 17.846936 
38.869266 22.023519 18.908595 
38.851858 22.054549 19.014519 
38.804362 21.174379 19.898439 
FEnd
FBeg
  626  CD1 LEU A 104  2884   CB LEU B 176 ali
36.946 20.591 18.613 40.682 19.425 19.214  6.83
38.334732 18.832901 19.612969 
38.077997 17.791365 19.188227 
38.477160 18.280129 17.655160 
39.063832 19.471661 16.319917 
39.108373 19.639646 16.368946 
39.173569 20.511396 17.654946 
38.886370 20.620070 19.651104 
FEnd
FBeg
  626  CD1 LEU A 104  2885   CG LEU B 176 ali
36.946 20.591 18.613 40.550 18.865 20.667  0.49
37.754100 17.933018 19.875579 
37.862938 17.677417 19.469824 
37.934164 17.684253 19.350593 
38.077997 17.791365 19.188227 
38.334732 18.832901 19.612969 
FEnd
FBeg
  626  CD1 LEU A 104  2609   NE ARG B 140 unk
36.946 20.591 18.613 36.370 17.804 22.905  0.13
36.636628 18.598785 20.633306 
37.034783 18.785293 20.807848 
36.959565 19.020274 20.950338 
36.641432 18.942059 20.856855 
FEnd
FBeg
  626  CD1 LEU A 104  2610   CZ ARG B 140 ali
36.946 20.591 18.613 35.058 17.922 22.752  0.05
36.541893 18.944504 20.813027 
36.641432 18.942059 20.856855 
36.636628 18.598785 20.633306 
36.531508 18.456586 20.493660 
FEnd
FBeg
  624   CB LEU A 104  2610   CZ ARG B 140 ali
36.089 21.678 20.620 35.058 17.922 22.752  1.78
35.170608 19.734492 21.541639 
36.512169 20.124269 22.877075 
36.641432 18.942059 20.856855 
36.541893 18.944504 20.813027 
FEnd
FBeg
  627  CD2 LEU A 104  2612  NH2 ARG B 140 unk
34.537 20.171 19.333 34.443 19.076 23.033  2.73
33.365079 18.847372 21.233229 
35.170608 19.734492 21.541639 
33.814046 20.873197 21.844170 
32.685107 20.173846 21.608519 
FEnd
FBeg
  515   CB MET A  79  2610   CZ ARG B 140 ali
31.405 18.499 19.568 35.058 17.922 22.752  0.45
33.762413 18.017885 20.627050 
33.126958 18.141407 21.378491 
33.161535 18.689021 21.438059 
33.365079 18.847372 21.233229 
FEnd
FBeg
  627  CD2 LEU A 104  2611  NH1 ARG B 140 unk
34.537 20.171 19.333 34.362 16.860 22.338  0.01
33.938526 17.934349 20.545263 
33.762413 18.017885 20.627050 
33.787057 17.963501 20.568563 
FEnd
FBeg
  627  CD2 LEU A 104  2607   CG ARG B 140 ali
34.537 20.171 19.333 36.338 15.765 21.490  1.12
36.263863 17.688165 19.149918 
35.079726 17.739293 20.243056 
36.529626 18.453923 20.492195 
36.531186 18.454018 20.491086 
FEnd
FBeg
  626  CD1 LEU A 104  2607   CG ARG B 140 ali
36.946 20.591 18.613 36.338 15.765 21.490  1.78
36.367288 17.611116 19.042529 
36.263863 17.688165 19.149918 
36.531186 18.454018 20.491086 
37.593487 18.066986 20.066360 
37.754100 17.933018 19.875579 
37.862938 17.677417 19.469824 
36.691038 17.540792 18.992985 
FEnd
FBeg
  518   CE MET A  79  2638   CB ALA B 144 ali
33.664 16.244 18.571 36.027 18.168 16.047  5.30
36.440766 17.383590 18.937882 
36.426587 17.343633 18.894149 
35.686981 16.243377 17.363015 
35.024334 16.519597 16.953195 
33.728460 17.708358 16.646152 
33.686337 17.980674 16.814298 
34.004274 18.507946 17.513883 
36.206804 17.732837 18.985068 
36.367288 17.611116 19.042529 
FEnd
FBeg
  518   CE MET A  79  2604    C ARG B 140 ali
33.664 16.244 18.571 37.605 14.736 18.671  0.99
35.852402 15.865180 19.227697 
35.470158 14.802551 18.267498 
36.426587 17.343633 18.894149 
36.440766 17.383590 18.937882 
FEnd
FBeg
  518   CE MET A  79  2603   CA ARG B 140 ali
33.664 16.244 18.571 36.966 13.924 19.824  4.64
34.353511 13.601050 18.985524 
35.315225 14.473342 18.066238 
35.470158 14.802551 18.267498 
35.852402 15.865180 19.227697 
33.353950 13.319720 21.098743 
FEnd
FBeg
  518   CE MET A  79  2629   CB LYS B 143 ali
33.664 16.244 18.571 34.393 13.029 16.283  3.31
33.523845 14.682782 17.201174 
33.674660 15.311346 16.365996 
33.687746 15.311177 16.370402 
35.286014 15.005573 17.309062 
35.315225 14.473342 18.066238 
34.353511 13.601050 18.985524 
FEnd
FBeg
  518   CE MET A  79  2630   CG LYS B 143 ali
33.664 16.244 18.571 32.868 13.080 16.046  0.27
33.182412 14.930255 16.998708 
33.571965 15.385790 16.305086 
33.674660 15.311346 16.365996 
33.523845 14.682782 17.201174 
FEnd
FBeg
  517   SD MET A  79  2631   CD LYS B 143 unk
32.047 16.465 17.808 32.113 13.169 17.428  4.27
31.633782 14.534094 20.165919 
33.182412 14.930255 16.998708 
31.536253 15.001504 16.094807 
31.152314 14.634054 19.215271 
FEnd
FBeg
  518   CE MET A  79  2611  NH1 ARG B 140 unk
33.664 16.244 18.571 34.362 16.860 22.338  6.35
31.920022 14.173131 21.534333 
32.304649 13.683814 21.543080 
32.957923 13.380890 21.471569 
34.767786 17.417854 20.476067 
33.938526 17.934349 20.545263 
33.787057 17.963501 20.568563 
32.720763 16.717904 20.969826 
FEnd
FBeg
  512   CA MET A  79  2611  NH1 ARG B 140 unk
30.363 17.676 20.344 34.362 16.860 22.338  1.88
31.515079 13.933949 22.248574 
31.920022 14.173131 21.534333 
32.720763 16.717904 20.969826 
32.643285 17.116190 21.288199 
32.490901 16.785382 21.458431 
FEnd
FBeg
  517   SD MET A  79  2633   NZ LYS B 143 hbd
32.047 16.465 17.808 29.860 13.254 18.578  1.31
29.737288 15.409654 18.430584 
30.244643 15.266370 19.274092 
31.532743 14.663229 20.417453 
31.633782 14.534094 20.165919 
31.152314 14.634054 19.215271 
FEnd
FBeg
  510    O GLY A  78  2632   CE LYS B 143 unk
28.390 15.802 19.895 30.574 13.206 17.243  0.47
27.598432 14.754797 17.310202 
27.792014 14.943188 17.285210 
29.572903 15.527406 18.179943 
29.737288 15.409654 18.430584 
FEnd

+-+CCS_record::Boundary loops before union-find
Start boundary loop loop_id 0  init_edge IE_A_B
xyz 27.792 14.9432 17.2852
xyz 28.1689 15.5277 16.7576
xyz 26.652 14.5577 15.84
xyz 29.6284 15.5649 14.8039
xyz 29.8945 15.226 14.3737
xyz 29.9302 14.5291 13.8032
xyz 30.1865 14.1869 13.5938
xyz 31.2691 13.2091 12.231
xyz 31.4291 13.1911 11.9001
xyz 31.6092 13.9335 10.7479
xyz 31.5911 14.0213 10.6976
xyz 31.576 13.8897 10.4363
xyz 31.504 13.7603 9.95309
xyz 31.2826 13.7753 9.10123
xyz 30.307 14.9317 7.01773
xyz 29.9968 15.3778 6.47576
xyz 29.8988 15.9814 7.01341
xyz 29.4304 15.5037 5.90032
xyz 28.7508 15.8182 4.78765
xyz 28.9086 15.8845 4.68643
xyz 29.9834 16.5704 4.27765
xyz 32.7787 19.1041 4.11171
xyz 32.9156 19.7683 4.74999
xyz 33.2576 20.7048 4.64897
xyz 33.5095 21.9294 5.0047
xyz 33.499 21.9745 5.06708
xyz 33.7324 22.406 5.97206
xyz 33.6866 23.1195 6.22769
xyz 33.5894 23.242 6.01496
xyz 33.5582 23.267 6.00653
xyz 33.5775 23.2413 5.98028
xyz 33.4285 22.708 5.26243
xyz 33.2559 22.516 4.96645
xyz 32.7344 22.4453 3.52987
xyz 31.9201 22.6499 2.74625
xyz 31.2966 22.8184 2.20139
xyz 28.8581 24.2964 3.86625
xyz 29.1559 24.5172 5.52248
xyz 29.1511 24.5024 5.5692
xyz 28.9485 24.5665 6.67323
xyz 28.7056 26.4083 5.81974
xyz 28.7343 26.4571 5.83439
xyz 29.5227 27.1457 6.44572
xyz 28.778 28.5062 6.26161
xyz 31.8578 29.6933 6.46208
xyz 31.2007 31.9787 5.3758
xyz 33.7193 31.6573 8.02552
xyz 34.1381 35.0523 6.7965
xyz 35.9444 40.867 4.50227
xyz 36.0897 41.0181 4.42557
xyz 41.0719 45.116 2.16426
xyz 40.1673 39.4701 4.24431
xyz 44.4018 44.4393 6.87579
xyz 42.9899 37.8053 11.0747
xyz 39.5218 31.0886 11.6191
xyz 39.7994 29.1331 12.6565
xyz 39.0225 27.5096 14.016
xyz 38.5986 27.2002 13.8597
xyz 38.9943 26.7448 13.8588
xyz 39.4173 26.7119 13.9474
xyz 39.4453 26.7294 13.9571
xyz 39.5649 27.7284 14.1811
xyz 39.5759 27.8062 14.3309
xyz 41.2407 29.6247 14.904
xyz 41.8678 31.5949 16.0613
xyz 41.9295 30.0465 17.7095
xyz 41.9787 27.5835 20.1057
xyz 40.7684 26.3966 21.0744
xyz 40.6908 27.0267 22.1604
xyz 40.7451 26.8465 22.861
xyz 41.5994 27.5142 24.6344
xyz 42.2787 25.2631 25.0495
xyz 42.2914 25.2878 25.1145
xyz 41.8617 23.7542 25.7287
xyz 40.8711 21.1179 23.5273
xyz 39.149 20.0687 24.6793
xyz 38.8051 20.089 24.5821
xyz 37.783 19.9749 24.1612
xyz 37.6063 19.9462 24.3894
xyz 35.9721 18.3748 26.1589
xyz 35.8812 18.2707 26.3033
xyz 35.4217 18.254 26.4412
xyz 34.8897 18.3994 26.4096
xyz 33.3698 19.196 26.4005
xyz 32.7808 18.3891 27.0182
xyz 32.5302 18.4123 26.2398
xyz 32.3597 18.6345 25.1238
xyz 32.475 17.8698 25.6668
xyz 32.6183 17.3516 25.7415
xyz 32.5918 16.8361 25.6266
xyz 31.4615 14.4969 23.9752
xyz 31.116 13.2394 23.675
xyz 31.081 13.0855 23.582
xyz 31.5151 13.9339 22.2486
xyz 30.7562 14.0073 22.2811
xyz 30.545 13.407 23.2067
xyz 25.6087 10.3982 23.5179
xyz 24.4496 10.3974 22.2259
xyz 22.923 10.7946 19.7534
xyz 22.9394 10.9414 19.4878
xyz 27.5984 14.7548 17.3102
End loop
Boundary info init_edge IE_A_B [total exposed]: 174.902010 174.902010
Voronoi Facets of interface MI_AWi_BWi
FBeg
 2885   CG LEU B 176  5318    O HOH B 258 unk
40.550 18.865 20.667 38.624 17.363 24.595  0.28
40.166165 17.425778 23.014964 
39.744858 17.241932 22.738087 
40.209480 16.484238 22.676174 
40.287084 16.548094 22.738643 
FEnd
FBeg
 2886  CD1 LEU B 176  5318    O HOH B 258 unk
41.882 18.836 21.342 38.624 17.363 24.595  0.06
40.287084 16.548094 22.738643 
40.166165 17.425778 23.014964 
40.228353 17.564171 23.139915 
40.296187 16.554139 22.750498 
FEnd
FBeg
 2901  CD2 LEU B 178  5318    O HOH B 258 unk
42.825 17.873 24.004 38.624 17.363 24.595  4.50
40.228353 17.564171 23.139915 
40.201354 19.271989 24.421745 
40.559874 18.467068 26.275609 
40.555540 17.756029 25.631214 
40.350663 16.503316 23.093869 
40.296187 16.554139 22.750498 
FEnd
FBeg
 2582  ND1 HIS B 137  5318    O HOH B 258 hbw
40.843 15.244 25.462 38.624 17.363 24.595  8.19
40.555540 17.756029 25.631214 
37.192468 14.459442 26.181604 
37.207143 14.413675 26.032186 
37.262880 14.373078 25.790312 
39.874643 16.015552 23.120073 
39.949056 16.075376 23.075830 
40.350663 16.503316 23.093869 
FEnd
FBeg
 2577   CA HIS B 137  5318    O HOH B 258 unk
40.929 13.317 23.001 38.624 17.363 24.595  0.00
39.874643 16.015552 23.120073 
39.956793 16.100621 23.022938 
39.949056 16.075376 23.075830 
FEnd
FBeg
 2584  CE1 HIS B 137  5318    O HOH B 258 unk
40.928 15.376 26.772 38.624 17.363 24.595  15.39
40.559874 18.467068 26.275609 
40.210606 18.616045 26.781227 
39.537391 18.614744 27.492528 
38.736094 18.184627 27.947992 
35.205400 15.152406 28.917076 
36.814103 14.569072 26.682104 
37.192468 14.459442 26.181604 
40.555540 17.756029 25.631214 
FEnd
FBeg
  615  OD2 ASP A 102  5318    O HOH B 258 hbw
36.609 20.886 28.277 38.624 17.363 24.595  13.07
38.736094 18.184627 27.947992 
39.287285 19.255111 27.225378 
38.785381 19.918794 26.315684 
35.881180 18.270688 26.303276 
34.345896 15.246551 28.356627 
35.205400 15.152406 28.917076 
FEnd
FBeg
  612   CB ASP A 102  5318    O HOH B 258 unk
35.970 22.027 26.286 38.624 17.363 24.595  3.65
38.785381 19.918794 26.315684 
38.761363 20.043328 25.934508 
37.606267 19.946216 24.389450 
35.972107 18.374771 26.158911 
35.881180 18.270688 26.303276 
FEnd
FBeg
 2609   NE ARG B 140  5318    O HOH B 258 hbw
36.370 17.804 22.905 38.624 17.363 24.595  5.26
37.606267 19.946216 24.389450 
37.783017 19.974904 24.161200 
38.137967 18.783264 23.376838 
35.864072 16.841681 25.902946 
35.972107 18.374771 26.158911 
FEnd
FBeg
  616    N GLY A 103  5318    O HOH B 258 hbw
37.933 22.941 24.761 38.624 17.363 24.595  1.13
38.761363 20.043328 25.934508 
39.022175 20.105675 24.925167 
38.805104 20.088995 24.582057 
37.783017 19.974904 24.161200 
37.606267 19.946216 24.389450 
FEnd
FBeg
  617   CA GLY A 103  5318    O HOH B 258 unk
39.144 23.226 23.981 38.624 17.363 24.595  0.05
39.022175 20.105675 24.925167 
39.149015 20.068677 24.679298 
38.805104 20.088995 24.582057 
FEnd
FBeg
  617   CA GLY A 103  5366    O HOH B 306 unk
39.144 23.226 23.981 41.594 20.966 25.585  12.37
39.022175 20.105675 24.925167 
39.149015 20.068677 24.679298 
40.871072 21.117918 23.527332 
41.861727 23.754220 25.728664 
41.272928 24.277427 27.365201 
41.127150 24.319797 27.647566 
40.184385 23.535750 27.982870 
FEnd
FBeg
 2928  OD2 ASP B 182  5366    O HOH B 306 hbw
42.666 20.676 27.921 41.594 20.966 25.585  9.66
41.127150 24.319797 27.647566 
40.184385 23.535750 27.982870 
40.059723 23.317217 28.012948 
40.110254 20.462430 27.635356 
42.773597 20.040455 26.360751 
43.307364 20.317036 26.150139 
43.341215 20.500087 26.157329 
41.306252 24.132679 27.542146 
FEnd
FBeg
 2895   CA LEU B 178  5366    O HOH B 306 unk
44.973 20.395 24.214 41.594 20.966 25.585  2.01
43.307364 20.317036 26.150139 
43.059804 19.708488 25.793447 
42.489807 20.332577 24.128694 
42.507228 20.371810 24.155291 
43.096214 21.432402 25.165200 
43.341215 20.500087 26.157329 
FEnd
FBeg
 2890    C SER B 177  5366    O HOH B 306 unk
43.675 21.894 22.853 41.594 20.966 25.585  0.00
42.489807 20.332577 24.128694 
42.415966 20.332033 24.072264 
42.507228 20.371810 24.155291 
FEnd
FBeg
 2925   CB ASP B 182  5366    O HOH B 306 unk
43.760 18.650 28.033 41.594 20.966 25.585  0.87
42.773597 20.040455 26.360751 
41.426360 18.772339 26.353054 
43.059804 19.708488 25.793447 
43.307364 20.317036 26.150139 
FEnd
FBeg
 2926   CG ASP B 182  5366    O HOH B 306 unk
42.811 19.655 28.562 41.594 20.966 25.585  4.51
40.110254 20.462430 27.635356 
39.508758 19.061812 27.264449 
40.210606 18.616045 26.781227 
40.827842 18.475813 26.467146 
41.426360 18.772339 26.353054 
42.773597 20.040455 26.360751 
FEnd
FBeg
 2926   CG ASP B 182  5311    O HOH B 251 unk
42.811 19.655 28.562 40.223 20.330 30.210  6.96
40.110254 20.462430 27.635356 
39.508758 19.061812 27.264449 
39.537391 18.614744 27.492528 
39.980410 18.028274 28.428450 
42.493909 22.477434 30.553301 
42.490870 22.598360 30.498998 
FEnd
FBeg
 2920   CB ALA B 181  5311    O HOH B 251 unk
45.491 21.312 32.102 40.223 20.330 30.210  168.83
42.493909 22.477434 30.553301 
42.490870 22.598360 30.498998 
42.233328 24.078488 30.447861 
40.729235 28.228688 32.481723 
38.700720 29.371663 37.536594 
38.214751 29.315458 38.918874 
34.699839 22.890549 52.040342 
34.100124 20.854569 54.766893 
40.158892 19.064665 38.826141 
42.023093 19.500041 33.409569 
FEnd
FBeg
 2927  OD1 ASP B 182  5311    O HOH B 251 hbw
42.201 19.480 29.650 40.223 20.330 30.210  19.02
39.980410 18.028274 28.428450 
42.493909 22.477434 30.553301 
42.023093 19.500041 33.409569 
41.101475 17.337653 33.436476 
39.957535 17.038607 29.849825 
FEnd
FBeg
 2928  OD2 ASP B 182  5311    O HOH B 251 hbw
42.666 20.676 27.921 40.223 20.330 30.210  10.26
40.059723 23.317217 28.012948 
40.110254 20.462430 27.635356 
42.490870 22.598360 30.498998 
42.233328 24.078488 30.447861 
40.572156 25.127261 28.833459 
40.230376 24.091127 28.312065 
FEnd
FBeg
 2908   CD PRO B 179  5366    O HOH B 306 unk
44.855 22.537 26.256 41.594 20.966 25.585  5.21
41.861727 23.754220 25.728664 
41.272928 24.277427 27.365201 
41.306252 24.132679 27.542146 
43.341215 20.500087 26.157329 
43.096214 21.432402 25.165200 
FEnd
FBeg
 2891    O SER B 177  5366    O HOH B 306 hbw
42.827 22.080 23.696 41.594 20.966 25.585  5.72
40.871072 21.117918 23.527332 
41.861727 23.754220 25.728664 
43.096214 21.432402 25.165200 
42.507228 20.371810 24.155291 
42.415966 20.332033 24.072264 
41.722611 20.297749 23.599475 
41.374961 20.483988 23.482385 
FEnd
FBeg
 2886  CD1 LEU B 176  5366    O HOH B 306 unk
41.882 18.836 21.342 41.594 20.966 25.585  0.10
41.722611 20.297749 23.599475 
41.224728 20.054433 23.687826 
41.374961 20.483988 23.482385 
FEnd
FBeg
 2887  CD2 LEU B 176  5366    O HOH B 306 unk
39.636 19.699 21.504 41.594 20.966 25.585  2.39
39.149015 20.068677 24.679298 
40.871072 21.117918 23.527332 
41.374961 20.483988 23.482385 
41.224728 20.054433 23.687826 
40.201354 19.271989 24.421745 
FEnd
FBeg
  616    N GLY A 103  5366    O HOH B 306 hbw
37.933 22.941 24.761 41.594 20.966 25.585  3.42
38.761363 20.043328 25.934508 
39.022175 20.105675 24.925167 
40.184385 23.535750 27.982870 
40.059723 23.317217 28.012948 
39.485303 22.112258 27.676974 
39.033398 20.910535 26.804430 
FEnd
FBeg
  615  OD2 ASP A 102  5311    O HOH B 251 hbw
36.609 20.886 28.277 40.223 20.330 30.210  81.84
38.736094 18.184627 27.947992 
39.287285 19.255111 27.225378 
39.485303 22.112258 27.676974 
39.335516 23.245721 28.283046 
37.606511 23.608274 31.619933 
30.392052 13.636470 42.240074 
31.588528 13.507887 39.966118 
36.731965 15.779224 31.003099 
FEnd
FBeg
 2584  CE1 HIS B 137  5366    O HOH B 306 unk
40.928 15.376 26.772 41.594 20.966 25.585  0.10
40.559874 18.467068 26.275609 
40.210606 18.616045 26.781227 
40.827842 18.475813 26.467146 
FEnd
FBeg
 2901  CD2 LEU B 178  5366    O HOH B 306 unk
42.825 17.873 24.004 41.594 20.966 25.585  6.71
40.201354 19.271989 24.421745 
40.559874 18.467068 26.275609 
40.827842 18.475813 26.467146 
41.426360 18.772339 26.353054 
43.059804 19.708488 25.793447 
42.489807 20.332577 24.128694 
42.415966 20.332033 24.072264 
41.722611 20.297749 23.599475 
41.224728 20.054433 23.687826 
FEnd
FBeg
 2580   CB HIS B 137  5318    O HOH B 258 unk
42.097 14.147 23.568 38.624 17.363 24.595  0.15
40.209480 16.484238 22.676174 
40.287084 16.548094 22.738643 
40.296187 16.554139 22.750498 
40.350663 16.503316 23.093869 
39.949056 16.075376 23.075830 
39.956793 16.100621 23.022938 
FEnd
FBeg
 2608   CD ARG B 140  5318    O HOH B 258 unk
37.078 16.578 22.600 38.624 17.363 24.595  17.11
39.744858 17.241932 22.738087 
40.209480 16.484238 22.676174 
39.956793 16.100621 23.022938 
39.874643 16.015552 23.120073 
37.262880 14.373078 25.790312 
34.787317 15.049209 27.442672 
35.864072 16.841681 25.902946 
38.137967 18.783264 23.376838 
FEnd
FBeg
 2887  CD2 LEU B 176  5318    O HOH B 258 unk
39.636 19.699 21.504 38.624 17.363 24.595  5.65
40.166165 17.425778 23.014964 
39.744858 17.241932 22.738087 
38.137967 18.783264 23.376838 
37.783017 19.974904 24.161200 
38.805104 20.088995 24.582057 
39.149015 20.068677 24.679298 
40.201354 19.271989 24.421745 
40.228353 17.564171 23.139915 
FEnd

+-+CCS_record::Boundary loops before union-find
Start boundary loop loop_id 1  init_edge IE_B_Wi
xyz 38.7614 20.0433 25.9345
xyz 39.0334 20.9105 26.8044
xyz 39.4853 22.1123 27.677
xyz 40.0597 23.3172 28.0129
xyz 40.2304 24.0911 28.3121
xyz 40.5722 25.1273 28.8335
xyz 42.2333 24.0785 30.4479
xyz 40.7292 28.2287 32.4817
xyz 38.7007 29.3717 37.5366
xyz 38.2148 29.3155 38.9189
xyz 34.6998 22.8905 52.0403
xyz 34.1001 20.8546 54.7669
xyz 40.1589 19.0647 38.8261
xyz 42.0231 19.5 33.4096
xyz 41.1015 17.3377 33.4365
xyz 39.9575 17.0386 29.8498
xyz 39.9804 18.0283 28.4285
xyz 39.5374 18.6147 27.4925
xyz 39.5088 19.0618 27.2644
xyz 40.2106 18.616 26.7812
xyz 39.5374 18.6147 27.4925
xyz 38.7361 18.1846 27.948
xyz 36.732 15.7792 31.0031
xyz 31.5885 13.5079 39.9661
xyz 30.3921 13.6365 42.2401
xyz 37.6065 23.6083 31.6199
xyz 39.3355 23.2457 28.283
xyz 39.4853 22.1123 27.677
xyz 39.2873 19.2551 27.2254
xyz 38.7854 19.9188 26.3157
End loop
Boundary info init_edge IE_B_Wi [total exposed]: 117.950326 117.950326
Start boundary loop loop_id 2  init_edge IE_B_Wi
xyz 35.2054 15.1524 28.9171
xyz 36.8141 14.5691 26.6821
xyz 37.1925 14.4594 26.1816
xyz 37.2071 14.4137 26.0322
xyz 37.2629 14.3731 25.7903
xyz 34.7873 15.0492 27.4427
xyz 35.8641 16.8417 25.9029
xyz 35.9721 18.3748 26.1589
xyz 35.8812 18.2707 26.3033
xyz 34.3459 15.2466 28.3566
End loop
Boundary info init_edge IE_B_Wi [total exposed]: 16.262172 16.262172
Start boundary loop loop_id 3  init_edge IE_B_Wi
xyz 41.3063 24.1327 27.5421
xyz 41.1271 24.3198 27.6476
xyz 41.2729 24.2774 27.3652
End loop
Boundary info init_edge IE_B_Wi [total exposed]: 0.831261 0.831261
+-+Surf_areas::Interface areas<Areas altogether before UFind>: IE_A_B: 780.09 IE_A_Wi: 57.76 IE_B_Wi: 149.46 
+-+Surf_areas::Chem Interface areas<Areas altogether before UFind>: ali: 244.85 aro: 0.13 hbd: 117.55 hbw: 78.78 hbdp: 0.00 elu: 0.00 elf: 6.21 hbwp: 0.00 ssb: 5.45 unk: 534.35 
+++UnionFindAlgo::processing merged ccs...

+-+MCC_record::Boundary nets of merged cc after union-find
Start boundary net with  1 loops
Start boundary loop loop_id 1
Start boundary loop auf loop_id 1  init_edge IE_B_Wi
xyz 38.7614 20.0433 25.9345
xyz 39.0334 20.9105 26.8044
xyz 39.4853 22.1123 27.677
xyz 40.0597 23.3172 28.0129
xyz 40.2304 24.0911 28.3121
xyz 40.5722 25.1273 28.8335
xyz 42.2333 24.0785 30.4479
xyz 40.7292 28.2287 32.4817
xyz 38.7007 29.3717 37.5366
xyz 38.2148 29.3155 38.9189
xyz 34.6998 22.8905 52.0403
xyz 34.1001 20.8546 54.7669
xyz 40.1589 19.0647 38.8261
xyz 42.0231 19.5 33.4096
xyz 41.1015 17.3377 33.4365
xyz 39.9575 17.0386 29.8498
xyz 39.9804 18.0283 28.4285
xyz 39.5374 18.6147 27.4925
xyz 39.5088 19.0618 27.2644
xyz 40.2106 18.616 26.7812
xyz 39.5374 18.6147 27.4925
xyz 38.7361 18.1846 27.948
xyz 36.732 15.7792 31.0031
xyz 31.5885 13.5079 39.9661
xyz 30.3921 13.6365 42.2401
xyz 37.6065 23.6083 31.6199
xyz 39.3355 23.2457 28.283
xyz 39.4853 22.1123 27.677
xyz 39.2873 19.2551 27.2254
xyz 38.7854 19.9188 26.3157
End loop. Loop info [total exposed]: 117.95 117.95
End net. Net info [total exposed]: 117.95 117.95
Start boundary net with  1 loops
Start boundary loop loop_id 3
Start boundary loop auf loop_id 3  init_edge IE_B_Wi
xyz 41.3063 24.1327 27.5421
xyz 41.1271 24.3198 27.6476
xyz 41.2729 24.2774 27.3652
End loop. Loop info [total exposed]: 0.831261 0.831261
End net. Net info [total exposed]: 0.831261 0.831261
Start boundary net with  2 loops
Start boundary loop loop_id 0
Start boundary loop auf loop_id 0  init_edge IE_A_B
xyz 27.792 14.9432 17.2852
xyz 28.1689 15.5277 16.7576
xyz 26.652 14.5577 15.84
xyz 29.6284 15.5649 14.8039
xyz 29.8945 15.226 14.3737
xyz 29.9302 14.5291 13.8032
xyz 30.1865 14.1869 13.5938
xyz 31.2691 13.2091 12.231
xyz 31.4291 13.1911 11.9001
xyz 31.6092 13.9335 10.7479
xyz 31.5911 14.0213 10.6976
xyz 31.576 13.8897 10.4363
xyz 31.504 13.7603 9.95309
xyz 31.2826 13.7753 9.10123
xyz 30.307 14.9317 7.01773
xyz 29.9968 15.3778 6.47576
xyz 29.8988 15.9814 7.01341
xyz 29.4304 15.5037 5.90032
xyz 28.7508 15.8182 4.78765
xyz 28.9086 15.8845 4.68643
xyz 29.9834 16.5704 4.27765
xyz 32.7787 19.1041 4.11171
xyz 32.9156 19.7683 4.74999
xyz 33.2576 20.7048 4.64897
xyz 33.5095 21.9294 5.0047
xyz 33.499 21.9745 5.06708
xyz 33.7324 22.406 5.97206
xyz 33.6866 23.1195 6.22769
xyz 33.5894 23.242 6.01496
xyz 33.5582 23.267 6.00653
xyz 33.5775 23.2413 5.98028
xyz 33.4285 22.708 5.26243
xyz 33.2559 22.516 4.96645
xyz 32.7344 22.4453 3.52987
xyz 31.9201 22.6499 2.74625
xyz 31.2966 22.8184 2.20139
xyz 28.8581 24.2964 3.86625
xyz 29.1559 24.5172 5.52248
xyz 29.1511 24.5024 5.5692
xyz 28.9485 24.5665 6.67323
xyz 28.7056 26.4083 5.81974
xyz 28.7343 26.4571 5.83439
xyz 29.5227 27.1457 6.44572
xyz 28.778 28.5062 6.26161
xyz 31.8578 29.6933 6.46208
xyz 31.2007 31.9787 5.3758
xyz 33.7193 31.6573 8.02552
xyz 34.1381 35.0523 6.7965
xyz 35.9444 40.867 4.50227
xyz 36.0897 41.0181 4.42557
xyz 41.0719 45.116 2.16426
xyz 40.1673 39.4701 4.24431
xyz 44.4018 44.4393 6.87579
xyz 42.9899 37.8053 11.0747
xyz 39.5218 31.0886 11.6191
xyz 39.7994 29.1331 12.6565
xyz 39.0225 27.5096 14.016
xyz 38.5986 27.2002 13.8597
xyz 38.9943 26.7448 13.8588
xyz 39.4173 26.7119 13.9474
xyz 39.4453 26.7294 13.9571
xyz 39.5649 27.7284 14.1811
xyz 39.5759 27.8062 14.3309
xyz 41.2407 29.6247 14.904
xyz 41.8678 31.5949 16.0613
xyz 41.9295 30.0465 17.7095
xyz 41.9787 27.5835 20.1057
xyz 40.7684 26.3966 21.0744
xyz 40.6908 27.0267 22.1604
xyz 40.7451 26.8465 22.861
xyz 41.5994 27.5142 24.6344
xyz 42.2787 25.2631 25.0495
xyz 42.2914 25.2878 25.1145
xyz 41.8617 23.7542 25.7287
xyz 40.8711 21.1179 23.5273
xyz 39.149 20.0687 24.6793
xyz 38.8051 20.089 24.5821
xyz 37.783 19.9749 24.1612
xyz 37.6063 19.9462 24.3894
xyz 35.9721 18.3748 26.1589
xyz 35.8812 18.2707 26.3033
xyz 35.4217 18.254 26.4412
xyz 34.8897 18.3994 26.4096
xyz 33.3698 19.196 26.4005
xyz 32.7808 18.3891 27.0182
xyz 32.5302 18.4123 26.2398
xyz 32.3597 18.6345 25.1238
xyz 32.475 17.8698 25.6668
xyz 32.6183 17.3516 25.7415
xyz 32.5918 16.8361 25.6266
xyz 31.4615 14.4969 23.9752
xyz 31.116 13.2394 23.675
xyz 31.081 13.0855 23.582
xyz 31.5151 13.9339 22.2486
xyz 30.7562 14.0073 22.2811
xyz 30.545 13.407 23.2067
xyz 25.6087 10.3982 23.5179
xyz 24.4496 10.3974 22.2259
xyz 22.923 10.7946 19.7534
xyz 22.9394 10.9414 19.4878
xyz 27.5984 14.7548 17.3102
End loop. Loop info [total exposed]: 174.902 164.17
Start boundary loop loop_id 2
Start boundary loop auf loop_id 2  init_edge IE_B_Wi
xyz 35.2054 15.1524 28.9171
xyz 36.8141 14.5691 26.6821
xyz 37.1925 14.4594 26.1816
xyz 37.2071 14.4137 26.0322
xyz 37.2629 14.3731 25.7903
xyz 34.7873 15.0492 27.4427
xyz 35.8641 16.8417 25.9029
xyz 35.9721 18.3748 26.1589
xyz 35.8812 18.2707 26.3033
xyz 34.3459 15.2466 28.3566
End loop. Loop info [total exposed]: 16.2622 16.0623
End net. Net info [total exposed]: 191.164 180.232
+-+Surf_areas::Interface areas<for merged connected component>: IE_A_B: 780.09 IE_A_Wi: 57.76 IE_B_Wi: 149.46 
+-+Surf_areas::Chem Interface areas<for merged connected component>: ali: 244.85 aro: 0.13 hbd: 117.55 hbw: 78.78 hbdp: 0.00 elu: 0.00 elf: 6.21 hbwp: 0.00 ssb: 5.45 unk: 534.35 
+-+MCC_record::dump_stats::Nb loops_before - nets_after uf merge: 4 3
