Begin VSO per interface edge
572 3772  1
581 3772  2
585 3182  2
585 3184  3
585 3772  2
586 3182  2
586 3183  3
586 3184  3
586 3772  2
586 3847  2
587 3182  1
587 3183  2
587 3184  2
587 3772  2
587 3848  1
587 3849  1
587 3851  1
588 3772  1
589 3772  1
592 3772  2
596 3182  3
596 3183  2
596 3184  2
596 3190  1
596 3847  1
597 3183  2
597 3190  1
597 3772  2
598 3177  1
598 3182  2
598 3183  2
598 3190  1
598 3772  1
599 3190  1
599 3191  1
601 3709  1
604 3696  2
604 3709  1
604 3711  1
605 3696  1
605 3848  2
606 2657  2
606 3184  2
606 3696  2
606 3709  1
606 3711  2
606 3771  3
606 3847  1
606 3848  2
619 3696  1
620 3696  2
622 3696  1
1098 3697  1
1125 3833  2
1126 2649  1
1126 3833  2
1127 3833  1
1130 3697  1
1130 3833  1
1131 2636  2
1131 2637  2
1131 2638  1
1131 2647  3
1131 2649  2
1131 3697  1
1131 3833  1
1132 2637  3
1132 2638  2
1132 2647  2
1132 2648  2
1132 2649  2
1132 3697  2
1132 3709  2
1133 2636  3
1133 2637  3
1133 2638  2
1133 2647  2
1133 2657  2
1133 3695  2
1133 3697  2
1133 3709  2
1133 3711  2
1134 3697  1
1135 3695  2
1135 3697  2
1135 3709  1
1135 3711  1
1136 3695  3
1136 3697  2
1136 3711  2
1137 3711  1
1139 2647  1
1139 2648  1
1139 2649  1
1139 3709  1
1140 2648  1
1143 3697  1
1145 3695  2
1145 3697  2
1146 3695  1
1146 3697  1
1152 3695  1
1155 3695  1
1157 3695  2
1157 3696  1
1157 3711  2
2623 3833  1
2632 3833  2
2636 3833  2
2637 3709  2
2637 3833  2
2638 3695  1
2638 3697  1
2638 3711  1
2638 3833  2
2639 3833  1
2640 3833  1
2643 3833  2
2647 3709  1
2648 3833  1
2649 3833  1
2652 3847  1
2655 3771  2
2655 3847  1
2655 3848  2
2656 3771  1
2657 3696  2
2657 3709  1
2657 3711  1
2657 3771  2
2657 3847  1
2657 3848  2
2670 3771  1
2671 3771  2
2673 3771  1
3149 3851  1
3176 3772  2
3177 3772  2
3178 3772  1
3181 3772  1
3181 3851  1
3182 3772  1
3182 3851  1
3183 3847  2
3183 3851  2
3184 3847  2
3184 3848  2
3184 3849  2
3184 3851  2
3185 3851  1
3186 3847  1
3186 3848  2
3186 3851  2
3187 3848  3
3187 3849  3
3187 3851  2
3188 3847  1
3188 3848  2
3190 3847  1
3194 3851  1
3196 3849  2
3196 3851  2
3197 3849  1
3197 3851  1
3203 3849  1
3206 3849  1
3208 3771  1
3208 3848  2
3208 3849  2
End VSO per interface edge

Voronoi Facets of interface MI_AB
FBeg
  606  CG2 THR A  98  2657  CG2 THR B  98 ali
1.807 54.603 135.138 1.987 53.621 131.503  10.98
1.456213 55.900188 132.815591 
5.013167 54.143813 133.466214 
1.327475 52.336877 133.771850 
0.047120 52.999149 133.529535 
-0.211715 54.123077 133.213087 
0.048035 55.179109 132.940661 
FEnd
FBeg
 1132    C GLY A 174  2647   CB ASN B  97 ali
1.665 59.963 129.613 5.103 55.999 128.852  0.99
2.935966 57.789151 128.672447 
2.878582 57.698756 128.884060 
3.664602 58.085927 130.418343 
3.784257 58.181973 130.458620 
4.024104 58.472425 130.029237 
3.969294 58.446977 129.914183 
3.124899 57.946994 128.703802 
FEnd
FBeg
 1131   CA GLY A 174  2647   CB ASN B  97 ali
1.680 60.245 128.103 5.103 55.999 128.852  0.04
3.124899 57.946994 128.703802 
3.020470 57.802749 128.363342 
2.935966 57.789151 128.672447 
FEnd
FBeg
 1131   CA GLY A 174  2637  OD1 ASN B  95 unk
1.680 60.245 128.103 1.803 55.980 127.949  1.28
3.020470 57.802749 128.363342 
2.935966 57.789151 128.672447 
2.299158 57.771136 128.662756 
2.066012 57.765955 128.620029 
2.240857 57.828786 127.019579 
2.978615 57.840282 127.290458 
FEnd
FBeg
 1131   CA GLY A 174  2636   CG ASN B  95 ali
1.680 60.245 128.103 0.587 56.027 127.818  1.46
2.066012 57.765955 128.620029 
1.998692 57.783311 128.621339 
0.680069 58.291557 126.156322 
2.240857 57.828786 127.019579 
FEnd
FBeg
 1131   CA GLY A 174  2638  ND2 ASN B  95 unk
1.680 60.245 128.103 -0.085 56.985 128.375  10.47
1.998692 57.783311 128.621339 
1.716610 57.941663 128.688816 
-0.727679 59.283917 128.915208 
-2.183044 59.862696 126.408224 
-1.924361 59.656618 125.616903 
-0.494425 58.862187 125.374225 
0.680069 58.291557 126.156322 
FEnd
FBeg
 1132    C GLY A 174  2638  ND2 ASN B  95 unk
1.665 59.963 129.613 -0.085 56.985 128.375  1.10
1.716610 57.941663 128.688816 
-0.727679 59.283917 128.915208 
-0.762552 59.000408 129.646482 
FEnd
FBeg
 1133    O GLY A 174  2638  ND2 ASN B  95 hbd
1.353 58.829 130.059 -0.085 56.985 128.375  5.10
1.998692 57.783311 128.621339 
1.716610 57.941663 128.688816 
-0.762552 59.000408 129.646482 
-0.799053 58.965023 129.716397 
-0.413063 57.994804 130.449195 
1.538269 56.410016 130.518277 
1.581025 56.406243 130.485898 
FEnd
FBeg
 1133    O GLY A 174  2657  CG2 THR B  98 unk
1.353 58.829 130.059 1.987 53.621 131.503  0.04
1.538269 56.410016 130.518277 
1.581025 56.406243 130.485898 
1.822163 56.411071 130.397437 
1.902841 56.421688 130.400308 
1.674386 56.455756 130.623482 
FEnd
FBeg
 1133    O GLY A 174  2636   CG ASN B  95 unk
1.353 58.829 130.059 0.587 56.027 127.818  0.35
2.066012 57.765955 128.620029 
1.998692 57.783311 128.621339 
1.581025 56.406243 130.485898 
1.822163 56.411071 130.397437 
FEnd
FBeg
 1133    O GLY A 174  2637  OD1 ASN B  95 hbd
1.353 58.829 130.059 1.803 55.980 127.949  1.49
2.299158 57.771136 128.662756 
2.066012 57.765955 128.620029 
1.822163 56.411071 130.397437 
1.902841 56.421688 130.400308 
2.542748 56.721533 130.131920 
2.878582 57.698756 128.884060 
FEnd
FBeg
 1131   CA GLY A 174  2649  OD1 ASN B  97 unk
1.680 60.245 128.103 5.163 58.212 127.896  4.37
3.124899 57.946994 128.703802 
3.020470 57.802749 128.363342 
2.978615 57.840282 127.290458 
4.112332 59.861773 126.512907 
4.153651 59.675574 129.036842 
FEnd
FBeg
 1126    O PRO A 173  2649  OD1 ASN B  97 hbd
4.042 61.596 128.164 5.163 58.212 127.896  13.52
4.112332 59.861773 126.512907 
4.153651 59.675574 129.036842 
4.263514 59.695882 129.239952 
6.640055 60.493869 129.104560 
7.229204 60.709010 128.852312 
7.781665 61.205213 124.897685 
6.420300 60.772589 124.666006 
FEnd
FBeg
 1139   CG GLN A 175  2649  OD1 ASN B  97 unk
4.516 60.796 131.769 5.163 58.212 127.896  2.37
4.263514 59.695882 129.239952 
4.041853 58.520240 129.987291 
6.796325 60.117632 129.381684 
6.640055 60.493869 129.104560 
FEnd
FBeg
 1139   CG GLN A 175  2648   CG ASN B  97 ali
4.516 60.796 131.769 5.814 57.221 128.243  5.40
4.041853 58.520240 129.987291 
6.796325 60.117632 129.381684 
7.091109 59.154200 130.467022 
7.124365 58.937831 130.698640 
6.661678 57.774392 131.707921 
4.024104 58.472425 130.029237 
FEnd
FBeg
 1140   CD GLN A 175  2648   CG ASN B  97 aro
5.746 61.561 132.114 5.814 57.221 128.243  0.11
6.796325 60.117632 129.381684 
7.091109 59.154200 130.467022 
6.925398 60.179089 129.315049 
FEnd
FBeg
 1132    C GLY A 174  2649  OD1 ASN B  97 unk
1.665 59.963 129.613 5.163 58.212 127.896  1.43
3.969294 58.446977 129.914183 
3.124899 57.946994 128.703802 
4.153651 59.675574 129.036842 
4.263514 59.695882 129.239952 
4.041853 58.520240 129.987291 
FEnd
FBeg
 1132    C GLY A 174  2648   CG ASN B  97 ali
1.665 59.963 129.613 5.814 57.221 128.243  0.00
4.024104 58.472425 130.029237 
3.969294 58.446977 129.914183 
4.041853 58.520240 129.987291 
FEnd
FBeg
 1139   CG GLN A 175  2647   CB ASN B  97 ali
4.516 60.796 131.769 5.103 55.999 128.852  1.37
3.784257 58.181973 130.458620 
6.449298 57.642388 131.882264 
6.565283 57.649196 131.894408 
6.661678 57.774392 131.707921 
4.024104 58.472425 130.029237 
FEnd
FBeg
 1133    O GLY A 174  2647   CB ASN B  97 unk
1.353 58.829 130.059 5.103 55.999 128.852  1.28
2.878582 57.698756 128.884060 
2.542748 56.721533 130.131920 
3.664602 58.085927 130.418343 
FEnd
FBeg
 1132    C GLY A 174  2637  OD1 ASN B  95 unk
1.665 59.963 129.613 1.803 55.980 127.949  0.07
2.935966 57.789151 128.672447 
2.878582 57.698756 128.884060 
2.299158 57.771136 128.662756 
FEnd
FBeg
  599  ND2 ASN A  97  3191   CD GLN B 175 unk
7.081 51.205 138.470 6.085 46.850 134.665  3.82
6.879906 48.227299 137.495412 
7.182855 49.747464 135.676213 
8.676165 48.888307 136.268668 
8.458893 47.843412 137.521472 
7.467154 47.689535 137.957190 
7.064637 47.936993 137.779326 
FEnd
FBeg
  599  ND2 ASN A  97  3190   CG GLN B 175 unk
7.081 51.205 138.470 4.774 47.499 134.989  0.36
6.879906 48.227299 137.495412 
6.838907 48.295713 137.449748 
7.019571 50.120257 135.387539 
7.182855 49.747464 135.676213 
FEnd
FBeg
  597   CG ASN A  97  3190   CG GLN B 175 ali
5.753 51.176 138.328 4.774 47.499 134.989  5.78
6.838907 48.295713 137.449748 
7.019571 50.120257 135.387539 
6.688129 50.725134 134.818610 
4.090075 49.928985 136.457105 
4.186489 49.699778 136.681246 
FEnd
FBeg
  597   CG ASN A  97  3183    C GLY B 174 ali
5.753 51.176 138.328 1.896 48.297 137.043  0.09
4.090075 49.928985 136.457105 
4.186489 49.699778 136.681246 
3.845530 50.027556 136.970274 
FEnd
FBeg
  596   CB ASN A  97  3183    C GLY B 174 ali
5.017 52.380 137.746 1.896 48.297 137.043  0.78
3.845530 50.027556 136.970274 
4.090075 49.928985 136.457105 
3.900083 50.133745 136.111343 
3.870833 50.154366 136.121432 
2.902121 50.585262 137.919447 
2.922700 50.557718 137.988059 
3.102369 50.425103 137.960633 
FEnd
FBeg
  596   CB ASN A  97  3182   CA GLY B 174 ali
5.017 52.380 137.746 1.921 48.019 138.551  0.03
2.922700 50.557718 137.988059 
3.102369 50.425103 137.960633 
3.001640 50.552447 138.263104 
FEnd
FBeg
  586  OD1 ASN A  95  3182   CA GLY B 174 unk
1.703 52.268 138.695 1.921 48.019 138.551  1.39
3.001640 50.552447 138.263104 
2.922700 50.557718 137.988059 
2.665020 50.544436 137.989882 
1.982709 50.506190 138.085449 
2.162836 50.462300 139.653221 
2.974396 50.512634 139.396611 
FEnd
FBeg
  585   CG ASN A  95  3182   CA GLY B 174 ali
0.488 52.211 138.833 1.921 48.019 138.551  1.40
1.982709 50.506190 138.085449 
1.860473 50.464923 138.077761 
0.737428 49.926797 140.370306 
2.162836 50.462300 139.653221 
FEnd
FBeg
  587  ND2 ASN A  95  3182   CA GLY B 174 unk
-0.181 51.247 138.279 1.921 48.019 138.551  9.46
1.860473 50.464923 138.077761 
1.413084 50.161996 137.940134 
-0.526661 48.881700 137.736269 
-1.800926 48.261339 140.221484 
-1.512714 48.529095 141.171839 
-0.710495 49.061455 141.290196 
0.737428 49.926797 140.370306 
FEnd
FBeg
  587  ND2 ASN A  95  3183    C GLY B 174 unk
-0.181 51.247 138.279 1.896 48.297 137.043  1.00
1.413084 50.161996 137.940134 
-0.526661 48.881700 137.736269 
-0.564193 49.191142 136.934644 
FEnd
FBeg
  587  ND2 ASN A  95  3184    O GLY B 174 hbd
-0.181 51.247 138.279 1.568 49.429 136.595  4.84
1.860473 50.464923 138.077761 
1.413084 50.161996 137.940134 
-0.564193 49.191142 136.934644 
-0.650245 49.282575 136.746563 
-0.406260 49.989523 136.236763 
1.398510 51.827117 136.127379 
1.456683 51.838104 136.175936 
FEnd
FBeg
  606  CG2 THR A  98  3184    O GLY B 174 unk
1.807 54.603 135.138 1.568 49.429 136.595  0.07
1.398510 51.827117 136.127379 
1.456683 51.838104 136.175936 
1.714239 51.855216 136.278954 
1.914947 51.845870 136.278687 
1.567660 51.776667 135.975971 
FEnd
FBeg
  585   CG ASN A  95  3184    O GLY B 174 unk
0.488 52.211 138.833 1.568 49.429 136.595  0.45
1.982709 50.506190 138.085449 
1.860473 50.464923 138.077761 
1.456683 51.838104 136.175936 
1.714239 51.855216 136.278954 
FEnd
FBeg
  586  OD1 ASN A  95  3184    O GLY B 174 hbd
1.703 52.268 138.695 1.568 49.429 136.595  1.71
2.665020 50.544436 137.989882 
1.982709 50.506190 138.085449 
1.714239 51.855216 136.278954 
1.914947 51.845870 136.278687 
2.456586 51.663205 136.490812 
2.902121 50.585262 137.919447 
FEnd
FBeg
  598  OD1 ASN A  97  3182   CA GLY B 174 unk
5.120 50.186 138.704 1.921 48.019 138.551  4.98
3.102369 50.425103 137.960633 
3.001640 50.552447 138.263104 
2.974396 50.512634 139.396611 
4.358366 48.408337 140.263895 
4.369509 48.580006 137.599482 
FEnd
FBeg
  598  OD1 ASN A  97  3177    O PRO B 173 hbd
5.120 50.186 138.704 4.300 46.685 138.475  12.14
4.358366 48.408337 140.263895 
4.369509 48.580006 137.599482 
4.439163 48.571935 137.473464 
6.810873 48.004016 137.663339 
7.064637 47.936993 137.779326 
7.825346 47.473776 142.137152 
6.818246 47.704923 142.209535 
FEnd
FBeg
  586  OD1 ASN A  95  3183    C GLY B 174 unk
1.703 52.268 138.695 1.896 48.297 137.043  0.01
2.902121 50.585262 137.919447 
2.665020 50.544436 137.989882 
2.922700 50.557718 137.988059 
FEnd
FBeg
  596   CB ASN A  97  3184    O GLY B 174 unk
5.017 52.380 137.746 1.568 49.429 136.595  1.73
3.870833 50.154366 136.121432 
2.902121 50.585262 137.919447 
2.456586 51.663205 136.490812 
FEnd
FBeg
  598  OD1 ASN A  97  3183    C GLY B 174 unk
5.120 50.186 138.704 1.896 48.297 137.043  1.56
4.186489 49.699778 136.681246 
3.845530 50.027556 136.970274 
3.102369 50.425103 137.960633 
4.369509 48.580006 137.599482 
4.439163 48.571935 137.473464 
FEnd
FBeg
  596   CB ASN A  97  3190   CG GLN B 175 ali
5.017 52.380 137.746 4.774 47.499 134.989  1.11
6.688129 50.725134 134.818610 
6.652085 50.759911 134.760218 
6.195115 50.759954 134.800419 
3.900083 50.133745 136.111343 
4.090075 49.928985 136.457105 
FEnd
FBeg
  598  OD1 ASN A  97  3190   CG GLN B 175 unk
5.120 50.186 138.704 4.774 47.499 134.989  2.08
6.879906 48.227299 137.495412 
6.838907 48.295713 137.449748 
4.186489 49.699778 136.681246 
4.439163 48.571935 137.473464 
6.810873 48.004016 137.663339 
FEnd

+-+CCS_record::Boundary loops before union-find
Start boundary loop loop_id 0  init_edge IE_A_B
xyz 5.01317 54.1438 133.466
xyz 1.32747 52.3369 133.772
xyz 0.04712 52.9991 133.53
xyz -0.211715 54.1231 133.213
xyz 0.0480352 55.1791 132.941
xyz 1.45621 55.9002 132.816
End loop
Boundary info init_edge IE_A_B [total exposed]: 13.501922 13.501922
Start boundary loop loop_id 1  init_edge IE_A_B
xyz 2.54275 56.7215 130.132
xyz 3.6646 58.0859 130.418
xyz 3.78426 58.182 130.459
xyz 6.4493 57.6424 131.882
xyz 6.56528 57.6492 131.894
xyz 6.66168 57.7744 131.708
xyz 7.12437 58.9378 130.699
xyz 7.09111 59.1542 130.467
xyz 6.9254 60.1791 129.315
xyz 6.79633 60.1176 129.382
xyz 6.64005 60.4939 129.105
xyz 7.2292 60.709 128.852
xyz 7.78166 61.2052 124.898
xyz 6.4203 60.7726 124.666
xyz 4.11233 59.8618 126.513
xyz 2.97861 57.8403 127.29
xyz 2.24086 57.8288 127.02
xyz 0.680069 58.2916 126.156
xyz -0.494425 58.8622 125.374
xyz -1.92436 59.6566 125.617
xyz -2.18304 59.8627 126.408
xyz -0.727679 59.2839 128.915
xyz -0.762552 59.0004 129.646
xyz -0.799053 58.965 129.716
xyz -0.413063 57.9948 130.449
xyz 1.53827 56.41 130.518
xyz 1.67439 56.4558 130.623
xyz 1.90284 56.4217 130.4
End loop
Boundary info init_edge IE_A_B [total exposed]: 36.726556 36.726556
Start boundary loop loop_id 2  init_edge IE_A_B
xyz 4.35837 48.4083 140.264
xyz 2.9744 50.5126 139.397
xyz 2.16284 50.4623 139.653
xyz 0.737428 49.9268 140.37
xyz -0.710495 49.0615 141.29
xyz -1.51271 48.5291 141.172
xyz -1.80093 48.2613 140.221
xyz -0.526661 48.8817 137.736
xyz -0.564193 49.1911 136.935
xyz -0.650245 49.2826 136.747
xyz -0.40626 49.9895 136.237
xyz 1.39851 51.8271 136.127
xyz 1.56766 51.7767 135.976
xyz 1.91495 51.8459 136.279
xyz 2.45659 51.6632 136.491
xyz 3.87083 50.1544 136.121
xyz 3.90008 50.1337 136.111
xyz 6.19512 50.76 134.8
xyz 6.65209 50.7599 134.76
xyz 6.68813 50.7251 134.819
xyz 7.01957 50.1203 135.388
xyz 7.18286 49.7475 135.676
xyz 8.67616 48.8883 136.269
xyz 8.45889 47.8434 137.521
xyz 7.46715 47.6895 137.957
xyz 7.06464 47.937 137.779
xyz 6.87991 48.2273 137.495
xyz 6.81087 48.004 137.663
xyz 7.06464 47.937 137.779
xyz 7.82535 47.4738 142.137
xyz 6.81825 47.7049 142.21
End loop
Boundary info init_edge IE_A_B [total exposed]: 39.426030 39.426030
Voronoi Facets of interface MI_AWi_BWi
FBeg
  606  CG2 THR A  98  3711    O HOH A 312 unk
1.807 54.603 135.138 0.118 57.405 132.276  2.24
1.456213 55.900188 132.815591 
1.648177 56.964581 133.744383 
0.029650 56.154417 133.906372 
0.048035 55.179109 132.940661 
FEnd
FBeg
 2657  CG2 THR B  98  3711    O HOH A 312 unk
1.987 53.621 131.503 0.118 57.405 132.276  5.49
0.048035 55.179109 132.940661 
-0.565751 55.021327 132.228995 
-0.870624 55.156366 130.830809 
-0.813592 55.196693 130.771295 
1.538269 56.410016 130.518277 
1.674386 56.455756 130.623482 
1.456213 55.900188 132.815591 
FEnd
FBeg
 2657  CG2 THR B  98  3709    O HOH A 310 unk
1.987 53.621 131.503 3.340 56.700 132.418  10.24
1.674386 56.455756 130.623482 
1.456213 55.900188 132.815591 
5.013167 54.143813 133.466214 
6.062344 53.883640 132.790298 
5.763470 54.172270 132.260993 
5.650985 54.253567 132.153755 
2.520802 56.202819 130.223038 
1.902841 56.421688 130.400308 
FEnd
FBeg
 1133    O GLY A 174  3709    O HOH A 310 hbw
1.353 58.829 130.059 3.340 56.700 132.418  3.50
1.902841 56.421688 130.400308 
1.674386 56.455756 130.623482 
1.987823 58.141484 131.880844 
3.236276 58.440839 131.099433 
3.342556 58.388682 130.962841 
3.664602 58.085927 130.418343 
2.542748 56.721533 130.131920 
FEnd
FBeg
 1132    C GLY A 174  3709    O HOH A 310 unk
1.665 59.963 129.613 3.340 56.700 132.418  0.06
3.342556 58.388682 130.962841 
3.784257 58.181973 130.458620 
3.664602 58.085927 130.418343 
FEnd
FBeg
 1139   CG GLN A 175  3709    O HOH A 310 unk
4.516 60.796 131.769 3.340 56.700 132.418  3.74
3.236276 58.440839 131.099433 
3.302659 58.651797 132.551131 
6.449298 57.642388 131.882264 
3.784257 58.181973 130.458620 
3.342556 58.388682 130.962841 
FEnd
FBeg
 1135   CA GLN A 175  3709    O HOH A 310 unk
2.023 60.796 131.883 3.340 56.700 132.418  2.25
1.987823 58.141484 131.880844 
1.957776 58.367327 133.683879 
3.302659 58.651797 132.551131 
3.236276 58.440839 131.099433 
FEnd
FBeg
 1135   CA GLN A 175  3711    O HOH A 312 unk
2.023 60.796 131.883 0.118 57.405 132.276  3.64
1.987823 58.141484 131.880844 
1.957776 58.367327 133.683879 
1.788324 58.495771 133.970774 
0.719114 59.001420 133.150951 
-0.344622 59.397759 131.414482 
-0.335592 59.389648 131.388273 
FEnd
FBeg
 1135   CA GLN A 175  3695    O HOH A 205 unk
2.023 60.796 131.883 -2.239 58.261 131.199  0.00
-0.344622 59.397759 131.414482 
-0.385865 59.501831 131.285762 
-0.335592 59.389648 131.388273 
FEnd
FBeg
 1133    O GLY A 174  3695    O HOH A 205 hbw
1.353 58.829 130.059 -2.239 58.261 131.199  1.15
-0.385865 59.501831 131.285762 
-0.335592 59.389648 131.388273 
-0.413063 57.994804 130.449195 
-0.799053 58.965023 129.716397 
-0.385888 59.501879 131.285712 
FEnd
FBeg
 1133    O GLY A 174  3697    O HOH A 207 hbw
1.353 58.829 130.059 -1.116 61.115 129.927  0.10
-0.799053 58.965023 129.716397 
-0.385888 59.501879 131.285712 
-0.385878 59.501889 131.285703 
-0.364354 59.523344 131.254660 
-0.762552 59.000408 129.646482 
FEnd
FBeg
 2638  ND2 ASN B  95  3697    O HOH A 207 hbw
-0.085 56.985 128.375 -1.116 61.115 129.927  5.47
-0.762552 59.000408 129.646482 
-0.799053 58.965023 129.716397 
-4.001689 59.107733 127.209111 
-3.991318 59.118883 127.186328 
-3.620664 59.456421 126.534340 
-3.323365 59.684820 126.124048 
-2.183044 59.862696 126.408224 
-0.727679 59.283917 128.915208 
FEnd
FBeg
 1131   CA GLY A 174  3697    O HOH A 207 unk
1.680 60.245 128.103 -1.116 61.115 129.927  5.73
-2.183044 59.862696 126.408224 
-0.684766 61.666575 127.844524 
0.341031 61.856634 129.326309 
0.326097 61.701864 129.377239 
-0.727679 59.283917 128.915208 
FEnd
FBeg
 1134    N GLN A 175  3697    O HOH A 207 hbw
1.922 60.992 130.444 -1.116 61.115 129.927  1.12
0.341031 61.856634 129.326309 
0.340394 62.058913 129.378176 
0.208783 62.169045 130.177748 
0.061560 61.190642 130.810091 
0.050913 61.023568 130.832906 
0.044170 60.638665 130.780953 
0.326097 61.701864 129.377239 
FEnd
FBeg
 1143    N ILE A 176  3697    O HOH A 207 hbw
0.210 62.422 132.258 -1.116 61.115 129.927  2.47
0.208783 62.169045 130.177748 
-1.233397 62.727549 130.684984 
-1.274806 62.338528 130.926665 
-1.076398 60.822427 131.663883 
0.061560 61.190642 130.810091 
FEnd
FBeg
 1145    C ILE A 176  3697    O HOH A 207 unk
-2.049 62.458 132.940 -1.116 61.115 129.927  1.62
-1.274806 62.338528 130.926665 
-2.379268 60.365707 131.464015 
-1.312137 60.138269 131.895837 
-1.076398 60.822427 131.663883 
FEnd
FBeg
 1145    C ILE A 176  3695    O HOH A 205 unk
-2.049 62.458 132.940 -2.239 58.261 131.199  0.65
-2.379268 60.365707 131.464015 
-1.312137 60.138269 131.895837 
-1.343316 59.964510 132.318117 
-2.107688 60.045720 132.205765 
-2.617761 60.329388 131.577597 
FEnd
FBeg
 1146    O ILE A 176  3695    O HOH A 205 hbw
-2.578 62.451 131.827 -2.239 58.261 131.199  1.73
-2.617761 60.329388 131.577597 
-2.379268 60.365707 131.464015 
-5.341216 60.479675 129.104736 
-5.924294 60.373455 129.498683 
FEnd
FBeg
 1152   CA THR A 177  3695    O HOH A 205 unk
-3.861 61.195 133.841 -2.239 58.261 131.199  9.53
-2.107688 60.045720 132.205765 
-2.617761 60.329388 131.577597 
-5.924294 60.373455 129.498683 
-6.403130 60.181032 129.418401 
-6.414861 60.174565 129.418381 
-6.776173 59.628081 129.803444 
-6.760222 58.375388 131.204381 
-3.843809 59.056426 132.238543 
FEnd
FBeg
 1155   CB THR A 177  3695    O HOH A 205 unk
-3.896 59.960 134.753 -2.239 58.261 131.199  6.78
-6.760222 58.375388 131.204381 
-7.446085 57.511276 131.297698 
-6.628550 55.761255 132.515465 
-5.831942 56.106329 132.721907 
-3.843809 59.056426 132.238543 
FEnd
FBeg
 1157  CG2 THR A 177  3695    O HOH A 205 unk
-2.654 59.103 134.631 -2.239 58.261 131.199  10.03
-1.343316 59.964510 132.318117 
-2.107688 60.045720 132.205765 
-3.843809 59.056426 132.238543 
-5.831942 56.106329 132.721907 
-1.933955 56.987529 132.977063 
-0.857770 59.376970 132.520976 
FEnd
FBeg
 1157  CG2 THR A 177  3711    O HOH A 312 unk
-2.654 59.103 134.631 0.118 57.405 132.276  4.92
-1.933955 56.987529 132.977063 
-0.857770 59.376970 132.520976 
-0.574788 59.277786 132.925579 
0.413883 58.335305 134.768861 
-0.453354 57.224420 134.549031 
FEnd
FBeg
 1157  CG2 THR A 177  3696    O HOH A 206 unk
-2.654 59.103 134.631 -1.775 55.288 134.378  10.95
-5.831942 56.106329 132.721907 
-1.933955 56.987529 132.977063 
-0.453354 57.224420 134.549031 
-1.215144 56.954839 135.967370 
-2.860853 56.591678 135.725796 
-3.662520 56.434836 135.305590 
-5.796607 56.076910 133.288289 
FEnd
FBeg
  622  OD2 ASP A 100  3696    O HOH A 206 hbw
-4.839 56.609 137.385 -1.775 55.288 134.378  13.53
-3.662520 56.434836 135.305590 
-5.796607 56.076910 133.288289 
-6.662904 55.742695 132.552395 
-6.736798 54.812650 132.885676 
-5.590878 52.988858 134.854525 
-3.573492 53.177557 136.827255 
-3.357018 55.657698 135.958285 
FEnd
FBeg
  620   CG ASP A 100  3696    O HOH A 206 unk
-4.042 57.375 137.924 -1.775 55.288 134.378  0.44
-2.860853 56.591678 135.725796 
-3.662520 56.434836 135.305590 
-3.357018 55.657698 135.958285 
FEnd
FBeg
  619   CB ASP A 100  3696    O HOH A 206 unk
-2.708 56.800 138.461 -1.775 55.288 134.378  5.77
-1.215144 56.954839 135.967370 
-2.860853 56.591678 135.725796 
-3.357018 55.657698 135.958285 
-3.573492 53.177557 136.827255 
-3.186095 53.156033 136.923749 
-2.328868 53.731317 136.906596 
-1.267865 56.304462 136.196167 
FEnd
FBeg
  605  OG1 THR A  98  3696    O HOH A 206 hbw
0.342 55.139 137.000 -1.775 55.288 134.378  3.81
-2.328868 53.731317 136.906596 
-2.093518 53.362851 136.695636 
-1.122056 52.967160 135.888793 
-0.961482 53.031267 135.762788 
-0.705974 54.212988 135.623646 
-1.267865 56.304462 136.196167 
FEnd
FBeg
  605  OG1 THR A  98  3848    O HOH B 454 hbw
0.342 55.139 137.000 0.002 50.835 134.377  0.02
-1.122056 52.967160 135.888793 
-0.961482 53.031267 135.762788 
-0.814650 52.931816 135.906942 
FEnd
FBeg
  587  ND2 ASN A  95  3848    O HOH B 454 hbw
-0.181 51.247 138.279 0.002 50.835 134.377  4.29
-0.814650 52.931816 135.906942 
-1.122056 52.967160 135.888793 
-1.603073 52.775208 135.886501 
-0.406260 49.989523 136.236763 
1.398510 51.827117 136.127379 
FEnd
FBeg
 3184    O GLY B 174  3848    O HOH B 454 hbw
1.568 49.429 136.595 0.002 50.835 134.377  5.11
-0.406260 49.989523 136.236763 
-0.339886 48.835268 135.458212 
-0.258875 48.731251 135.335078 
-0.148589 48.769621 135.281535 
1.888142 50.057079 134.659643 
1.567660 51.776667 135.975971 
1.398510 51.827117 136.127379 
FEnd
FBeg
 3184    O GLY B 174  3847    O HOH B 453 hbw
1.568 49.429 136.595 3.221 51.562 134.211  4.02
1.888142 50.057079 134.659643 
1.567660 51.776667 135.975971 
1.914947 51.845870 136.278687 
2.456586 51.663205 136.490812 
3.870833 50.154366 136.121432 
3.727781 50.029419 135.910451 
3.409302 49.831493 135.512539 
FEnd
FBeg
 3186   CA GLN B 175  3847    O HOH B 453 unk
2.283 47.426 134.790 3.221 51.562 134.211  2.83
3.409302 49.831493 135.512539 
1.888142 50.057079 134.659643 
1.850173 49.812940 132.854166 
1.972616 49.773506 132.770839 
3.525752 49.612281 134.135281 
FEnd
FBeg
 3188    O GLN B 175  3847    O HOH B 453 hbw
0.944 47.372 132.848 3.221 51.562 134.211  0.04
1.850173 49.812940 132.854166 
1.795663 49.966973 132.471716 
1.832070 49.953484 132.452363 
1.972616 49.773506 132.770839 
FEnd
FBeg
 2655   CB THR B  98  3847    O HOH B 453 unk
1.615 52.533 130.513 3.221 51.562 134.211  1.78
1.795663 49.966973 132.471716 
1.499962 51.390974 132.974043 
3.499334 51.476924 132.128306 
3.414922 51.260474 132.108131 
1.832070 49.953484 132.452363 
FEnd
FBeg
 2652   CA THR B  98  3847    O HOH B 453 unk
2.819 52.148 129.606 3.221 51.562 134.211  0.19
3.499334 51.476924 132.128306 
5.235922 52.487437 132.105299 
5.245033 52.442049 132.098728 
3.414922 51.260474 132.108131 
FEnd
FBeg
 2655   CB THR B  98  3848    O HOH B 454 unk
1.615 52.533 130.513 0.002 50.835 134.377  3.61
1.795663 49.966973 132.471716 
1.499962 51.390974 132.974043 
0.025946 52.150963 132.692695 
-0.400867 51.150080 132.074696 
0.610552 49.879921 131.938746 
FEnd
FBeg
 3208  CG2 THR B 177  3848    O HOH B 454 unk
-2.469 49.116 132.054 0.002 50.835 134.377  6.10
-0.400867 51.150080 132.074696 
0.610552 49.879921 131.938746 
-0.253580 48.928002 133.562343 
-0.805786 48.680564 134.332833 
-2.052725 51.286198 133.731068 
FEnd
FBeg
 3208  CG2 THR B 177  3771    O HOH A 456 unk
-2.469 49.116 132.054 -1.918 52.943 132.289  10.21
-2.052725 51.286198 133.731068 
-0.400867 51.150080 132.074696 
-1.053282 51.326205 130.736186 
-2.687355 51.550599 130.913278 
-3.622762 51.656944 131.374676 
-5.355432 51.811477 132.920635 
-5.397077 51.767417 133.735808 
FEnd
FBeg
 2673  OD2 ASP B 100  3771    O HOH A 456 hbw
-4.693 51.591 129.314 -1.918 52.943 132.289  16.60
-3.622762 51.656944 131.374676 
-5.355432 51.811477 132.920635 
-6.754771 52.264180 134.020169 
-6.879656 52.359867 134.093172 
-6.991483 53.517560 133.671364 
-6.781549 54.710891 132.933229 
-5.827743 55.375209 131.741643 
-3.515046 55.098433 129.710203 
-3.260582 52.577893 130.618315 
FEnd
FBeg
 2671   CG ASP B 100  3771    O HOH A 456 unk
-3.894 50.830 128.770 -1.918 52.943 132.289  0.58
-2.687355 51.550599 130.913278 
-3.622762 51.656944 131.374676 
-3.260582 52.577893 130.618315 
FEnd
FBeg
 2670   CB ASP B 100  3771    O HOH A 456 unk
-2.569 51.412 128.222 -1.918 52.943 132.289  6.00
-1.053282 51.326205 130.736186 
-2.687355 51.550599 130.913278 
-3.260582 52.577893 130.618315 
-3.515046 55.098433 129.710203 
-3.195819 55.106598 129.656031 
-2.025178 54.361188 129.749254 
-1.076978 51.676038 130.608287 
FEnd
FBeg
 2656  OG1 THR B  98  3771    O HOH A 456 hbw
0.528 52.966 129.661 -1.918 52.943 132.289  3.72
-2.025178 54.361188 129.749254 
-1.735884 54.816420 130.022497 
-0.926759 55.181829 130.778785 
-0.870624 55.156366 130.830809 
-0.589784 53.828397 131.080578 
-1.076978 51.676038 130.608287 
FEnd
FBeg
 3208  CG2 THR B 177  3849    O HOH B 455 unk
-2.469 49.116 132.054 -2.342 49.965 135.467  8.70
-0.805786 48.680564 134.332833 
-2.052725 51.286198 133.731068 
-5.397077 51.767417 133.735808 
-3.569181 49.074780 134.337598 
-1.898629 48.190857 134.495315 
-1.084366 48.316655 134.433723 
FEnd
FBeg
 3187    C GLN B 175  3849    O HOH B 455 unk
1.176 46.848 133.938 -2.342 49.965 135.467  0.36
-1.084366 48.316655 134.433723 
-0.805786 48.680564 134.332833 
-0.402976 48.701920 135.216105 
-1.062614 48.207375 134.706549 
FEnd
FBeg
 3187    C GLN B 175  3851    O HOH B 457 unk
1.176 46.848 133.938 -1.187 47.120 136.733  1.44
-0.402976 48.701920 135.216105 
-1.062614 48.207375 134.706549 
-0.842031 47.549264 134.957084 
0.155462 47.234947 135.830990 
0.141943 47.451119 135.798524 
-0.109463 48.379035 135.495674 
-0.211935 48.677926 135.379953 
-0.258875 48.731251 135.335078 
FEnd
FBeg
 3183    C GLY B 174  3851    O HOH B 457 unk
1.896 48.297 137.043 -1.187 47.120 136.733  3.94
-0.109463 48.379035 135.495674 
-0.211935 48.677926 135.379953 
-0.564193 49.191142 136.934644 
-0.526661 48.881700 137.736269 
0.404655 46.559077 137.292654 
0.137742 47.645654 135.821658 
FEnd
FBeg
 3182   CA GLY B 174  3851    O HOH B 457 unk
1.921 48.019 138.551 -1.187 47.120 136.733  5.25
-0.526661 48.881700 137.736269 
-1.800926 48.261339 140.221484 
-0.452352 46.561190 138.756723 
0.421006 46.379788 137.353359 
0.404655 46.559077 137.292654 
FEnd
FBeg
 3181    N GLY B 174  3851    O HOH B 457 hbw
2.078 46.601 138.832 -1.187 47.120 136.733  0.44
-0.452352 46.561190 138.756723 
-0.286782 46.048083 138.372308 
0.421138 46.301043 137.333684 
0.421006 46.379788 137.353359 
FEnd
FBeg
  587  ND2 ASN A  95  3851    O HOH B 457 hbw
-0.181 51.247 138.279 -1.187 47.120 136.733  6.94
-0.564193 49.191142 136.934644 
-0.650245 49.282575 136.746563 
-4.077223 49.100230 139.463300 
-4.066769 49.089330 139.485596 
-3.680558 48.747269 140.147405 
-3.274265 48.442957 140.695379 
-1.800926 48.261339 140.221484 
-0.526661 48.881700 137.736269 
FEnd
FBeg
 3186   CA GLN B 175  3851    O HOH B 457 unk
2.283 47.426 134.790 -1.187 47.120 136.733  0.05
0.141943 47.451119 135.798524 
-0.109463 48.379035 135.495674 
0.137742 47.645654 135.821658 
FEnd
FBeg
 3185    N GLN B 175  3851    O HOH B 457 hbw
2.139 47.252 136.227 -1.187 47.120 136.733  0.96
0.155462 47.234947 135.830990 
0.141943 47.451119 135.798524 
0.137742 47.645654 135.821658 
0.404655 46.559077 137.292654 
0.421006 46.379788 137.353359 
0.421138 46.301043 137.333684 
0.302599 46.178741 136.522611 
FEnd
FBeg
 3194    N ILE B 176  3851    O HOH B 457 hbw
0.441 45.825 134.409 -1.187 47.120 136.733  2.47
-0.842031 47.549264 134.957084 
0.155462 47.234947 135.830990 
0.302599 46.178741 136.522611 
-0.992941 45.517772 135.983375 
-1.035790 45.864586 135.760104 
FEnd
FBeg
 3197    O ILE B 176  3851    O HOH B 457 hbw
-2.349 45.770 134.859 -1.187 47.120 136.733  8.66
-0.992941 45.517772 135.983375 
-2.221665 45.023157 137.101575 
-5.366290 47.575453 137.212810 
-2.358967 47.871621 135.134722 
-1.035790 45.864586 135.760104 
FEnd
FBeg
 3197    O ILE B 176  3849    O HOH B 455 hbw
-2.349 45.770 134.859 -2.342 49.965 135.467  0.63
-5.366290 47.575453 137.212810 
-2.358967 47.871621 135.134722 
-2.411611 47.875305 135.109909 
-5.615371 47.602272 137.030632 
FEnd
FBeg
 3149   CE LYS B 169  3851    O HOH B 457 unk
-4.413 43.121 137.291 -1.187 47.120 136.733  8.77
-2.221665 45.023157 137.101575 
-2.171238 45.137145 138.210029 
-4.422586 47.224049 140.150318 
-4.487522 47.272319 140.120837 
-5.595834 47.887783 138.124108 
-5.366290 47.575453 137.212810 
FEnd
FBeg
 3196    C ILE B 176  3851    O HOH B 457 unk
-1.824 45.769 133.745 -1.187 47.120 136.733  1.98
-1.062614 48.207375 134.706549 
-0.842031 47.549264 134.957084 
-1.035790 45.864586 135.760104 
-2.358967 47.871621 135.134722 
FEnd
FBeg
 3196    C ILE B 176  3849    O HOH B 455 unk
-1.824 45.769 133.745 -2.342 49.965 135.467  0.49
-1.898629 48.190857 134.495315 
-1.084366 48.316655 134.433723 
-1.062614 48.207375 134.706549 
-2.358967 47.871621 135.134722 
-2.411611 47.875305 135.109909 
FEnd
FBeg
 3203   CA THR B 177  3849    O HOH B 455 unk
-3.655 47.018 132.858 -2.342 49.965 135.467  9.38
-3.569181 49.074780 134.337598 
-1.898629 48.190857 134.495315 
-2.411611 47.875305 135.109909 
-5.615371 47.602272 137.030632 
-6.239086 47.811637 137.108033 
-6.429885 47.903230 137.100595 
-6.432284 49.590396 135.196062 
FEnd
FBeg
 3206   CB THR B 177  3849    O HOH B 455 unk
-3.707 48.251 131.944 -2.342 49.965 135.467  7.71
-5.397077 51.767417 133.735808 
-3.569181 49.074780 134.337598 
-6.432284 49.590396 135.196062 
-7.566078 50.973876 134.962267 
-6.958724 52.265637 134.098482 
-6.754771 52.264180 134.020169 
FEnd
FBeg
 2655   CB THR B  98  3771    O HOH A 456 unk
1.615 52.533 130.513 -1.918 52.943 132.289  3.66
0.025946 52.150963 132.692695 
-0.589784 53.828397 131.080578 
-1.076978 51.676038 130.608287 
-1.053282 51.326205 130.736186 
-0.400867 51.150080 132.074696 
FEnd
FBeg
 2657  CG2 THR B  98  3848    O HOH B 454 unk
1.987 53.621 131.503 0.002 50.835 134.377  1.84
1.499962 51.390974 132.974043 
0.025946 52.150963 132.692695 
0.047120 52.999149 133.529535 
1.327475 52.336877 133.771850 
FEnd
FBeg
 3188    O GLN B 175  3848    O HOH B 454 hbw
0.944 47.372 132.848 0.002 50.835 134.377  2.21
1.850173 49.812940 132.854166 
1.795663 49.966973 132.471716 
0.610552 49.879921 131.938746 
-0.253580 48.928002 133.562343 
0.963455 49.295440 133.479944 
FEnd
FBeg
 3190   CG GLN B 175  3847    O HOH B 453 unk
4.774 47.499 134.989 3.221 51.562 134.211  3.14
3.727781 50.029419 135.910451 
3.409302 49.831493 135.512539 
3.525752 49.612281 134.135281 
6.195115 50.759954 134.800419 
3.900083 50.133745 136.111343 
FEnd
FBeg
 3183    C GLY B 174  3847    O HOH B 453 unk
1.896 48.297 137.043 3.221 51.562 134.211  0.01
3.870833 50.154366 136.121432 
3.727781 50.029419 135.910451 
3.900083 50.133745 136.111343 
FEnd
FBeg
  596   CB ASN A  97  3847    O HOH B 453 unk
5.017 52.380 137.746 3.221 51.562 134.211  15.23
2.456586 51.663205 136.490812 
3.870833 50.154366 136.121432 
3.900083 50.133745 136.111343 
6.195115 50.759954 134.800419 
7.908462 53.045506 133.401054 
7.463852 53.950903 133.417435 
5.572593 54.139176 134.334746 
2.423740 52.039222 136.420489 
FEnd
FBeg
  586  OD1 ASN A  95  3847    O HOH B 453 hbw
1.703 52.268 138.695 3.221 51.562 134.211  0.11
1.914947 51.845870 136.278687 
2.456586 51.663205 136.490812 
2.423740 52.039222 136.420489 
FEnd
FBeg
  606  CG2 THR A  98  3847    O HOH B 453 unk
1.807 54.603 135.138 3.221 51.562 134.211  9.28
1.567660 51.776667 135.975971 
1.914947 51.845870 136.278687 
2.423740 52.039222 136.420489 
5.572593 54.139176 134.334746 
5.743900 54.317278 134.011791 
5.013167 54.143813 133.466214 
1.327475 52.336877 133.771850 
FEnd
FBeg
 3186   CA GLN B 175  3848    O HOH B 454 unk
2.283 47.426 134.790 0.002 50.835 134.377  2.78
-0.148589 48.769621 135.281535 
0.963455 49.295440 133.479944 
1.850173 49.812940 132.854166 
1.888142 50.057079 134.659643 
FEnd
FBeg
 3187    C GLN B 175  3848    O HOH B 454 unk
1.176 46.848 133.938 0.002 50.835 134.377  1.76
-0.258875 48.731251 135.335078 
-0.402976 48.701920 135.216105 
-0.805786 48.680564 134.332833 
-0.253580 48.928002 133.562343 
0.963455 49.295440 133.479944 
-0.148589 48.769621 135.281535 
FEnd
FBeg
 3184    O GLY B 174  3851    O HOH B 457 hbw
1.568 49.429 136.595 -1.187 47.120 136.733  0.27
-0.339886 48.835268 135.458212 
-0.258875 48.731251 135.335078 
-0.211935 48.677926 135.379953 
-0.564193 49.191142 136.934644 
-0.650245 49.282575 136.746563 
FEnd
FBeg
 3184    O GLY B 174  3849    O HOH B 455 hbw
1.568 49.429 136.595 -2.342 49.965 135.467  0.60
-0.406260 49.989523 136.236763 
-0.339886 48.835268 135.458212 
-0.650245 49.282575 136.746563 
FEnd
FBeg
  587  ND2 ASN A  95  3849    O HOH B 455 hbw
-0.181 51.247 138.279 -2.342 49.965 135.467  15.33
-1.603073 52.775208 135.886501 
-0.406260 49.989523 136.236763 
-0.650245 49.282575 136.746563 
-4.077223 49.100230 139.463300 
-4.078692 49.106663 139.461497 
-3.933666 52.497863 137.803986 
-3.169114 53.152998 136.917755 
FEnd
FBeg
  606  CG2 THR A  98  3848    O HOH B 454 unk
1.807 54.603 135.138 0.002 50.835 134.377  5.66
-0.961482 53.031267 135.762788 
-0.814650 52.931816 135.906942 
1.398510 51.827117 136.127379 
1.567660 51.776667 135.975971 
1.327475 52.336877 133.771850 
0.047120 52.999149 133.529535 
-0.629607 53.164028 134.318270 
FEnd
FBeg
  606  CG2 THR A  98  3771    O HOH A 456 unk
1.807 54.603 135.138 -1.918 52.943 132.289  0.63
0.047120 52.999149 133.529535 
-0.629607 53.164028 134.318270 
-0.211715 54.123077 133.213087 
FEnd
FBeg
  604   CB THR A  98  3696    O HOH A 206 unk
1.382 55.653 136.143 -1.775 55.288 134.378  4.56
-0.453354 57.224420 134.549031 
-1.215144 56.954839 135.967370 
-1.267865 56.304462 136.196167 
-0.705974 54.212988 135.623646 
0.029650 56.154417 133.906372 
FEnd
FBeg
 1146    O ILE A 176  3697    O HOH A 207 hbw
-2.578 62.451 131.827 -1.116 61.115 129.927  8.50
-1.233397 62.727549 130.684984 
-2.491605 63.084306 129.465970 
-5.341216 60.479675 129.104736 
-2.379268 60.365707 131.464015 
-1.274806 62.338528 130.926665 
FEnd
FBeg
 1098   CE LYS A 169  3697    O HOH A 207 unk
-4.685 65.090 129.420 -1.116 61.115 129.927  6.66
-2.491605 63.084306 129.465970 
-2.453533 62.993883 128.489022 
-4.555387 60.886228 126.760402 
-5.483716 60.277956 128.526328 
-5.341216 60.479675 129.104736 
FEnd
FBeg
 1130    N GLY A 174  3697    O HOH A 207 hbw
1.823 61.664 127.822 -1.116 61.115 129.927  0.65
-0.684766 61.666575 127.844524 
-0.484485 62.269428 128.281385 
0.340394 62.058913 129.378176 
0.341031 61.856634 129.326309 
FEnd
FBeg
 1132    C GLY A 174  3697    O HOH A 207 unk
1.665 59.963 129.613 -1.116 61.115 129.927  4.05
-0.364354 59.523344 131.254660 
-0.762552 59.000408 129.646482 
-0.727679 59.283917 128.915208 
0.326097 61.701864 129.377239 
0.044170 60.638665 130.780953 
FEnd
FBeg
 1135   CA GLN A 175  3697    O HOH A 207 unk
2.023 60.796 131.883 -1.116 61.115 129.927  0.16
-0.385878 59.501889 131.285703 
-0.364354 59.523344 131.254660 
0.044170 60.638665 130.780953 
0.050913 61.023568 130.832906 
FEnd
FBeg
 1136    C GLN A 175  3697    O HOH A 207 unk
0.889 61.367 132.708 -1.116 61.115 129.927  1.61
-0.385888 59.501879 131.285712 
-0.385878 59.501889 131.285703 
0.050913 61.023568 130.832906 
0.061560 61.190642 130.810091 
-1.076398 60.822427 131.663883 
-1.312137 60.138269 131.895837 
FEnd
FBeg
 2638  ND2 ASN B  95  3695    O HOH A 205 hbw
-0.085 56.985 128.375 -2.239 58.261 131.199  15.03
-0.413063 57.994804 130.449195 
-1.492295 55.439887 130.780430 
-3.118918 55.117279 129.685495 
-3.823897 55.708183 128.880778 
-4.003125 59.101177 127.210978 
-4.001689 59.107733 127.209111 
-0.799053 58.965023 129.716397 
FEnd
FBeg
 1136    C GLN A 175  3695    O HOH A 205 unk
0.889 61.367 132.708 -2.239 58.261 131.199  0.88
-0.344622 59.397759 131.414482 
-0.385865 59.501831 131.285762 
-0.385888 59.501879 131.285712 
-1.312137 60.138269 131.895837 
-1.343316 59.964510 132.318117 
-0.857770 59.376970 132.520976 
FEnd
FBeg
 1136    C GLN A 175  3711    O HOH A 312 unk
0.889 61.367 132.708 0.118 57.405 132.276  1.29
0.719114 59.001420 133.150951 
-0.344622 59.397759 131.414482 
-0.857770 59.376970 132.520976 
-0.574788 59.277786 132.925579 
FEnd
FBeg
 1137    O GLN A 175  3711    O HOH A 312 hbw
0.586 60.812 133.767 0.118 57.405 132.276  2.52
1.788324 58.495771 133.970774 
0.719114 59.001420 133.150951 
-0.574788 59.277786 132.925579 
0.413883 58.335305 134.768861 
1.663192 58.341229 134.363185 
FEnd
FBeg
 2637  OD1 ASN B  95  3709    O HOH A 310 hbw
1.803 55.980 127.949 3.340 56.700 132.418  0.17
2.520802 56.202819 130.223038 
1.902841 56.421688 130.400308 
2.542748 56.721533 130.131920 
FEnd
FBeg
 2647   CB ASN B  97  3709    O HOH A 310 unk
5.103 55.999 128.852 3.340 56.700 132.418  16.64
5.650985 54.253567 132.153755 
2.520802 56.202819 130.223038 
2.542748 56.721533 130.131920 
3.664602 58.085927 130.418343 
3.784257 58.181973 130.458620 
6.449298 57.642388 131.882264 
8.414783 55.477517 133.279551 
7.955006 54.521422 133.240189 
5.814173 54.215863 132.241846 
FEnd
FBeg
 2657  CG2 THR B  98  3847    O HOH B 453 unk
1.987 53.621 131.503 3.221 51.562 134.211  9.21
5.013167 54.143813 133.466214 
1.327475 52.336877 133.771850 
1.499962 51.390974 132.974043 
3.499334 51.476924 132.128306 
5.235922 52.487437 132.105299 
6.062344 53.883640 132.790298 
FEnd
FBeg
 1133    O GLY A 174  3711    O HOH A 312 hbw
1.353 58.829 130.059 0.118 57.405 132.276  5.02
1.538269 56.410016 130.518277 
-0.413063 57.994804 130.449195 
-0.335592 59.389648 131.388273 
1.987823 58.141484 131.880844 
1.674386 56.455756 130.623482 
FEnd
FBeg
 2638  ND2 ASN B  95  3711    O HOH A 312 hbw
-0.085 56.985 128.375 0.118 57.405 132.276  4.09
-0.813592 55.196693 130.771295 
-0.926759 55.181829 130.778785 
-1.492295 55.439887 130.780430 
-0.413063 57.994804 130.449195 
1.538269 56.410016 130.518277 
FEnd
FBeg
 2657  CG2 THR B  98  3771    O HOH A 456 unk
1.987 53.621 131.503 -1.918 52.943 132.289  4.81
-0.565751 55.021327 132.228995 
-0.870624 55.156366 130.830809 
-0.589784 53.828397 131.080578 
0.025946 52.150963 132.692695 
0.047120 52.999149 133.529535 
-0.211715 54.123077 133.213087 
FEnd
FBeg
 2657  CG2 THR B  98  3696    O HOH A 206 unk
1.987 53.621 131.503 -1.775 55.288 134.378  0.53
0.048035 55.179109 132.940661 
-0.565751 55.021327 132.228995 
-0.211715 54.123077 133.213087 
FEnd
FBeg
  606  CG2 THR A  98  3696    O HOH A 206 unk
1.807 54.603 135.138 -1.775 55.288 134.378  5.31
0.029650 56.154417 133.906372 
0.048035 55.179109 132.940661 
-0.211715 54.123077 133.213087 
-0.629607 53.164028 134.318270 
-0.961482 53.031267 135.762788 
-0.705974 54.212988 135.623646 
FEnd
FBeg
  604   CB THR A  98  3711    O HOH A 312 unk
1.382 55.653 136.143 0.118 57.405 132.276  3.83
1.648177 56.964581 133.744383 
1.860989 58.019425 134.152734 
1.663192 58.341229 134.363185 
0.413883 58.335305 134.768861 
-0.453354 57.224420 134.549031 
0.029650 56.154417 133.906372 
FEnd
FBeg
  604   CB THR A  98  3709    O HOH A 310 unk
1.382 55.653 136.143 3.340 56.700 132.418  1.07
1.648177 56.964581 133.744383 
1.860989 58.019425 134.152734 
3.081894 57.087349 134.532505 
3.183685 56.845581 134.518056 
FEnd
FBeg
  601   CA THR A  98  3709    O HOH A 310 unk
2.559 56.095 137.039 3.340 56.700 132.418  0.38
3.081894 57.087349 134.532505 
3.183685 56.845581 134.518056 
4.858202 55.813209 134.665905 
4.894744 56.037267 134.701416 
FEnd
FBeg
  606  CG2 THR A  98  3709    O HOH A 310 unk
1.807 54.603 135.138 3.340 56.700 132.418  8.25
1.456213 55.900188 132.815591 
1.648177 56.964581 133.744383 
3.183685 56.845581 134.518056 
4.858202 55.813209 134.665905 
5.743900 54.317278 134.011791 
5.013167 54.143813 133.466214 
FEnd
FBeg
 3176    C PRO B 173  3772    O HOH A 458 unk
3.274 46.034 138.764 2.759 49.807 141.552  1.73
4.217456 48.145895 140.459606 
4.931410 47.479547 141.493256 
2.891931 47.023236 141.734049 
3.057324 47.435325 141.206920 
FEnd
FBeg
 3182   CA GLY B 174  3772    O HOH A 458 unk
1.921 48.019 138.551 2.759 49.807 141.552  13.62
3.057324 47.435325 141.206920 
0.702834 47.318696 141.933876 
-0.898530 48.377068 141.750462 
-0.710495 49.061455 141.290196 
0.737428 49.926797 140.370306 
2.162836 50.462300 139.653221 
2.974396 50.512634 139.396611 
4.358366 48.408337 140.263895 
4.217456 48.145895 140.459606 
FEnd
FBeg
  598  OD1 ASN A  97  3772    O HOH A 458 hbw
5.120 50.186 138.704 2.759 49.807 141.552  11.67
2.974396 50.512634 139.396611 
3.204516 50.891352 139.637780 
5.005308 50.864756 141.127102 
5.866145 50.570508 141.801581 
6.312330 50.387774 142.147152 
7.798717 47.729032 143.025556 
6.818246 47.704923 142.209535 
4.358366 48.408337 140.263895 
FEnd
FBeg
  589   CA GLY A  96  3772    O HOH A 458 unk
3.629 53.378 142.317 2.759 49.807 141.552  21.75
5.866145 50.570508 141.801581 
5.127747 50.870054 141.243056 
3.402734 51.380940 140.820033 
2.667037 50.672989 144.961405 
4.210942 50.071734 146.012234 
8.291182 49.068898 146.053171 
8.376263 49.364350 144.577253 
6.312330 50.387774 142.147152 
FEnd
FBeg
  588    N GLY A  96  3772    O HOH A 458 hbw
2.300 52.893 141.998 2.759 49.807 141.552  8.54
3.402734 51.380940 140.820033 
2.735819 51.368207 140.221778 
2.202423 51.272316 140.336332 
1.620142 51.133199 140.699671 
0.752350 50.691841 142.860465 
1.294484 50.534990 144.503700 
2.108842 50.598241 144.904143 
2.667037 50.672989 144.961405 
FEnd
FBeg
  581   CA ASN A  95  3772    O HOH A 458 unk
0.011 53.100 141.121 2.759 49.807 141.552  3.01
1.620142 51.133199 140.699671 
0.235846 49.997966 140.852168 
-0.523987 49.419934 141.280381 
0.752350 50.691841 142.860465 
FEnd
FBeg
  597   CG ASN A  97  3772    O HOH A 458 unk
5.753 51.176 138.328 2.759 49.807 141.552  0.03
5.005308 50.864756 141.127102 
5.127747 50.870054 141.243056 
5.866145 50.570508 141.801581 
FEnd
FBeg
  592    N ASN A  97  3772    O HOH A 458 hbw
4.180 53.233 139.895 2.759 49.807 141.552  1.57
3.204516 50.891352 139.637780 
2.735819 51.368207 140.221778 
3.402734 51.380940 140.820033 
5.127747 50.870054 141.243056 
5.005308 50.864756 141.127102 
FEnd
FBeg
  586  OD1 ASN A  95  3772    O HOH A 458 hbw
1.703 52.268 138.695 2.759 49.807 141.552  0.97
2.162836 50.462300 139.653221 
2.202423 51.272316 140.336332 
2.735819 51.368207 140.221778 
3.204516 50.891352 139.637780 
2.974396 50.512634 139.396611 
FEnd
FBeg
  585   CG ASN A  95  3772    O HOH A 458 unk
0.488 52.211 138.833 2.759 49.807 141.552  1.87
0.737428 49.926797 140.370306 
0.235846 49.997966 140.852168 
1.620142 51.133199 140.699671 
2.202423 51.272316 140.336332 
2.162836 50.462300 139.653221 
FEnd
FBeg
  587  ND2 ASN A  95  3772    O HOH A 458 hbw
-0.181 51.247 138.279 2.759 49.807 141.552  0.50
-0.710495 49.061455 141.290196 
-0.523987 49.419934 141.280381 
0.235846 49.997966 140.852168 
0.737428 49.926797 140.370306 
FEnd
FBeg
  572    O PHE A  94  3772    O HOH A 458 hbw
-1.411 52.020 143.139 2.759 49.807 141.552  13.87
-0.898530 48.377068 141.750462 
-0.215667 46.833955 145.696552 
-0.141510 46.822146 145.907877 
-0.135056 46.831619 145.911625 
0.952696 48.773993 146.061248 
1.294484 50.534990 144.503700 
0.752350 50.691841 142.860465 
-0.523987 49.419934 141.280381 
-0.710495 49.061455 141.290196 
FEnd
FBeg
 3181    N GLY B 174  3772    O HOH A 458 hbw
2.078 46.601 138.832 2.759 49.807 141.552  1.80
2.891931 47.023236 141.734049 
1.580161 46.585171 142.578810 
0.702834 47.318696 141.933876 
3.057324 47.435325 141.206920 
FEnd
FBeg
 3178   CB PRO B 173  3772    O HOH A 458 unk
3.871 44.219 140.381 2.759 49.807 141.552  39.41
4.931410 47.479547 141.493256 
6.818246 47.704923 142.209535 
7.798717 47.729032 143.025556 
9.154057 47.611612 144.872937 
8.471352 47.024107 147.028197 
5.397477 46.232469 147.886885 
1.234265 45.691391 146.515454 
1.580161 46.585171 142.578810 
2.891931 47.023236 141.734049 
FEnd
FBeg
 3177    O PRO B 173  3772    O HOH A 458 hbw
4.300 46.685 138.475 2.759 49.807 141.552  1.63
4.217456 48.145895 140.459606 
4.358366 48.408337 140.263895 
6.818246 47.704923 142.209535 
4.931410 47.479547 141.493256 
FEnd
FBeg
 2640   CA GLY B  96  3833    O HOH B 208 unk
3.710 54.868 124.320 2.818 58.444 125.080  20.92
3.482318 56.881382 125.772664 
5.193191 57.403188 125.325454 
6.197823 57.821637 124.535662 
8.381424 58.942732 121.823472 
8.347274 59.037922 121.335497 
8.091283 59.140397 120.552870 
4.253623 58.168172 120.623247 
2.731984 57.565271 121.674129 
FEnd
FBeg
 2639    N GLY B  96  3833    O HOH B 208 hbw
2.385 55.350 124.643 2.818 58.444 125.080  8.55
2.731984 57.565271 121.674129 
3.482318 56.881382 125.772664 
2.785421 56.889520 126.405561 
2.285202 56.974243 126.301356 
1.700038 57.106936 125.941684 
0.814959 57.535753 123.782597 
1.340337 57.693330 122.146368 
2.150165 57.637480 121.739376 
FEnd
FBeg
 2623    O PHE B  94  3833    O HOH B 208 hbw
-1.345 56.198 123.527 2.818 58.444 125.080  13.84
0.814959 57.535753 123.782597 
-0.463139 58.803198 125.375670 
-0.494425 58.862187 125.374225 
-0.801617 59.966411 124.600725 
-0.242048 61.381620 121.054009 
-0.137340 61.398919 120.748311 
0.006700 61.190192 120.664061 
0.965182 59.490680 120.552629 
1.340337 57.693330 122.146368 
FEnd
FBeg
 1131   CA GLY A 174  3833    O HOH B 208 unk
1.680 60.245 128.103 2.818 58.444 125.080  13.33
-0.494425 58.862187 125.374225 
0.680069 58.291557 126.156322 
2.240857 57.828786 127.019579 
2.978615 57.840282 127.290458 
4.112332 59.861773 126.512907 
3.947149 60.161436 126.272195 
2.793408 60.838780 125.434335 
0.511826 60.892307 124.543550 
-0.801617 59.966411 124.600725 
FEnd
FBeg
 1130    N GLY A 174  3833    O HOH B 208 hbw
1.823 61.664 127.822 2.818 58.444 125.080  1.69
2.793408 60.838780 125.434335 
2.626939 61.238191 124.904888 
1.316295 61.608333 123.994622 
0.511826 60.892307 124.543550 
FEnd
FBeg
 1127   CB PRO A 173  3833    O HOH B 208 unk
3.582 64.061 126.264 2.818 58.444 125.080  40.39
2.626939 61.238191 124.904888 
4.683474 60.888492 125.236870 
6.420300 60.772589 124.666006 
7.684740 60.821702 123.617101 
9.107093 61.044986 121.640021 
8.529437 61.545360 119.638949 
5.395866 62.162910 118.731237 
0.953261 62.460058 120.188218 
1.316295 61.608333 123.994622 
FEnd
FBeg
 1125    C PRO A 173  3833    O HOH B 208 unk
3.011 62.240 127.883 2.818 58.444 125.080  1.77
3.947149 60.161436 126.272195 
4.683474 60.888492 125.236870 
2.626939 61.238191 124.904888 
2.793408 60.838780 125.434335 
FEnd
FBeg
 1126    O PRO A 173  3833    O HOH B 208 hbw
4.042 61.596 128.164 2.818 58.444 125.080  1.63
4.112332 59.861773 126.512907 
6.420300 60.772589 124.666006 
4.683474 60.888492 125.236870 
3.947149 60.161436 126.272195 
FEnd
FBeg
 2649  OD1 ASN B  97  3833    O HOH B 208 hbw
5.163 58.212 127.896 2.818 58.444 125.080  11.73
2.978615 57.840282 127.290458 
3.269448 57.395848 127.011653 
4.520084 57.428754 125.972908 
6.211419 58.064998 124.616881 
7.684740 60.821702 123.617101 
6.420300 60.772589 124.666006 
4.112332 59.861773 126.512907 
FEnd
FBeg
 2638  ND2 ASN B  95  3833    O HOH B 208 hbw
-0.085 56.985 128.375 2.818 58.444 125.080  0.22
-0.463139 58.803198 125.375670 
0.300945 58.234509 125.797041 
0.680069 58.291557 126.156322 
-0.494425 58.862187 125.374225 
FEnd
FBeg
 2632   CA ASN B  95  3833    O HOH B 208 unk
0.100 55.130 125.536 2.818 58.444 125.080  3.02
1.700038 57.106936 125.941684 
0.300945 58.234509 125.797041 
-0.463139 58.803198 125.375670 
0.814959 57.535753 123.782597 
FEnd
FBeg
 2636   CG ASN B  95  3833    O HOH B 208 unk
0.587 56.027 127.818 2.818 58.444 125.080  1.86
2.285202 56.974243 126.301356 
2.240857 57.828786 127.019579 
0.680069 58.291557 126.156322 
0.300945 58.234509 125.797041 
1.700038 57.106936 125.941684 
FEnd
FBeg
 2637  OD1 ASN B  95  3833    O HOH B 208 hbw
1.803 55.980 127.949 2.818 58.444 125.080  1.01
2.785421 56.889520 126.405561 
3.269448 57.395848 127.011653 
2.978615 57.840282 127.290458 
2.240857 57.828786 127.019579 
2.285202 56.974243 126.301356 
FEnd
FBeg
 2648   CG ASN B  97  3833    O HOH B 208 unk
5.814 57.221 128.243 2.818 58.444 125.080  0.51
5.193191 57.403188 125.325454 
6.197823 57.821637 124.535662 
6.211419 58.064998 124.616881 
4.520084 57.428754 125.972908 
FEnd
FBeg
 2643    N ASN B  97  3833    O HOH B 208 hbw
4.278 55.072 126.731 2.818 58.444 125.080  1.71
3.482318 56.881382 125.772664 
5.193191 57.403188 125.325454 
4.520084 57.428754 125.972908 
3.269448 57.395848 127.011653 
2.785421 56.889520 126.405561 
FEnd

+-+CCS_record::Boundary loops before union-find
Start boundary loop loop_id 3  init_edge IE_A_Wi
xyz -0.870624 55.1564 130.831
xyz -0.813592 55.1967 130.771
xyz -0.926759 55.1818 130.779
xyz -1.4923 55.4399 130.78
xyz -3.11892 55.1173 129.685
xyz -3.8239 55.7082 128.881
xyz -4.00312 59.1012 127.211
xyz -4.00169 59.1077 127.209
xyz -3.99132 59.1189 127.186
xyz -3.62066 59.4564 126.534
xyz -3.32336 59.6848 126.124
xyz -2.18304 59.8627 126.408
xyz -0.684766 61.6666 127.845
xyz -0.484485 62.2694 128.281
xyz 0.340394 62.0589 129.378
xyz 0.208783 62.169 130.178
xyz -1.2334 62.7275 130.685
xyz -2.4916 63.0843 129.466
xyz -2.45353 62.9939 128.489
xyz -4.55539 60.8862 126.76
xyz -5.48372 60.278 128.526
xyz -5.34122 60.4797 129.105
xyz -5.92429 60.3735 129.499
xyz -6.40313 60.181 129.418
xyz -6.41486 60.1746 129.418
xyz -6.77617 59.6281 129.803
xyz -6.76022 58.3754 131.204
xyz -7.44609 57.5113 131.298
xyz -6.62855 55.7613 132.515
xyz -5.83194 56.1063 132.722
xyz -5.79661 56.0769 133.288
xyz -6.6629 55.7427 132.552
xyz -6.7368 54.8127 132.886
xyz -5.59088 52.9889 134.855
xyz -3.57349 53.1776 136.827
xyz -3.18609 53.156 136.924
xyz -2.32887 53.7313 136.907
xyz -2.09352 53.3629 136.696
xyz -1.12206 52.9672 135.889
xyz -1.60307 52.7752 135.887
xyz -3.16911 53.153 136.918
xyz -3.93367 52.4979 137.804
xyz -4.07869 49.1067 139.461
xyz -4.07722 49.1002 139.463
xyz -4.06677 49.0893 139.486
xyz -3.68056 48.7473 140.147
xyz -3.27427 48.443 140.695
xyz -1.80093 48.2613 140.221
xyz -0.452352 46.5612 138.757
xyz -0.286782 46.0481 138.372
xyz 0.421138 46.301 137.334
xyz 0.302599 46.1787 136.523
xyz -0.992941 45.5178 135.983
xyz -2.22166 45.0232 137.102
xyz -2.17124 45.1371 138.21
xyz -4.42259 47.224 140.15
xyz -4.48752 47.2723 140.121
xyz -5.59583 47.8878 138.124
xyz -5.36629 47.5755 137.213
xyz -5.61537 47.6023 137.031
xyz -6.23909 47.8116 137.108
xyz -6.42988 47.9032 137.101
xyz -6.43228 49.5904 135.196
xyz -7.56608 50.9739 134.962
xyz -6.95872 52.2656 134.098
xyz -6.75477 52.2642 134.02
xyz -5.39708 51.7674 133.736
xyz -5.35543 51.8115 132.921
xyz -6.75477 52.2642 134.02
xyz -6.87966 52.3599 134.093
xyz -6.99148 53.5176 133.671
xyz -6.78155 54.7109 132.933
xyz -5.82774 55.3752 131.742
xyz -3.51505 55.0984 129.71
xyz -3.19582 55.1066 129.656
xyz -2.02518 54.3612 129.749
xyz -1.73588 54.8164 130.022
xyz -0.926759 55.1818 130.779
End loop
Boundary info init_edge IE_A_Wi [total exposed]: 96.895178 96.895178
Start boundary loop loop_id 4  init_edge IE_A_Wi
xyz 5.65099 54.2536 132.154
xyz 5.76347 54.1723 132.261
xyz 6.06234 53.8836 132.79
xyz 5.23592 52.4874 132.105
xyz 5.24503 52.442 132.099
xyz 3.41492 51.2605 132.108
xyz 1.83207 49.9535 132.452
xyz 1.97262 49.7735 132.771
xyz 3.52575 49.6123 134.135
xyz 6.19512 50.76 134.8
xyz 7.90846 53.0455 133.401
xyz 7.46385 53.9509 133.417
xyz 5.57259 54.1392 134.335
xyz 5.7439 54.3173 134.012
xyz 4.8582 55.8132 134.666
xyz 4.89474 56.0373 134.701
xyz 3.08189 57.0873 134.533
xyz 1.86099 58.0194 134.153
xyz 1.66319 58.3412 134.363
xyz 1.78832 58.4958 133.971
xyz 1.95778 58.3673 133.684
xyz 3.30266 58.6518 132.551
xyz 6.4493 57.6424 131.882
xyz 8.41478 55.4775 133.28
xyz 7.95501 54.5214 133.24
xyz 5.81417 54.2159 132.242
End loop
Boundary info init_edge IE_A_Wi [total exposed]: 38.095925 38.095925
Start boundary loop loop_id 5  init_edge IE_B_Wi
xyz 7.79872 47.729 143.026
xyz 9.15406 47.6116 144.873
xyz 8.47135 47.0241 147.028
xyz 5.39748 46.2325 147.887
xyz 1.23426 45.6914 146.515
xyz 1.58016 46.5852 142.579
xyz 0.702834 47.3187 141.934
xyz -0.89853 48.3771 141.75
xyz -0.215667 46.834 145.697
xyz -0.14151 46.8221 145.908
xyz -0.135056 46.8316 145.912
xyz 0.952696 48.774 146.061
xyz 1.29448 50.535 144.504
xyz 2.10884 50.5982 144.904
xyz 2.66704 50.673 144.961
xyz 4.21094 50.0717 146.012
xyz 8.29118 49.0689 146.053
xyz 8.37626 49.3643 144.577
xyz 6.31233 50.3878 142.147
End loop
Boundary info init_edge IE_B_Wi [total exposed]: 44.428639 44.428639
Start boundary loop loop_id 6  init_edge IE_B_Wi
xyz 5.39587 62.1629 118.731
xyz 0.953261 62.4601 120.188
xyz 1.31629 61.6083 123.995
xyz 0.511826 60.8923 124.544
xyz -0.801617 59.9664 124.601
xyz -0.242048 61.3816 121.054
xyz -0.13734 61.3989 120.748
xyz 0.00670044 61.1902 120.664
xyz 0.965182 59.4907 120.553
xyz 1.34034 57.6933 122.146
xyz 2.15017 57.6375 121.739
xyz 2.73198 57.5653 121.674
xyz 4.25362 58.1682 120.623
xyz 8.09128 59.1404 120.553
xyz 8.34727 59.0379 121.335
xyz 8.38142 58.9427 121.823
xyz 6.19782 57.8216 124.536
xyz 6.21142 58.065 124.617
xyz 7.68474 60.8217 123.617
xyz 9.10709 61.045 121.64
xyz 8.52944 61.5454 119.639
End loop
Boundary info init_edge IE_B_Wi [total exposed]: 44.090364 44.090364
+-+Surf_areas::Interface areas<Areas altogether before UFind>: IE_A_B: 117.97 IE_A_Wi: 165.31 IE_B_Wi: 165.78 
+-+Surf_areas::Chem Interface areas<Areas altogether before UFind>: ali: 29.43 aro: 0.11 hbd: 38.79 hbw: 111.12 hbdp: 0.00 elu: 0.00 elf: 0.00 hbwp: 0.00 ssb: 0.00 unk: 269.61 
+++UnionFindAlgo::processing merged ccs...

+-+MCC_record::Boundary nets of merged cc after union-find
Start boundary net with  1 loops
Start boundary loop loop_id 0
Start boundary loop auf loop_id 0  init_edge IE_A_B
xyz 5.01317 54.1438 133.466
xyz 1.32747 52.3369 133.772
xyz 0.04712 52.9991 133.53
xyz -0.211715 54.1231 133.213
xyz 0.0480352 55.1791 132.941
xyz 1.45621 55.9002 132.816
End loop. Loop info [total exposed]: 13.5019 0
End net. Net info [total exposed]: 13.5019 0
Start boundary net with  1 loops
Start boundary loop loop_id 1
Start boundary loop auf loop_id 1  init_edge IE_A_B
xyz 2.54275 56.7215 130.132
xyz 3.6646 58.0859 130.418
xyz 3.78426 58.182 130.459
xyz 6.4493 57.6424 131.882
xyz 6.56528 57.6492 131.894
xyz 6.66168 57.7744 131.708
xyz 7.12437 58.9378 130.699
xyz 7.09111 59.1542 130.467
xyz 6.9254 60.1791 129.315
xyz 6.79633 60.1176 129.382
xyz 6.64005 60.4939 129.105
xyz 7.2292 60.709 128.852
xyz 7.78166 61.2052 124.898
xyz 6.4203 60.7726 124.666
xyz 4.11233 59.8618 126.513
xyz 2.97861 57.8403 127.29
xyz 2.24086 57.8288 127.02
xyz 0.680069 58.2916 126.156
xyz -0.494425 58.8622 125.374
xyz -1.92436 59.6566 125.617
xyz -2.18304 59.8627 126.408
xyz -0.727679 59.2839 128.915
xyz -0.762552 59.0004 129.646
xyz -0.799053 58.965 129.716
xyz -0.413063 57.9948 130.449
xyz 1.53827 56.41 130.518
xyz 1.67439 56.4558 130.623
xyz 1.90284 56.4217 130.4
End loop. Loop info [total exposed]: 36.7266 13.1476
End net. Net info [total exposed]: 36.7266 13.1476
Start boundary net with  1 loops
Start boundary loop loop_id 2
Start boundary loop auf loop_id 2  init_edge IE_A_B
xyz 4.35837 48.4083 140.264
xyz 2.9744 50.5126 139.397
xyz 2.16284 50.4623 139.653
xyz 0.737428 49.9268 140.37
xyz -0.710495 49.0615 141.29
xyz -1.51271 48.5291 141.172
xyz -1.80093 48.2613 140.221
xyz -0.526661 48.8817 137.736
xyz -0.564193 49.1911 136.935
xyz -0.650245 49.2826 136.747
xyz -0.40626 49.9895 136.237
xyz 1.39851 51.8271 136.127
xyz 1.56766 51.7767 135.976
xyz 1.91495 51.8459 136.279
xyz 2.45659 51.6632 136.491
xyz 3.87083 50.1544 136.121
xyz 3.90008 50.1337 136.111
xyz 6.19512 50.76 134.8
xyz 6.65209 50.7599 134.76
xyz 6.68813 50.7251 134.819
xyz 7.01957 50.1203 135.388
xyz 7.18286 49.7475 135.676
xyz 8.67616 48.8883 136.269
xyz 8.45889 47.8434 137.521
xyz 7.46715 47.6895 137.957
xyz 7.06464 47.937 137.779
xyz 6.87991 48.2273 137.495
xyz 6.81087 48.004 137.663
xyz 7.06464 47.937 137.779
xyz 7.82535 47.4738 142.137
xyz 6.81825 47.7049 142.21
End loop. Loop info [total exposed]: 39.426 15.4985
End net. Net info [total exposed]: 39.426 15.4985
Start boundary net with  1 loops
Start boundary loop loop_id 5
Start boundary loop auf loop_id 5  init_edge IE_B_Wi
xyz 7.79872 47.729 143.026
xyz 9.15406 47.6116 144.873
xyz 8.47135 47.0241 147.028
xyz 5.39748 46.2325 147.887
xyz 1.23426 45.6914 146.515
xyz 1.58016 46.5852 142.579
xyz 0.702834 47.3187 141.934
xyz -0.89853 48.3771 141.75
xyz -0.215667 46.834 145.697
xyz -0.14151 46.8221 145.908
xyz -0.135056 46.8316 145.912
xyz 0.952696 48.774 146.061
xyz 1.29448 50.535 144.504
xyz 2.10884 50.5982 144.904
xyz 2.66704 50.673 144.961
xyz 4.21094 50.0717 146.012
xyz 8.29118 49.0689 146.053
xyz 8.37626 49.3643 144.577
xyz 6.31233 50.3878 142.147
End loop. Loop info [total exposed]: 44.4286 44.4286
End net. Net info [total exposed]: 44.4286 44.4286
Start boundary net with  1 loops
Start boundary loop loop_id 6
Start boundary loop auf loop_id 6  init_edge IE_B_Wi
xyz 5.39587 62.1629 118.731
xyz 0.953261 62.4601 120.188
xyz 1.31629 61.6083 123.995
xyz 0.511826 60.8923 124.544
xyz -0.801617 59.9664 124.601
xyz -0.242048 61.3816 121.054
xyz -0.13734 61.3989 120.748
xyz 0.00670044 61.1902 120.664
xyz 0.965182 59.4907 120.553
xyz 1.34034 57.6933 122.146
xyz 2.15017 57.6375 121.739
xyz 2.73198 57.5653 121.674
xyz 4.25362 58.1682 120.623
xyz 8.09128 59.1404 120.553
xyz 8.34727 59.0379 121.335
xyz 8.38142 58.9427 121.823
xyz 6.19782 57.8216 124.536
xyz 6.21142 58.065 124.617
xyz 7.68474 60.8217 123.617
xyz 9.10709 61.045 121.64
xyz 8.52944 61.5454 119.639
End loop. Loop info [total exposed]: 44.0904 44.0904
End net. Net info [total exposed]: 44.0904 44.0904
Start boundary net with  1 loops
Start boundary loop loop_id 3
Start boundary loop auf loop_id 3  init_edge IE_A_Wi
xyz -0.870624 55.1564 130.831
xyz -0.813592 55.1967 130.771
xyz -0.926759 55.1818 130.779
xyz -1.4923 55.4399 130.78
xyz -3.11892 55.1173 129.685
xyz -3.8239 55.7082 128.881
xyz -4.00312 59.1012 127.211
xyz -4.00169 59.1077 127.209
xyz -3.99132 59.1189 127.186
xyz -3.62066 59.4564 126.534
xyz -3.32336 59.6848 126.124
xyz -2.18304 59.8627 126.408
xyz -0.684766 61.6666 127.845
xyz -0.484485 62.2694 128.281
xyz 0.340394 62.0589 129.378
xyz 0.208783 62.169 130.178
xyz -1.2334 62.7275 130.685
xyz -2.4916 63.0843 129.466
xyz -2.45353 62.9939 128.489
xyz -4.55539 60.8862 126.76
xyz -5.48372 60.278 128.526
xyz -5.34122 60.4797 129.105
xyz -5.92429 60.3735 129.499
xyz -6.40313 60.181 129.418
xyz -6.41486 60.1746 129.418
xyz -6.77617 59.6281 129.803
xyz -6.76022 58.3754 131.204
xyz -7.44609 57.5113 131.298
xyz -6.62855 55.7613 132.515
xyz -5.83194 56.1063 132.722
xyz -5.79661 56.0769 133.288
xyz -6.6629 55.7427 132.552
xyz -6.7368 54.8127 132.886
xyz -5.59088 52.9889 134.855
xyz -3.57349 53.1776 136.827
xyz -3.18609 53.156 136.924
xyz -2.32887 53.7313 136.907
xyz -2.09352 53.3629 136.696
xyz -1.12206 52.9672 135.889
xyz -1.60307 52.7752 135.887
xyz -3.16911 53.153 136.918
xyz -3.93367 52.4979 137.804
xyz -4.07869 49.1067 139.461
xyz -4.07722 49.1002 139.463
xyz -4.06677 49.0893 139.486
xyz -3.68056 48.7473 140.147
xyz -3.27427 48.443 140.695
xyz -1.80093 48.2613 140.221
xyz -0.452352 46.5612 138.757
xyz -0.286782 46.0481 138.372
xyz 0.421138 46.301 137.334
xyz 0.302599 46.1787 136.523
xyz -0.992941 45.5178 135.983
xyz -2.22166 45.0232 137.102
xyz -2.17124 45.1371 138.21
xyz -4.42259 47.224 140.15
xyz -4.48752 47.2723 140.121
xyz -5.59583 47.8878 138.124
xyz -5.36629 47.5755 137.213
xyz -5.61537 47.6023 137.031
xyz -6.23909 47.8116 137.108
xyz -6.42988 47.9032 137.101
xyz -6.43228 49.5904 135.196
xyz -7.56608 50.9739 134.962
xyz -6.95872 52.2656 134.098
xyz -6.75477 52.2642 134.02
xyz -5.39708 51.7674 133.736
xyz -5.35543 51.8115 132.921
xyz -6.75477 52.2642 134.02
xyz -6.87966 52.3599 134.093
xyz -6.99148 53.5176 133.671
xyz -6.78155 54.7109 132.933
xyz -5.82774 55.3752 131.742
xyz -3.51505 55.0984 129.71
xyz -3.19582 55.1066 129.656
xyz -2.02518 54.3612 129.749
xyz -1.73588 54.8164 130.022
xyz -0.926759 55.1818 130.779
End loop. Loop info [total exposed]: 96.8952 96.8952
End net. Net info [total exposed]: 96.8952 96.8952
Start boundary net with  1 loops
Start boundary loop loop_id 4
Start boundary loop auf loop_id 4  init_edge IE_A_Wi
xyz 5.65099 54.2536 132.154
xyz 5.76347 54.1723 132.261
xyz 6.06234 53.8836 132.79
xyz 5.23592 52.4874 132.105
xyz 5.24503 52.442 132.099
xyz 3.41492 51.2605 132.108
xyz 1.83207 49.9535 132.452
xyz 1.97262 49.7735 132.771
xyz 3.52575 49.6123 134.135
xyz 6.19512 50.76 134.8
xyz 7.90846 53.0455 133.401
xyz 7.46385 53.9509 133.417
xyz 5.57259 54.1392 134.335
xyz 5.7439 54.3173 134.012
xyz 4.8582 55.8132 134.666
xyz 4.89474 56.0373 134.701
xyz 3.08189 57.0873 134.533
xyz 1.86099 58.0194 134.153
xyz 1.66319 58.3412 134.363
xyz 1.78832 58.4958 133.971
xyz 1.95778 58.3673 133.684
xyz 3.30266 58.6518 132.551
xyz 6.4493 57.6424 131.882
xyz 8.41478 55.4775 133.28
xyz 7.95501 54.5214 133.24
xyz 5.81417 54.2159 132.242
End loop. Loop info [total exposed]: 38.0959 38.0959
End net. Net info [total exposed]: 38.0959 38.0959
+-+Surf_areas::Interface areas<for merged connected component>: IE_A_B: 117.97 IE_A_Wi: 165.31 IE_B_Wi: 165.78 
+-+Surf_areas::Chem Interface areas<for merged connected component>: ali: 29.43 aro: 0.11 hbd: 38.79 hbw: 111.12 hbdp: 0.00 elu: 0.00 elf: 0.00 hbwp: 0.00 ssb: 0.00 unk: 269.61 
+-+MCC_record::dump_stats::Nb loops_before - nets_after uf merge: 7 7
