Begin VSO per interface edge
63 3711  1
79 3711  1
82 3699  3
82 3700  3
82 3701  3
82 3702  2
82 3710  3
82 3711  2
85 3702  1
85 3703  1
85 3711  1
86 3702  1
88 3699  3
88 3700  4
88 3701  4
88 3702  2
89 3699  3
90 3691  2
90 3699  3
91 3690  1
91 3691  1
91 3699  2
91 3702  1
92 3691  2
92 3699  3
92 3700  3
92 3701  4
95 3691  2
95 3700  3
95 3701  3
95 3704  2
95 3705  2
95 3706  1
95 3707  1
97 3707  1
116 2840  1
598 3691  1
599 3691  1
966 2815  1
967 2814  2
967 2815  1
967 2816  2
967 2819  2
967 3322  1
967 3323  1
967 3696  1
970 3694  1
970 3696  1
972 3691  1
972 3694  1
975 2806  3
975 2812  3
975 2813  3
975 2814  3
975 2815  2
975 2816  3
976 2806  3
976 2812  4
976 2816  3
976 2819  3
977 2806  3
977 2812  4
977 2816  4
977 2819  3
977 4972  3
978 2806  2
978 2809  1
978 2810  1
978 2812  2
978 2815  1
979 2809  1
980 2819  2
981 2819  2
981 4972  3
982 2819  1
982 4962  2
982 4965  2
982 4968  2
982 4972  3
983 2819  1
983 2821  1
983 4956  1
983 4962  1
983 4968  2
983 4972  2
985 4968  1
985 4972  2
985 4973  1
985 4974  1
985 4977  1
986 2806  3
986 4972  3
987 2787  1
987 2803  1
987 2806  2
987 2809  1
987 4970  2
987 4972  2
987 4973  1
990 4948  1
990 4962  2
993 4962  2
993 4965  1
993 4968  2
994 4926  3
994 4962  3
994 4965  2
994 4966  3
995 4924  2
995 4926  2
995 4948  1
995 4949  1
995 4962  2
995 4966  2
996 4926  2
996 4928  2
996 4929  1
996 4965  1
996 4966  2
997 4949  1
1001 3728  1
1001 4949  1
1001 4950  1
1001 4952  1
1002 3726  2
1002 3727  1
1002 3728  1
1002 4950  2
1002 4952  2
1003 3726  1
1003 3727  1
1004 3725  1
1004 3726  1
1012 4926  1
1013 4949  2
1013 4952  1
1014 4924  1
1014 4926  1
1014 4949  2
1014 4952  1
1015 4952  2
2200 3719  2
2200 3738  1
2202 3718  3
2202 3719  2
2202 3720  2
2202 3736  1
2202 3738  1
2204 3720  2
2205 3720  1
2224 3714  1
2224 3719  1
2225 3719  1
2225 3721  1
2225 3725  1
2225 3737  2
2225 3738  2
2226 3725  1
2226 3726  2
2227 4952  2
2228 3725  1
2228 3726  2
2228 3737  1
2228 3738  1
2228 3739  2
2228 4951  2
2228 4952  2
2232 3707  1
2238 3706  2
2238 3707  1
2238 3714  2
2238 3717  2
2238 3718  3
2238 3719  2
2241 3706  2
2241 3717  1
2241 3718  2
2241 3720  1
2242 3718  3
2242 3719  2
2242 3720  2
2244 3706  2
2244 3707  2
2244 3709  1
2244 3717  2
2246 3711  2
2248 3701  3
2248 3705  3
2248 3706  3
2248 3707  2
2248 3709  2
2248 3710  3
2248 3711  2
2249 3709  1
2249 3711  1
2250 3709  1
2253 3709  1
End VSO per interface edge

Voronoi Facets of interface MI_AB
FBeg
  599  CH2 TRP A  73  3691    O HIS B 120 unk
-0.430 3.763 2.244 0.015 5.930 -1.847  3.16
-0.419122 3.036034 -1.045756 
1.374984 3.564291 -0.570784 
1.668354 3.912186 -0.354593 
1.078063 5.429988 0.385176 
-0.880886 3.240747 -0.987548 
FEnd
FBeg
  598  CZ3 TRP A  73  3691    O HIS B 120 unk
-1.323 4.774 1.906 0.015 5.930 -1.847  8.96
1.078063 5.429988 0.385176 
1.000306 6.475231 0.679411 
-2.446603 5.861787 -0.738416 
-3.358238 4.866287 -1.370062 
-3.360009 4.849246 -1.375942 
-0.880886 3.240747 -0.987548 
FEnd
FBeg
   95  CD2 TYR A  12  3691    O HIS B 120 unk
-4.044 8.241 0.369 0.015 5.930 -1.847  1.06
-2.446603 5.861787 -0.738416 
-2.316426 6.621614 -1.292375 
-2.596248 6.338766 -1.509944 
-3.031715 5.691156 -1.632208 
-3.358238 4.866287 -1.370062 
FEnd
FBeg
   95  CD2 TYR A  12  3706    C GLU B 122 ali
-4.044 8.241 0.369 -4.921 7.193 -4.021  2.16
-3.031715 5.691156 -1.632208 
-3.358238 4.866287 -1.370062 
-3.553988 4.743037 -1.301534 
-4.780452 8.049247 -1.845793 
-3.486151 6.945010 -1.840750 
FEnd
FBeg
   95  CD2 TYR A  12  3705   CA GLU B 122 ali
-4.044 8.241 0.369 -3.941 8.341 -4.170  1.79
-4.780452 8.049247 -1.845793 
-4.965813 8.304698 -1.844371 
-3.780063 9.101647 -1.799906 
-3.576025 8.822797 -1.801419 
-3.353497 7.609413 -1.823102 
-3.486151 6.945010 -1.840750 
FEnd
FBeg
   95  CD2 TYR A  12  3701    O SER B 121 unk
-4.044 8.241 0.369 -2.153 9.640 -2.457  1.38
-3.780063 9.101647 -1.799906 
-3.499794 10.211909 -1.062735 
-2.513679 9.066962 -0.969684 
-2.461736 8.734662 -1.099431 
-3.576025 8.822797 -1.801419 
FEnd
FBeg
   92   CB TYR A  12  3701    O SER B 121 unk
-1.618 8.343 1.079 -2.153 9.640 -2.457  0.09
-2.513679 9.066962 -0.969684 
-2.461736 8.734662 -1.099431 
-2.010800 8.927181 -1.097042 
FEnd
FBeg
   92   CB TYR A  12  3700    C SER B 121 ali
-1.618 8.343 1.079 -1.758 8.724 -3.199  1.94
-2.461736 8.734662 -1.099431 
-2.010800 8.927181 -1.097042 
-1.208710 8.800791 -1.134547 
-1.642260 7.057533 -1.275614 
-2.316426 6.621614 -1.292375 
FEnd
FBeg
   92   CB TYR A  12  3699   CA SER B 121 ali
-1.618 8.343 1.079 -0.292 8.359 -3.194  2.03
-1.208710 8.800791 -1.134547 
-1.099497 8.806329 -1.100636 
0.005762 8.278078 -0.759629 
0.377388 7.661607 -0.646614 
-1.642260 7.057533 -1.275614 
FEnd
FBeg
   90    C TYR A  12  3699   CA SER B 121 ali
0.611 9.668 0.977 -0.292 8.359 -3.194  0.19
0.005762 8.278078 -0.759629 
0.377388 7.661607 -0.646614 
0.380741 7.661625 -0.647346 
0.026036 9.204352 -1.054714 
FEnd
FBeg
   91    O TYR A  12  3699   CA SER B 121 unk
1.255 9.533 -0.095 -0.292 8.359 -3.194  3.94
0.380741 7.661625 -0.647346 
1.471903 7.525971 -1.140656 
2.643938 7.791379 -1.826274 
0.308724 10.061374 -1.520497 
0.014269 9.339622 -1.100085 
0.026036 9.204352 -1.054714 
FEnd
FBeg
   91    O TYR A  12  3702   CB SER B 121 unk
1.255 9.533 -0.095 0.641 9.410 -3.871  8.36
2.643938 7.791379 -1.826274 
0.308724 10.061374 -1.520497 
0.493732 10.537000 -1.566074 
3.946550 10.756511 -2.134673 
4.371162 8.154958 -2.118974 
3.255340 7.712766 -1.923130 
FEnd
FBeg
   86  OG1 THR A  11  3702   CB SER B 121 unk
0.730 12.354 -2.194 0.641 9.410 -3.871  17.66
0.493732 10.537000 -1.566074 
3.946550 10.756511 -2.134673 
4.249447 10.919512 -2.436898 
5.721822 12.546169 -5.370660 
0.709614 12.621582 -5.237047 
0.047224 10.718654 -1.861274 
FEnd
FBeg
   85   CB THR A  11  3702   CB SER B 121 ali
-0.425 13.141 -1.977 0.641 9.410 -3.871  4.66
0.709614 12.621582 -5.237047 
0.558325 12.622915 -5.324822 
-1.176908 11.782713 -4.646347 
-1.474177 11.501861 -4.260407 
-0.277022 10.713653 -2.033916 
0.047224 10.718654 -1.861274 
FEnd
FBeg
   82   CA THR A  11  3702   CB SER B 121 ali
-1.783 12.536 -1.461 0.641 9.410 -3.871  0.75
-1.474177 11.501861 -4.260407 
-1.532894 11.427655 -4.223213 
-1.557563 11.392050 -4.201841 
-0.998893 10.774040 -2.838308 
-0.697564 10.516350 -2.200981 
-0.695385 10.516065 -2.198419 
-0.277022 10.713653 -2.033916 
FEnd
FBeg
   82   CA THR A  11  3699   CA SER B 121 ali
-1.783 12.536 -1.461 -0.292 8.359 -3.194  0.00
-0.697564 10.516350 -2.200981 
-0.695385 10.516065 -2.198419 
-0.697223 10.515506 -2.198653 
FEnd
FBeg
   82   CA THR A  11  3701    O SER B 121 unk
-1.783 12.536 -1.461 -2.153 9.640 -2.457  4.55
-0.998893 10.774040 -2.838308 
-0.697564 10.516350 -2.200981 
-0.697223 10.515506 -2.198653 
-3.397398 10.524973 -1.223103 
-3.045782 11.241604 -3.437423 
-1.980187 11.293075 -3.982934 
-1.960790 11.293660 -3.991842 
FEnd
FBeg
   82   CA THR A  11  3700    C SER B 121 ali
-1.783 12.536 -1.461 -1.758 8.724 -3.199  0.37
-1.557563 11.392050 -4.201841 
-0.998893 10.774040 -2.838308 
-1.960790 11.293660 -3.991842 
FEnd
FBeg
   82   CA THR A  11  3710   CD GLU B 122 ali
-1.783 12.536 -1.461 -3.808 11.241 -5.956  0.01
-1.532894 11.427655 -4.223213 
-1.557563 11.392050 -4.201841 
-1.960790 11.293660 -3.991842 
-1.980187 11.293075 -3.982934 
FEnd
FBeg
   82   CA THR A  11  3711  OE1 GLU B 122 unk
-1.783 12.536 -1.461 -3.675 12.163 -5.192  2.99
-1.474177 11.501861 -4.260407 
-1.532894 11.427655 -4.223213 
-1.980187 11.293075 -3.982934 
-3.045782 11.241604 -3.437423 
-3.568394 12.166254 -3.264845 
-2.251057 13.418267 -4.058038 
FEnd
FBeg
   79    O ALA A  10  3711  OE1 GLU B 122 unk
-4.011 13.999 -2.852 -3.675 12.163 -5.192  15.50
-3.568394 12.166254 -3.264845 
-2.251057 13.418267 -4.058038 
-1.896473 14.270357 -4.675687 
-2.587676 15.544730 -5.774829 
-3.238143 16.147802 -6.341409 
-6.381484 15.272983 -6.106364 
-6.198864 13.430764 -4.634708 
-6.161770 13.345496 -4.562480 
-6.084474 13.246871 -4.473998 
FEnd
FBeg
 2246    C ALA A 283  3711  OE1 GLU B 122 unk
-7.583 11.823 -2.157 -3.675 12.163 -5.192  0.01
-6.161770 13.345496 -4.562480 
-6.152390 13.171513 -4.569892 
-6.084474 13.246871 -4.473998 
FEnd
FBeg
 2249    N SER A 284  3711  OE1 GLU B 122 hbd
-8.428 11.820 -3.156 -3.675 12.163 -5.192  0.22
-6.198864 13.430764 -4.634708 
-6.434832 13.026754 -5.253634 
-6.253553 12.802250 -4.868263 
-6.152390 13.171513 -4.569892 
-6.161770 13.345496 -4.562480 
FEnd
FBeg
 2249    N SER A 284  3709   CG GLU B 122 unk
-8.428 11.820 -3.156 -4.811 10.154 -5.828  3.73
-6.434832 13.026754 -5.253634 
-6.253553 12.802250 -4.868263 
-7.412061 10.036577 -4.712092 
-8.172740 9.505722 -5.410810 
-8.194735 9.517645 -5.448018 
-8.175111 9.901113 -5.660547 
-7.151783 12.278111 -5.757367 
FEnd
FBeg
 2250   CA SER A 284  3709   CG GLU B 122 ali
-9.311 12.924 -3.540 -4.811 10.154 -5.828  0.62
-7.151783 12.278111 -5.757367 
-6.434832 13.026754 -5.253634 
-6.456260 13.068033 -5.345753 
-6.827836 13.292796 -6.348676 
FEnd
FBeg
 2253   CB SER A 284  3709   CG GLU B 122 ali
-10.136 12.491 -4.735 -4.811 10.154 -5.828  7.53
-8.175111 9.901113 -5.660547 
-7.151783 12.278111 -5.757367 
-6.827836 13.292796 -6.348676 
-7.243650 13.408736 -8.622383 
-8.471829 9.801292 -6.892699 
FEnd
FBeg
 2244    N ALA A 283  3709   CG GLU B 122 unk
-7.566 9.366 -2.230 -4.811 10.154 -5.828  1.55
-7.412061 10.036577 -4.712092 
-8.172740 9.505722 -5.410810 
-7.610195 8.529062 -5.193967 
-7.564565 8.508433 -5.163545 
-6.660139 8.957474 -4.372679 
FEnd
FBeg
 2244    N ALA A 283  3706    C GLU B 122 unk
-7.566 9.366 -2.230 -4.921 7.193 -4.021  2.05
-7.564565 8.508433 -5.163545 
-6.660139 8.957474 -4.372679 
-6.001940 8.457987 -2.794609 
-7.286521 7.838746 -3.940398 
-7.562208 8.102797 -4.667911 
-7.581571 8.368598 -5.019000 
FEnd
FBeg
 2241   CB PRO A 282  3706    C GLU B 122 ali
-10.237 7.556 -3.453 -4.921 7.193 -4.021  0.02
-7.562208 8.102797 -4.667911 
-7.581571 8.368598 -5.019000 
-7.571008 7.969079 -4.664809 
FEnd
FBeg
 2241   CB PRO A 282  3717   CB ASN B 123 ali
-10.237 7.556 -3.453 -6.859 5.413 -5.971  5.56
-7.581571 8.368598 -5.019000 
-7.571008 7.969079 -4.664809 
-8.386201 5.956097 -4.045231 
-9.013831 6.580482 -5.418620 
-8.990605 8.641721 -7.141724 
-8.381098 8.902863 -6.546297 
-7.610195 8.529062 -5.193967 
FEnd
FBeg
 2241   CB PRO A 282  3720  ND2 ASN B 123 unk
-10.237 7.556 -3.453 -8.945 4.797 -6.736  8.61
-9.013831 6.580482 -5.418620 
-9.538909 5.966481 -5.109260 
-12.203476 7.514003 -7.458402 
-12.434245 8.318840 -8.225597 
-9.390622 8.818069 -7.447348 
-8.990605 8.641721 -7.141724 
FEnd
FBeg
 2205   OH TYR A 277  3720  ND2 ASN B 123 hbd
-13.995 4.124 -5.923 -8.945 4.797 -6.736  14.92
-12.203476 7.514003 -7.458402 
-12.434245 8.318840 -8.225597 
-12.512767 8.434808 -8.617342 
-12.010964 3.329711 -9.726351 
-11.745142 2.234279 -8.981975 
-11.671955 1.978531 -8.739078 
-11.520418 1.699076 -8.029128 
-11.466536 1.764546 -7.640245 
-11.640167 4.710725 -6.279922 
-11.724239 5.407142 -6.225646 
FEnd
FBeg
 2204   CZ TYR A 277  3720  ND2 ASN B 123 unk
-13.814 4.039 -4.552 -8.945 4.797 -6.736  0.11
-11.640167 4.710725 -6.279922 
-11.555643 5.064668 -5.968640 
-11.724239 5.407142 -6.225646 
FEnd
FBeg
 2202  CE1 TYR A 277  3720  ND2 ASN B 123 unk
-12.736 3.326 -4.034 -8.945 4.797 -6.736  5.63
-11.466536 1.764546 -7.640245 
-10.399763 2.189375 -5.912244 
-10.332025 2.795930 -5.486989 
-10.427069 4.174674 -4.869735 
-11.555643 5.064668 -5.968640 
-11.640167 4.710725 -6.279922 
FEnd
FBeg
 2202  CE1 TYR A 277  3718   CG ASN B 123 aro
-12.736 3.326 -4.034 -8.043 4.467 -5.860  0.58
-10.332025 2.795930 -5.486989 
-10.427069 4.174674 -4.869735 
-10.108386 3.849213 -4.254056 
FEnd
FBeg
 2242   CG PRO A 282  3718   CG ASN B 123 ali
-11.085 6.316 -3.308 -8.043 4.467 -5.860  3.51
-10.427069 4.174674 -4.869735 
-10.108386 3.849213 -4.254056 
-8.591240 4.818757 -3.148072 
-8.696223 5.543490 -3.798303 
-9.538909 5.966481 -5.109260 
FEnd
FBeg
 2238   CA PRO A 282  3718   CG ASN B 123 ali
-9.241 7.518 -2.266 -8.043 4.467 -5.860  0.74
-8.591240 4.818757 -3.148072 
-8.065635 4.911040 -3.051211 
-8.021700 5.554183 -3.582540 
-8.386201 5.956097 -4.045231 
-8.696223 5.543490 -3.798303 
FEnd
FBeg
 2238   CA PRO A 282  3714   CA ASN B 123 ali
-9.241 7.518 -2.266 -5.779 5.079 -4.932  1.96
-8.065635 4.911040 -3.051211 
-8.021700 5.554183 -3.582540 
-7.410921 6.709246 -3.846111 
-7.206577 4.924085 -1.947593 
-7.920407 4.674543 -2.646261 
FEnd
FBeg
 2224    O LEU A 280  3714   CA ASN B 123 unk
-9.556 3.945 -0.668 -5.779 5.079 -4.932  1.37
-7.206577 4.924085 -1.947593 
-7.920407 4.674543 -2.646261 
-7.247558 3.688794 -2.312416 
-6.305681 4.296588 -1.316472 
FEnd
FBeg
 2224    O LEU A 280  3719  OD1 ASN B 123 hbd
-9.556 3.945 -0.668 -8.025 3.508 -5.044  4.48
-7.920407 4.674543 -2.646261 
-7.247558 3.688794 -2.312416 
-7.385837 3.014222 -2.293430 
-9.530706 2.030685 -2.945622 
-9.746935 3.576383 -3.175630 
-8.616158 4.629046 -2.885135 
FEnd
FBeg
 2200  CD1 TYR A 277  3719  OD1 ASN B 123 unk
-12.611 3.223 -2.648 -8.025 3.508 -5.044  1.28
-9.530706 2.030685 -2.945622 
-9.746935 3.576383 -3.175630 
-9.950340 3.594112 -3.562843 
-9.907267 1.659968 -3.710463 
-9.596090 1.616906 -3.119985 
FEnd
FBeg
 2200  CD1 TYR A 277  3738  CD1 LEU B 125 ali
-12.611 3.223 -2.648 -9.558 -1.605 -4.609  5.59
-9.907267 1.659968 -3.710463 
-9.596090 1.616906 -3.119985 
-11.421890 -0.092677 -1.753489 
-11.719542 -0.353899 -1.573761 
-12.202245 -0.546338 -1.851476 
-13.081414 -0.401270 -3.577375 
FEnd
FBeg
 2202  CE1 TYR A 277  3738  CD1 LEU B 125 ali
-12.736 3.326 -4.034 -9.558 -1.605 -4.609  13.51
-13.081414 -0.401270 -3.577375 
-9.907267 1.659968 -3.710463 
-9.945011 1.656249 -3.887186 
-12.405158 0.497794 -7.549798 
-15.033372 -1.311222 -6.562330 
-15.033039 -1.312468 -6.549809 
FEnd
FBeg
 2228  CD2 LEU A 280  3738  CD1 LEU B 125 ali
-7.918 -0.756 -0.659 -9.558 -1.605 -4.609  22.55
-11.421890 -0.092677 -1.753489 
-11.719542 -0.353899 -1.573761 
-12.108704 -1.185592 -1.233423 
-13.055588 -5.637035 0.116492 
-12.514160 -5.781730 -0.077204 
-8.948970 -4.260683 -1.884363 
-8.395308 -3.652735 -2.244908 
-8.170634 -2.646338 -2.554502 
-9.382010 1.126039 -2.862373 
FEnd
FBeg
 2228  CD2 LEU A 280  3737   CG LEU B 125 ali
-7.918 -0.756 -0.659 -8.087 -1.147 -4.785  7.43
-8.170634 -2.646338 -2.554502 
-9.382010 1.126039 -2.862373 
-8.165129 1.597308 -2.956876 
-7.633405 1.589058 -2.977874 
-6.235136 -0.869375 -2.802173 
-6.225304 -0.921222 -2.797663 
FEnd
FBeg
 2228  CD2 LEU A 280  3726   CG ARG B 124 ali
-7.918 -0.756 -0.659 -3.642 -0.101 -2.451  3.02
-6.235136 -0.869375 -2.802173 
-5.734417 0.031663 -1.278037 
-5.042555 -1.213304 -0.082194 
-5.022607 -1.494051 -0.137211 
-5.070112 -1.561675 -0.275284 
-6.030679 -1.521181 -2.552549 
-6.225304 -0.921222 -2.797663 
FEnd
FBeg
 1002   CG ARG A 124  3726   CG ARG B 124 ali
-3.101 -0.964 2.149 -3.642 -0.101 -2.451  8.33
-5.042555 -1.213304 -0.082194 
-5.022607 -1.494051 -0.137211 
-4.800038 -1.645413 -0.191784 
-2.705444 -2.266585 -0.554663 
-2.096263 -1.531654 -0.488429 
-1.708744 0.441514 -0.163821 
-3.579990 1.080106 0.176059 
-4.526140 0.918111 0.256943 
FEnd
FBeg
 1004   NE ARG A 124  3726   CG ARG B 124 unk
-3.466 1.396 2.606 -3.642 -0.101 -2.451  1.28
-3.579990 1.080106 0.176059 
-2.205526 2.176107 -0.196221 
-2.277037 2.264220 -0.219816 
-2.468434 2.379925 -0.247406 
-4.556377 1.295520 0.146273 
-4.526140 0.918111 0.256943 
FEnd
FBeg
 1004   NE ARG A 124  3725   CB ARG B 124 unk
-3.466 1.396 2.606 -4.359 1.106 -2.929  2.32
-2.468434 2.379925 -0.247406 
-4.556377 1.295520 0.146273 
-4.799454 2.310748 0.132298 
-3.828440 3.278425 -0.075063 
FEnd
FBeg
 2226   CG LEU A 280  3725   CB ARG B 124 ali
-7.506 0.397 0.303 -4.359 1.106 -2.929  7.78
-4.556377 1.295520 0.146273 
-4.799454 2.310748 0.132298 
-5.573521 3.520608 -0.356006 
-5.935870 3.453660 -0.723512 
-7.399604 1.678132 -2.538246 
-5.734417 0.031663 -1.278037 
FEnd
FBeg
 2225   CB LEU A 280  3725   CB ARG B 124 ali
-8.663 1.359 0.295 -4.359 1.106 -2.929  1.40
-5.935870 3.453660 -0.723512 
-6.235903 3.732454 -1.145930 
-7.475876 2.097920 -2.673011 
-7.619452 1.735092 -2.836210 
-7.399604 1.678132 -2.538246 
FEnd
FBeg
 2225   CB LEU A 280  3721    N ARG B 124 unk
-8.663 1.359 0.295 -5.028 2.914 -4.321  0.73
-6.235903 3.732454 -1.145930 
-7.475876 2.097920 -2.673011 
-7.385837 3.014222 -2.293430 
-6.346537 3.773085 -1.219365 
FEnd
FBeg
 1003   CD ARG A 124  3726   CG ARG B 124 ali
-2.557 0.307 2.756 -3.642 -0.101 -2.451  1.94
-1.708744 0.441514 -0.163821 
-1.601881 1.790435 -0.291785 
-2.205526 2.176107 -0.196221 
-3.579990 1.080106 0.176059 
FEnd
FBeg
 1003   CD ARG A 124  3727   CD ARG B 124 ali
-2.557 0.307 2.756 -2.274 -0.268 -3.069  1.56
-1.708744 0.441514 -0.163821 
-1.601881 1.790435 -0.291785 
-0.506299 1.133648 -0.173724 
-0.484150 -0.138375 -0.047084 
FEnd
FBeg
 1002   CG ARG A 124  3727   CD ARG B 124 ali
-3.101 -0.964 2.149 -2.274 -0.268 -3.069  1.99
-2.096263 -1.531654 -0.488429 
-1.708744 0.441514 -0.163821 
-0.484150 -0.138375 -0.047084 
-0.451338 -0.886749 -0.141705 
FEnd
FBeg
 1002   CG ARG A 124  3728   NE ARG B 124 unk
-3.101 -0.964 2.149 -1.784 -1.599 -2.918  1.28
-2.705444 -2.266585 -0.554663 
-2.096263 -1.531654 -0.488429 
-0.451338 -0.886749 -0.141705 
-0.411078 -0.991234 -0.118146 
-0.406266 -1.217536 -0.088535 
-2.392989 -2.481294 -0.446544 
FEnd
FBeg
 1001   CB ARG A 124  3728   NE ARG B 124 unk
-2.410 -2.186 2.628 -1.784 -1.599 -2.918  2.31
-0.406266 -1.217536 -0.088535 
-2.392989 -2.481294 -0.446544 
-1.636283 -3.198949 -0.437089 
-0.309934 -2.838969 -0.249278 
FEnd
FBeg
 1001   CB ARG A 124  4950   CG LEU B 280 ali
-2.410 -2.186 2.628 -4.648 -4.588 -0.577  7.78
-2.392989 -2.481294 -0.446544 
-1.636283 -3.198949 -0.437089 
-0.970216 -4.472359 0.052169 
-1.202307 -4.748099 0.420889 
-3.448729 -5.119691 2.268020 
-4.058815 -2.856947 0.998211 
FEnd
FBeg
 1001   CB ARG A 124  4952  CD2 LEU B 280 ali
-2.410 -2.186 2.628 -5.844 -4.365 0.395  3.06
-3.448729 -5.119691 2.268020 
-3.503726 -5.328685 2.556537 
-3.629866 -5.269609 2.692873 
-5.062698 -2.829835 2.515568 
-4.058815 -2.856947 0.998211 
FEnd
FBeg
 1013   CG LEU A 125  4952  CD2 LEU B 280 ali
-6.209 -4.279 4.528 -5.844 -4.365 0.395  7.41
-3.629866 -5.269609 2.692873 
-5.062698 -2.829835 2.515568 
-5.107808 -2.790981 2.510775 
-7.568951 -3.613853 2.310545 
-4.901222 -6.546573 2.607167 
-3.879618 -5.718098 2.680149 
FEnd
FBeg
 1013   CG LEU A 125  4949   CB LEU B 280 ali
-6.209 -4.279 4.528 -4.392 -6.071 -0.564  0.38
-4.901222 -6.546573 2.607167 
-3.879618 -5.718098 2.680149 
-4.573271 -6.940857 2.862949 
FEnd
FBeg
 1014  CD1 LEU A 125  4949   CB LEU B 280 ali
-7.341 -5.325 4.367 -4.392 -6.071 -0.564  0.76
-4.573271 -6.940857 2.862949 
-4.901222 -6.546573 2.607167 
-6.959366 -7.704876 1.551524 
-4.584940 -6.990214 2.863437 
FEnd
FBeg
 1014  CD1 LEU A 125  4924  CD1 TYR B 277 ali
-7.341 -5.325 4.367 -4.724 -10.409 2.400  5.59
-6.959366 -7.704876 1.551524 
-4.584940 -6.990214 2.863437 
-4.696927 -7.274558 3.449371 
-8.095158 -8.987152 3.354636 
-7.795813 -8.161628 1.619213 
-7.405034 -7.855238 1.347216 
FEnd
FBeg
 1014  CD1 LEU A 125  4926  CE1 TYR B 277 ali
-7.341 -5.325 4.367 -4.685 -10.563 3.785  13.65
-4.696927 -7.274558 3.449371 
-4.719966 -7.308134 3.646422 
-6.919513 -8.832159 7.324850 
-9.845485 -10.209742 6.370207 
-9.845648 -10.209607 6.368243 
-8.095158 -8.987152 3.354636 
FEnd
FBeg
 1012   CB LEU A 125  4926  CE1 TYR B 277 ali
-5.423 -4.772 5.743 -4.685 -10.563 3.785  4.31
-4.719966 -7.308134 3.646422 
-6.919513 -8.832159 7.324850 
-5.359568 -8.657521 7.396303 
-4.472785 -7.955614 5.654579 
FEnd
FBeg
  996  ND2 ASN A 123  4926  CE1 TYR B 277 unk
-1.472 -7.982 6.461 -4.685 -10.563 3.785  5.62
-5.359568 -8.657521 7.396303 
-2.894345 -10.293892 6.014657 
-2.568649 -10.392969 5.719162 
-2.787261 -8.966462 4.605779 
-3.904075 -8.208579 5.215729 
-4.472785 -7.955614 5.654579 
FEnd
FBeg
  994   CG ASN A 123  4926  CE1 TYR B 277 aro
-1.315 -7.040 5.578 -4.685 -10.563 3.785  0.55
-2.787261 -8.966462 4.605779 
-2.912217 -8.540636 4.003948 
-3.904075 -8.208579 5.215729 
FEnd
FBeg
  994   CG ASN A 123  4966   CG PRO B 282 ali
-1.315 -7.040 5.578 -1.277 -10.630 3.030  3.46
-2.787261 -8.966462 4.605779 
-2.912217 -8.540636 4.003948 
-1.319739 -7.721908 2.874152 
-0.749740 -8.165376 3.507477 
-0.792334 -9.097716 4.820459 
FEnd
FBeg
  994   CG ASN A 123  4965   CB PRO B 282 ali
-1.315 -7.040 5.578 0.222 -10.514 3.161  1.15
-0.749740 -8.165376 3.507477 
-0.207236 -8.101597 3.760791 
0.030094 -8.947260 5.127199 
-0.792334 -9.097716 4.820459 
FEnd
FBeg
  996  ND2 ASN A 123  4965   CB PRO B 282 unk
-1.472 -7.982 6.461 0.222 -10.514 3.161  8.68
0.030094 -8.947260 5.127199 
-0.792334 -9.097716 4.820459 
-0.762005 -12.164955 7.189438 
-0.169403 -12.769905 7.957801 
1.806269 -10.359141 7.122267 
1.848011 -9.957146 6.835254 
FEnd
FBeg
  993   CB ASN A 123  4965   CB PRO B 282 ali
0.097 -6.487 5.675 0.222 -10.514 3.161  5.52
-0.207236 -8.101597 3.760791 
0.030094 -8.947260 5.127199 
1.848011 -9.957146 6.835254 
2.361060 -9.574458 6.247763 
2.410924 -8.731518 4.899996 
2.224816 -8.577236 4.643609 
1.943933 -8.406582 4.356284 
FEnd
FBeg
  993   CB ASN A 123  4962   CA PRO B 282 ali
0.097 -6.487 5.675 0.677 -9.638 1.966  1.38
1.943933 -8.406582 4.356284 
-0.207236 -8.101597 3.760791 
-0.378509 -7.582175 3.292730 
0.909501 -7.632804 3.537156 
1.379242 -7.904348 3.841305 
FEnd
FBeg
  982    C GLU A 122  4962   CA PRO B 282 ali
2.591 -5.709 3.699 0.677 -9.638 1.966  0.28
1.379242 -7.904348 3.841305 
1.943933 -8.406582 4.356284 
2.041537 -8.454899 4.358028 
1.947704 -8.100633 3.658482 
FEnd
FBeg
  982    C GLU A 122  4968    N ALA B 283 unk
2.591 -5.709 3.699 3.114 -9.111 1.906  2.02
2.041537 -8.454899 4.358028 
1.947704 -8.100633 3.658482 
3.113342 -7.315145 2.508119 
3.231310 -8.121012 4.071562 
2.417748 -8.658957 4.854941 
2.224816 -8.577236 4.643609 
FEnd
FBeg
  985   CG GLU A 122  4968    N ALA B 283 unk
5.226 -7.083 5.492 3.114 -9.111 1.906  1.52
3.231310 -8.121012 4.071562 
2.417748 -8.658957 4.854941 
2.410924 -8.731518 4.899996 
2.963208 -9.680722 5.111530 
3.786740 -9.296293 4.409098 
FEnd
FBeg
  985   CG GLU A 122  4972   CB ALA B 283 ali
5.226 -7.083 5.492 5.232 -7.990 2.324  7.99
3.786740 -9.296293 4.409098 
3.231310 -8.121012 4.071562 
3.486147 -7.764762 3.970051 
6.208902 -6.287725 3.552331 
6.729508 -8.851392 4.287296 
6.788813 -9.680718 4.524845 
FEnd
FBeg
  987  OE1 GLU A 122  4972   CB ALA B 283 unk
7.528 -7.106 4.837 5.232 -7.990 2.324  2.91
6.729508 -8.851392 4.287296 
6.788813 -9.680718 4.524845 
7.157651 -9.779271 4.222524 
7.233907 -9.763178 4.147192 
7.546760 -7.037456 2.902525 
7.012152 -6.129699 3.071646 
6.867768 -6.086571 3.188391 
FEnd
FBeg
  977    O SER A 121  4972   CB ALA B 283 unk
6.080 -4.542 2.099 5.232 -7.990 2.324  2.73
7.012152 -6.129699 3.071646 
6.190634 -6.070943 0.875837 
5.859206 -5.999731 0.718010 
4.788255 -5.688590 1.449777 
6.528824 -5.995756 3.302643 
6.867768 -6.086571 3.188391 
FEnd
FBeg
  977    O SER A 121  2819  CD2 TYR B  12 unk
6.080 -4.542 2.099 3.876 -5.510 -0.715  1.35
5.859206 -5.999731 0.718010 
4.788255 -5.688590 1.449777 
4.646818 -5.368689 1.450510 
5.110635 -4.378813 0.746725 
5.363894 -4.584446 0.619102 
FEnd
FBeg
  977    O SER A 121  2816   CB TYR B  12 unk
6.080 -4.542 2.099 5.171 -3.462 -1.445  0.08
5.110635 -4.378813 0.746725 
5.495662 -4.087154 0.736849 
5.363894 -4.584446 0.619102 
FEnd
FBeg
  976    C SER A 121  2816   CB TYR B  12 ali
5.490 -3.738 2.841 5.171 -3.462 -1.445  1.97
5.110635 -4.378813 0.746725 
5.495662 -4.087154 0.736849 
5.798933 -3.307197 0.764503 
4.091119 -2.814980 0.923310 
3.350594 -3.191961 0.954150 
FEnd
FBeg
  967    O HIS A 120  2816   CB TYR B  12 unk
3.945 -0.814 1.485 5.171 -3.462 -1.445  4.98
4.091119 -2.814980 0.923310 
5.599328 -1.396900 0.272794 
4.991665 -0.235657 -1.030949 
4.864929 -0.260388 -1.061629 
2.623807 -2.926356 0.409999 
3.350594 -3.191961 0.954150 
FEnd
FBeg
  967    O HIS A 120  2819  CD2 TYR B  12 unk
3.945 -0.814 1.485 3.876 -5.510 -0.715  1.03
2.623807 -2.926356 0.409999 
3.350594 -3.191961 0.954150 
2.987101 -3.285824 1.165906 
2.214129 -3.336224 1.297729 
1.339362 -3.206799 1.048903 
FEnd
FBeg
  982    C GLU A 122  2819  CD2 TYR B  12 ali
2.591 -5.709 3.699 3.876 -5.510 -0.715  2.16
2.214129 -3.336224 1.297729 
1.339362 -3.206799 1.048903 
1.129885 -3.316665 0.982967 
3.384505 -6.024450 1.517253 
3.074336 -4.354320 1.502253 
FEnd
FBeg
  983    O GLU A 122  2819  CD2 TYR B  12 unk
2.079 -6.320 2.763 3.876 -5.510 -0.715  3.87
1.129885 -3.316665 0.982967 
1.087540 -3.344544 0.954595 
0.868798 -3.536942 0.796769 
0.169578 -4.313913 0.254547 
0.139168 -4.486488 0.198644 
3.440978 -6.419568 1.454411 
3.509940 -6.305703 1.516561 
3.384505 -6.024450 1.517253 
FEnd
FBeg
  983    O GLU A 122  4972   CB ALA B 283 unk
2.079 -6.320 2.763 5.232 -7.990 2.324  0.50
3.440978 -6.419568 1.454411 
3.509940 -6.305703 1.516561 
3.447545 -6.495445 1.790225 
3.113342 -7.315145 2.508119 
3.144995 -6.969663 1.421210 
FEnd
FBeg
  983    O GLU A 122  2821  CE2 TYR B  12 unk
2.079 -6.320 2.763 3.240 -6.723 -0.910  5.31
0.139168 -4.486488 0.198644 
3.440978 -6.419568 1.454411 
3.144995 -6.969663 1.421210 
1.725082 -7.371955 1.016528 
1.118530 -7.061423 0.790732 
-0.183975 -5.270170 0.182487 
-0.185285 -5.007885 0.153295 
FEnd
FBeg
  983    O GLU A 122  4956    O LEU B 281 unk
2.079 -6.320 2.763 0.472 -8.677 -0.737  1.25
1.118530 -7.061423 0.790732 
-0.267233 -6.545208 1.079361 
-0.314297 -5.763837 0.574772 
-0.211146 -5.311224 0.222608 
-0.183975 -5.270170 0.182487 
FEnd
FBeg
  980    N GLU A 122  2819  CD2 TYR B  12 unk
4.509 -4.123 3.527 3.876 -5.510 -0.715  0.79
2.987101 -3.285824 1.165906 
2.214129 -3.336224 1.297729 
3.074336 -4.354320 1.502253 
3.709375 -4.570063 1.478032 
FEnd
FBeg
  967    O HIS A 120  3322  CZ3 TRP B  73 unk
3.945 -0.814 1.485 2.219 -1.427 -2.254  8.89
4.864929 -0.260388 -1.061629 
2.623807 -2.926356 0.409999 
1.339362 -3.206799 1.048903 
1.322174 -3.199032 1.055564 
1.160811 -0.255626 0.647488 
4.001627 0.330657 -0.760011 
FEnd
FBeg
  967    O HIS A 120  3323  CH2 TRP B  73 unk
3.945 -0.814 1.485 1.787 -0.150 -2.594  3.16
1.160811 -0.255626 0.647488 
1.214531 0.253110 0.701882 
2.548481 1.538491 0.205395 
2.978789 1.615369 -0.009745 
4.001627 0.330657 -0.760011 
FEnd
FBeg
  967    O HIS A 120  3696  CE1 HIS B 120 unk
3.945 -0.814 1.485 4.439 2.181 -2.970  4.60
4.991665 -0.235657 -1.030949 
4.864929 -0.260388 -1.061629 
4.001627 0.330657 -0.760011 
2.978789 1.615369 -0.009745 
5.556757 1.756941 0.371292 
5.758952 1.727785 0.374113 
6.147140 1.600247 0.331416 
6.192504 1.515578 0.279525 
5.478130 0.232199 -0.662477 
FEnd
FBeg
  967    O HIS A 120  2815    O TYR B  12 unk
3.945 -0.814 1.485 7.647 -1.563 -0.302  2.40
6.192504 1.515578 0.279525 
6.221581 1.533977 0.332051 
6.046920 -0.355009 0.761964 
5.600765 -1.394459 0.273371 
5.478130 0.232199 -0.662477 
FEnd
FBeg
  975   CA SER A 121  2815    O TYR B  12 unk
5.907 -2.286 2.825 7.647 -1.563 -0.302  4.01
6.046920 -0.355009 0.761964 
5.600765 -1.394459 0.273371 
6.754404 -2.457332 0.669558 
6.869785 -2.537203 0.715293 
7.672313 -2.644552 1.137035 
6.873917 0.537008 1.428387 
FEnd
FBeg
  978   CB SER A 121  2815    O TYR B  12 unk
7.289 -2.000 3.489 7.647 -1.563 -0.302  8.25
7.672313 -2.644552 1.137035 
8.146246 -2.717028 1.173436 
10.077196 0.150030 1.686278 
8.024528 1.829128 1.685990 
7.112940 1.106071 1.516556 
6.873917 0.537008 1.428387 
FEnd
FBeg
  978   CB SER A 121  2810  OG1 THR B  11 unk
7.289 -2.000 3.489 9.847 -3.418 1.785  17.57
8.146246 -2.717028 1.173436 
10.077196 0.150030 1.686278 
10.385995 0.337297 1.994003 
12.554084 0.797564 4.865665 
10.106431 -3.553778 4.812323 
8.081541 -3.196104 1.474971 
FEnd
FBeg
  978   CB SER A 121  2809   CB THR B  11 ali
7.289 -2.000 3.489 9.950 -4.813 1.573  4.67
10.106431 -3.553778 4.812323 
10.022713 -3.701998 4.913666 
8.448840 -4.754582 4.273186 
8.022193 -4.881710 3.867291 
7.917978 -3.469813 1.649658 
8.081541 -3.196104 1.474971 
FEnd
FBeg
  978   CB SER A 121  2806   CA THR B  11 ali
7.289 -2.000 3.489 8.743 -5.689 1.072  0.67
8.022193 -4.881710 3.867291 
7.928552 -4.895435 3.831906 
7.914057 -4.896622 3.824998 
7.652236 -4.131471 2.499665 
7.567309 -3.718396 1.818112 
7.571071 -3.709185 1.806315 
7.917978 -3.469813 1.649658 
FEnd
FBeg
  975   CA SER A 121  2806   CA THR B  11 ali
5.907 -2.286 2.825 8.743 -5.689 1.072  0.00
7.567309 -3.718396 1.818112 
7.571071 -3.709185 1.806315 
7.564605 -3.715197 1.807525 
FEnd
FBeg
  976    C SER A 121  2806   CA THR B  11 ali
5.490 -3.738 2.841 8.743 -5.689 1.072  0.34
7.914057 -4.896622 3.824998 
7.652236 -4.131471 2.499665 
7.632707 -5.186203 3.627001 
7.748560 -5.067458 3.709078 
FEnd
FBeg
  986   CD GLU A 122  2806   CA THR B  11 ali
6.669 -6.757 5.607 8.743 -5.689 1.072  0.00
7.928552 -4.895435 3.831906 
7.914057 -4.896622 3.824998 
7.748560 -5.067458 3.709078 
FEnd
FBeg
  987  OE1 GLU A 122  2809   CB THR B  11 unk
7.528 -7.106 4.837 9.950 -4.813 1.573  3.47
8.448840 -4.754582 4.273186 
8.022193 -4.881710 3.867291 
9.302266 -6.527471 3.660981 
10.226709 -6.646479 4.263345 
9.741040 -4.832091 5.177592 
9.201431 -4.683711 4.881422 
FEnd
FBeg
  987  OE1 GLU A 122  2787  ND2 ASN B   8 hbd
7.528 -7.106 4.837 12.709 -5.049 3.507  7.79
10.226709 -6.646479 4.263345 
9.741040 -4.832091 5.177592 
12.271776 -8.717253 9.027189 
10.984766 -7.858940 5.341139 
FEnd
FBeg
  979   OG SER A 121  2809   CB THR B  11 unk
7.149 -2.575 4.778 9.950 -4.813 1.573  0.80
10.022713 -3.701998 4.913666 
8.448840 -4.754582 4.273186 
9.201431 -4.683711 4.881422 
9.726399 -4.532999 5.234977 
FEnd
FBeg
  978   CB SER A 121  2812    N TYR B  12 unk
7.289 -2.000 3.489 7.219 -4.303 -0.185  0.46
7.672313 -2.644552 1.137035 
8.146246 -2.717028 1.173436 
8.081541 -3.196104 1.474971 
7.917978 -3.469813 1.649658 
7.571071 -3.709185 1.806315 
FEnd
FBeg
  975   CA SER A 121  2812    N TYR B  12 unk
5.907 -2.286 2.825 7.219 -4.303 -0.185  1.81
6.869785 -2.537203 0.715293 
7.672313 -2.644552 1.137035 
7.571071 -3.709185 1.806315 
7.564605 -3.715197 1.807525 
7.128226 -3.679821 1.593611 
5.798933 -3.307197 0.764503 
5.850431 -3.227835 0.733770 
FEnd
FBeg
  975   CA SER A 121  2813   CA TYR B  12 ali
5.907 -2.286 2.825 6.692 -3.557 -1.375  0.63
6.754404 -2.457332 0.669558 
6.869785 -2.537203 0.715293 
5.850431 -3.227835 0.733770 
5.942293 -2.014891 0.383879 
FEnd
FBeg
  975   CA SER A 121  2814    C TYR B  12 ali
5.907 -2.286 2.825 7.433 -2.193 -1.369  0.19
5.600765 -1.394459 0.273371 
6.754404 -2.457332 0.669558 
5.942293 -2.014891 0.383879 
5.599328 -1.396900 0.272794 
FEnd
FBeg
  966    C HIS A 120  2815    O TYR B  12 unk
4.160 -0.561 2.684 7.647 -1.563 -0.302  1.71
6.221581 1.533977 0.332051 
6.046920 -0.355009 0.761964 
6.873917 0.537008 1.428387 
7.112940 1.106071 1.516556 
6.432266 1.605975 0.553926 
FEnd
FBeg
  970  ND1 HIS A 120  3696  CE1 HIS B 120 aro
3.565 3.756 2.358 4.439 2.181 -2.970  2.77
2.978789 1.615369 -0.009745 
5.556757 1.756941 0.371292 
5.996920 1.927093 0.393198 
5.498315 3.305063 -0.095932 
2.851044 1.750865 -0.070754 
FEnd
FBeg
  970  ND1 HIS A 120  3694  ND1 HIS B 120 hbd
3.565 3.756 2.358 3.776 3.314 -2.741  8.27
5.498315 3.305063 -0.095932 
2.851044 1.750865 -0.070754 
1.721212 2.395251 -0.173365 
1.726802 3.719747 -0.287946 
4.394639 5.237777 -0.309138 
5.397800 4.546271 -0.207684 
FEnd
FBeg
  972  CE1 HIS A 120  3694  ND1 HIS B 120 aro
2.917 4.898 2.586 3.776 3.314 -2.741  2.80
1.726802 3.719747 -0.287946 
4.394639 5.237777 -0.309138 
3.446989 6.355220 -0.794225 
3.047463 6.034594 -0.763311 
1.668354 3.912186 -0.354593 
FEnd
FBeg
  967    O HIS A 120  2814    C TYR B  12 unk
3.945 -0.814 1.485 7.433 -2.193 -1.369  0.70
5.599328 -1.396900 0.272794 
4.991665 -0.235657 -1.030949 
5.478130 0.232199 -0.662477 
5.600765 -1.394459 0.273371 
FEnd
FBeg
  975   CA SER A 121  2816   CB TYR B  12 ali
5.907 -2.286 2.825 5.171 -3.462 -1.445  1.97
5.798933 -3.307197 0.764503 
5.850431 -3.227835 0.733770 
5.942293 -2.014891 0.383879 
5.599328 -1.396900 0.272794 
4.091119 -2.814980 0.923310 
FEnd
FBeg
  976    C SER A 121  2812    N TYR B  12 unk
5.490 -3.738 2.841 7.219 -4.303 -0.185  0.67
5.495662 -4.087154 0.736849 
5.798933 -3.307197 0.764503 
7.128226 -3.679821 1.593611 
FEnd
FBeg
  976    C SER A 121  2819  CD2 TYR B  12 ali
5.490 -3.738 2.841 3.876 -5.510 -0.715  2.31
4.646818 -5.368689 1.450510 
5.110635 -4.378813 0.746725 
3.350594 -3.191961 0.954150 
2.987101 -3.285824 1.165906 
3.709375 -4.570063 1.478032 
FEnd
FBeg
  981   CA GLU A 122  2819  CD2 TYR B  12 ali
4.076 -5.432 3.834 3.876 -5.510 -0.715  1.78
4.788255 -5.688590 1.449777 
4.646818 -5.368689 1.450510 
3.709375 -4.570063 1.478032 
3.074336 -4.354320 1.502253 
3.384505 -6.024450 1.517253 
3.509940 -6.305703 1.516561 
FEnd
FBeg
  977    O SER A 121  2812    N TYR B  12 hbd
6.080 -4.542 2.099 7.219 -4.303 -0.185  3.16
6.190634 -6.070943 0.875837 
5.859206 -5.999731 0.718010 
5.363894 -4.584446 0.619102 
5.495662 -4.087154 0.736849 
7.128226 -3.679821 1.593611 
7.564605 -3.715197 1.807525 
FEnd
FBeg
  977    O SER A 121  2806   CA THR B  11 unk
6.080 -4.542 2.099 8.743 -5.689 1.072  4.63
7.012152 -6.129699 3.071646 
6.190634 -6.070943 0.875837 
7.564605 -3.715197 1.807525 
7.567309 -3.718396 1.818112 
7.652236 -4.131471 2.499665 
7.632707 -5.186203 3.627001 
FEnd
FBeg
  987  OE1 GLU A 122  2806   CA THR B  11 unk
7.528 -7.106 4.837 8.743 -5.689 1.072  2.97
7.546760 -7.037456 2.902525 
7.012152 -6.129699 3.071646 
7.632707 -5.186203 3.627001 
7.748560 -5.067458 3.709078 
7.928552 -4.895435 3.831906 
8.022193 -4.881710 3.867291 
9.302266 -6.527471 3.660981 
FEnd
FBeg
  987  OE1 GLU A 122  2803    O ALA B  10 unk
7.528 -7.106 4.837 8.909 -8.344 2.473  15.44
7.233907 -9.763178 4.147192 
7.546760 -7.037456 2.902525 
9.302266 -6.527471 3.660981 
10.226709 -6.646479 4.263345 
10.984766 -7.858940 5.341139 
11.186296 -8.717272 5.908367 
8.862221 -11.021036 5.757145 
7.336033 -9.939874 4.299385 
7.270930 -9.853236 4.215982 
FEnd
FBeg
  987  OE1 GLU A 122  4970    C ALA B 283 unk
7.528 -7.106 4.837 5.233 -10.354 1.820  0.01
7.157651 -9.779271 4.222524 
7.233907 -9.763178 4.147192 
7.270930 -9.853236 4.215982 
FEnd
FBeg
  987  OE1 GLU A 122  4973    N SER B 284 hbd
7.528 -7.106 4.837 4.817 -11.080 2.825  0.21
6.788813 -9.680718 4.524845 
7.157651 -9.779271 4.222524 
7.270930 -9.853236 4.215982 
7.336033 -9.939874 4.299385 
6.892244 -9.939927 4.897456 
FEnd
FBeg
  986   CD GLU A 122  4972   CB ALA B 283 ali
6.669 -6.757 5.607 5.232 -7.990 2.324  1.11
6.208902 -6.287725 3.552331 
6.729508 -8.851392 4.287296 
6.867768 -6.086571 3.188391 
6.528824 -5.995756 3.302643 
FEnd
FBeg
  981   CA GLU A 122  4972   CB ALA B 283 ali
4.076 -5.432 3.834 5.232 -7.990 2.324  6.62
3.486147 -7.764762 3.970051 
6.208902 -6.287725 3.552331 
6.528824 -5.995756 3.302643 
4.788255 -5.688590 1.449777 
3.509940 -6.305703 1.516561 
3.447545 -6.495445 1.790225 
FEnd
FBeg
  985   CG GLU A 122  4973    N SER B 284 unk
5.226 -7.083 5.492 4.817 -11.080 2.825  3.70
2.963208 -9.680722 5.111530 
3.786740 -9.296293 4.409098 
6.788813 -9.680718 4.524845 
6.892244 -9.939927 4.897456 
5.882310 -10.185579 5.420492 
3.303133 -9.876649 5.353034 
2.962898 -9.703799 5.146163 
FEnd
FBeg
  985   CG GLU A 122  4977   CB SER B 284 ali
5.226 -7.083 5.492 4.559 -12.887 4.414  7.61
5.882310 -10.185579 5.420492 
6.945914 -10.417647 6.011862 
6.857405 -10.831815 8.296528 
3.080192 -10.079451 6.582872 
3.303133 -9.876649 5.353034 
FEnd
FBeg
  985   CG GLU A 122  4974   CA SER B 284 ali
5.226 -7.083 5.492 5.336 -12.394 3.210  0.65
6.892244 -9.939927 4.897456 
6.928902 -9.995360 5.028237 
6.945914 -10.417647 6.011862 
5.882310 -10.185579 5.420492 
FEnd
FBeg
  982    C GLU A 122  4972   CB ALA B 283 ali
2.591 -5.709 3.699 5.232 -7.990 2.324  0.96
3.113342 -7.315145 2.508119 
3.447545 -6.495445 1.790225 
3.486147 -7.764762 3.970051 
3.231310 -8.121012 4.071562 
FEnd
FBeg
  983    O GLU A 122  4968    N ALA B 283 hbd
2.079 -6.320 2.763 3.114 -9.111 1.906  2.71
1.947704 -8.100633 3.658482 
3.113342 -7.315145 2.508119 
3.144995 -6.969663 1.421210 
1.725082 -7.371955 1.016528 
FEnd
FBeg
  983    O GLU A 122  4962   CA PRO B 282 unk
2.079 -6.320 2.763 0.677 -9.638 1.966  5.44
0.909501 -7.632804 3.537156 
1.379242 -7.904348 3.841305 
1.947704 -8.100633 3.658482 
1.725082 -7.371955 1.016528 
1.118530 -7.061423 0.790732 
-0.267233 -6.545208 1.079361 
-0.547101 -6.562441 1.643419 
FEnd
FBeg
  990   CA ASN A 123  4962   CA PRO B 282 ali
0.339 -5.390 4.627 0.677 -9.638 1.966  1.95
-0.378509 -7.582175 3.292730 
0.909501 -7.632804 3.537156 
-0.547101 -6.562441 1.643419 
-1.106251 -7.044762 2.342370 
-0.963696 -7.298980 2.766308 
FEnd
FBeg
  995  OD1 ASN A 123  4962   CA PRO B 282 unk
-2.143 -6.550 4.766 0.677 -9.638 1.966  0.26
-1.106251 -7.044762 2.342370 
-1.507483 -7.645404 2.600694 
-1.319739 -7.721908 2.874152 
-0.963696 -7.298980 2.766308 
FEnd
FBeg
  995  OD1 ASN A 123  4948    O LEU B 280 hbd
-2.143 -6.550 4.766 -2.590 -8.133 0.391  4.51
-1.106251 -7.044762 2.342370 
-1.507483 -7.645404 2.600694 
-2.983613 -8.091582 2.912953 
-4.210703 -7.135682 2.692454 
-2.277106 -5.766790 1.999591 
-1.619592 -5.986009 2.011732 
FEnd
FBeg
  990   CA ASN A 123  4948    O LEU B 280 unk
0.339 -5.390 4.627 -2.590 -8.133 0.391  1.33
-0.547101 -6.562441 1.643419 
-1.106251 -7.044762 2.342370 
-1.619592 -5.986009 2.011732 
-0.645351 -5.488221 1.015748 
FEnd
FBeg
  982    C GLU A 122  4965   CB PRO B 282 ali
2.591 -5.709 3.699 0.222 -10.514 3.161  0.02
2.224816 -8.577236 4.643609 
2.041537 -8.454899 4.358028 
1.943933 -8.406582 4.356284 
FEnd
FBeg
  993   CB ASN A 123  4968    N ALA B 283 unk
0.097 -6.487 5.675 3.114 -9.111 1.906  0.01
2.410924 -8.731518 4.899996 
2.224816 -8.577236 4.643609 
2.417748 -8.658957 4.854941 
FEnd
FBeg
  994   CG ASN A 123  4962   CA PRO B 282 ali
-1.315 -7.040 5.578 0.677 -9.638 1.966  0.77
-1.319739 -7.721908 2.874152 
-0.963696 -7.298980 2.766308 
-0.378509 -7.582175 3.292730 
-0.207236 -8.101597 3.760791 
-0.749740 -8.165376 3.507477 
FEnd
FBeg
  995  OD1 ASN A 123  4966   CG PRO B 282 unk
-2.143 -6.550 4.766 -1.277 -10.630 3.030  1.33
-2.912217 -8.540636 4.003948 
-1.319739 -7.721908 2.874152 
-1.507483 -7.645404 2.600694 
-2.983613 -8.091582 2.912953 
-3.064475 -8.270318 3.292683 
FEnd
FBeg
  996  ND2 ASN A 123  4966   CG PRO B 282 unk
-1.472 -7.982 6.461 -1.277 -10.630 3.030  5.36
-2.568649 -10.392969 5.719162 
-2.787261 -8.966462 4.605779 
-0.792334 -9.097716 4.820459 
-0.762005 -12.164955 7.189438 
-2.366916 -10.690343 5.960137 
FEnd
FBeg
  996  ND2 ASN A 123  4928   CZ TYR B 277 unk
-1.472 -7.982 6.461 -4.602 -11.850 4.308  0.10
-2.894345 -10.293892 6.014657 
-2.568649 -10.392969 5.719162 
-2.366916 -10.690343 5.960137 
FEnd
FBeg
  996  ND2 ASN A 123  4929   OH TYR B 277 hbd
-1.472 -7.982 6.461 -4.606 -12.044 5.680  14.96
-5.359568 -8.657521 7.396303 
-2.894345 -10.293892 6.014657 
-2.366916 -10.690343 5.960137 
-0.762005 -12.164955 7.189438 
-0.169403 -12.769905 7.957801 
-0.102816 -12.898889 8.361447 
-4.253850 -9.912212 9.484955 
-5.078916 -9.132549 8.740737 
-5.275380 -8.931975 8.485918 
-5.442137 -8.670241 7.793793 
FEnd
FBeg
  995  OD1 ASN A 123  4926  CE1 TYR B 277 unk
-2.143 -6.550 4.766 -4.685 -10.563 3.785  3.23
-4.696927 -7.274558 3.449371 
-4.719966 -7.308134 3.646422 
-4.472785 -7.955614 5.654579 
-3.904075 -8.208579 5.215729 
-2.912217 -8.540636 4.003948 
-3.064475 -8.270318 3.292683 
FEnd
FBeg
  995  OD1 ASN A 123  4924  CD1 TYR B 277 unk
-2.143 -6.550 4.766 -4.724 -10.409 2.400  1.24
-4.584940 -6.990214 2.863437 
-4.696927 -7.274558 3.449371 
-3.064475 -8.270318 3.292683 
-2.983613 -8.091582 2.912953 
-4.210703 -7.135682 2.692454 
FEnd
FBeg
  995  OD1 ASN A 123  4949   CB LEU B 280 unk
-2.143 -6.550 4.766 -4.392 -6.071 -0.564  1.98
-3.879618 -5.718098 2.680149 
-4.573271 -6.940857 2.862949 
-4.584940 -6.990214 2.863437 
-4.210703 -7.135682 2.692454 
-2.277106 -5.766790 1.999591 
-3.099408 -5.390239 2.380403 
-3.503726 -5.328685 2.556537 
FEnd
FBeg
  997    N ARG A 124  4949   CB LEU B 280 unk
-1.166 -3.661 4.019 -4.392 -6.071 -0.564  0.71
-2.277106 -5.766790 1.999591 
-1.123068 -5.258326 0.919878 
-1.105230 -5.150855 0.850807 
-3.099408 -5.390239 2.380403 
FEnd
FBeg
 1014  CD1 LEU A 125  4952  CD2 LEU B 280 ali
-7.341 -5.325 4.367 -5.844 -4.365 0.395  22.82
-7.568951 -3.613853 2.310545 
-8.568839 -3.303985 2.008592 
-9.392764 -3.482049 1.655028 
-12.514160 -5.781730 -0.077204 
-12.675770 -6.365390 -0.279179 
-8.283557 -7.782160 1.033773 
-7.405034 -7.855238 1.347216 
-6.959366 -7.704876 1.551524 
-4.901222 -6.546573 2.607167 
FEnd
FBeg
 2227  CD1 LEU A 280  4952  CD2 LEU B 280 ali
-7.265 -0.252 1.635 -5.844 -4.365 0.395  5.45
-8.568839 -3.303985 2.008592 
-5.524600 -2.331590 2.271819 
-5.101744 -1.500010 -0.001896 
-9.392764 -3.482049 1.655028 
FEnd
FBeg
 1015  CD2 LEU A 125  4952  CD2 LEU B 280 ali
-6.695 -2.877 4.740 -5.844 -4.365 0.395  1.82
-5.107808 -2.790981 2.510775 
-5.524600 -2.331590 2.271819 
-8.568839 -3.303985 2.008592 
-7.568951 -3.613853 2.310545 
FEnd
FBeg
 1001   CB ARG A 124  4949   CB LEU B 280 ali
-2.410 -2.186 2.628 -4.392 -6.071 -0.564  1.40
-1.202307 -4.748099 0.420889 
-1.105230 -5.150855 0.850807 
-3.099408 -5.390239 2.380403 
-3.503726 -5.328685 2.556537 
-3.448729 -5.119691 2.268020 
FEnd
FBeg
 1002   CG ARG A 124  4950   CG LEU B 280 ali
-3.101 -0.964 2.149 -4.648 -4.588 -0.577  2.24
-4.800038 -1.645413 -0.191784 
-2.705444 -2.266585 -0.554663 
-2.392989 -2.481294 -0.446544 
-4.058815 -2.856947 0.998211 
FEnd
FBeg
 1002   CG ARG A 124  4952  CD2 LEU B 280 ali
-3.101 -0.964 2.149 -5.844 -4.365 0.395  2.96
-5.022607 -1.494051 -0.137211 
-4.800038 -1.645413 -0.191784 
-4.058815 -2.856947 0.998211 
-5.062698 -2.829835 2.515568 
-5.107808 -2.790981 2.510775 
-5.524600 -2.331590 2.271819 
-5.101744 -1.500010 -0.001896 
FEnd
FBeg
 2226   CG LEU A 280  3726   CG ARG B 124 ali
-7.506 0.397 0.303 -3.642 -0.101 -2.451  2.25
-5.734417 0.031663 -1.278037 
-5.042555 -1.213304 -0.082194 
-4.526140 0.918111 0.256943 
-4.556377 1.295520 0.146273 
FEnd
FBeg
 2228  CD2 LEU A 280  3725   CB ARG B 124 ali
-7.918 -0.756 -0.659 -4.359 1.106 -2.929  3.11
-7.633405 1.589058 -2.977874 
-7.619452 1.735092 -2.836210 
-7.399604 1.678132 -2.538246 
-5.734417 0.031663 -1.278037 
-6.235136 -0.869375 -2.802173 
FEnd
FBeg
 2225   CB LEU A 280  3737   CG LEU B 125 ali
-8.663 1.359 0.295 -8.087 -1.147 -4.785  0.38
-9.382010 1.126039 -2.862373 
-8.165129 1.597308 -2.956876 
-9.562537 1.606842 -3.120026 
FEnd
FBeg
 2228  CD2 LEU A 280  3739  CD2 LEU B 125 ali
-7.918 -0.756 -0.659 -7.118 -2.270 -5.000  1.83
-8.395308 -3.652735 -2.244908 
-8.170634 -2.646338 -2.554502 
-6.225304 -0.921222 -2.797663 
-6.030679 -1.521181 -2.552549 
FEnd
FBeg
 2228  CD2 LEU A 280  4951  CD1 LEU B 280 ali
-7.918 -0.756 -0.659 -5.101 -4.061 -1.906  5.45
-8.948970 -4.260683 -1.884363 
-8.395308 -3.652735 -2.244908 
-6.030679 -1.521181 -2.552549 
-5.070112 -1.561675 -0.275284 
FEnd
FBeg
 2228  CD2 LEU A 280  4952  CD2 LEU B 280 ali
-7.918 -0.756 -0.659 -5.844 -4.365 0.395  16.30
-12.514160 -5.781730 -0.077204 
-8.948970 -4.260683 -1.884363 
-5.070112 -1.561675 -0.275284 
-5.022607 -1.494051 -0.137211 
-5.101744 -1.500010 -0.001896 
-9.392764 -3.482049 1.655028 
FEnd
FBeg
 2225   CB LEU A 280  3738  CD1 LEU B 125 ali
-8.663 1.359 0.295 -9.558 -1.605 -4.609  0.75
-9.596090 1.616906 -3.119985 
-11.421890 -0.092677 -1.753489 
-9.382010 1.126039 -2.862373 
-9.562537 1.606842 -3.120026 
FEnd
FBeg
 2225   CB LEU A 280  3719  OD1 ASN B 123 unk
-8.663 1.359 0.295 -8.025 3.508 -5.044  1.98
-7.385837 3.014222 -2.293430 
-9.530706 2.030685 -2.945622 
-9.596090 1.616906 -3.119985 
-9.562537 1.606842 -3.120026 
-8.165129 1.597308 -2.956876 
-7.619452 1.735092 -2.836210 
-7.475876 2.097920 -2.673011 
FEnd
FBeg
 2238   CA PRO A 282  3707    O GLU B 122 unk
-9.241 7.518 -2.266 -5.698 7.060 -3.078  5.45
-7.410921 6.709246 -3.846111 
-7.411476 7.211498 -4.131823 
-7.286521 7.838746 -3.940398 
-6.755747 7.306699 -1.324378 
-6.789440 6.643050 -1.097065 
-7.044857 5.164714 -1.377687 
-7.206577 4.924085 -1.947593 
FEnd
FBeg
 2232    O LEU A 281  3707    O GLU B 122 unk
-8.488 6.875 0.436 -5.698 7.060 -3.078  1.29
-6.789440 6.643050 -1.097065 
-7.044857 5.164714 -1.377687 
-6.387102 4.736676 -0.877985 
-5.929879 4.598403 -0.522245 
-5.874358 4.601994 -0.477974 
FEnd
FBeg
   97  CE2 TYR A  12  3707    O GLU B 122 unk
-5.411 8.297 0.576 -5.698 7.060 -3.078  5.33
-6.755747 7.306699 -1.324378 
-6.789440 6.643050 -1.097065 
-5.874358 4.601994 -0.477974 
-5.651436 4.472072 -0.451500 
-5.030539 4.490736 -0.506586 
-5.069339 8.303559 -1.794306 
-5.691818 8.326195 -1.753077 
FEnd
FBeg
 2248   CB ALA A 283  3707    O GLU B 122 unk
-5.541 10.638 -2.672 -5.698 7.060 -3.078  0.46
-5.069339 8.303559 -1.794306 
-4.965813 8.304698 -1.844371 
-5.169914 8.345487 -2.124915 
-6.001940 8.457987 -2.794609 
-5.691818 8.326195 -1.753077 
FEnd
FBeg
 2238   CA PRO A 282  3719  OD1 ASN B 123 unk
-9.241 7.518 -2.266 -8.025 3.508 -5.044  0.24
-8.591240 4.818757 -3.148072 
-8.065635 4.911040 -3.051211 
-7.920407 4.674543 -2.646261 
-8.616158 4.629046 -2.885135 
FEnd
FBeg
 2242   CG PRO A 282  3719  OD1 ASN B 123 unk
-11.085 6.316 -3.308 -8.025 3.508 -5.044  1.30
-10.108386 3.849213 -4.254056 
-8.591240 4.818757 -3.148072 
-8.616158 4.629046 -2.885135 
-9.746935 3.576383 -3.175630 
-9.950340 3.594112 -3.562843 
FEnd
FBeg
 2202  CE1 TYR A 277  3719  OD1 ASN B 123 unk
-12.736 3.326 -4.034 -8.025 3.508 -5.044  3.23
-10.399763 2.189375 -5.912244 
-10.332025 2.795930 -5.486989 
-10.108386 3.849213 -4.254056 
-9.950340 3.594112 -3.562843 
-9.907267 1.659968 -3.710463 
-9.945011 1.656249 -3.887186 
FEnd
FBeg
 2202  CE1 TYR A 277  3736   CB LEU B 125 ali
-12.736 3.326 -4.034 -8.132 -0.226 -6.003  4.35
-11.466536 1.764546 -7.640245 
-10.399763 2.189375 -5.912244 
-9.945011 1.656249 -3.887186 
-12.405158 0.497794 -7.549798 
FEnd
FBeg
 2242   CG PRO A 282  3720  ND2 ASN B 123 unk
-11.085 6.316 -3.308 -8.945 4.797 -6.736  5.37
-9.538909 5.966481 -5.109260 
-12.203476 7.514003 -7.458402 
-11.724239 5.407142 -6.225646 
-11.555643 5.064668 -5.968640 
-10.427069 4.174674 -4.869735 
FEnd
FBeg
 2241   CB PRO A 282  3718   CG ASN B 123 ali
-10.237 7.556 -3.453 -8.043 4.467 -5.860  1.11
-8.386201 5.956097 -4.045231 
-8.696223 5.543490 -3.798303 
-9.538909 5.966481 -5.109260 
-9.013831 6.580482 -5.418620 
FEnd
FBeg
 2238   CA PRO A 282  3717   CB ASN B 123 ali
-9.241 7.518 -2.266 -6.859 5.413 -5.971  1.38
-7.571008 7.969079 -4.664809 
-8.386201 5.956097 -4.045231 
-8.021700 5.554183 -3.582540 
-7.410921 6.709246 -3.846111 
-7.411476 7.211498 -4.131823 
FEnd
FBeg
 2238   CA PRO A 282  3706    C GLU B 122 ali
-9.241 7.518 -2.266 -4.921 7.193 -4.021  0.31
-7.286521 7.838746 -3.940398 
-7.562208 8.102797 -4.667911 
-7.571008 7.969079 -4.664809 
-7.411476 7.211498 -4.131823 
FEnd
FBeg
 2244    N ALA A 283  3707    O GLU B 122 hbd
-7.566 9.366 -2.230 -5.698 7.060 -3.078  2.67
-6.001940 8.457987 -2.794609 
-5.691818 8.326195 -1.753077 
-6.755747 7.306699 -1.324378 
-7.286521 7.838746 -3.940398 
FEnd
FBeg
 2248   CB ALA A 283  3706    C GLU B 122 ali
-5.541 10.638 -2.672 -4.921 7.193 -4.021  0.89
-6.660139 8.957474 -4.372679 
-6.001940 8.457987 -2.794609 
-5.169914 8.345487 -2.124915 
-6.259963 8.995533 -4.285953 
FEnd
FBeg
 2244    N ALA A 283  3717   CB ASN B 123 unk
-7.566 9.366 -2.230 -6.859 5.413 -5.971  0.00
-7.610195 8.529062 -5.193967 
-7.564565 8.508433 -5.163545 
-7.581571 8.368598 -5.019000 
FEnd
FBeg
 2248   CB ALA A 283  3709   CG GLU B 122 ali
-5.541 10.638 -2.672 -4.811 10.154 -5.828  7.90
-6.253553 12.802250 -4.868263 
-7.412061 10.036577 -4.712092 
-6.660139 8.957474 -4.372679 
-6.259963 8.995533 -4.285953 
-3.605160 10.605294 -3.918753 
-5.617188 12.375077 -4.655558 
FEnd
FBeg
 2248   CB ALA A 283  3710   CD GLU B 122 ali
-5.541 10.638 -2.672 -3.808 11.241 -5.956  1.17
-3.605160 10.605294 -3.918753 
-5.617188 12.375077 -4.655558 
-3.081585 11.095272 -3.552489 
-3.179000 10.739417 -3.669237 
FEnd
FBeg
   63  ND2 ASN A   8  3711  OE1 GLU B 122 hbd
0.733 15.638 -3.935 -3.675 12.163 -5.192  7.58
-1.896473 14.270357 -4.675687 
-0.608539 12.963810 -5.580192 
-2.725147 17.025307 -9.385834 
-2.587676 15.544730 -5.774829 
FEnd
FBeg
 2248   CB ALA A 283  3711  OE1 GLU B 122 unk
-5.541 10.638 -2.672 -3.675 12.163 -5.192  2.95
-3.045782 11.241604 -3.437423 
-3.568394 12.166254 -3.264845 
-6.084474 13.246871 -4.473998 
-6.152390 13.171513 -4.569892 
-6.253553 12.802250 -4.868263 
-5.617188 12.375077 -4.655558 
-3.081585 11.095272 -3.552489 
FEnd
FBeg
   85   CB THR A  11  3711  OE1 GLU B 122 unk
-0.425 13.141 -1.977 -3.675 12.163 -5.192  3.42
-1.176908 11.782713 -4.646347 
-1.474177 11.501861 -4.260407 
-2.251057 13.418267 -4.058038 
-1.896473 14.270357 -4.675687 
-0.608539 12.963810 -5.580192 
-0.754332 12.383092 -5.256158 
FEnd
FBeg
   85   CB THR A  11  3703   OG SER B 121 unk
-0.425 13.141 -1.977 0.061 9.571 -5.155  0.84
0.558325 12.622915 -5.324822 
-1.176908 11.782713 -4.646347 
-0.754332 12.383092 -5.256158 
-0.335396 12.786296 -5.645030 
FEnd
FBeg
   88    N TYR A  12  3702   CB SER B 121 unk
-1.333 10.530 -0.196 0.641 9.410 -3.871  0.50
0.308724 10.061374 -1.520497 
0.493732 10.537000 -1.566074 
0.047224 10.718654 -1.861274 
-0.277022 10.713653 -2.033916 
-0.695385 10.516065 -2.198419 
FEnd
FBeg
   91    O TYR A  12  3690    C HIS B 120 unk
1.255 9.533 -0.095 0.331 5.985 -3.048  1.72
1.471903 7.525971 -1.140656 
2.643938 7.791379 -1.826274 
3.255340 7.712766 -1.923130 
3.361344 6.860327 -0.932103 
3.205927 6.725171 -0.721083 
FEnd
FBeg
   91    O TYR A  12  3691    O HIS B 120 unk
1.255 9.533 -0.095 0.015 5.930 -1.847  2.35
0.380741 7.661625 -0.647346 
1.471903 7.525971 -1.140656 
3.205927 6.725171 -0.721083 
3.193922 6.718984 -0.699863 
1.721085 6.753163 0.272266 
FEnd
FBeg
   90    C TYR A  12  3691    O HIS B 120 unk
0.611 9.668 0.977 0.015 5.930 -1.847  0.69
0.377388 7.661607 -0.646614 
0.380741 7.661625 -0.647346 
1.721085 6.753163 0.272266 
1.084443 6.571721 0.646795 
FEnd
FBeg
   89   CA TYR A  12  3699   CA SER B 121 ali
-0.940 9.708 0.996 -0.292 8.359 -3.194  0.63
-1.099497 8.806329 -1.100636 
0.005762 8.278078 -0.759629 
0.026036 9.204352 -1.054714 
0.014269 9.339622 -1.100085 
FEnd
FBeg
   88    N TYR A  12  3699   CA SER B 121 unk
-1.333 10.530 -0.196 -0.292 8.359 -3.194  1.82
-1.208710 8.800791 -1.134547 
-1.099497 8.806329 -1.100636 
0.014269 9.339622 -1.100085 
0.308724 10.061374 -1.520497 
-0.695385 10.516065 -2.198419 
-0.697223 10.515506 -2.198653 
-0.872739 10.138525 -1.986607 
FEnd
FBeg
   88    N TYR A  12  3700    C SER B 121 unk
-1.333 10.530 -0.196 -1.758 8.724 -3.199  0.66
-2.010800 8.927181 -1.097042 
-1.208710 8.800791 -1.134547 
-0.872739 10.138525 -1.986607 
FEnd
FBeg
   88    N TYR A  12  3701    O SER B 121 hbd
-1.333 10.530 -0.196 -2.153 9.640 -2.457  3.15
-3.499794 10.211909 -1.062735 
-2.513679 9.066962 -0.969684 
-2.010800 8.927181 -1.097042 
-0.872739 10.138525 -1.986607 
-0.697223 10.515506 -2.198653 
-3.397398 10.524973 -1.223103 
FEnd
FBeg
 2248   CB ALA A 283  3701    O SER B 121 unk
-5.541 10.638 -2.672 -2.153 9.640 -2.457  2.78
-3.780063 9.101647 -1.799906 
-3.499794 10.211909 -1.062735 
-3.397398 10.524973 -1.223103 
-3.045782 11.241604 -3.437423 
-3.081585 11.095272 -3.552489 
-3.179000 10.739417 -3.669237 
FEnd
FBeg
 2248   CB ALA A 283  3705   CA GLU B 122 ali
-5.541 10.638 -2.672 -3.941 8.341 -4.170  6.64
-4.965813 8.304698 -1.844371 
-3.780063 9.101647 -1.799906 
-3.179000 10.739417 -3.669237 
-3.605160 10.605294 -3.918753 
-6.259963 8.995533 -4.285953 
-5.169914 8.345487 -2.124915 
FEnd
FBeg
   95  CD2 TYR A  12  3707    O GLU B 122 unk
-4.044 8.241 0.369 -5.698 7.060 -3.078  3.77
-3.553988 4.743037 -1.301534 
-3.598575 4.720893 -1.272552 
-3.854734 4.633689 -1.119760 
-4.849452 4.423730 -0.570521 
-5.030539 4.490736 -0.506586 
-5.069339 8.303559 -1.794306 
-4.965813 8.304698 -1.844371 
-4.780452 8.049247 -1.845793 
FEnd
FBeg
   95  CD2 TYR A  12  3704    N GLU B 122 unk
-4.044 8.241 0.369 -2.588 8.063 -3.874  0.80
-2.596248 6.338766 -1.509944 
-3.031715 5.691156 -1.632208 
-3.486151 6.945010 -1.840750 
-3.353497 7.609413 -1.823102 
FEnd
FBeg
   95  CD2 TYR A  12  3700    C SER B 121 ali
-4.044 8.241 0.369 -1.758 8.724 -3.199  2.36
-2.316426 6.621614 -1.292375 
-2.596248 6.338766 -1.509944 
-3.353497 7.609413 -1.823102 
-3.576025 8.822797 -1.801419 
-2.461736 8.734662 -1.099431 
FEnd
FBeg
   92   CB TYR A  12  3691    O HIS B 120 unk
-1.618 8.343 1.079 0.015 5.930 -1.847  4.95
1.000306 6.475231 0.679411 
1.084443 6.571721 0.646795 
0.377388 7.661607 -0.646614 
-1.642260 7.057533 -1.275614 
-2.316426 6.621614 -1.292375 
-2.446603 5.861787 -0.738416 
FEnd
FBeg
  972  CE1 HIS A 120  3691    O HIS B 120 unk
2.917 4.898 2.586 0.015 5.930 -1.847  4.52
1.668354 3.912186 -0.354593 
3.047463 6.034594 -0.763311 
3.117262 6.210886 -0.767964 
3.214093 6.686096 -0.720724 
3.193922 6.718984 -0.699863 
1.721085 6.753163 0.272266 
1.084443 6.571721 0.646795 
1.000306 6.475231 0.679411 
1.078063 5.429988 0.385176 
FEnd
FBeg
  116  CG2 THR A  14  2840  CG2 THR B  14 ali
5.994 7.214 1.910 7.989 3.692 -2.332  23.14
7.430661 3.368841 1.725948 
8.297342 3.266492 2.218523 
8.497002 3.411586 2.191956 
10.637119 7.556294 -0.242776 
5.972530 7.768722 -2.612890 
5.717869 7.656908 -2.639821 
5.377625 6.859508 -2.137780 
5.397800 4.546271 -0.207684 
FEnd

+-+CCS_record::Boundary loops before union-find
Start boundary loop loop_id 0  init_edge IE_A_B
xyz 1.37498 3.56429 -0.570784
xyz 1.66835 3.91219 -0.354593
xyz 1.7268 3.71975 -0.287946
xyz 1.72121 2.39525 -0.173365
xyz 2.85104 1.75087 -0.0707543
xyz 2.97879 1.61537 -0.00974534
xyz 2.54848 1.53849 0.205395
xyz 1.21453 0.25311 0.701882
xyz 1.16081 -0.255626 0.647488
xyz 1.32217 -3.19903 1.05556
xyz 1.33936 -3.2068 1.0489
xyz 1.12989 -3.31666 0.982967
xyz 1.08754 -3.34454 0.954595
xyz 0.868798 -3.53694 0.796769
xyz 0.169578 -4.31391 0.254547
xyz 0.139168 -4.48649 0.198644
xyz -0.185285 -5.00788 0.153295
xyz -0.183975 -5.27017 0.182487
xyz -0.211146 -5.31122 0.222608
xyz -0.314297 -5.76384 0.574772
xyz -0.267233 -6.54521 1.07936
xyz -0.547101 -6.56244 1.64342
xyz -0.645351 -5.48822 1.01575
xyz -1.61959 -5.98601 2.01173
xyz -2.27711 -5.76679 1.99959
xyz -1.12307 -5.25833 0.919878
xyz -1.10523 -5.15086 0.850807
xyz -1.20231 -4.7481 0.420889
xyz -0.970216 -4.47236 0.052169
xyz -1.63628 -3.19895 -0.437089
xyz -0.309934 -2.83897 -0.249278
xyz -0.406266 -1.21754 -0.0885353
xyz -0.411078 -0.991234 -0.118146
xyz -0.451338 -0.886749 -0.141705
xyz -0.48415 -0.138375 -0.0470837
xyz -0.506299 1.13365 -0.173724
xyz -1.60188 1.79043 -0.291785
xyz -2.20553 2.17611 -0.196221
xyz -2.27704 2.26422 -0.219816
xyz -2.46843 2.37992 -0.247406
xyz -3.82844 3.27842 -0.0750626
xyz -4.79945 2.31075 0.132298
xyz -5.57352 3.52061 -0.356006
xyz -5.93587 3.45366 -0.723512
xyz -6.2359 3.73245 -1.14593
xyz -6.34654 3.77309 -1.21936
xyz -7.38584 3.01422 -2.29343
xyz -7.24756 3.68879 -2.31242
xyz -6.30568 4.29659 -1.31647
xyz -7.20658 4.92408 -1.94759
xyz -7.04486 5.16471 -1.37769
xyz -6.3871 4.73668 -0.877985
xyz -5.92988 4.5984 -0.522245
xyz -5.87436 4.60199 -0.477974
xyz -5.65144 4.47207 -0.4515
xyz -5.03054 4.49074 -0.506586
xyz -4.84945 4.42373 -0.570521
xyz -3.85473 4.63369 -1.11976
xyz -3.59857 4.72089 -1.27255
xyz -3.55399 4.74304 -1.30153
xyz -3.35824 4.86629 -1.37006
xyz -3.36001 4.84925 -1.37594
xyz -0.880886 3.24075 -0.987548
xyz -0.419122 3.03603 -1.04576
End loop
Boundary info init_edge IE_A_B [total exposed]: 51.573713 51.573713
Start boundary loop loop_id 1  init_edge IE_A_B
xyz -8.17511 9.90111 -5.66055
xyz -8.19474 9.51765 -5.44802
xyz -8.17274 9.50572 -5.41081
xyz -7.6102 8.52906 -5.19397
xyz -8.3811 8.90286 -6.5463
xyz -8.9906 8.64172 -7.14172
xyz -9.39062 8.81807 -7.44735
xyz -12.4342 8.31884 -8.2256
xyz -12.5128 8.43481 -8.61734
xyz -12.011 3.32971 -9.72635
xyz -11.7451 2.23428 -8.98198
xyz -11.672 1.97853 -8.73908
xyz -11.5204 1.69908 -8.02913
xyz -11.4665 1.76455 -7.64025
xyz -12.4052 0.497794 -7.5498
xyz -15.0334 -1.31122 -6.56233
xyz -15.033 -1.31247 -6.54981
xyz -13.0814 -0.40127 -3.57737
xyz -12.2022 -0.546338 -1.85148
xyz -11.7195 -0.353899 -1.57376
xyz -12.1087 -1.18559 -1.23342
xyz -13.0556 -5.63704 0.116492
xyz -12.5142 -5.78173 -0.0772036
xyz -12.6758 -6.36539 -0.279179
xyz -8.28356 -7.78216 1.03377
xyz -7.40503 -7.85524 1.34722
xyz -7.79581 -8.16163 1.61921
xyz -8.09516 -8.98715 3.35464
xyz -9.84565 -10.2096 6.36824
xyz -9.84548 -10.2097 6.37021
xyz -6.91951 -8.83216 7.32485
xyz -5.35957 -8.65752 7.3963
xyz -5.44214 -8.67024 7.79379
xyz -5.27538 -8.93197 8.48592
xyz -5.07892 -9.13255 8.74074
xyz -4.25385 -9.91221 9.48495
xyz -0.102816 -12.8989 8.36145
xyz -0.169403 -12.7699 7.9578
xyz 1.80627 -10.3591 7.12227
xyz 1.84801 -9.95715 6.83525
xyz 2.36106 -9.57446 6.24776
xyz 2.41092 -8.73152 4.9
xyz 2.96321 -9.68072 5.11153
xyz 2.9629 -9.7038 5.14616
xyz 3.30313 -9.87665 5.35303
xyz 3.08019 -10.0795 6.58287
xyz 6.85741 -10.8318 8.29653
xyz 6.94591 -10.4176 6.01186
xyz 6.9289 -9.99536 5.02824
xyz 6.89224 -9.93993 4.89746
xyz 7.33603 -9.93987 4.29939
xyz 8.86222 -11.021 5.75715
xyz 11.1863 -8.71727 5.90837
xyz 10.9848 -7.85894 5.34114
xyz 12.2718 -8.71725 9.02719
xyz 9.74104 -4.83209 5.17759
xyz 9.20143 -4.68371 4.88142
xyz 9.7264 -4.533 5.23498
xyz 10.0227 -3.702 4.91367
xyz 10.1064 -3.55378 4.81232
xyz 12.5541 0.797564 4.86566
xyz 10.386 0.337297 1.994
xyz 10.0772 0.15003 1.68628
xyz 8.02453 1.82913 1.68599
xyz 7.11294 1.10607 1.51656
xyz 6.43227 1.60597 0.553926
xyz 6.22158 1.53398 0.332051
xyz 6.1925 1.51558 0.279525
xyz 6.14714 1.60025 0.331416
xyz 5.75895 1.72779 0.374113
xyz 5.55676 1.75694 0.371292
xyz 5.99692 1.92709 0.393198
xyz 5.49831 3.30506 -0.0959321
xyz 5.3978 4.54627 -0.207684
xyz 4.39464 5.23778 -0.309138
xyz 3.44699 6.35522 -0.794225
xyz 3.04746 6.03459 -0.763311
xyz 3.11726 6.21089 -0.767964
xyz 3.21409 6.6861 -0.720724
xyz 3.19392 6.71898 -0.699863
xyz 3.20593 6.72517 -0.721083
xyz 3.36134 6.86033 -0.932103
xyz 3.25534 7.71277 -1.92313
xyz 4.37116 8.15496 -2.11897
xyz 3.94655 10.7565 -2.13467
xyz 4.24945 10.9195 -2.4369
xyz 5.72182 12.5462 -5.37066
xyz 0.709614 12.6216 -5.23705
xyz 0.558325 12.6229 -5.32482
xyz -0.335396 12.7863 -5.64503
xyz -0.754332 12.3831 -5.25616
xyz -0.608539 12.9638 -5.58019
xyz -2.72515 17.0253 -9.38583
xyz -2.58768 15.5447 -5.77483
xyz -3.23814 16.1478 -6.34141
xyz -6.38148 15.273 -6.10636
xyz -6.19886 13.4308 -4.63471
xyz -6.43483 13.0268 -5.25363
xyz -6.45626 13.068 -5.34575
xyz -6.82784 13.2928 -6.34868
xyz -7.24365 13.4087 -8.62238
xyz -8.47183 9.80129 -6.8927
End loop
Boundary info init_edge IE_A_B [total exposed]: 162.615323 162.615323
Start boundary loop loop_id 2  init_edge IE_A_B
xyz -7.61945 1.73509 -2.83621
xyz -8.16513 1.59731 -2.95688
xyz -7.63341 1.58906 -2.97787
End loop
Boundary info init_edge IE_A_B [total exposed]: 1.311731 1.311731
Start boundary loop loop_id 3  init_edge IE_A_B
xyz -3.62987 -5.26961 2.69287
xyz -3.50373 -5.32869 2.55654
xyz -3.87962 -5.7181 2.68015
End loop
Boundary info init_edge IE_A_B [total exposed]: 1.263579 1.263579
Start boundary loop loop_id 4  init_edge IE_A_B
xyz 8.29734 3.26649 2.21852
xyz 8.497 3.41159 2.19196
xyz 10.6371 7.55629 -0.242776
xyz 5.97253 7.76872 -2.61289
xyz 5.71787 7.65691 -2.63982
xyz 5.37763 6.85951 -2.13778
xyz 5.3978 4.54627 -0.207684
xyz 7.43066 3.36884 1.72595
End loop
Boundary info init_edge IE_A_B [total exposed]: 19.085348 19.085348
