Begin VSO per interface edge
200 3907  2
323 1301  2
324 1299  1
324 1301  1
324 1302  1
325 1301  2
325 1302  1
392 3990  2
392 4017  1
396 3990  2
397 3990  2
397 4017  1
399 3990  2
399 4017  2
400 1296  2
400 3990  2
401 1292  2
401 1294  1
401 1296  2
401 3990  2
401 4017  1
401 4020  1
402 1296  2
402 3990  1
404 3990  1
410 1294  2
410 1295  3
410 1296  3
411 1294  2
411 1295  3
413 1294  3
413 1295  4
415 1294  3
415 1295  4
415 1296  2
416 1296  1
417 1294  3
417 1295  4
417 1296  2
429 1294  1
430 3907  2
431 1299  2
431 1300  2
431 1308  3
432 1299  2
432 1300  1
432 3907  1
433 1293  1
433 1299  1
433 1300  2
433 1308  2
433 4020  1
433 4029  2
433 3907  2
434 4029  2
434 3907  2
434 3915  1
435 3907  1
436 4017  1
436 4029  1
436 3915  1
437 1293  1
437 1294  2
437 1295  2
437 1308  2
438 1293  2
438 1299  2
438 1308  3
440 1299  1
440 1308  2
441 1293  2
441 1294  3
441 1295  3
441 1308  3
442 1293  3
442 1294  4
442 1297  2
442 1299  2
442 1301  1
442 1308  2
443 1293  3
443 1297  2
443 1301  1
444 1293  3
444 1294  4
444 1295  4
445 1289  1
445 1293  2
445 1294  3
445 1295  4
445 1297  1
447 1289  1
447 1292  1
447 1293  2
447 1294  2
447 1296  1
459 3907  1
460 3907  1
462 3907  1
1274 3990  1
1274 4017  2
1274 4020  2
1275 4017  1
1276 4017  2
1277 4017  2
1277 4020  1
1277 4029  1
1277 3915  1
1278 4017  1
1279 4020  1
1281 4020  2
1288 4020  1
1289 4020  2
1290 4020  1
1291 4020  1
1292 3990  1
1292 4020  1
1296 3990  1
1299 4020  2
1299 4029  1
1300 4029  1
1300 3907  1
End VSO per interface edge

Voronoi Facets of interface MI_AB
FBeg
  402   CB ARG A1182  1296  OE2 GLU B1308 unk
16.983 -13.166 43.374 19.916 -12.022 47.603  0.52
17.846704 -12.105752 46.111791 
18.094393 -12.538566 46.057089 
16.226099 -12.642534 47.380959 
FEnd
FBeg
  416  OE1 GLN A1183  1296  OE2 GLU B1308 hbd
19.088 -14.766 46.219 19.916 -12.022 47.603  11.07
18.094393 -12.538566 46.057089 
19.153670 -12.759818 45.862028 
19.130549 -13.944195 48.224076 
18.999854 -14.030284 48.472952 
16.417982 -14.125238 50.205859 
15.503631 -13.281186 49.079416 
15.898975 -12.695950 47.682572 
16.226099 -12.642534 47.380959 
FEnd
FBeg
  447  NH2 ARG A1186  1296  OE2 GLU B1308 elf
21.255 -13.792 49.501 19.916 -12.022 47.603  6.20
18.999854 -14.030284 48.472952 
20.216705 -13.505154 48.104204 
19.531734 -12.356260 49.658851 
19.356665 -12.324153 49.812300 
18.082714 -12.653013 50.404364 
17.340691 -13.132629 50.480576 
16.417982 -14.125238 50.205859 
FEnd
FBeg
  447  NH2 ARG A1186  1292   CB GLU B1308 unk
21.255 -13.792 49.501 19.988 -9.640 49.081  0.56
19.356665 -12.324153 49.812300 
18.082714 -12.653013 50.404364 
18.106360 -12.643833 50.423782 
19.597429 -12.180177 50.509302 
FEnd
FBeg
  447  NH2 ARG A1186  1289   CA GLU B1308 unk
21.255 -13.792 49.501 19.781 -9.246 50.554  3.97
18.106360 -12.643833 50.423782 
18.234887 -12.785074 51.213459 
20.214434 -12.586252 53.126094 
20.624618 -12.023900 51.272493 
19.597429 -12.180177 50.509302 
FEnd
FBeg
  445   CZ ARG A1186  1289   CA GLU B1308 ali
22.537 -13.613 49.839 19.781 -9.246 50.554  3.35
20.214434 -12.586252 53.126094 
20.624618 -12.023900 51.272493 
22.022586 -11.247973 51.921906 
21.964647 -11.456255 52.970699 
21.676327 -11.695395 53.319950 
20.471246 -12.469591 53.403462 
FEnd
FBeg
  445   CZ ARG A1186  1297    N ARG B1309 unk
22.537 -13.613 49.839 22.023 -8.354 50.855  1.16
22.022586 -11.247973 51.921906 
21.964647 -11.456255 52.970699 
22.793516 -11.357062 52.876587 
23.030121 -11.244805 52.415224 
22.775840 -11.088578 51.477922 
FEnd
FBeg
  443   CD ARG A1186  1297    N ARG B1309 unk
24.710 -12.476 49.439 22.023 -8.354 50.855  0.81
23.030121 -11.244805 52.415224 
22.775840 -11.088578 51.477922 
23.269999 -10.493671 50.683854 
23.582066 -10.424790 51.075518 
FEnd
FBeg
  443   CD ARG A1186  1301   CB ARG B1309 ali
24.710 -12.476 49.439 24.089 -7.789 52.052  7.36
23.582066 -10.424790 51.075518 
23.030121 -11.244805 52.415224 
23.174556 -11.406644 52.739844 
24.584587 -11.831524 53.837066 
26.123076 -11.820673 54.183237 
26.245242 -11.664138 53.931491 
26.579275 -10.837825 52.528698 
FEnd
FBeg
  442   CG ARG A1186  1301   CB ARG B1309 ali
25.184 -11.172 48.832 24.089 -7.789 52.052  7.67
26.579275 -10.837825 52.528698 
23.582066 -10.424790 51.075518 
23.795983 -9.660956 50.345763 
25.913331 -8.629246 49.981856 
26.725903 -8.286300 49.897875 
26.747034 -8.297405 49.916728 
26.827657 -9.908229 51.636511 
FEnd
FBeg
  324  NH1 ARG A1172  1301   CB ARG B1309 unk
28.879 -7.561 52.041 24.089 -7.789 52.052  12.00
26.747034 -8.297405 49.916728 
26.744757 -8.250230 49.903096 
26.624168 -5.684004 50.583012 
26.563942 -4.380284 51.379754 
26.590873 -4.878796 52.774448 
26.714650 -7.450772 53.363713 
26.719918 -7.562603 53.339740 
26.827657 -9.908229 51.636511 
FEnd
FBeg
  324  NH1 ARG A1172  1302   CG ARG B1309 unk
28.879 -7.561 52.041 23.763 -7.475 53.491  1.30
26.590873 -4.878796 52.774448 
26.714650 -7.450772 53.363713 
26.882751 -5.226696 53.824907 
FEnd
FBeg
  325  NH2 ARG A1172  1302   CG ARG B1309 unk
29.007 -8.036 54.285 23.763 -7.475 53.491  34.10
26.714650 -7.450772 53.363713 
26.882751 -5.226696 53.824907 
26.127101 -5.081136 58.918468 
26.094672 -5.206337 59.044187 
25.502212 -13.254016 57.271024 
25.974446 -12.344371 54.794851 
26.123076 -11.820673 54.183237 
FEnd
FBeg
  324  NH1 ARG A1172  1299    C ARG B1309 unk
28.879 -7.561 52.041 23.586 -7.181 49.668  1.64
26.744757 -8.250230 49.903096 
26.624168 -5.684004 50.583012 
27.177860 -6.362865 49.239287 
FEnd
FBeg
  440    O ARG A1186  1299    C ARG B1309 unk
27.783 -9.016 47.189 23.586 -7.181 49.668  2.19
27.177860 -6.362865 49.239287 
26.744757 -8.250230 49.903096 
26.725903 -8.286300 49.897875 
26.559956 -8.295287 49.623576 
26.407711 -8.092419 49.215655 
26.233677 -6.970295 48.090397 
26.395891 -6.692297 48.159248 
FEnd
FBeg
  432    O ASN A1185  1299    C ARG B1309 unk
25.872 -7.468 45.441 23.586 -7.181 49.668  0.55
26.233677 -6.970295 48.090397 
25.005297 -7.166099 47.439372 
24.746926 -6.784795 47.273753 
26.395891 -6.692297 48.159248 
FEnd
FBeg
  432    O ASN A1185  1300    O ARG B1309 unk
25.872 -7.468 45.441 23.786 -6.046 49.177  2.92
24.746926 -6.784795 47.273753 
26.395891 -6.692297 48.159248 
27.160565 -5.694878 48.206566 
24.686004 -5.606191 46.791136 
24.419489 -6.193700 46.865945 
FEnd
FBeg
  431    C ASN A1185  1300    O ARG B1309 unk
25.008 -8.235 45.023 23.786 -6.046 49.177  0.33
24.419489 -6.193700 46.865945 
24.746926 -6.784795 47.273753 
23.763529 -6.745593 46.963805 
FEnd
FBeg
  433   CB ASN A1185  1300    O ARG B1309 unk
23.442 -6.534 44.119 23.786 -6.046 49.177  1.80
24.686004 -5.606191 46.791136 
24.419489 -6.193700 46.865945 
23.763529 -6.745593 46.963805 
22.398055 -6.476056 47.030667 
24.305000 -5.077188 46.766010 
FEnd
FBeg
  433   CB ASN A1185  1299    C ARG B1309 ali
23.442 -6.534 44.119 23.586 -7.181 49.668  1.66
23.763529 -6.745593 46.963805 
22.398055 -6.476056 47.030667 
21.567339 -6.943828 46.997684 
21.631858 -7.457597 46.936105 
21.742113 -7.613888 46.915021 
21.842149 -7.682219 46.904458 
23.044812 -7.440411 46.901442 
FEnd
FBeg
  433   CB ASN A1185  1308  OXT ARG B1309 unk
23.442 -6.534 44.119 23.800 -8.253 49.055  0.38
21.842149 -7.682219 46.904458 
22.243316 -8.124911 46.721191 
22.563732 -7.961146 46.754984 
23.044812 -7.440411 46.901442 
FEnd
FBeg
  431    C ASN A1185  1308  OXT ARG B1309 unk
25.008 -8.235 45.023 23.800 -8.253 49.055  0.80
22.563732 -7.961146 46.754984 
23.044812 -7.440411 46.901442 
24.582921 -7.396985 47.362458 
23.650987 -8.030899 47.080418 
FEnd
FBeg
  438   CA ARG A1186  1308  OXT ARG B1309 unk
25.547 -9.798 46.755 23.800 -8.253 49.055  5.66
24.582921 -7.396985 47.362458 
26.407711 -8.092419 49.215655 
26.453054 -8.329613 49.409429 
23.613874 -9.574923 48.089410 
23.386128 -9.578389 47.918750 
22.966578 -9.016063 47.222338 
23.650987 -8.030899 47.080418 
FEnd
FBeg
  438   CA ARG A1186  1293   CG GLU B1308 ali
25.547 -9.798 46.755 21.261 -10.452 48.809  0.40
23.386128 -9.578389 47.918750 
22.966578 -9.016063 47.222338 
22.966609 -9.839536 46.960207 
FEnd
FBeg
  441   CB ARG A1186  1293   CG GLU B1308 ali
25.161 -11.171 47.298 21.261 -10.452 48.809  1.57
22.966609 -9.839536 46.960207 
23.386128 -9.578389 47.918750 
23.438520 -9.658262 48.091985 
23.102325 -11.489938 48.095832 
22.920261 -10.592192 47.198725 
22.831344 -10.094311 46.732310 
FEnd
FBeg
  441   CB ARG A1186  1295  OE1 GLU B1308 unk
25.161 -11.171 47.298 22.063 -11.921 47.088  5.29
22.920261 -10.592192 47.198725 
22.831344 -10.094311 46.732310 
23.184091 -11.210747 45.515720 
23.295964 -11.677725 45.533110 
23.443138 -12.326303 45.678290 
23.703165 -13.723771 46.833239 
23.103824 -11.583941 48.032685 
FEnd
FBeg
  444   NE ARG A1186  1295  OE1 GLU B1308 elf
23.294 -12.741 49.166 22.063 -11.921 47.088  1.86
23.703165 -13.723771 46.833239 
23.103824 -11.583941 48.032685 
22.403600 -13.107384 47.846330 
22.647254 -13.571721 47.518758 
23.453068 -13.838394 46.936165 
FEnd
FBeg
  417  NE2 GLN A1183  1295  OE1 GLU B1308 hbd
21.091 -15.046 47.174 22.063 -11.921 47.088  1.16
22.647254 -13.571721 47.518758 
22.180958 -13.421938 47.691225 
21.458259 -13.229847 46.503093 
21.471001 -13.234083 46.493168 
23.453068 -13.838394 46.936165 
FEnd
FBeg
  415   CD GLN A1183  1295  OE1 GLU B1308 unk
20.294 -14.981 46.123 22.063 -11.921 47.088  0.00
21.458259 -13.229847 46.503093 
21.447210 -13.215744 46.478627 
21.471001 -13.234083 46.493168 
FEnd
FBeg
  415   CD GLN A1183  1294   CD GLU B1308 aro
20.294 -14.981 46.123 21.065 -11.544 47.756  0.99
21.458259 -13.229847 46.503093 
21.447210 -13.215744 46.478627 
21.233390 -13.095045 46.325543 
20.170439 -12.758597 46.119275 
20.261602 -13.387917 47.400773 
FEnd
FBeg
  410   CA GLN A1183  1294   CD GLU B1308 ali
21.398 -12.745 44.081 21.065 -11.544 47.756  4.10
21.233390 -13.095045 46.325543 
20.170439 -12.758597 46.119275 
19.818039 -11.801134 45.774442 
21.558728 -9.796169 45.276941 
21.774530 -9.888293 45.326602 
21.920978 -10.020246 45.382995 
21.413007 -13.021006 46.317623 
FEnd
FBeg
  411    C GLN A1183  1294   CD GLU B1308 ali
22.411 -11.981 43.238 21.065 -11.544 47.756  0.01
21.774530 -9.888293 45.326602 
21.931499 -9.930996 45.377496 
21.947619 -9.952106 45.384341 
21.920978 -10.020246 45.382995 
FEnd
FBeg
  437    N ARG A1186  1294   CD GLU B1308 unk
24.765 -9.424 45.580 21.065 -11.544 47.756  0.82
21.931499 -9.930996 45.377496 
21.654211 -9.014827 45.798595 
22.771265 -10.062570 46.677220 
21.947619 -9.952106 45.384341 
FEnd
FBeg
  429    N ASN A1185  1294   CD GLU B1308 unk
23.322 -8.742 43.146 21.065 -11.544 47.756  0.48
21.558728 -9.796169 45.276941 
21.113453 -8.792678 45.668871 
21.654211 -9.014827 45.798595 
21.931499 -9.930996 45.377496 
21.774530 -9.888293 45.326602 
FEnd
FBeg
  401    O ARG A1182  1294   CD GLU B1308 unk
19.344 -10.927 44.221 21.065 -11.544 47.756  4.12
19.818039 -11.801134 45.774442 
19.069973 -10.208507 46.416612 
20.594235 -8.979205 45.889094 
20.774182 -8.876884 45.819347 
21.113453 -8.792678 45.668871 
21.558728 -9.796169 45.276941 
FEnd
FBeg
  401    O ARG A1182  1292   CB GLU B1308 unk
19.344 -10.927 44.221 19.988 -9.640 49.081  0.40
19.069973 -10.208507 46.416612 
20.594235 -8.979205 45.889094 
19.272403 -9.562072 46.218603 
19.036143 -10.210611 46.421652 
FEnd
FBeg
  401    O ARG A1182  1296  OE2 GLU B1308 unk
19.344 -10.927 44.221 19.916 -12.022 47.603  1.46
19.818039 -11.801134 45.774442 
19.069973 -10.208507 46.416612 
19.036143 -10.210611 46.421652 
18.150247 -11.773934 46.065323 
19.793149 -11.828888 45.769665 
FEnd
FBeg
  410   CA GLN A1183  1296  OE2 GLU B1308 unk
21.398 -12.745 44.081 19.916 -12.022 47.603  0.37
20.170439 -12.758597 46.119275 
19.818039 -11.801134 45.774442 
19.793149 -11.828888 45.769665 
19.462973 -12.693382 45.808197 
FEnd
FBeg
  413   CB GLN A1183  1294   CD GLU B1308 ali
21.983 -14.126 44.438 21.065 -11.544 47.756  0.02
21.447210 -13.215744 46.478627 
21.233390 -13.095045 46.325543 
21.413007 -13.021006 46.317623 
FEnd
FBeg
  417  NE2 GLN A1183  1294   CD GLU B1308 unk
21.091 -15.046 47.174 21.065 -11.544 47.756  1.93
22.180958 -13.421938 47.691225 
21.458259 -13.229847 46.503093 
20.261602 -13.387917 47.400773 
20.216705 -13.505154 48.104204 
21.694292 -13.474096 47.983331 
FEnd
FBeg
  445   CZ ARG A1186  1294   CD GLU B1308 aro
22.537 -13.613 49.839 21.065 -11.544 47.756  1.72
21.694292 -13.474096 47.983331 
22.180958 -13.421938 47.691225 
22.403600 -13.107384 47.846330 
22.243113 -12.135431 48.925162 
21.169557 -12.410673 49.410423 
FEnd
FBeg
  445   CZ ARG A1186  1295  OE1 GLU B1308 unk
22.537 -13.613 49.839 22.063 -11.921 47.088  0.11
22.403600 -13.107384 47.846330 
22.180958 -13.421938 47.691225 
22.647254 -13.571721 47.518758 
FEnd
FBeg
  444   NE ARG A1186  1294   CD GLU B1308 unk
23.294 -12.741 49.166 21.065 -11.544 47.756  1.03
23.103824 -11.583941 48.032685 
22.403600 -13.107384 47.846330 
22.243113 -12.135431 48.925162 
23.100097 -11.501674 48.108417 
23.104070 -11.509147 48.095793 
FEnd
FBeg
  442   CG ARG A1186  1294   CD GLU B1308 ali
25.184 -11.172 48.832 21.065 -11.544 47.756  0.00
23.100097 -11.501674 48.108417 
23.104070 -11.509147 48.095793 
23.102325 -11.489938 48.095832 
FEnd
FBeg
  444   NE ARG A1186  1293   CG GLU B1308 unk
23.294 -12.741 49.166 21.261 -10.452 48.809  1.27
22.243113 -12.135431 48.925162 
22.763869 -11.441288 50.410311 
23.112839 -11.417281 48.576966 
23.100097 -11.501674 48.108417 
FEnd
FBeg
  413   CB GLN A1183  1295  OE1 GLU B1308 unk
21.983 -14.126 44.438 22.063 -11.921 47.088  2.50
23.443138 -12.326303 45.678290 
23.703165 -13.723771 46.833239 
23.453068 -13.838394 46.936165 
21.471001 -13.234083 46.493168 
21.447210 -13.215744 46.478627 
21.413007 -13.021006 46.317623 
FEnd
FBeg
  410   CA GLN A1183  1295  OE1 GLU B1308 unk
21.398 -12.745 44.081 22.063 -11.921 47.088  3.39
23.295964 -11.677725 45.533110 
23.443138 -12.326303 45.678290 
21.413007 -13.021006 46.317623 
21.920978 -10.020246 45.382995 
FEnd
FBeg
  411    C GLN A1183  1295  OE1 GLU B1308 unk
22.411 -11.981 43.238 22.063 -11.921 47.088  0.29
23.184091 -11.210747 45.515720 
23.295964 -11.677725 45.533110 
21.920978 -10.020246 45.382995 
21.947619 -9.952106 45.384341 
FEnd
FBeg
  437    N ARG A1186  1295  OE1 GLU B1308 hbd
24.765 -9.424 45.580 22.063 -11.921 47.088  1.26
22.831344 -10.094311 46.732310 
23.184091 -11.210747 45.515720 
21.947619 -9.952106 45.384341 
22.771265 -10.062570 46.677220 
FEnd
FBeg
  441   CB ARG A1186  1294   CD GLU B1308 ali
25.161 -11.171 47.298 21.065 -11.544 47.756  0.07
23.102325 -11.489938 48.095832 
22.920261 -10.592192 47.198725 
23.103824 -11.583941 48.032685 
23.104070 -11.509147 48.095793 
FEnd
FBeg
  442   CG ARG A1186  1293   CG GLU B1308 ali
25.184 -11.172 48.832 21.261 -10.452 48.809  3.14
23.438520 -9.658262 48.091985 
23.398181 -9.818888 49.944182 
23.269999 -10.493671 50.683854 
23.112839 -11.417281 48.576966 
23.100097 -11.501674 48.108417 
23.102325 -11.489938 48.095832 
FEnd
FBeg
  437    N ARG A1186  1293   CG GLU B1308 unk
24.765 -9.424 45.580 21.261 -10.452 48.809  2.14
22.966578 -9.016063 47.222338 
22.966609 -9.839536 46.960207 
22.831344 -10.094311 46.732310 
22.771265 -10.062570 46.677220 
21.654211 -9.014827 45.798595 
21.650151 -8.836363 45.851007 
22.243316 -8.124911 46.721191 
FEnd
FBeg
  441   CB ARG A1186  1308  OXT ARG B1309 unk
25.161 -11.171 47.298 23.800 -8.253 49.055  0.02
23.613874 -9.574923 48.089410 
23.438520 -9.658262 48.091985 
23.386128 -9.578389 47.918750 
FEnd
FBeg
  437    N ARG A1186  1308  OXT ARG B1309 hbd
24.765 -9.424 45.580 23.800 -8.253 49.055  0.83
22.243316 -8.124911 46.721191 
22.563732 -7.961146 46.754984 
23.650987 -8.030899 47.080418 
22.966578 -9.016063 47.222338 
FEnd
FBeg
  433   CB ASN A1185  1293   CG GLU B1308 ali
23.442 -6.534 44.119 21.261 -10.452 48.809  1.07
21.742113 -7.613888 46.915021 
21.428936 -7.959395 46.480749 
21.046827 -8.697065 45.686811 
21.080076 -8.728329 45.676155 
21.650151 -8.836363 45.851007 
22.243316 -8.124911 46.721191 
21.842149 -7.682219 46.904458 
FEnd
FBeg
  431    C ASN A1185  1299    C ARG B1309 ali
25.008 -8.235 45.023 23.586 -7.181 49.668  1.00
25.005297 -7.166099 47.439372 
24.582921 -7.396985 47.362458 
23.044812 -7.440411 46.901442 
23.763529 -6.745593 46.963805 
24.746926 -6.784795 47.273753 
FEnd
FBeg
  438   CA ARG A1186  1299    C ARG B1309 ali
25.547 -9.798 46.755 23.586 -7.181 49.668  1.60
26.407711 -8.092419 49.215655 
24.582921 -7.396985 47.362458 
25.005297 -7.166099 47.439372 
26.233677 -6.970295 48.090397 
FEnd
FBeg
  440    O ARG A1186  1308  OXT ARG B1309 hbd
27.783 -9.016 47.189 23.800 -8.253 49.055  0.03
26.559956 -8.295287 49.623576 
26.407711 -8.092419 49.215655 
26.453054 -8.329613 49.409429 
FEnd
FBeg
  442   CG ARG A1186  1299    C ARG B1309 ali
25.184 -11.172 48.832 23.586 -7.181 49.668  0.13
25.913331 -8.629246 49.981856 
26.725903 -8.286300 49.897875 
26.559956 -8.295287 49.623576 
FEnd
FBeg
  442   CG ARG A1186  1308  OXT ARG B1309 unk
25.184 -11.172 48.832 23.800 -8.253 49.055  4.72
23.795983 -9.660956 50.345763 
25.913331 -8.629246 49.981856 
26.559956 -8.295287 49.623576 
26.453054 -8.329613 49.409429 
23.613874 -9.574923 48.089410 
23.438520 -9.658262 48.091985 
23.398181 -9.818888 49.944182 
FEnd
FBeg
  323   CZ ARG A1172  1301   CB ARG B1309 ali
29.430 -8.264 53.044 24.089 -7.789 52.052  4.56
26.245242 -11.664138 53.931491 
26.579275 -10.837825 52.528698 
26.827657 -9.908229 51.636511 
26.719918 -7.562603 53.339740 
FEnd
FBeg
  325  NH2 ARG A1172  1301   CB ARG B1309 unk
29.007 -8.036 54.285 24.089 -7.789 52.052  0.62
26.123076 -11.820673 54.183237 
26.245242 -11.664138 53.931491 
26.719918 -7.562603 53.339740 
26.714650 -7.450772 53.363713 
FEnd
FBeg
  442   CG ARG A1186  1297    N ARG B1309 unk
25.184 -11.172 48.832 22.023 -8.354 50.855  0.55
23.269999 -10.493671 50.683854 
23.398181 -9.818888 49.944182 
23.795983 -9.660956 50.345763 
23.582066 -10.424790 51.075518 
FEnd
FBeg
  443   CD ARG A1186  1293   CG GLU B1308 ali
24.710 -12.476 49.439 21.261 -10.452 48.809  1.56
22.775840 -11.088578 51.477922 
23.269999 -10.493671 50.683854 
23.112839 -11.417281 48.576966 
22.763869 -11.441288 50.410311 
FEnd
FBeg
  445   CZ ARG A1186  1293   CG GLU B1308 ali
22.537 -13.613 49.839 21.261 -10.452 48.809  4.94
20.624618 -12.023900 51.272493 
22.022586 -11.247973 51.921906 
22.775840 -11.088578 51.477922 
22.763869 -11.441288 50.410311 
22.243113 -12.135431 48.925162 
21.169557 -12.410673 49.410423 
FEnd
FBeg
  447  NH2 ARG A1186  1293   CG GLU B1308 unk
21.255 -13.792 49.501 21.261 -10.452 48.809  1.99
19.531734 -12.356260 49.658851 
19.356665 -12.324153 49.812300 
19.597429 -12.180177 50.509302 
20.624618 -12.023900 51.272493 
21.169557 -12.410673 49.410423 
FEnd
FBeg
  447  NH2 ARG A1186  1294   CD GLU B1308 unk
21.255 -13.792 49.501 21.065 -11.544 47.756  2.80
20.216705 -13.505154 48.104204 
19.531734 -12.356260 49.658851 
21.169557 -12.410673 49.410423 
21.694292 -13.474096 47.983331 
FEnd
FBeg
  417  NE2 GLN A1183  1296  OE2 GLU B1308 hbd
21.091 -15.046 47.174 19.916 -12.022 47.603  0.55
19.130549 -13.944195 48.224076 
20.261602 -13.387917 47.400773 
20.216705 -13.505154 48.104204 
18.999854 -14.030284 48.472952 
FEnd
FBeg
  415   CD GLN A1183  1296  OE2 GLU B1308 unk
20.294 -14.981 46.123 19.916 -12.022 47.603  2.29
19.153670 -12.759818 45.862028 
19.462973 -12.693382 45.808197 
20.170439 -12.758597 46.119275 
20.261602 -13.387917 47.400773 
19.130549 -13.944195 48.224076 
FEnd
FBeg
  400    C ARG A1182  1296  OE2 GLU B1308 unk
19.180 -11.924 43.495 19.916 -12.022 47.603  1.45
17.846704 -12.105752 46.111791 
18.150247 -11.773934 46.065323 
19.793149 -11.828888 45.769665 
19.462973 -12.693382 45.808197 
19.153670 -12.759818 45.862028 
18.094393 -12.538566 46.057089 
FEnd

+-+CCS_record::Boundary loops before union-find
Start boundary loop loop_id 0  init_edge IE_A_B
xyz 18.1502 -11.7739 46.0653
xyz 19.0361 -10.2106 46.4217
xyz 19.2724 -9.56207 46.2186
xyz 20.5942 -8.9792 45.8891
xyz 20.7742 -8.87688 45.8193
xyz 21.1135 -8.79268 45.6689
xyz 21.6542 -9.01483 45.7986
xyz 21.6502 -8.83636 45.851
xyz 21.0801 -8.72833 45.6762
xyz 21.0468 -8.69706 45.6868
xyz 21.4289 -7.9594 46.4807
xyz 21.7421 -7.61389 46.915
xyz 21.6319 -7.4576 46.9361
xyz 21.5673 -6.94383 46.9977
xyz 22.3981 -6.47606 47.0307
xyz 24.305 -5.07719 46.766
xyz 24.686 -5.60619 46.7911
xyz 27.1606 -5.69488 48.2066
xyz 26.3959 -6.6923 48.1592
xyz 27.1779 -6.36287 49.2393
xyz 26.6242 -5.684 50.583
xyz 26.5639 -4.38028 51.3798
xyz 26.5909 -4.8788 52.7744
xyz 26.8828 -5.2267 53.8249
xyz 26.1271 -5.08114 58.9185
xyz 26.0947 -5.20634 59.0442
xyz 25.5022 -13.254 57.271
xyz 25.9744 -12.3444 54.7949
xyz 26.1231 -11.8207 54.1832
xyz 24.5846 -11.8315 53.8371
xyz 23.1746 -11.4066 52.7398
xyz 23.0301 -11.2448 52.4152
xyz 22.7935 -11.3571 52.8766
xyz 21.9646 -11.4563 52.9707
xyz 21.6763 -11.6954 53.3199
xyz 20.4712 -12.4696 53.4035
xyz 20.2144 -12.5863 53.1261
xyz 18.2349 -12.7851 51.2135
xyz 18.1064 -12.6438 50.4238
xyz 18.0827 -12.653 50.4044
xyz 17.3407 -13.1326 50.4806
xyz 16.418 -14.1252 50.2059
xyz 15.5036 -13.2812 49.0794
xyz 15.899 -12.6959 47.6826
xyz 16.2261 -12.6425 47.381
xyz 17.8467 -12.1058 46.1118
End loop
Boundary info init_edge IE_A_B [total exposed]: 60.552851 60.552851
Start boundary loop loop_id 1  init_edge IE_A_B
xyz 26.747 -8.29741 49.9167
xyz 26.7448 -8.25023 49.9031
xyz 26.7259 -8.2863 49.8979
End loop
Boundary info init_edge IE_A_B [total exposed]: 0.120610 0.120610
Voronoi Facets of interface MI_AWi_BWi
FBeg
  402   CB ARG A1182  3990    O HOH A3254 unk
16.983 -13.166 43.374 17.192 -9.891 45.026  4.27
17.585412 -11.536903 45.017135 
17.846704 -12.105752 46.111791 
16.226099 -12.642534 47.380959 
15.923996 -12.715350 47.563532 
16.207588 -10.985503 44.098326 
FEnd
FBeg
  399   CA ARG A1182  3990    O HOH A3254 unk
17.850 -12.106 42.710 17.192 -9.891 45.026  5.75
16.207588 -10.985503 44.098326 
15.831334 -10.068005 43.113943 
16.982091 -9.174317 42.586170 
17.332192 -8.952524 42.473517 
17.651578 -8.875249 42.490353 
18.265572 -8.940763 42.727452 
18.101252 -10.128393 43.816605 
17.585412 -11.536903 45.017135 
FEnd
FBeg
  401    O ARG A1182  3990    O HOH A3254 hbw
19.344 -10.927 44.221 17.192 -9.891 45.026  8.57
18.265572 -8.940763 42.727452 
18.430624 -8.613747 42.747830 
19.415695 -7.840291 44.385806 
19.272403 -9.562072 46.218603 
19.036143 -10.210611 46.421652 
18.150247 -11.773934 46.065323 
18.101252 -10.128393 43.816605 
FEnd
FBeg
 1292   CB GLU B1308  3990    O HOH A3254 unk
19.988 -9.640 49.081 17.192 -9.891 45.026  3.37
19.272403 -9.562072 46.218603 
16.611612 -9.770238 48.066154 
16.361098 -11.316721 48.334614 
19.036143 -10.210611 46.421652 
FEnd
FBeg
 1292   CB GLU B1308  4020    O HOH B3277 unk
19.988 -9.640 49.081 18.627 -7.527 47.359  13.82
19.272403 -9.562072 46.218603 
16.611612 -9.770238 48.066154 
18.472740 -7.688368 49.149775 
19.323743 -7.158313 49.127586 
21.015667 -6.850171 48.168466 
21.631858 -7.457597 46.936105 
21.428936 -7.959395 46.480749 
20.686360 -8.923765 45.884310 
20.594235 -8.979205 45.889094 
FEnd
FBeg
  433   CB ASN A1185  4020    O HOH B3277 unk
23.442 -6.534 44.119 18.627 -7.527 47.359  4.67
21.631858 -7.457597 46.936105 
21.428936 -7.959395 46.480749 
21.046827 -8.697065 45.686811 
20.041812 -7.787746 44.471935 
20.194807 -6.074989 45.224232 
21.567339 -6.943828 46.997684 
FEnd
FBeg
  433   CB ASN A1185  4029    O HOH B3338 unk
23.442 -6.534 44.119 21.904 -3.975 46.563  10.87
20.194807 -6.074989 45.224232 
21.567339 -6.943828 46.997684 
22.398055 -6.476056 47.030667 
24.305000 -5.077188 46.766010 
23.791976 -3.504830 44.796822 
21.752180 -4.520372 44.576514 
FEnd
FBeg
  436  ND2 ASN A1185  4029    O HOH B3338 hbw
21.914 -5.682 42.490 21.904 -3.975 46.563  4.89
21.752180 -4.520372 44.576514 
20.194807 -6.074989 45.224232 
19.669751 -5.632436 45.037469 
19.524580 -3.777464 44.259691 
21.999150 -3.037538 43.955663 
FEnd
FBeg
  436  ND2 ASN A1185  3915    O HOH F3268 hbw
21.914 -5.682 42.490 20.734 -0.752 44.884  16.58
19.524580 -3.777464 44.259691 
21.999150 -3.037538 43.955663 
22.559126 -2.064619 42.228127 
22.293598 -1.539118 41.015078 
22.259982 -1.533942 40.987848 
20.418606 -1.569861 40.154207 
18.349056 -2.088651 40.202479 
17.837346 -2.475189 40.746261 
18.325647 -3.189867 42.458691 
FEnd
FBeg
 1277  OE1 GLN B1306  3915    O HOH F3268 hbw
16.929 -4.522 46.187 20.734 -0.752 44.884  11.51
18.325647 -3.189867 42.458691 
19.524580 -3.777464 44.259691 
18.867325 -1.336014 49.404291 
17.674284 -0.661750 47.871252 
17.634891 -1.005272 46.762297 
FEnd
FBeg
  434   CG ASN A1185  3915    O HOH F3268 unk
23.178 -5.733 42.871 20.734 -0.752 44.884  2.11
21.999150 -3.037538 43.955663 
22.559126 -2.064619 42.228127 
23.821201 -2.152292 43.977364 
23.723146 -2.287773 44.193551 
FEnd
FBeg
  434   CG ASN A1185  3907    O HOH F3201 unk
23.178 -5.733 42.871 26.216 -4.493 45.026  1.88
23.821201 -2.152292 43.977364 
23.723146 -2.287773 44.193551 
23.791976 -3.504830 44.796822 
25.193312 -4.884261 43.615029 
FEnd
FBeg
  435  OD1 ASN A1185  3907    O HOH F3201 hbw
24.109 -5.180 42.227 26.216 -4.493 45.026  9.61
25.193312 -4.884261 43.615029 
23.821201 -2.152292 43.977364 
24.683904 -0.924193 43.026516 
25.632416 -1.625542 42.484649 
26.659491 -3.981322 42.289713 
26.755435 -4.475181 42.338705 
26.444140 -5.926485 42.929252 
25.940902 -5.744031 43.263292 
FEnd
FBeg
  430   CA ASN A1185  3907    O HOH F3201 unk
24.211 -7.817 43.821 26.216 -4.493 45.026  0.71
26.444140 -5.926485 42.929252 
26.581214 -6.265438 43.636180 
25.820496 -6.074414 44.374997 
25.940902 -5.744031 43.263292 
FEnd
FBeg
  432    O ASN A1185  3907    O HOH F3201 hbw
25.872 -7.468 45.441 26.216 -4.493 45.026  8.05
26.581214 -6.265438 43.636180 
27.974221 -5.943798 47.096598 
27.160565 -5.694878 48.206566 
24.686004 -5.606191 46.791136 
25.820496 -6.074414 44.374997 
FEnd
FBeg
 1300    O ARG B1309  3907    O HOH F3201 hbw
23.786 -6.046 49.177 26.216 -4.493 45.026  13.60
27.160565 -5.694878 48.206566 
27.791516 -5.213527 48.756012 
27.900600 -3.548469 49.442813 
25.694993 -0.737895 49.203159 
24.305000 -5.077188 46.766010 
24.686004 -5.606191 46.791136 
FEnd
FBeg
  459   CG GLN A1188  3907    O HOH F3201 unk
29.338 -5.631 43.875 26.216 -4.493 45.026  7.04
26.755435 -4.475181 42.338705 
26.832550 -4.300960 42.375620 
27.714115 -4.517893 44.981280 
28.170525 -5.724732 47.412467 
27.974221 -5.943798 47.096598 
26.581214 -6.265438 43.636180 
26.444140 -5.926485 42.929252 
FEnd
FBeg
  460   CD GLN A1188  3907    O HOH F3201 unk
29.733 -4.285 44.469 26.216 -4.493 45.026  5.60
27.714115 -4.517893 44.981280 
28.237353 -3.176711 48.785941 
28.335455 -3.539325 49.269960 
28.336994 -3.562378 49.271068 
28.322284 -5.102850 48.602929 
28.170525 -5.724732 47.412467 
FEnd
FBeg
  200  CE2 PHE A1158  3907    O HOH F3201 unk
28.709 -4.515 39.922 26.216 -4.493 45.026  0.03
26.659491 -3.981322 42.289713 
26.832550 -4.300960 42.375620 
26.755435 -4.475181 42.338705 
FEnd
FBeg
  462  NE2 GLN A1188  3907    O HOH F3201 hbw
28.933 -3.241 44.211 26.216 -4.493 45.026  26.46
25.632416 -1.625542 42.484649 
25.242419 -0.085895 43.549702 
25.735381 0.747456 46.473300 
28.237353 -3.176711 48.785941 
27.714115 -4.517893 44.981280 
26.832550 -4.300960 42.375620 
26.659491 -3.981322 42.289713 
FEnd
FBeg
 1277  OE1 GLN B1306  4029    O HOH B3338 hbw
16.929 -4.522 46.187 21.904 -3.975 46.563  12.25
19.669751 -5.632436 45.037469 
19.232248 -4.349731 48.960174 
19.062782 -3.257719 49.613809 
18.866819 -1.373425 49.465415 
18.867325 -1.336014 49.404291 
19.524580 -3.777464 44.259691 
FEnd
FBeg
 1277  OE1 GLN B1306  4020    O HOH B3277 hbw
16.929 -4.522 46.187 18.627 -7.527 47.359  6.92
19.669751 -5.632436 45.037469 
19.232248 -4.349731 48.960174 
19.108117 -4.396205 49.020857 
17.010263 -6.709687 46.128486 
19.420433 -5.874775 44.777329 
FEnd
FBeg
 1277  OE1 GLN B1306  4017    O HOH B3269 hbw
16.929 -4.522 46.187 16.511 -6.853 44.001  7.09
17.010263 -6.709687 46.128486 
16.838730 -6.620909 46.066619 
17.186405 -4.339891 43.567817 
18.222822 -3.424681 42.393721 
19.420433 -5.874775 44.777329 
FEnd
FBeg
  436  ND2 ASN A1185  4017    O HOH B3269 hbw
21.914 -5.682 42.490 16.511 -6.853 44.001  12.27
18.222822 -3.424681 42.393721 
19.420433 -5.874775 44.777329 
19.665955 -7.672966 44.261693 
19.433716 -7.888319 43.264362 
18.754577 -7.003335 41.521759 
18.516561 -6.232728 41.267876 
17.751044 -3.060100 40.989290 
FEnd
FBeg
 1278  NE2 GLN B1306  4017    O HOH B3269 hbw
15.072 -3.480 45.360 16.511 -6.853 44.001  18.03
17.186405 -4.339891 43.567817 
18.222822 -3.424681 42.393721 
17.751044 -3.060100 40.989290 
14.900645 -4.004857 40.315958 
12.057460 -6.226950 42.820578 
12.290162 -6.373408 43.430481 
14.072142 -5.915780 44.181541 
FEnd
FBeg
 1275   CG GLN B1306  4017    O HOH B3269 unk
14.749 -5.096 47.111 16.511 -6.853 44.001  9.93
12.290162 -6.373408 43.430481 
12.576860 -8.270496 44.664676 
13.564193 -8.773306 45.508122 
14.940301 -8.293286 46.016581 
16.546415 -6.668864 46.008820 
14.072142 -5.915780 44.181541 
FEnd
FBeg
  397   NZ LYS A1181  4017    O HOH B3269 hbw
15.194 -8.972 40.626 16.511 -6.853 44.001  25.22
14.900645 -4.004857 40.315958 
17.957264 -7.248037 41.159434 
18.047711 -7.405189 41.222808 
17.465797 -8.897103 42.386585 
17.332192 -8.952524 42.473517 
14.495878 -9.169027 43.716242 
12.972550 -8.697924 44.014895 
12.302800 -8.232983 43.984332 
12.057460 -6.226950 42.820578 
FEnd
FBeg
  392    O LYS A1181  4017    O HOH B3269 hbw
18.857 -10.453 40.559 16.511 -6.853 44.001  2.09
18.047711 -7.405189 41.222808 
18.506844 -7.265588 41.389736 
18.579757 -7.264233 41.438014 
18.913159 -8.279328 42.726945 
18.430624 -8.613747 42.747830 
17.651578 -8.875249 42.490353 
17.465797 -8.897103 42.386585 
FEnd
FBeg
 1276   CD GLN B1306  4017    O HOH B3269 unk
15.669 -4.342 46.176 16.511 -6.853 44.001  5.43
16.838730 -6.620909 46.066619 
17.186405 -4.339891 43.567817 
14.072142 -5.915780 44.181541 
16.546415 -6.668864 46.008820 
FEnd
FBeg
 1274   CB GLN B1306  4017    O HOH B3269 unk
15.499 -5.832 48.272 16.511 -6.853 44.001  1.23
17.010263 -6.709687 46.128486 
16.838730 -6.620909 46.066619 
16.546415 -6.668864 46.008820 
14.940301 -8.293286 46.016581 
16.417995 -7.877452 46.267309 
FEnd
FBeg
 1274   CB GLN B1306  3990    O HOH A3254 unk
15.499 -5.832 48.272 17.192 -9.891 45.026  3.34
14.940301 -8.293286 46.016581 
16.417995 -7.877452 46.267309 
16.135176 -9.232855 47.814681 
15.801308 -9.326550 47.757709 
13.883864 -8.947847 46.284084 
FEnd
FBeg
 1274   CB GLN B1306  4020    O HOH B3277 unk
15.499 -5.832 48.272 18.627 -7.527 47.359  11.21
19.108117 -4.396205 49.020857 
17.010263 -6.709687 46.128486 
16.417995 -7.877452 46.267309 
16.135176 -9.232855 47.814681 
17.352351 -7.661922 49.068342 
18.104447 -6.570063 49.618019 
18.233954 -6.363980 49.679123 
FEnd
FBeg
 1281    C GLU B1307  4020    O HOH B3277 unk
17.887 -8.398 51.865 18.627 -7.527 47.359  0.02
18.104447 -6.570063 49.618019 
18.311674 -6.503659 49.664887 
18.233954 -6.363980 49.679123 
FEnd
FBeg
 1279    N GLU B1307  4020    O HOH B3277 hbw
15.673 -8.005 50.826 18.627 -7.527 47.359  0.80
16.135176 -9.232855 47.814681 
16.523894 -9.728266 48.077579 
17.352351 -7.661922 49.068342 
FEnd
FBeg
 1291    O GLU B1308  4020    O HOH B3277 hbw
20.294 -6.989 51.181 18.627 -7.527 47.359  3.36
19.232248 -4.349731 48.960174 
19.108117 -4.396205 49.020857 
18.233954 -6.363980 49.679123 
18.311674 -6.503659 49.664887 
18.654939 -6.807441 49.557930 
18.777210 -6.820945 49.506501 
20.695580 -5.797141 48.525672 
FEnd
FBeg
  434   CG ASN A1185  4029    O HOH B3338 unk
23.178 -5.733 42.871 21.904 -3.975 46.563  2.86
23.791976 -3.504830 44.796822 
21.752180 -4.520372 44.576514 
21.999150 -3.037538 43.955663 
23.723146 -2.287773 44.193551 
FEnd
FBeg
  433   CB ASN A1185  3907    O HOH F3201 unk
23.442 -6.534 44.119 26.216 -4.493 45.026  6.77
24.305000 -5.077188 46.766010 
24.686004 -5.606191 46.791136 
25.820496 -6.074414 44.374997 
25.940902 -5.744031 43.263292 
25.193312 -4.884261 43.615029 
23.791976 -3.504830 44.796822 
FEnd
FBeg
 1300    O ARG B1309  4029    O HOH B3338 hbw
23.786 -6.046 49.177 21.904 -3.975 46.563  28.19
22.398055 -6.476056 47.030667 
24.305000 -5.077188 46.766010 
25.694993 -0.737895 49.203159 
22.233543 -0.270260 52.065791 
22.152208 -0.348367 52.062468 
21.494374 -1.606967 51.538934 
20.994319 -5.434527 48.866489 
FEnd
FBeg
 1299    C ARG B1309  4029    O HOH B3338 unk
23.586 -7.181 49.668 21.904 -3.975 46.563  1.59
21.567339 -6.943828 46.997684 
22.398055 -6.476056 47.030667 
20.994319 -5.434527 48.866489 
20.857029 -5.756314 48.608605 
20.837535 -5.952564 48.416532 
FEnd
FBeg
 1299    C ARG B1309  4020    O HOH B3277 unk
23.586 -7.181 49.668 18.627 -7.527 47.359  0.90
21.015667 -6.850171 48.168466 
21.631858 -7.457597 46.936105 
21.567339 -6.943828 46.997684 
20.837535 -5.952564 48.416532 
FEnd
FBeg
 1290    C GLU B1308  4020    O HOH B3277 unk
20.725 -8.084 50.881 18.627 -7.527 47.359  1.87
19.323743 -7.158313 49.127586 
21.015667 -6.850171 48.168466 
20.837535 -5.952564 48.416532 
20.695580 -5.797141 48.525672 
18.777210 -6.820945 49.506501 
FEnd
FBeg
 1289   CA GLU B1308  4020    O HOH B3277 unk
19.781 -9.246 50.554 18.627 -7.527 47.359  0.41
18.472740 -7.688368 49.149775 
19.323743 -7.158313 49.127586 
18.777210 -6.820945 49.506501 
18.654939 -6.807441 49.557930 
FEnd
FBeg
 1288    N GLU B1308  4020    O HOH B3277 hbw
18.339 -9.071 50.820 18.627 -7.527 47.359  2.45
16.611612 -9.770238 48.066154 
18.472740 -7.688368 49.149775 
18.654939 -6.807441 49.557930 
18.311674 -6.503659 49.664887 
18.104447 -6.570063 49.618019 
17.352351 -7.661922 49.068342 
16.523894 -9.728266 48.077579 
FEnd
FBeg
  401    O ARG A1182  4020    O HOH B3277 hbw
19.344 -10.927 44.221 18.627 -7.527 47.359  2.80
19.415695 -7.840291 44.385806 
19.272403 -9.562072 46.218603 
20.594235 -8.979205 45.889094 
20.774182 -8.876884 45.819347 
21.046827 -8.697065 45.686811 
20.041812 -7.787746 44.471935 
19.665955 -7.672966 44.261693 
FEnd
FBeg
  401    O ARG A1182  4017    O HOH B3269 hbw
19.344 -10.927 44.221 16.511 -6.853 44.001  1.03
18.430624 -8.613747 42.747830 
19.415695 -7.840291 44.385806 
19.665955 -7.672966 44.261693 
19.433716 -7.888319 43.264362 
18.913159 -8.279328 42.726945 
FEnd
FBeg
  392    O LYS A1181  3990    O HOH A3254 hbw
18.857 -10.453 40.559 17.192 -9.891 45.026  0.11
17.651578 -8.875249 42.490353 
18.430624 -8.613747 42.747830 
18.265572 -8.940763 42.727452 
FEnd
FBeg
  399   CA ARG A1182  4017    O HOH B3269 unk
17.850 -12.106 42.710 16.511 -6.853 44.001  0.02
17.332192 -8.952524 42.473517 
17.651578 -8.875249 42.490353 
17.465797 -8.897103 42.386585 
FEnd
FBeg
  397   NZ LYS A1181  3990    O HOH A3254 hbw
15.194 -8.972 40.626 17.192 -9.891 45.026  0.93
16.982091 -9.174317 42.586170 
15.241171 -9.615712 43.284514 
14.495878 -9.169027 43.716242 
17.332192 -8.952524 42.473517 
FEnd
FBeg
  396   CE LYS A1181  3990    O HOH A3254 unk
15.416 -10.414 40.268 17.192 -9.891 45.026  0.56
15.831334 -10.068005 43.113943 
15.241171 -9.615712 43.284514 
16.982091 -9.174317 42.586170 
FEnd
FBeg
  404   CD ARG A1182  3990    O HOH A3254 unk
14.599 -12.671 43.426 17.192 -9.891 45.026  9.37
15.923996 -12.715350 47.563532 
15.904721 -12.715246 47.594590 
13.648170 -8.996609 44.790481 
14.495878 -9.169027 43.716242 
15.241171 -9.615712 43.284514 
15.831334 -10.068005 43.113943 
16.207588 -10.985503 44.098326 
FEnd
FBeg
 1296  OE2 GLU B1308  3990    O HOH A3254 hbw
19.916 -12.022 47.603 17.192 -9.891 45.026  6.03
17.846704 -12.105752 46.111791 
18.150247 -11.773934 46.065323 
19.036143 -10.210611 46.421652 
16.361098 -11.316721 48.334614 
15.637882 -11.958258 48.568578 
15.580852 -12.040105 48.561179 
15.898975 -12.695950 47.682572 
16.226099 -12.642534 47.380959 
FEnd
FBeg
  400    C ARG A1182  3990    O HOH A3254 unk
19.180 -11.924 43.495 17.192 -9.891 45.026  1.24
17.585412 -11.536903 45.017135 
18.101252 -10.128393 43.816605 
18.150247 -11.773934 46.065323 
17.846704 -12.105752 46.111791 
FEnd

+-+CCS_record::Boundary loops before union-find
Start boundary loop loop_id 2  init_edge IE_A_Wi
xyz 28.3355 -3.53933 49.27
xyz 28.337 -3.56238 49.2711
xyz 28.3223 -5.10285 48.6029
xyz 28.1705 -5.72473 47.4125
xyz 27.9742 -5.9438 47.0966
xyz 27.1606 -5.69488 48.2066
xyz 27.7915 -5.21353 48.756
xyz 27.9006 -3.54847 49.4428
xyz 25.695 -0.737895 49.2032
xyz 22.2335 -0.27026 52.0658
xyz 22.1522 -0.348367 52.0625
xyz 21.4944 -1.60697 51.5389
xyz 20.9943 -5.43453 48.8665
xyz 20.857 -5.75631 48.6086
xyz 20.8375 -5.95256 48.4165
xyz 20.6956 -5.79714 48.5257
xyz 19.2322 -4.34973 48.9602
xyz 19.0628 -3.25772 49.6138
xyz 18.8668 -1.37343 49.4654
xyz 18.8673 -1.33601 49.4043
xyz 17.6743 -0.66175 47.8713
xyz 17.6349 -1.00527 46.7623
xyz 18.3256 -3.18987 42.4587
xyz 17.8373 -2.47519 40.7463
xyz 18.3491 -2.08865 40.2025
xyz 20.4186 -1.56986 40.1542
xyz 22.26 -1.53394 40.9878
xyz 22.2936 -1.53912 41.0151
xyz 22.5591 -2.06462 42.2281
xyz 23.8212 -2.15229 43.9774
xyz 24.6839 -0.924193 43.0265
xyz 25.6324 -1.62554 42.4846
xyz 25.2424 -0.0858951 43.5497
xyz 25.7354 0.747456 46.4733
xyz 28.2374 -3.17671 48.7859
End loop
Boundary info init_edge IE_A_Wi [total exposed]: 60.814281 60.814281
Start boundary loop loop_id 3  init_edge IE_A_Wi
xyz 13.8839 -8.94785 46.2841
xyz 14.9403 -8.29329 46.0166
xyz 13.5642 -8.77331 45.5081
xyz 12.5769 -8.2705 44.6647
xyz 12.2902 -6.37341 43.4305
xyz 12.0575 -6.22695 42.8206
xyz 12.3028 -8.23298 43.9843
xyz 12.9726 -8.69792 44.0149
xyz 14.4959 -9.16903 43.7162
xyz 13.6482 -8.99661 44.7905
xyz 15.9047 -12.7152 47.5946
xyz 15.924 -12.7153 47.5635
xyz 16.2261 -12.6425 47.381
xyz 15.899 -12.6959 47.6826
xyz 15.5809 -12.0401 48.5612
xyz 15.6379 -11.9583 48.5686
xyz 16.3611 -11.3167 48.3346
xyz 16.6116 -9.77024 48.0662
xyz 16.5239 -9.72827 48.0776
xyz 16.1352 -9.23286 47.8147
xyz 15.8013 -9.32655 47.7577
End loop
Boundary info init_edge IE_A_Wi [total exposed]: 26.732756 26.732756
Start boundary loop loop_id 4  init_edge IE_A_Wi
xyz 20.1948 -6.07499 45.2242
xyz 19.6698 -5.63244 45.0375
xyz 19.4204 -5.87477 44.7773
xyz 19.666 -7.67297 44.2617
xyz 20.0418 -7.78775 44.4719
End loop
Boundary info init_edge IE_A_Wi [total exposed]: 5.355204 5.355204
Start boundary loop loop_id 5  init_edge IE_A_Wi
xyz 21.0468 -8.69706 45.6868
xyz 21.4289 -7.9594 46.4807
xyz 20.6864 -8.92376 45.8843
xyz 20.5942 -8.9792 45.8891
xyz 20.7742 -8.87688 45.8193
End loop
Boundary info init_edge IE_A_Wi [total exposed]: 3.183088 3.183088
Start boundary loop loop_id 6  init_edge IE_A_Wi
xyz 18.9132 -8.27933 42.7269
xyz 19.4337 -7.88832 43.2644
xyz 18.7546 -7.00334 41.5218
xyz 18.5166 -6.23273 41.2679
xyz 17.751 -3.0601 40.9893
xyz 14.9006 -4.00486 40.316
xyz 17.9573 -7.24804 41.1594
xyz 18.0477 -7.40519 41.2228
xyz 18.5068 -7.26559 41.3897
xyz 18.5798 -7.26423 41.438
End loop
Boundary info init_edge IE_A_Wi [total exposed]: 17.109347 17.109347
+-+Surf_areas::Interface areas<Areas altogether before UFind>: IE_A_B: 180.58 IE_A_Wi: 91.17 IE_B_Wi: 81.67 
+-+Surf_areas::Chem Interface areas<Areas altogether before UFind>: ali: 44.22 aro: 2.71 hbd: 14.90 hbw: 114.41 hbdp: 0.00 elu: 0.00 elf: 8.06 hbwp: 0.00 ssb: 0.00 unk: 169.12 
+++UnionFindAlgo::processing merged ccs...

+-+MCC_record::Boundary nets of merged cc after union-find
Start boundary net with  1 loops
Start boundary loop loop_id 1
Start boundary loop auf loop_id 1  init_edge IE_A_B
xyz 26.747 -8.29741 49.9167
xyz 26.7448 -8.25023 49.9031
xyz 26.7259 -8.2863 49.8979
End loop. Loop info [total exposed]: 0.12061 0.12061
End net. Net info [total exposed]: 0.12061 0.12061
Start boundary net with  1 loops
Start boundary loop loop_id 2
Start boundary loop auf loop_id 2  init_edge IE_A_Wi
xyz 28.3355 -3.53933 49.27
xyz 28.337 -3.56238 49.2711
xyz 28.3223 -5.10285 48.6029
xyz 28.1705 -5.72473 47.4125
xyz 27.9742 -5.9438 47.0966
xyz 27.1606 -5.69488 48.2066
xyz 27.7915 -5.21353 48.756
xyz 27.9006 -3.54847 49.4428
xyz 25.695 -0.737895 49.2032
xyz 22.2335 -0.27026 52.0658
xyz 22.1522 -0.348367 52.0625
xyz 21.4944 -1.60697 51.5389
xyz 20.9943 -5.43453 48.8665
xyz 20.857 -5.75631 48.6086
xyz 20.8375 -5.95256 48.4165
xyz 20.6956 -5.79714 48.5257
xyz 19.2322 -4.34973 48.9602
xyz 19.0628 -3.25772 49.6138
xyz 18.8668 -1.37343 49.4654
xyz 18.8673 -1.33601 49.4043
xyz 17.6743 -0.66175 47.8713
xyz 17.6349 -1.00527 46.7623
xyz 18.3256 -3.18987 42.4587
xyz 17.8373 -2.47519 40.7463
xyz 18.3491 -2.08865 40.2025
xyz 20.4186 -1.56986 40.1542
xyz 22.26 -1.53394 40.9878
xyz 22.2936 -1.53912 41.0151
xyz 22.5591 -2.06462 42.2281
xyz 23.8212 -2.15229 43.9774
xyz 24.6839 -0.924193 43.0265
xyz 25.6324 -1.62554 42.4846
xyz 25.2424 -0.0858951 43.5497
xyz 25.7354 0.747456 46.4733
xyz 28.2374 -3.17671 48.7859
End loop. Loop info [total exposed]: 60.8143 60.8143
End net. Net info [total exposed]: 60.8143 60.8143
Start boundary net with  1 loops
Start boundary loop loop_id 4
Start boundary loop auf loop_id 4  init_edge IE_A_Wi
xyz 20.1948 -6.07499 45.2242
xyz 19.6698 -5.63244 45.0375
xyz 19.4204 -5.87477 44.7773
xyz 19.666 -7.67297 44.2617
xyz 20.0418 -7.78775 44.4719
End loop. Loop info [total exposed]: 5.3552 5.3552
End net. Net info [total exposed]: 5.3552 5.3552
Start boundary net with  3 loops
Start boundary loop loop_id 0
Start boundary loop auf loop_id 0  init_edge IE_A_B
xyz 18.1502 -11.7739 46.0653
xyz 19.0361 -10.2106 46.4217
xyz 19.2724 -9.56207 46.2186
xyz 20.5942 -8.9792 45.8891
xyz 20.7742 -8.87688 45.8193
xyz 21.1135 -8.79268 45.6689
xyz 21.6542 -9.01483 45.7986
xyz 21.6502 -8.83636 45.851
xyz 21.0801 -8.72833 45.6762
xyz 21.0468 -8.69706 45.6868
xyz 21.4289 -7.9594 46.4807
xyz 21.7421 -7.61389 46.915
xyz 21.6319 -7.4576 46.9361
xyz 21.5673 -6.94383 46.9977
xyz 22.3981 -6.47606 47.0307
xyz 24.305 -5.07719 46.766
xyz 24.686 -5.60619 46.7911
xyz 27.1606 -5.69488 48.2066
xyz 26.3959 -6.6923 48.1592
xyz 27.1779 -6.36287 49.2393
xyz 26.6242 -5.684 50.583
xyz 26.5639 -4.38028 51.3798
xyz 26.5909 -4.8788 52.7744
xyz 26.8828 -5.2267 53.8249
xyz 26.1271 -5.08114 58.9185
xyz 26.0947 -5.20634 59.0442
xyz 25.5022 -13.254 57.271
xyz 25.9744 -12.3444 54.7949
xyz 26.1231 -11.8207 54.1832
xyz 24.5846 -11.8315 53.8371
xyz 23.1746 -11.4066 52.7398
xyz 23.0301 -11.2448 52.4152
xyz 22.7935 -11.3571 52.8766
xyz 21.9646 -11.4563 52.9707
xyz 21.6763 -11.6954 53.3199
xyz 20.4712 -12.4696 53.4035
xyz 20.2144 -12.5863 53.1261
xyz 18.2349 -12.7851 51.2135
xyz 18.1064 -12.6438 50.4238
xyz 18.0827 -12.653 50.4044
xyz 17.3407 -13.1326 50.4806
xyz 16.418 -14.1252 50.2059
xyz 15.5036 -13.2812 49.0794
xyz 15.899 -12.6959 47.6826
xyz 16.2261 -12.6425 47.381
xyz 17.8467 -12.1058 46.1118
End loop. Loop info [total exposed]: 60.5529 44.7649
Start boundary loop loop_id 3
Start boundary loop auf loop_id 3  init_edge IE_A_Wi
xyz 13.8839 -8.94785 46.2841
xyz 14.9403 -8.29329 46.0166
xyz 13.5642 -8.77331 45.5081
xyz 12.5769 -8.2705 44.6647
xyz 12.2902 -6.37341 43.4305
xyz 12.0575 -6.22695 42.8206
xyz 12.3028 -8.23298 43.9843
xyz 12.9726 -8.69792 44.0149
xyz 14.4959 -9.16903 43.7162
xyz 13.6482 -8.99661 44.7905
xyz 15.9047 -12.7152 47.5946
xyz 15.924 -12.7153 47.5635
xyz 16.2261 -12.6425 47.381
xyz 15.899 -12.6959 47.6826
xyz 15.5809 -12.0401 48.5612
xyz 15.6379 -11.9583 48.5686
xyz 16.3611 -11.3167 48.3346
xyz 16.6116 -9.77024 48.0662
xyz 16.5239 -9.72827 48.0776
xyz 16.1352 -9.23286 47.8147
xyz 15.8013 -9.32655 47.7577
End loop. Loop info [total exposed]: 26.7328 26.2846
Start boundary loop loop_id 5
Start boundary loop auf loop_id 5  init_edge IE_A_Wi
xyz 21.0468 -8.69706 45.6868
xyz 21.4289 -7.9594 46.4807
xyz 20.6864 -8.92376 45.8843
xyz 20.5942 -8.9792 45.8891
xyz 20.7742 -8.87688 45.8193
End loop. Loop info [total exposed]: 3.18309 1.81552
End net. Net info [total exposed]: 90.4687 72.8651
Start boundary net with  1 loops
Start boundary loop loop_id 6
Start boundary loop auf loop_id 6  init_edge IE_A_Wi
xyz 18.9132 -8.27933 42.7269
xyz 19.4337 -7.88832 43.2644
xyz 18.7546 -7.00334 41.5218
xyz 18.5166 -6.23273 41.2679
xyz 17.751 -3.0601 40.9893
xyz 14.9006 -4.00486 40.316
xyz 17.9573 -7.24804 41.1594
xyz 18.0477 -7.40519 41.2228
xyz 18.5068 -7.26559 41.3897
xyz 18.5798 -7.26423 41.438
End loop. Loop info [total exposed]: 17.1093 17.1093
End net. Net info [total exposed]: 17.1093 17.1093
+-+Surf_areas::Interface areas<for merged connected component>: IE_A_B: 180.58 IE_A_Wi: 91.17 IE_B_Wi: 81.67 
+-+Surf_areas::Chem Interface areas<for merged connected component>: ali: 44.22 aro: 2.71 hbd: 14.90 hbw: 114.41 hbdp: 0.00 elu: 0.00 elf: 8.06 hbwp: 0.00 ssb: 0.00 unk: 169.12 
+-+MCC_record::dump_stats::Nb loops_before - nets_after uf merge: 7 5
