Begin VSO per interface edge
89 2418  1
89 28153  1
90 2418  1
90 28153  1
91 2416  1
91 2417  2
91 2418  1
91 28153  1
95 2416  1
95 2417  2
110 2398  4
110 2399  3
111 2396  2
111 2401  1
112 2393  3
112 2396  2
112 2398  3
112 2399  4
112 2401  2
113 2398  2
113 2399  3
113 2400  2
113 2401  1
113 2404  2
113 2410  2
113 2414  1
113 2415  1
114 2400  3
114 2402  3
114 2404  3
114 2405  2
114 2410  3
114 2411  3
114 2414  2
114 2415  1
114 2416  1
114 2417  2
115 2399  2
115 2400  3
115 2402  2
115 2404  3
115 2405  2
116 2402  2
116 2405  1
116 2411  2
116 2417  2
117 2405  1
117 2417  1
117 2418  2
117 28153  1
119 2396  1
120 2393  3
120 2396  2
126 2393  2
126 2396  1
127 2381  3
127 2385  3
127 2393  3
127 2396  2
130 2378  2
130 2379  1
130 2380  2
130 2381  2
130 2384  1
130 2385  2
130 2392  1
130 2393  2
130 2396  1
131 2381  3
137 2362  3
137 2364  4
137 2380  3
137 2381  4
137 2382  3
139 2381  3
144 2380  3
144 2381  3
145 2358  1
145 2359  1
145 2362  2
145 2380  2
145 2381  3
145 2382  2
146 2358  1
146 2368  2
146 2369  1
146 2379  1
146 2380  2
180 2344  1
181 2345  1
186 2344  2
187 2341  1
187 2343  1
187 2344  1
187 2346  1
187 2359  1
188 2359  1
188 2360  2
188 2362  2
189 2359  1
189 2360  2
189 2361  1
189 2362  2
189 2363  2
189 2364  2
189 2365  2
190 2359  2
190 2362  3
190 2364  3
192 2343  2
192 2344  1
193 2343  2
193 2344  2
194 2343  1
195 2344  1
198 2343  2
198 2344  2
199 2343  1
202 2340  1
202 2342  1
202 2343  2
202 2344  2
203 2343  1
203 2344  1
286 2361  1
286 2363  1
286 2365  2
401 2364  3
401 2365  3
417 2363  1
417 2365  2
418 2363  2
418 2365  3
418 2382  4
674 2399  2
675 2398  4
675 2399  3
676 2399  2
677 2399  1
679 2399  1
679 2402  1
679 2405  1
679 2406  1
681 2399  2
682 2386  4
682 2393  4
682 2394  3
682 2398  3
682 2399  2
683 2399  1
685 2381  3
685 2386  3
685 2393  4
686 2381  3
686 2385  3
686 2386  4
686 2393  4
687 2381  4
688 2393  4
688 2398  4
689 2385  3
689 2386  3
689 2394  3
689 2395  3
689 2399  2
690 2386  3
691 2381  3
692 2377  1
692 2381  2
692 2383  1
692 2384  2
692 2385  2
692 2386  2
692 2387  2
692 2389  1
693 2383  2
693 2384  2
693 2385  2
693 2386  3
693 2387  1
693 2394  3
693 2395  2
693 2399  2
694 2881  2
694 2883  3
695 2395  2
695 2399  1
695 2869  1
695 2871  2
695 2881  2
695 2882  2
695 2883  3
696 2387  2
696 2395  3
696 2399  2
696 2866  2
696 2869  2
696 2871  3
696 2872  3
696 2874  3
696 2878  2
696 2880  1
696 2881  1
696 2882  2
696 2903  1
696 2904  1
696 2905  1
696 2906  2
698 2376  1
698 2377  2
701 2377  2
701 2381  3
701 2382  3
703 2365  4
703 2370  2
703 2376  2
703 2377  3
703 2382  3
705 2361  2
705 2363  3
705 2365  3
705 2366  1
705 2367  2
705 2370  1
705 2376  2
705 2382  2
706 2363  2
707 2361  2
707 2363  2
707 2365  3
708 2356  1
708 2361  1
708 2363  1
708 2366  1
709 2370  1
709 2376  1
711 3439  1
712 3439  1
715 3408  1
715 3437  2
715 3439  1
715 3440  1
716 2886  2
716 3437  3
717 2881  1
717 2883  2
717 2885  2
717 2886  2
717 3437  3
717 3440  2
719 2883  2
719 2885  1
719 2886  2
720 2883  3
726 3434  3
726 3439  2
726 3447  1
727 2886  1
727 3434  2
727 3435  2
727 3436  1
727 3437  2
727 3439  2
727 3447  1
728 3430  1
728 3434  2
728 3439  2
728 3447  1
729 2883  2
729 2884  2
729 2885  1
734 2841  2
734 2842  2
734 2844  1
734 2883  2
734 2884  1
734 2885  1
735 2841  1
735 2842  2
735 2882  1
735 2883  2
736 2841  2
736 2842  1
736 2843  1
737 2841  1
758 2364  4
758 2365  3
758 2381  4
758 2382  4
759 2365  3
2417 28153  1
2418 28153  1
2444 28153  1
End VSO per interface edge

Voronoi Facets of interface MI_AB
FBeg
  117   NZ LYS A  56  2417  OE1 GLN B  53 hbd
11.676 40.384 -19.309 14.318 40.755 -19.739  10.62
12.771095 40.378502 -21.739588 
12.619980 41.700736 -21.527250 
12.660374 42.369408 -20.702141 
12.817395 42.447171 -19.670278 
13.216406 40.308021 -19.064325 
13.403562 38.262473 -19.679281 
13.388116 37.757739 -20.209665 
13.186961 37.722937 -21.475621 
13.104180 37.815776 -21.904145 
FEnd
FBeg
  117   NZ LYS A  56  2405    O LEU B  52 hbd
11.676 40.384 -19.309 13.853 37.973 -17.078  0.37
13.403562 38.262473 -19.679281 
12.671418 37.140565 -20.177284 
13.231024 37.525660 -20.307180 
13.388116 37.757739 -20.209665 
FEnd
FBeg
  116   CE LYS A  56  2405    O LEU B  52 unk
11.408 39.941 -17.917 13.853 37.973 -17.078  11.55
13.403562 38.262473 -19.679281 
12.671418 37.140565 -20.177284 
11.191575 35.663269 -19.329967 
11.911445 37.897342 -16.187450 
12.699562 38.923161 -16.077955 
12.942941 39.098527 -16.375857 
13.803094 39.231431 -18.570757 
13.776558 39.148629 -18.687651 
FEnd
FBeg
  116   CE LYS A  56  2411   CA GLN B  53 ali
11.408 39.941 -17.917 16.286 38.677 -18.129  0.00
13.803094 39.231431 -18.570757 
13.776558 39.148629 -18.687651 
13.805344 39.244802 -18.598709 
FEnd
FBeg
  114   CG LYS A  56  2411   CA GLN B  53 ali
13.218 41.290 -17.126 16.286 38.677 -18.129  1.68
13.805344 39.244802 -18.598709 
13.803094 39.231431 -18.570757 
14.152292 39.310748 -17.709256 
15.088636 39.980589 -16.590207 
15.162375 40.052672 -16.552441 
14.680314 40.206309 -18.427235 
FEnd
FBeg
  114   CG LYS A  56  2414   CB GLN B  53 ali
13.218 41.290 -17.126 16.900 40.091 -18.171  2.50
15.162375 40.052672 -16.552441 
14.680314 40.206309 -18.427235 
14.764222 40.482478 -18.448456 
15.003532 41.136752 -18.355953 
15.518365 42.195319 -17.756535 
15.199916 40.096477 -16.470428 
FEnd
FBeg
  113   CB LYS A  56  2414   CB GLN B  53 ali
13.778 41.952 -15.907 16.900 40.091 -18.171  10.58
15.518365 42.195319 -17.756535 
15.199916 40.096477 -16.470428 
16.338252 40.500470 -15.232771 
18.032250 42.192574 -14.287693 
18.030831 42.203695 -14.298792 
17.342055 44.049512 -16.765852 
FEnd
FBeg
  113   CB LYS A  56  2415   CG GLN B  53 ali
13.778 41.952 -15.907 16.812 40.909 -19.540  2.96
17.342055 44.049512 -16.765852 
15.518365 42.195319 -17.756535 
15.224038 43.683769 -18.429654 
16.864276 44.524952 -17.301350 
FEnd
FBeg
  113   CB LYS A  56  2401    O GLY B  51 unk
13.778 41.952 -15.907 14.936 39.426 -13.460  5.55
16.338252 40.500470 -15.232771 
18.032250 42.192574 -14.287693 
17.762376 42.179247 -14.173738 
17.407930 42.159280 -14.026614 
14.702060 41.391553 -13.538620 
14.404096 41.263930 -13.529357 
14.365485 41.225751 -13.550498 
15.165485 39.913486 -15.283714 
15.470379 39.998277 -15.340471 
FEnd
FBeg
  113   CB LYS A  56  2404    C LEU B  52 ali
13.778 41.952 -15.907 14.837 37.814 -16.400  0.91
15.165485 39.913486 -15.283714 
13.905950 39.631633 -15.623548 
15.127646 40.037410 -16.405150 
15.470379 39.998277 -15.340471 
FEnd
FBeg
  113   CB LYS A  56  2400    C GLY B  51 ali
13.778 41.952 -15.907 13.831 38.895 -13.568  3.80
14.365485 41.225751 -13.550498 
13.960662 41.135567 -13.659192 
12.627653 40.121578 -14.954239 
12.930476 39.861910 -15.300478 
13.905950 39.631633 -15.623548 
15.165485 39.913486 -15.283714 
FEnd
FBeg
  114   CG LYS A  56  2400    C GLY B  51 ali
13.218 41.290 -17.126 13.831 38.895 -13.568  0.27
12.930476 39.861910 -15.300478 
13.905950 39.631633 -15.623548 
13.589210 39.473234 -15.675600 
12.964656 39.513606 -15.540821 
FEnd
FBeg
  114   CG LYS A  56  2402    N LEU B  52 unk
13.218 41.290 -17.126 13.588 37.890 -14.393  0.20
13.589210 39.473234 -15.675600 
12.964656 39.513606 -15.540821 
12.978516 39.112272 -16.041979 
FEnd
FBeg
  115   CD LYS A  56  2402    N LEU B  52 unk
11.786 41.037 -16.963 13.588 37.890 -14.393  1.11
12.964656 39.513606 -15.540821 
12.978516 39.112272 -16.041979 
12.972762 39.106240 -16.045331 
12.699562 38.923161 -16.077955 
11.635894 38.786496 -15.499494 
11.488382 38.963422 -15.179415 
12.194610 39.385421 -15.157855 
FEnd
FBeg
  115   CD LYS A  56  2399   CA GLY B  51 ali
11.786 41.037 -16.963 12.667 39.346 -12.723  2.53
11.488382 38.963422 -15.179415 
12.194610 39.385421 -15.157855 
12.627653 40.121578 -14.954239 
11.927766 41.050068 -14.438513 
11.775098 41.098985 -14.387283 
10.923359 40.232556 -14.555855 
10.864077 39.477550 -14.844650 
FEnd
FBeg
  679  OE1 GLU A 125  2399   CA GLY B  51 unk
9.799 38.199 -16.310 12.667 39.346 -12.723  2.88
10.864077 39.477550 -14.844650 
11.488382 38.963422 -15.179415 
10.606483 36.805278 -13.784187 
9.909596 37.615009 -13.485913 
10.371703 39.038294 -14.310510 
FEnd
FBeg
  677   CG GLU A 125  2399   CA GLY B  51 ali
7.820 39.345 -15.441 12.667 39.346 -12.723  1.63
9.909596 37.615009 -13.485913 
9.369569 38.140271 -12.523079 
9.387307 38.307874 -12.554772 
9.447738 38.465647 -12.662596 
10.061038 39.192502 -13.756560 
10.371703 39.038294 -14.310510 
FEnd
FBeg
  674    C GLU A 125  2399   CA GLY B  51 ali
9.095 41.630 -13.208 12.667 39.346 -12.723  3.14
9.447738 38.465647 -12.662596 
9.758873 39.000739 -12.434192 
10.910793 40.806239 -12.415422 
10.717836 40.103049 -14.305821 
10.061038 39.192502 -13.756560 
FEnd
FBeg
  682   CA ASN A 126  2399   CA GLY B  51 ali
9.408 41.405 -10.774 12.667 39.346 -12.723  3.24
9.758873 39.000739 -12.434192 
9.643666 38.745403 -12.357087 
10.945752 39.350038 -10.818576 
11.213679 39.604648 -10.639546 
11.312549 39.975871 -10.866397 
11.136256 41.054715 -12.300916 
10.910793 40.806239 -12.415422 
FEnd
FBeg
  682   CA ASN A 126  2398    N GLY B  51 unk
9.408 41.405 -10.774 13.028 40.494 -11.904  1.98
11.312549 39.975871 -10.866397 
11.136256 41.054715 -12.300916 
11.392766 41.814927 -12.092055 
11.733068 41.958089 -11.117300 
11.711270 41.567071 -10.871895 
FEnd
FBeg
  682   CA ASN A 126  2393   CA SER B  50 ali
9.408 41.405 -10.774 13.836 41.664 -9.968  1.08
11.733068 41.958089 -11.117300 
11.586747 42.287713 -10.419367 
11.542102 42.265375 -10.166915 
11.479901 41.980471 -9.733643 
11.546309 41.020511 -9.790005 
11.711270 41.567071 -10.871895 
FEnd
FBeg
  682   CA ASN A 126  2386    O LYS B  49 unk
9.408 41.405 -10.774 11.840 41.421 -8.181  0.75
11.479901 41.980471 -9.733643 
10.693524 41.386578 -8.992429 
11.466361 40.709305 -9.713101 
11.546309 41.020511 -9.790005 
FEnd
FBeg
  689    N LEU A 127  2386    O LYS B  49 hbd
9.706 39.818 -8.963 11.840 41.421 -8.181  3.95
10.693524 41.386578 -8.992429 
11.466361 40.709305 -9.713101 
11.890596 39.826681 -9.061528 
11.586563 39.852516 -8.284811 
11.148332 40.132458 -7.662768 
10.647309 40.656456 -7.369654 
9.931276 41.732640 -7.621709 
FEnd
FBeg
  692    O LEU A 127  2386    O LYS B  49 unk
9.565 40.376 -6.180 11.840 41.421 -8.181  0.82
10.647309 40.656456 -7.369654 
11.070181 40.258427 -7.096743 
11.102308 40.250978 -7.064107 
11.077183 40.414383 -7.007335 
10.307532 41.849100 -7.133111 
9.938497 41.834454 -7.560328 
9.931276 41.732640 -7.621709 
FEnd
FBeg
  692    O LEU A 127  2381  CG1 VAL B  48 unk
9.565 40.376 -6.180 9.917 44.312 -6.619  1.63
10.307532 41.849100 -7.133111 
9.938497 41.834454 -7.560328 
9.365002 41.895960 -7.468715 
8.258764 42.122870 -6.321288 
8.314638 42.143300 -6.093318 
10.107649 41.933280 -6.538638 
FEnd
FBeg
  692    O LEU A 127  2377   CA VAL B  48 unk
9.565 40.376 -6.180 10.309 43.138 -4.487  4.35
8.314638 42.143300 -6.093318 
8.328565 42.081909 -5.999285 
9.930184 40.067094 -3.416111 
10.435051 39.852577 -3.288009 
10.107649 41.933280 -6.538638 
FEnd
FBeg
  698   CA TYR A 128  2377   CA VAL B  48 ali
7.105 39.859 -5.058 10.309 43.138 -4.487  2.77
8.328565 42.081909 -5.999285 
9.930184 40.067094 -3.416111 
8.485289 41.538824 -3.759998 
8.074503 42.134569 -4.876093 
FEnd
FBeg
  703  CD1 TYR A 128  2377   CA VAL B  48 ali
6.273 42.369 -3.412 10.309 43.138 -4.487  0.94
8.485289 41.538824 -3.759998 
8.231360 42.825124 -3.793201 
7.982913 42.371386 -5.050554 
8.074503 42.134569 -4.876093 
FEnd
FBeg
  703  CD1 TYR A 128  2382  CG2 VAL B  48 ali
6.273 42.369 -3.412 8.516 44.807 -4.735  6.78
8.231360 42.825124 -3.793201 
7.982913 42.371386 -5.050554 
5.691045 43.964847 -5.999763 
5.672273 44.003574 -5.960224 
6.289230 44.612005 -3.793036 
7.935417 43.731435 -2.624806 
FEnd
FBeg
  705  CE1 TYR A 128  2382  CG2 VAL B  48 ali
5.799 42.986 -2.279 8.516 44.807 -4.735  1.75
6.289230 44.612005 -3.793036 
7.935417 43.731435 -2.624806 
7.968184 43.964694 -2.415607 
7.206286 45.106500 -2.411881 
6.813034 45.118801 -2.837803 
6.541778 44.959869 -3.255727 
FEnd
FBeg
  705  CE1 TYR A 128  2365   CZ PHE B  46 aro
5.799 42.986 -2.279 5.133 46.517 -4.252  1.03
6.541778 44.959869 -3.255727 
6.289230 44.612005 -3.793036 
4.309653 43.970941 -4.272103 
4.171257 44.009315 -4.156709 
4.213517 44.127779 -3.958963 
FEnd
FBeg
  707   CZ TYR A 128  2365   CZ PHE B  46 aro
4.525 42.701 -1.836 5.133 46.517 -4.252  0.03
4.171257 44.009315 -4.156709 
4.213517 44.127779 -3.958963 
3.942285 44.123505 -4.033972 
FEnd
FBeg
  707   CZ TYR A 128  2363  CE1 PHE B  46 aro
4.525 42.701 -1.836 4.764 46.417 -2.912  5.12
4.213517 44.127779 -3.958963 
3.942285 44.123505 -4.033972 
3.602961 44.192178 -3.872175 
2.334972 44.536595 -2.964367 
1.584986 44.762913 -2.349354 
4.876137 44.903101 -1.134186 
5.000733 44.871166 -1.216798 
FEnd
FBeg
  707   CZ TYR A 128  2361  CD1 PHE B  46 aro
4.525 42.701 -1.836 5.556 46.990 -1.939  0.01
4.876137 44.903101 -1.134186 
5.066214 44.859772 -1.035815 
5.000733 44.871166 -1.216798 
FEnd
FBeg
  708   OH TYR A 128  2361  CD1 PHE B  46 unk
4.081 43.321 -0.705 5.556 46.990 -1.939  8.35
4.876137 44.903101 -1.134186 
5.066214 44.859772 -1.035815 
6.096114 44.826214 0.095449 
6.087034 44.850794 0.157676 
5.603345 45.248776 0.762826 
2.111199 46.930685 1.589415 
1.027970 47.286914 1.353792 
1.076743 47.046194 0.696367 
FEnd
FBeg
  286  CD1 LEU A  79  2361  CD1 PHE B  46 ali
1.083 50.265 -3.470 5.556 46.990 -1.939  5.67
1.027970 47.286914 1.353792 
3.332020 49.775284 -0.054833 
3.448392 48.878504 -2.313150 
1.076743 47.046194 0.696367 
FEnd
FBeg
  286  CD1 LEU A  79  2363  CE1 PHE B  46 ali
1.083 50.265 -3.470 4.764 46.417 -2.912  10.55
3.448392 48.878504 -2.313150 
1.076743 47.046194 0.696367 
0.619065 46.470791 -0.252452 
0.929266 46.446335 -2.467431 
2.507227 47.710157 -4.161488 
3.431024 48.640822 -3.837647 
FEnd
FBeg
  189  CG1 VAL A  65  2363  CE1 PHE B  46 ali
4.713 51.212 -3.659 4.764 46.417 -2.912  1.15
3.431024 48.640822 -3.837647 
3.448392 48.878504 -2.313150 
4.922731 48.721621 -3.420841 
FEnd
FBeg
  189  CG1 VAL A  65  2365   CZ PHE B  46 ali
4.713 51.212 -3.659 5.133 46.517 -4.252  1.57
4.922731 48.721621 -3.420841 
3.431024 48.640822 -3.837647 
3.357878 48.745483 -4.718092 
4.376430 48.875297 -5.024470 
4.938513 48.723445 -3.424100 
FEnd
FBeg
  189  CG1 VAL A  65  2364  CE2 PHE B  46 ali
4.713 51.212 -3.659 6.307 47.195 -4.600  1.43
4.376430 48.875297 -5.024470 
5.010677 49.193738 -5.309476 
5.716792 49.245950 -4.336244 
4.948818 48.726792 -3.420933 
4.938513 48.723445 -3.424100 
FEnd
FBeg
  189  CG1 VAL A  65  2362  CD2 PHE B  46 ali
4.713 51.212 -3.659 7.097 47.763 -3.615  0.96
5.716792 49.245950 -4.336244 
5.988947 49.438729 -3.970849 
6.079642 49.513340 -3.036419 
4.970253 48.741949 -3.394234 
4.948818 48.726792 -3.420933 
FEnd
FBeg
  189  CG1 VAL A  65  2360   CG PHE B  46 ali
4.713 51.212 -3.659 6.736 47.662 -2.278  1.82
6.079642 49.513340 -3.036419 
6.084998 49.807344 -2.288498 
5.071786 49.595519 -1.348782 
4.970253 48.741949 -3.394234 
FEnd
FBeg
  189  CG1 VAL A  65  2359   CB PHE B  46 ali
4.713 51.212 -3.659 7.590 48.284 -1.217  1.92
6.084998 49.807344 -2.288498 
5.984281 50.610474 -1.206872 
4.538529 50.093075 -0.123955 
4.411000 49.957592 -0.136156 
5.071786 49.595519 -1.348782 
FEnd
FBeg
  187    O VAL A  65  2359   CB PHE B  46 unk
5.839 52.867 -1.365 7.590 48.284 -1.217  5.98
5.984281 50.610474 -1.206872 
4.538529 50.093075 -0.123955 
5.245142 50.371103 0.125517 
7.059156 51.068189 0.249883 
9.818076 52.104230 -0.308854 
8.632870 51.617959 -1.344552 
FEnd
FBeg
  187    O VAL A  65  2346    N GLN B  45 hbd
5.839 52.867 -1.365 7.637 50.487 3.100  2.94
7.059156 51.068189 0.249883 
9.818076 52.104230 -0.308854 
9.860677 52.299604 -0.221867 
9.122523 53.164125 0.536198 
8.724479 53.043284 0.632072 
7.163491 51.478001 0.426313 
FEnd
FBeg
  187    O VAL A  65  2343   CB PRO B  44 unk
5.839 52.867 -1.365 5.261 52.946 2.419  11.33
8.724479 53.043284 0.632072 
8.716882 53.155731 0.628564 
7.943074 53.965811 0.493454 
6.436794 54.175391 0.258996 
4.704746 53.025402 0.018438 
3.858993 51.389088 -0.076588 
3.731401 50.580165 -0.079189 
4.028704 50.307041 -0.028074 
5.202139 50.412240 0.148970 
7.163491 51.478001 0.426313 
FEnd
FBeg
  194    O THR A  66  2343   CB PRO B  44 unk
2.778 53.351 -1.734 5.261 52.946 2.419  0.62
3.858993 51.389088 -0.076588 
3.731401 50.580165 -0.079189 
3.511098 50.287980 0.024032 
3.120077 50.314962 0.260447 
3.347391 51.300452 0.220645 
FEnd
FBeg
  199   CA SER A  67  2343   CB PRO B  44 ali
1.153 53.815 0.474 5.261 52.946 2.419  0.73
3.120077 50.314962 0.260447 
3.054788 50.342742 0.410754 
3.393527 53.180148 0.963024 
3.413298 53.113610 0.891538 
3.347391 51.300452 0.220645 
FEnd
FBeg
  198    N SER A  67  2343   CB PRO B  44 unk
2.274 54.638 0.018 5.261 52.946 2.419  0.49
3.393527 53.180148 0.963024 
3.465576 54.136967 1.547668 
4.001071 54.237565 0.952369 
3.413298 53.113610 0.891538 
FEnd
FBeg
  198    N SER A  67  2344   CG PRO B  44 unk
2.274 54.638 0.018 5.406 54.411 2.797  1.87
3.465576 54.136967 1.547668 
4.001071 54.237565 0.952369 
4.003740 54.249388 0.950327 
3.799541 55.929022 1.317664 
3.340792 56.670793 1.895276 
3.241794 54.880196 1.860585 
FEnd
FBeg
  202   CB SER A  67  2344   CG PRO B  44 ali
1.275 53.504 1.997 5.406 54.411 2.797  0.98
3.241794 54.880196 1.860585 
3.465576 54.136967 1.547668 
3.143374 53.575252 3.848281 
FEnd
FBeg
  203   OG SER A  67  2344   CG PRO B  44 unk
1.805 54.611 2.750 5.406 54.411 2.797  32.85
3.340792 56.670793 1.895276 
3.241794 54.880196 1.860585 
3.143374 53.575252 3.848281 
3.114871 53.308016 4.894933 
3.133666 54.273045 7.561461 
3.628251 62.758495 5.776103 
3.625929 62.692886 5.674839 
3.584977 61.679153 4.498669 
FEnd
FBeg
  203   OG SER A  67  2343   CB PRO B  44 unk
1.805 54.611 2.750 5.261 52.946 2.419  0.19
3.143374 53.575252 3.848281 
3.114871 53.308016 4.894933 
2.964286 53.014612 4.798541 
FEnd
FBeg
  195   CB THR A  66  2344   CG PRO B  44 ali
3.833 56.595 -1.257 5.406 54.411 2.797  14.04
3.799541 55.929022 1.317664 
3.340792 56.670793 1.895276 
3.584977 61.679153 4.498669 
3.751272 61.857765 4.530368 
6.330877 58.351349 1.640448 
6.726072 56.834491 0.669935 
FEnd
FBeg
  192   CA THR A  66  2344   CG PRO B  44 ali
4.300 55.145 -1.174 5.406 54.411 2.797  7.46
4.003740 54.249388 0.950327 
3.799541 55.929022 1.317664 
6.726072 56.834491 0.669935 
6.778039 56.815891 0.652023 
7.038774 56.260742 0.476790 
7.333345 54.865753 0.136896 
7.109148 54.638158 0.157271 
6.436794 54.175391 0.258996 
4.010813 54.238171 0.946283 
FEnd
FBeg
  186    C VAL A  65  2344   CG PRO B  44 ali
5.767 53.594 -2.357 5.406 54.411 2.797  0.03
7.333345 54.865753 0.136896 
7.467235 54.695453 0.173270 
7.109148 54.638158 0.157271 
FEnd
FBeg
  180   CG LYS A  64  2344   CG PRO B  44 ali
9.272 56.412 -2.065 5.406 54.411 2.797  1.02
7.038774 56.260742 0.476790 
7.596774 55.886443 0.766435 
7.985490 54.237747 0.396985 
7.467235 54.695453 0.173270 
7.333345 54.865753 0.136896 
FEnd
FBeg
  193    C THR A  66  2344   CG PRO B  44 ali
3.046 54.289 -0.993 5.406 54.411 2.797  0.00
4.001071 54.237565 0.952369 
4.003740 54.249388 0.950327 
4.010813 54.238171 0.946283 
FEnd
FBeg
  202   CB SER A  67  2343   CB PRO B  44 ali
1.275 53.504 1.997 5.261 52.946 2.419  10.76
3.054788 50.342742 0.410754 
2.806339 51.005080 3.633275 
2.964286 53.014612 4.798541 
3.143374 53.575252 3.848281 
3.465576 54.136967 1.547668 
3.393527 53.180148 0.963024 
FEnd
FBeg
  202   CB SER A  67  2340   CA PRO B  44 ali
1.275 53.504 1.997 5.937 52.215 3.588  9.89
2.806339 51.005080 3.633275 
2.964286 53.014612 4.798541 
-0.368389 49.760742 11.927826 
FEnd
FBeg
  202   CB SER A  67  2342    O PRO B  44 unk
1.275 53.504 1.997 5.436 49.927 3.053  63.59
3.054788 50.342742 0.410754 
2.806339 51.005080 3.633275 
-0.368389 49.760742 11.927826 
-2.197589 48.541952 15.007077 
-2.969180 45.566277 7.967873 
-2.985564 45.464517 7.687738 
0.108990 47.376823 1.971715 
2.729440 49.948183 0.356246 
FEnd
FBeg
  193    C THR A  66  2343   CB PRO B  44 ali
3.046 54.289 -0.993 5.261 52.946 2.419  2.90
4.704746 53.025402 0.018438 
3.858993 51.389088 -0.076588 
3.347391 51.300452 0.220645 
3.413298 53.113610 0.891538 
4.001071 54.237565 0.952369 
4.010813 54.238171 0.946283 
FEnd
FBeg
  192   CA THR A  66  2343   CB PRO B  44 ali
4.300 55.145 -1.174 5.261 52.946 2.419  1.74
6.436794 54.175391 0.258996 
4.704746 53.025402 0.018438 
4.010813 54.238171 0.946283 
FEnd
FBeg
  187    O VAL A  65  2344   CG PRO B  44 unk
5.839 52.867 -1.365 5.406 54.411 2.797  0.69
7.943074 53.965811 0.493454 
7.985490 54.237747 0.396985 
7.467235 54.695453 0.173270 
7.109148 54.638158 0.157271 
6.436794 54.175391 0.258996 
FEnd
FBeg
  187    O VAL A  65  2341    C PRO B  44 unk
5.839 52.867 -1.365 6.332 50.765 3.226  0.44
5.245142 50.371103 0.125517 
7.059156 51.068189 0.249883 
7.163491 51.478001 0.426313 
5.202139 50.412240 0.148970 
FEnd
FBeg
  188   CB VAL A  65  2359   CB PHE B  46 ali
6.180 51.633 -3.835 7.590 48.284 -1.217  6.27
6.084998 49.807344 -2.288498 
5.984281 50.610474 -1.206872 
8.632870 51.617959 -1.344552 
9.225668 51.142965 -2.271443 
8.656598 50.270797 -3.080649 
8.225975 50.013904 -3.177347 
6.823720 49.701881 -2.821269 
FEnd
FBeg
  190  CG2 VAL A  65  2359   CB PHE B  46 ali
6.777 51.128 -5.152 7.590 48.284 -1.217  0.05
8.656598 50.270797 -3.080649 
8.561387 50.014268 -3.246383 
8.225975 50.013904 -3.177347 
FEnd
FBeg
  145  CG2 ILE A  60  2359   CB PHE B  46 ali
10.941 49.202 -4.563 7.590 48.284 -1.217  8.29
9.225668 51.142965 -2.271443 
10.760119 51.984662 -0.503774 
10.809842 51.979418 -0.455415 
11.021319 50.335424 -0.694664 
9.511784 47.680752 -2.934783 
8.561387 50.014268 -3.246383 
8.656598 50.270797 -3.080649 
FEnd
FBeg
  145  CG2 ILE A  60  2362  CD2 PHE B  46 ali
10.941 49.202 -4.563 7.097 47.763 -3.615  6.15
9.511784 47.680752 -2.934783 
8.561387 50.014268 -3.246383 
8.391848 48.937772 -5.567890 
8.960815 47.461454 -5.501764 
9.656141 46.995158 -3.390122 
FEnd
FBeg
  145  CG2 ILE A  60  2382  CG2 VAL B  48 ali
10.941 49.202 -4.563 8.516 44.807 -4.735  1.56
8.960815 47.461454 -5.501764 
9.592103 47.123981 -5.778985 
10.159104 46.720756 -3.469703 
9.656141 46.995158 -3.390122 
FEnd
FBeg
  145  CG2 ILE A  60  2380   CB VAL B  48 ali
10.941 49.202 -4.563 9.901 44.458 -5.136  3.07
9.592103 47.123981 -5.778985 
10.246629 47.023325 -6.133598 
11.108531 46.830965 -6.105361 
11.240648 46.706315 -5.313151 
10.596997 46.621138 -3.439720 
10.159104 46.720756 -3.469703 
FEnd
FBeg
  146  CD1 ILE A  60  2380   CB VAL B  48 ali
13.291 47.412 -3.837 9.901 44.458 -5.136  4.04
11.240648 46.706315 -5.313151 
10.596997 46.621138 -3.439720 
10.912541 46.142057 -3.173736 
11.550782 45.543423 -3.478025 
11.985625 45.197212 -3.825532 
12.321596 45.616188 -5.655090 
12.086942 45.974502 -5.857540 
FEnd
FBeg
  130   CB ALA A  58  2380   CB VAL B  48 ali
13.608 45.246 -8.038 9.901 44.458 -5.136  0.22
12.321596 45.616188 -5.655090 
12.212409 45.131591 -5.926150 
11.924110 46.118553 -6.026426 
12.086942 45.974502 -5.857540 
FEnd
FBeg
  130   CB ALA A  58  2381  CG1 VAL B  48 ali
13.608 45.246 -8.038 9.917 44.312 -6.619  6.34
12.212409 45.131591 -5.926150 
11.924110 46.118553 -6.026426 
11.497686 46.741109 -6.725835 
11.436272 46.737211 -6.888148 
11.249112 45.825056 -7.975362 
11.481598 44.012328 -8.563792 
11.639094 43.486431 -8.500275 
12.171092 43.501824 -7.106350 
12.242960 44.710738 -6.123693 
FEnd
FBeg
  130   CB ALA A  58  2378    C VAL B  48 ali
13.608 45.246 -8.038 11.743 42.846 -4.949  0.86
12.171092 43.501824 -7.106350 
12.261899 43.489675 -7.060964 
13.169054 43.732353 -6.324715 
12.242960 44.710738 -6.123693 
FEnd
FBeg
  130   CB ALA A  58  2384   CA LYS B  49 ali
13.608 45.246 -8.038 13.176 41.406 -6.240  5.53
12.261899 43.489675 -7.060964 
14.294206 43.116070 -7.370579 
17.085442 43.273339 -6.364056 
16.365675 43.852333 -5.300432 
13.169054 43.732353 -6.324715 
FEnd
FBeg
  130   CB ALA A  58  2392    N SER B  50 unk
13.608 45.246 -8.038 14.001 41.503 -8.543  4.31
14.294206 43.116070 -7.370579 
13.409911 43.179439 -8.528438 
14.637460 43.325280 -8.654098 
17.007245 43.403772 -7.391659 
17.754887 43.355107 -6.449133 
17.085442 43.273339 -6.364056 
FEnd
FBeg
  130   CB ALA A  58  2396   CB SER B  50 ali
13.608 45.246 -8.038 15.079 42.282 -10.615  5.33
14.637460 43.325280 -8.654098 
14.028919 43.715594 -9.450393 
14.468457 43.987016 -9.511680 
17.638617 44.847177 -8.691428 
17.927777 44.558714 -8.194587 
17.007245 43.403772 -7.391659 
FEnd
FBeg
  126    N ALA A  58  2396   CB SER B  50 unk
14.187 45.436 -10.475 15.079 42.282 -10.615  6.76
14.468457 43.987016 -9.511680 
17.638617 44.847177 -8.691428 
17.860930 44.927605 -9.086900 
17.842815 44.970062 -10.158819 
17.553894 44.897240 -10.359089 
14.847998 44.166306 -11.132615 
13.358358 43.727041 -10.727724 
13.478606 43.749828 -10.474940 
FEnd
FBeg
  126    N ALA A  58  2393   CA SER B  50 unk
14.187 45.436 -10.475 13.836 41.664 -9.968  0.01
13.358358 43.727041 -10.727724 
13.478606 43.749828 -10.474940 
13.258126 43.740250 -10.698837 
FEnd
FBeg
  120    C ASN A  57  2393   CA SER B  50 ali
13.826 45.485 -11.750 13.836 41.664 -9.968  0.32
13.258126 43.740250 -10.698837 
13.358358 43.727041 -10.727724 
13.142592 43.377402 -11.476214 
12.903292 43.392637 -11.442205 
12.773524 43.674913 -10.836215 
FEnd
FBeg
  112    O LYS A  56  2393   CA SER B  50 unk
13.475 42.867 -13.047 13.836 41.664 -9.968  0.73
13.142592 43.377402 -11.476214 
13.472693 42.185331 -11.980673 
12.440434 42.496663 -11.738004 
12.903292 43.392637 -11.442205 
FEnd
FBeg
  112    O LYS A  56  2398    N GLY B  51 hbd
13.475 42.867 -13.047 13.028 40.494 -11.904  4.37
13.472693 42.185331 -11.980673 
12.440434 42.496663 -11.738004 
11.858674 42.180650 -12.621596 
12.111396 41.703226 -13.513950 
12.660091 41.535808 -13.646947 
13.195412 41.407765 -13.703427 
14.404096 41.263930 -13.529357 
14.848029 41.398138 -13.077115 
FEnd
FBeg
  112    O LYS A  56  2399   CA GLY B  51 unk
13.475 42.867 -13.047 12.667 39.346 -12.723  0.01
12.660091 41.535808 -13.646947 
13.025230 41.444090 -13.733079 
13.195412 41.407765 -13.703427 
FEnd
FBeg
  110   CA LYS A  56  2398    N GLY B  51 unk
12.999 43.146 -15.362 13.028 40.494 -11.904  0.02
12.111396 41.703226 -13.513950 
12.660091 41.535808 -13.646947 
12.107381 41.646011 -13.557795 
FEnd
FBeg
  112    O LYS A  56  2396   CB SER B  50 unk
13.475 42.867 -13.047 15.079 42.282 -10.615  2.85
13.142592 43.377402 -11.476214 
13.472693 42.185331 -11.980673 
14.848029 41.398138 -13.077115 
15.253267 41.596547 -13.296660 
14.361570 43.246487 -12.311669 
13.887181 43.505590 -11.936466 
FEnd
FBeg
  111    C LYS A  56  2396   CB SER B  50 ali
13.656 43.563 -14.049 15.079 42.282 -10.615  2.28
15.253267 41.596547 -13.296660 
14.361570 43.246487 -12.311669 
17.364393 42.154835 -13.963219 
FEnd
FBeg
  127   CA ALA A  58  2393   CA SER B  50 ali
13.157 45.653 -9.470 13.836 41.664 -9.968  2.28
13.478606 43.749828 -10.474940 
13.258126 43.740250 -10.698837 
12.773524 43.674913 -10.836215 
12.255422 43.495323 -10.104094 
12.026347 43.326419 -9.063501 
12.219263 43.349398 -8.984532 
14.028919 43.715594 -9.450393 
FEnd
FBeg
  127   CA ALA A  58  2385    C LYS B  49 ali
13.157 45.653 -9.470 12.953 41.441 -7.746  0.02
12.026347 43.326419 -9.063501 
12.219263 43.349398 -8.984532 
11.919850 43.409486 -8.873155 
FEnd
FBeg
  686   CG ASN A 126  2385    C LYS B  49 ali
10.043 43.888 -10.442 12.953 41.441 -7.746  0.15
11.919850 43.409486 -8.873155 
12.026347 43.326419 -9.063501 
11.869301 43.039133 -9.154742 
11.604968 43.449163 -8.497267 
11.639094 43.486431 -8.500275 
FEnd
FBeg
  686   CG ASN A 126  2386    O LYS B  49 unk
10.043 43.888 -10.442 11.840 41.421 -8.181  0.55
11.869301 43.039133 -9.154742 
11.604968 43.449163 -8.497267 
11.201488 43.171316 -8.479749 
11.590014 42.480126 -9.542708 
FEnd
FBeg
  120    C ASN A  57  2396   CB SER B  50 ali
13.826 45.485 -11.750 15.079 42.282 -10.615  1.27
14.847998 44.166306 -11.132615 
13.887181 43.505590 -11.936466 
13.142592 43.377402 -11.476214 
13.358358 43.727041 -10.727724 
FEnd
FBeg
  119   CA ASN A  57  2396   CB SER B  50 ali
14.924 45.184 -12.815 15.079 42.282 -10.615  12.31
17.553894 44.897240 -10.359089 
18.461002 43.984370 -11.627157 
17.947924 42.159907 -13.997641 
17.364393 42.154835 -13.963219 
14.361570 43.246487 -12.311669 
13.887181 43.505590 -11.936466 
14.847998 44.166306 -11.132615 
FEnd
FBeg
  127   CA ALA A  58  2396   CB SER B  50 ali
13.157 45.653 -9.470 15.079 42.282 -10.615  0.29
14.028919 43.715594 -9.450393 
14.468457 43.987016 -9.511680 
13.478606 43.749828 -10.474940 
FEnd
FBeg
  130   CB ALA A  58  2393   CA SER B  50 ali
13.608 45.246 -8.038 13.836 41.664 -9.968  1.38
13.409911 43.179439 -8.528438 
12.219263 43.349398 -8.984532 
14.028919 43.715594 -9.450393 
14.637460 43.325280 -8.654098 
FEnd
FBeg
  130   CB ALA A  58  2385    C LYS B  49 ali
13.608 45.246 -8.038 12.953 41.441 -7.746  3.16
11.639094 43.486431 -8.500275 
11.919850 43.409486 -8.873155 
12.219263 43.349398 -8.984532 
13.409911 43.179439 -8.528438 
14.294206 43.116070 -7.370579 
12.261899 43.489675 -7.060964 
12.171092 43.501824 -7.106350 
FEnd
FBeg
  686   CG ASN A 126  2381  CG1 VAL B  48 ali
10.043 43.888 -10.442 9.917 44.312 -6.619  1.68
11.481598 44.012328 -8.563792 
11.639094 43.486431 -8.500275 
11.604968 43.449163 -8.497267 
11.201488 43.171316 -8.479749 
9.179274 44.487011 -8.692319 
11.230261 44.489468 -8.624994 
FEnd
FBeg
  687  OD1 ASN A 126  2381  CG1 VAL B  48 unk
10.019 44.933 -9.749 9.917 44.312 -6.619  3.19
9.179274 44.487011 -8.692319 
8.651328 44.675306 -8.672166 
8.850377 45.697583 -8.462857 
10.046526 46.077425 -8.348515 
10.968879 45.550396 -8.423021 
11.230261 44.489468 -8.624994 
FEnd
FBeg
  137  CG2 ILE A  59  2381  CG1 VAL B  48 ali
8.825 48.224 -8.191 9.917 44.312 -6.619  5.43
8.850377 45.697583 -8.462857 
7.819436 45.963563 -7.084802 
9.410501 46.795322 -6.120172 
10.246629 47.023325 -6.133598 
10.754283 47.043832 -6.435211 
10.968835 46.885054 -6.979378 
10.046526 46.077425 -8.348515 
FEnd
FBeg
  758  CD1 LEU A 135  2381  CG1 VAL B  48 ali
6.499 45.550 -9.415 9.917 44.312 -6.619  4.43
8.651328 44.675306 -8.672166 
7.098858 42.988949 -7.521010 
6.891473 43.377565 -7.095421 
7.819436 45.963563 -7.084802 
8.850377 45.697583 -8.462857 
FEnd
FBeg
  758  CD1 LEU A 135  2382  CG2 VAL B  48 ali
6.499 45.550 -9.415 8.516 44.807 -4.735  3.26
6.891473 43.377565 -7.095421 
7.819436 45.963563 -7.084802 
7.377258 46.240814 -6.850214 
6.135272 45.072154 -6.500477 
5.752036 44.301863 -6.457601 
5.849093 43.951356 -6.555077 
FEnd
FBeg
  758  CD1 LEU A 135  2365   CZ PHE B  46 ali
6.499 45.550 -9.415 5.133 46.517 -4.252  1.49
6.135272 45.072154 -6.500477 
4.902797 46.866407 -7.162612 
4.736963 46.766567 -7.187788 
5.069868 45.385597 -6.841062 
5.252496 44.936824 -6.708691 
5.752036 44.301863 -6.457601 
FEnd
FBeg
  759  CD2 LEU A 135  2365   CZ PHE B  46 ali
4.250 44.592 -9.560 5.133 46.517 -4.252  0.02
5.069868 45.385597 -6.841062 
5.252496 44.936824 -6.708691 
5.131492 45.065000 -6.735046 
FEnd
FBeg
  417   SD MET A  94  2365   CZ PHE B  46 unk
2.263 45.383 -6.013 5.133 46.517 -4.252  10.56
4.736963 46.766567 -7.187788 
5.069868 45.385597 -6.841062 
5.131492 45.065000 -6.735046 
3.806613 44.265165 -4.060761 
2.507227 47.710157 -4.161488 
2.816605 48.217882 -4.992651 
FEnd
FBeg
  758  CD1 LEU A 135  2364  CE2 PHE B  46 ali
6.499 45.550 -9.415 6.307 47.195 -4.600  3.39
7.377258 46.240814 -6.850214 
5.987698 47.703662 -7.405392 
4.902797 46.866407 -7.162612 
6.135272 45.072154 -6.500477 
FEnd
FBeg
  137  CG2 ILE A  59  2364  CE2 PHE B  46 ali
8.825 48.224 -8.191 6.307 47.195 -4.600  5.43
7.377258 46.240814 -6.850214 
5.987698 47.703662 -7.405392 
6.378437 48.819453 -6.811677 
7.854398 48.787024 -5.786030 
8.669817 47.367004 -5.621166 
FEnd
FBeg
  127   CA ALA A  58  2381  CG1 VAL B  48 ali
13.157 45.653 -9.470 9.917 44.312 -6.619  0.57
11.249112 45.825056 -7.975362 
11.481598 44.012328 -8.563792 
11.230261 44.489468 -8.624994 
10.968879 45.550396 -8.423021 
FEnd
FBeg
  131    N ILE A  59  2381  CG1 VAL B  48 unk
11.430 47.358 -9.435 9.917 44.312 -6.619  1.61
11.436272 46.737211 -6.888148 
11.249112 45.825056 -7.975362 
10.968879 45.550396 -8.423021 
10.046526 46.077425 -8.348515 
10.968835 46.885054 -6.979378 
FEnd
FBeg
  139    N ILE A  60  2381  CG1 VAL B  48 unk
11.646 49.301 -7.393 9.917 44.312 -6.619  0.31
11.497686 46.741109 -6.725835 
11.436272 46.737211 -6.888148 
10.968835 46.885054 -6.979378 
10.754283 47.043832 -6.435211 
11.092447 46.939138 -6.354631 
FEnd
FBeg
  144  CG1 ILE A  60  2381  CG1 VAL B  48 ali
13.284 48.336 -5.090 9.917 44.312 -6.619  0.44
11.924110 46.118553 -6.026426 
11.497686 46.741109 -6.725835 
11.092447 46.939138 -6.354631 
11.108531 46.830965 -6.105361 
FEnd
FBeg
  130   CB ALA A  58  2379    O VAL B  48 unk
13.608 45.246 -8.038 12.635 43.663 -4.816  6.56
12.321596 45.616188 -5.655090 
12.212409 45.131591 -5.926150 
12.242960 44.710738 -6.123693 
13.169054 43.732353 -6.324715 
16.365675 43.852333 -5.300432 
17.100211 44.313793 -4.851893 
17.189372 44.521057 -4.723136 
FEnd
FBeg
  146  CD1 ILE A  60  2379    O VAL B  48 unk
13.291 47.412 -3.837 12.635 43.663 -4.816  8.75
11.985625 45.197212 -3.825532 
12.321596 45.616188 -5.655090 
17.189372 44.521057 -4.723136 
14.741241 44.463863 -2.863693 
FEnd
FBeg
  146  CD1 ILE A  60  2369    O HIS B  47 unk
13.291 47.412 -3.837 11.849 44.037 -2.279  10.50
11.550782 45.543423 -3.478025 
11.985625 45.197212 -3.825532 
14.741241 44.463863 -2.863693 
14.876078 44.615831 -2.409696 
14.816326 45.859367 0.228797 
13.695431 46.313416 0.174934 
11.559048 46.022725 -2.432091 
FEnd
FBeg
  146  CD1 ILE A  60  2368    C HIS B  47 ali
13.291 47.412 -3.837 10.649 43.726 -2.127  0.44
10.912541 46.142057 -3.173736 
11.550782 45.543423 -3.478025 
11.559048 46.022725 -2.432091 
FEnd
FBeg
  146  CD1 ILE A  60  2358    O PHE B  46 unk
13.291 47.412 -3.837 10.168 46.813 -1.211  18.95
10.596997 46.621138 -3.439720 
10.912541 46.142057 -3.173736 
11.559048 46.022725 -2.432091 
13.695431 46.313416 0.174934 
14.572466 48.103284 1.626234 
13.849953 50.555763 1.326395 
12.862803 51.103385 0.277331 
FEnd
FBeg
  144  CG1 ILE A  60  2380   CB VAL B  48 ali
13.284 48.336 -5.090 9.901 44.458 -5.136  0.58
11.108531 46.830965 -6.105361 
11.240648 46.706315 -5.313151 
12.086942 45.974502 -5.857540 
11.924110 46.118553 -6.026426 
FEnd
FBeg
  145  CG2 ILE A  60  2381  CG1 VAL B  48 ali
10.941 49.202 -4.563 9.917 44.312 -6.619  0.20
10.246629 47.023325 -6.133598 
10.754283 47.043832 -6.435211 
11.092447 46.939138 -6.354631 
11.108531 46.830965 -6.105361 
FEnd
FBeg
  137  CG2 ILE A  59  2380   CB VAL B  48 ali
8.825 48.224 -8.191 9.901 44.458 -5.136  0.19
9.592103 47.123981 -5.778985 
10.246629 47.023325 -6.133598 
9.410501 46.795322 -6.120172 
FEnd
FBeg
  137  CG2 ILE A  59  2382  CG2 VAL B  48 ali
8.825 48.224 -8.191 8.516 44.807 -4.735  2.03
8.960815 47.461454 -5.501764 
9.592103 47.123981 -5.778985 
9.410501 46.795322 -6.120172 
7.819436 45.963563 -7.084802 
7.377258 46.240814 -6.850214 
8.669817 47.367004 -5.621166 
FEnd
FBeg
  137  CG2 ILE A  59  2362  CD2 PHE B  46 ali
8.825 48.224 -8.191 7.097 47.763 -3.615  0.74
8.391848 48.937772 -5.567890 
8.960815 47.461454 -5.501764 
8.669817 47.367004 -5.621166 
7.854398 48.787024 -5.786030 
FEnd
FBeg
  145  CG2 ILE A  60  2358    O PHE B  46 unk
10.941 49.202 -4.563 10.168 46.813 -1.211  7.28
11.021319 50.335424 -0.694664 
9.511784 47.680752 -2.934783 
9.656141 46.995158 -3.390122 
10.159104 46.720756 -3.469703 
10.596997 46.621138 -3.439720 
12.862803 51.103385 0.277331 
FEnd
FBeg
  188   CB VAL A  65  2360   CG PHE B  46 ali
6.180 51.633 -3.835 6.736 47.662 -2.278  0.30
6.079642 49.513340 -3.036419 
6.084998 49.807344 -2.288498 
6.823720 49.701881 -2.821269 
FEnd
FBeg
  188   CB VAL A  65  2362  CD2 PHE B  46 ali
6.180 51.633 -3.835 7.097 47.763 -3.615  1.33
5.988947 49.438729 -3.970849 
6.079642 49.513340 -3.036419 
6.823720 49.701881 -2.821269 
8.225975 50.013904 -3.177347 
FEnd
FBeg
  190  CG2 VAL A  65  2362  CD2 PHE B  46 ali
6.777 51.128 -5.152 7.097 47.763 -3.615  4.87
5.716792 49.245950 -4.336244 
5.988947 49.438729 -3.970849 
8.225975 50.013904 -3.177347 
8.561387 50.014268 -3.246383 
8.391848 48.937772 -5.567890 
7.854398 48.787024 -5.786030 
FEnd
FBeg
  190  CG2 VAL A  65  2364  CE2 PHE B  46 ali
6.777 51.128 -5.152 6.307 47.195 -4.600  3.42
5.010677 49.193738 -5.309476 
5.716792 49.245950 -4.336244 
7.854398 48.787024 -5.786030 
6.378437 48.819453 -6.811677 
FEnd
FBeg
  401  CD2 LEU A  92  2364  CE2 PHE B  46 ali
3.738 49.667 -7.555 6.307 47.195 -4.600  4.35
4.376430 48.875297 -5.024470 
5.010677 49.193738 -5.309476 
6.378437 48.819453 -6.811677 
5.987698 47.703662 -7.405392 
4.902797 46.866407 -7.162612 
FEnd
FBeg
  401  CD2 LEU A  92  2365   CZ PHE B  46 ali
3.738 49.667 -7.555 5.133 46.517 -4.252  3.16
3.357878 48.745483 -4.718092 
4.376430 48.875297 -5.024470 
4.902797 46.866407 -7.162612 
4.736963 46.766567 -7.187788 
2.816605 48.217882 -4.992651 
FEnd
FBeg
  286  CD1 LEU A  79  2365   CZ PHE B  46 ali
1.083 50.265 -3.470 5.133 46.517 -4.252  0.98
2.507227 47.710157 -4.161488 
2.816605 48.217882 -4.992651 
3.357878 48.745483 -4.718092 
3.431024 48.640822 -3.837647 
FEnd
FBeg
  189  CG1 VAL A  65  2361  CD1 PHE B  46 ali
4.713 51.212 -3.659 5.556 46.990 -1.939  4.58
3.332020 49.775284 -0.054833 
4.411000 49.957592 -0.136156 
5.071786 49.595519 -1.348782 
4.970253 48.741949 -3.394234 
4.948818 48.726792 -3.420933 
4.938513 48.723445 -3.424100 
4.922731 48.721621 -3.420841 
3.448392 48.878504 -2.313150 
FEnd
FBeg
  708   OH TYR A 128  2356   CA PHE B  46 unk
4.081 43.321 -0.705 8.056 47.299 -0.144  0.33
6.087034 44.850794 0.157676 
5.603345 45.248776 0.762826 
6.150863 44.660974 1.051399 
FEnd
FBeg
  708   OH TYR A 128  2366    N HIS B  47 hbd
4.081 43.321 -0.705 8.885 45.040 -0.683  0.89
6.096114 44.826214 0.095449 
6.087034 44.850794 0.157676 
6.150863 44.660974 1.051399 
6.280793 44.293222 1.414393 
6.575638 43.475737 0.906269 
FEnd
FBeg
  708   OH TYR A 128  2363  CE1 PHE B  46 unk
4.081 43.321 -0.705 4.764 46.417 -2.912  8.51
1.584986 44.762913 -2.349354 
4.876137 44.903101 -1.134186 
1.076743 47.046194 0.696367 
0.619065 46.470791 -0.252452 
0.921568 45.140026 -2.025646 
1.464429 44.791099 -2.347125 
FEnd
FBeg
  706  CE2 TYR A 128  2363  CE1 PHE B  46 aro
3.696 41.818 -2.522 4.764 46.417 -2.912  0.04
2.334972 44.536595 -2.964367 
1.584986 44.762913 -2.349354 
1.464429 44.791099 -2.347125 
FEnd
FBeg
  417   SD MET A  94  2363  CE1 PHE B  46 unk
2.263 45.383 -6.013 4.764 46.417 -2.912  7.76
3.602961 44.192178 -3.872175 
2.334972 44.536595 -2.964367 
1.464429 44.791099 -2.347125 
0.921568 45.140026 -2.025646 
0.929266 46.446335 -2.467431 
2.507227 47.710157 -4.161488 
3.806613 44.265165 -4.060761 
FEnd
FBeg
  418   CE MET A  94  2363  CE1 PHE B  46 ali
2.529 43.615 -6.410 4.764 46.417 -2.912  0.03
3.942285 44.123505 -4.033972 
3.602961 44.192178 -3.872175 
3.806613 44.265165 -4.060761 
FEnd
FBeg
  418   CE MET A  94  2365   CZ PHE B  46 ali
2.529 43.615 -6.410 5.133 46.517 -4.252  2.64
4.309653 43.970941 -4.272103 
4.171257 44.009315 -4.156709 
3.942285 44.123505 -4.033972 
3.806613 44.265165 -4.060761 
5.131492 45.065000 -6.735046 
5.252496 44.936824 -6.708691 
5.752036 44.301863 -6.457601 
5.672273 44.003574 -5.960224 
FEnd
FBeg
  705  CE1 TYR A 128  2363  CE1 PHE B  46 aro
5.799 42.986 -2.279 4.764 46.417 -2.912  3.73
6.813034 45.118801 -2.837803 
6.541778 44.959869 -3.255727 
4.213517 44.127779 -3.958963 
5.000733 44.871166 -1.216798 
FEnd
FBeg
  705  CE1 TYR A 128  2361  CD1 PHE B  46 aro
5.799 42.986 -2.279 5.556 46.990 -1.939  2.88
7.206286 45.106500 -2.411881 
6.813034 45.118801 -2.837803 
5.000733 44.871166 -1.216798 
5.066214 44.859772 -1.035815 
6.096114 44.826214 0.095449 
FEnd
FBeg
  705  CE1 TYR A 128  2366    N HIS B  47 unk
5.799 42.986 -2.279 8.885 45.040 -0.683  5.67
7.968184 43.964694 -2.415607 
7.206286 45.106500 -2.411881 
6.096114 44.826214 0.095449 
6.575638 43.475737 0.906269 
6.579899 43.471604 0.903348 
7.661632 43.271730 -0.931040 
8.000017 43.803350 -2.269515 
FEnd
FBeg
  705  CE1 TYR A 128  2367   CA HIS B  47 ali
5.799 42.986 -2.279 9.995 44.054 -0.794  0.74
7.661632 43.271730 -0.931040 
8.129056 42.587911 -1.759992 
8.000017 43.803350 -2.269515 
FEnd
FBeg
  705  CE1 TYR A 128  2370   CB HIS B  47 ali
5.799 42.986 -2.279 9.847 42.840 0.124  7.63
6.579899 43.471604 0.903348 
6.446607 42.150026 1.047591 
6.432942 42.011364 1.062187 
6.610266 40.623288 0.679137 
7.089029 40.450539 -0.137864 
7.158000 40.455752 -0.253733 
7.671445 40.732075 -1.101874 
8.132201 42.332745 -1.780793 
8.129056 42.587911 -1.759992 
7.661632 43.271730 -0.931040 
FEnd
FBeg
  703  CD1 TYR A 128  2370   CB HIS B  47 ali
6.273 42.369 -3.412 9.847 42.840 0.124  0.87
7.671445 40.732075 -1.101874 
8.132201 42.332745 -1.780793 
8.451672 40.792794 -1.898574 
FEnd
FBeg
  709    N ALA A 129  2370   CB HIS B  47 unk
6.949 38.498 -3.045 9.847 42.840 0.124  5.74
7.158000 40.455752 -0.253733 
7.671445 40.732075 -1.101874 
8.451672 40.792794 -1.898574 
10.312943 39.587450 -1.949177 
10.650013 38.359510 -0.574961 
FEnd
FBeg
  709    N ALA A 129  2376    N VAL B  48 hbd
6.949 38.498 -3.045 9.929 43.100 -3.053  1.98
8.451672 40.792794 -1.898574 
10.312943 39.587450 -1.949177 
10.284830 39.603735 -3.053750 
10.145487 39.693857 -3.116038 
8.523243 40.745349 -2.530836 
FEnd
FBeg
  705  CE1 TYR A 128  2376    N VAL B  48 unk
5.799 42.986 -2.279 9.929 43.100 -3.053  0.40
7.935417 43.731435 -2.624806 
7.968184 43.964694 -2.415607 
8.000017 43.803350 -2.269515 
8.129056 42.587911 -1.759992 
8.132201 42.332745 -1.780793 
FEnd
FBeg
  703  CD1 TYR A 128  2365   CZ PHE B  46 aro
6.273 42.369 -3.412 5.133 46.517 -4.252  2.11
5.672273 44.003574 -5.960224 
4.309653 43.970941 -4.272103 
6.289230 44.612005 -3.793036 
FEnd
FBeg
  418   CE MET A  94  2382  CG2 VAL B  48 ali
2.529 43.615 -6.410 8.516 44.807 -4.735  0.12
5.691045 43.964847 -5.999763 
5.672273 44.003574 -5.960224 
5.752036 44.301863 -6.457601 
5.849093 43.951356 -6.555077 
FEnd
FBeg
  701   CB TYR A 128  2382  CG2 VAL B  48 ali
6.013 40.840 -5.351 8.516 44.807 -4.735  3.22
7.982913 42.371386 -5.050554 
5.691045 43.964847 -5.999763 
5.849093 43.951356 -6.555077 
6.891473 43.377565 -7.095421 
8.136894 42.408409 -5.914653 
FEnd
FBeg
  703  CD1 TYR A 128  2376    N VAL B  48 unk
6.273 42.369 -3.412 9.929 43.100 -3.053  4.35
8.485289 41.538824 -3.759998 
8.231360 42.825124 -3.793201 
7.935417 43.731435 -2.624806 
8.132201 42.332745 -1.780793 
8.451672 40.792794 -1.898574 
8.523243 40.745349 -2.530836 
FEnd
FBeg
  698   CA TYR A 128  2376    N VAL B  48 unk
7.105 39.859 -5.058 9.929 43.100 -3.053  1.74
9.930184 40.067094 -3.416111 
8.485289 41.538824 -3.759998 
8.523243 40.745349 -2.530836 
10.145487 39.693857 -3.116038 
FEnd
FBeg
  701   CB TYR A 128  2377   CA VAL B  48 ali
6.013 40.840 -5.351 10.309 43.138 -4.487  0.34
8.314638 42.143300 -6.093318 
8.328565 42.081909 -5.999285 
8.074503 42.134569 -4.876093 
7.982913 42.371386 -5.050554 
8.136894 42.408409 -5.914653 
FEnd
FBeg
  701   CB TYR A 128  2381  CG1 VAL B  48 ali
6.013 40.840 -5.351 9.917 44.312 -6.619  1.61
8.258764 42.122870 -6.321288 
8.314638 42.143300 -6.093318 
8.136894 42.408409 -5.914653 
6.891473 43.377565 -7.095421 
7.098858 42.988949 -7.521010 
7.829193 42.243834 -7.312658 
FEnd
FBeg
  691    C LEU A 127  2381  CG1 VAL B  48 ali
8.836 39.588 -6.727 9.917 44.312 -6.619  0.82
9.365002 41.895960 -7.468715 
8.258764 42.122870 -6.321288 
7.829193 42.243834 -7.312658 
FEnd
FBeg
  685   CB ASN A 126  2381  CG1 VAL B  48 ali
9.208 42.682 -9.963 9.917 44.312 -6.619  7.69
9.938497 41.834454 -7.560328 
9.365002 41.895960 -7.468715 
7.829193 42.243834 -7.312658 
7.098858 42.988949 -7.521010 
8.651328 44.675306 -8.672166 
9.179274 44.487011 -8.692319 
11.201488 43.171316 -8.479749 
FEnd
FBeg
  692    O LEU A 127  2383    N LYS B  49 hbd
9.565 40.376 -6.180 11.930 41.698 -5.572  6.38
11.077183 40.414383 -7.007335 
10.307532 41.849100 -7.133111 
10.107649 41.933280 -6.538638 
10.435051 39.852577 -3.288009 
10.441360 39.834310 -3.272831 
11.035156 39.185037 -4.170838 
11.239278 39.601504 -5.870374 
11.185480 40.120930 -6.790518 
11.131968 40.298203 -6.967821 
FEnd
FBeg
  692    O LEU A 127  2384   CA LYS B  49 unk
9.565 40.376 -6.180 13.176 41.406 -6.240  0.01
11.185480 40.120930 -6.790518 
11.155083 40.216857 -6.973135 
11.131968 40.298203 -6.967821 
FEnd
FBeg
  693   CB LEU A 127  2384   CA LYS B  49 ali
10.446 37.950 -7.601 13.176 41.406 -6.240  0.34
11.185480 40.120930 -6.790518 
11.155083 40.216857 -6.973135 
11.857365 39.707715 -7.088957 
11.365577 39.789282 -6.309616 
FEnd
FBeg
  693   CB LEU A 127  2387   CB LYS B  49 ali
10.446 37.950 -7.601 13.715 40.060 -5.759  7.92
11.857365 39.707715 -7.088957 
11.365577 39.789282 -6.309616 
11.239278 39.601504 -5.870374 
10.975571 38.477355 -4.114667 
11.702910 37.332346 -4.093876 
11.733813 37.318157 -4.132465 
12.092616 37.255321 -4.697256 
13.171325 38.521069 -8.061548 
12.987145 38.853735 -8.115751 
FEnd
FBeg
  693   CB LEU A 127  2395    O SER B  50 unk
10.446 37.950 -7.601 13.660 39.319 -10.120  2.52
13.171325 38.521069 -8.061548 
11.862208 37.814802 -10.115690 
11.617336 38.056254 -10.296901 
11.510766 38.387579 -10.252809 
11.778797 38.976448 -9.590794 
12.165283 39.413011 -8.860418 
12.987145 38.853735 -8.115751 
FEnd
FBeg
  693   CB LEU A 127  2394    C SER B  50 ali
10.446 37.950 -7.601 13.496 40.381 -10.668  0.10
11.778797 38.976448 -9.590794 
11.989459 39.536064 -8.937731 
12.165283 39.413011 -8.860418 
FEnd
FBeg
  689    N LEU A 127  2395    O SER B  50 hbd
9.706 39.818 -8.963 13.660 39.319 -10.120  0.07
11.510766 38.387579 -10.252809 
11.778797 38.976448 -9.590794 
11.534710 38.593539 -10.259807 
FEnd
FBeg
  693   CB LEU A 127  2399   CA GLY B  51 ali
10.446 37.950 -7.601 12.667 39.346 -12.723  0.04
11.617336 38.056254 -10.296901 
11.329399 38.226350 -10.375396 
11.510766 38.387579 -10.252809 
FEnd
FBeg
  695  CD1 LEU A 127  2399   CA GLY B  51 ali
9.762 36.051 -9.207 12.667 39.346 -12.723  4.99
11.617336 38.056254 -10.296901 
11.329399 38.226350 -10.375396 
10.536130 38.255256 -11.003724 
9.557700 37.862529 -12.180167 
11.044919 36.104119 -12.599277 
11.284085 36.252145 -12.262951 
12.128459 37.327188 -10.557839 
12.082861 37.449614 -10.480783 
FEnd
FBeg
  696  CD2 LEU A 127  2399   CA GLY B  51 ali
11.908 36.005 -7.864 12.667 39.346 -12.723  0.01
12.128459 37.327188 -10.557839 
12.185542 37.368088 -10.520800 
12.082861 37.449614 -10.480783 
FEnd
FBeg
  696  CD2 LEU A 127  2871  NE1 TRP B 109 unk
11.908 36.005 -7.864 14.294 35.754 -11.264  7.32
12.128459 37.327188 -10.557839 
12.185542 37.368088 -10.520800 
14.815242 37.240539 -8.665952 
14.872411 37.147691 -8.618979 
15.107600 35.242910 -8.313315 
14.544288 34.811798 -8.676801 
12.054932 35.762637 -10.493937 
FEnd
FBeg
  696  CD2 LEU A 127  2869  CD1 TRP B 109 ali
11.908 36.005 -7.864 13.948 34.443 -11.476  3.52
14.544288 34.811798 -8.676801 
13.947137 34.291649 -8.789125 
11.727235 34.012244 -9.922062 
11.683237 34.040192 -9.958997 
12.054932 35.762637 -10.493937 
FEnd
FBeg
  696  CD2 LEU A 127  2882   CG ARG B 110 ali
11.908 36.005 -7.864 10.422 31.489 -9.511  0.12
11.727235 34.012244 -9.922062 
11.270621 33.849048 -9.062608 
11.033948 33.877491 -8.927060 
11.683237 34.040192 -9.958997 
FEnd
FBeg
  695  CD1 LEU A 127  2882   CG ARG B 110 ali
9.762 36.051 -9.207 10.422 31.489 -9.511  3.37
11.033948 33.877491 -8.927060 
11.683237 34.040192 -9.958997 
10.603705 34.015564 -11.933135 
9.993899 33.904379 -11.588549 
10.329743 33.749259 -8.531599 
FEnd
FBeg
  695  CD1 LEU A 127  2881   CB ARG B 110 ali
9.762 36.051 -9.207 11.146 31.442 -8.237  0.40
10.329743 33.749259 -8.531599 
11.033948 33.877491 -8.927060 
10.442463 33.898946 -7.981184 
9.910762 33.805209 -7.667945 
FEnd
FBeg
  694   CG LEU A 127  2881   CB ARG B 110 ali
10.460 36.466 -7.898 11.146 31.442 -8.237  0.75
10.442463 33.898946 -7.981184 
9.910762 33.805209 -7.667945 
9.703072 33.750145 -7.272177 
10.353307 33.758792 -6.084509 
FEnd
FBeg
  717    O GLY A 130  2881   CB ARG B 110 unk
7.582 33.537 -6.301 11.146 31.442 -8.237  2.70
9.703072 33.750145 -7.272177 
9.117983 32.220657 -6.694169 
9.350185 32.014078 -6.043161 
10.252566 33.005053 -5.454322 
10.486653 33.712350 -5.788775 
10.353307 33.758792 -6.084509 
FEnd
FBeg
  717    O GLY A 130  3440  CD1 ILE B 180 unk
7.582 33.537 -6.301 10.333 29.878 -4.359  1.01
9.350185 32.014078 -6.043161 
10.252566 33.005053 -5.454322 
8.973422 32.246141 -5.072207 
8.736976 31.850225 -5.483224 
FEnd
FBeg
  717    O GLY A 130  3437   CB ILE B 180 unk
7.582 33.537 -6.301 8.000 30.229 -3.355  0.77
8.973422 32.246141 -5.072207 
7.860190 32.162546 -5.008120 
6.941774 31.814104 -5.269066 
8.736976 31.850225 -5.483224 
FEnd
FBeg
  716    C GLY A 130  3437   CB ILE B 180 ali
7.047 34.366 -5.525 8.000 30.229 -3.355  1.10
7.860190 32.162546 -5.008120 
6.941774 31.814104 -5.269066 
6.087691 31.660559 -5.186705 
6.121780 32.146294 -4.275644 
FEnd
FBeg
  727  NH1 ARG A 131  3437   CB ILE B 180 unk
3.779 31.705 -3.984 8.000 30.229 -3.355  1.22
6.087691 31.660559 -5.186705 
6.000843 31.400869 -5.213281 
5.792789 31.061084 -4.614434 
5.945419 32.073219 -3.263623 
6.058662 32.269838 -3.562175 
6.121780 32.146294 -4.275644 
FEnd
FBeg
  727  NH1 ARG A 131  3439  CG2 ILE B 180 unk
3.779 31.705 -3.984 8.479 31.344 -2.439  0.18
5.945419 32.073219 -3.263623 
6.058662 32.269838 -3.562175 
5.919259 32.484125 -3.088032 
5.798590 32.147154 -2.799686 
FEnd
FBeg
  726   CZ ARG A 131  3439  CG2 ILE B 180 ali
3.173 32.604 -3.187 8.479 31.344 -2.439  0.72
5.919259 32.484125 -3.088032 
5.798590 32.147154 -2.799686 
5.683222 32.145889 -1.983442 
5.873647 33.020841 -1.860391 
5.902756 33.020454 -2.067523 
FEnd
FBeg
  712    O ALA A 129  3439  CG2 ILE B 180 unk
5.388 35.430 -2.881 8.479 31.344 -2.439  0.80
5.873647 33.020841 -1.860391 
6.067798 33.304618 -0.594789 
6.387714 33.605232 -0.053056 
6.458124 33.510619 -1.420078 
5.902756 33.020454 -2.067523 
FEnd
FBeg
  711    C ALA A 129  3439  CG2 ILE B 180 ali
6.397 36.152 -2.879 8.479 31.344 -2.439  4.85
6.387714 33.605232 -0.053056 
7.100523 34.011317 1.011465 
8.246178 34.520642 1.155962 
8.681895 34.681193 0.848622 
9.037112 34.777582 0.221073 
8.377837 34.409289 -0.683802 
6.458124 33.510619 -1.420078 
FEnd
FBeg
  728  NH2 ARG A 131  3439  CG2 ILE B 180 unk
3.174 32.418 -1.866 8.479 31.344 -2.439  0.77
5.683222 32.145889 -1.983442 
5.703774 32.087663 -1.684032 
6.067798 33.304618 -0.594789 
5.873647 33.020841 -1.860391 
FEnd
FBeg
  728  NH2 ARG A 131  3430    O SER B 179 hbd
3.174 32.418 -1.866 5.840 30.141 -0.213  37.08
5.703774 32.087663 -1.684032 
6.067798 33.304618 -0.594789 
5.660022 34.277669 1.403255 
4.502420 34.580694 3.687681 
1.205503 31.787112 5.156884 
0.893799 29.402053 2.374202 
2.625344 29.498934 -0.285025 
4.126014 30.156093 -1.800110 
FEnd
FBeg
  728  NH2 ARG A 131  3447  OD1 ASN B 181 hbd
3.174 32.418 -1.866 3.049 28.957 -3.491  6.47
2.625344 29.498934 -0.285025 
-1.505840 30.533158 -2.169980 
-1.517302 30.548999 -2.202837 
3.903855 30.367153 -2.232545 
4.175784 30.312172 -2.136361 
4.126014 30.156093 -1.800110 
FEnd
FBeg
  727  NH1 ARG A 131  3447  OD1 ASN B 181 hbd
3.779 31.705 -3.984 3.049 28.957 -3.491  8.66
3.903855 30.367153 -2.232545 
4.175784 30.312172 -2.136361 
4.370348 30.122503 -2.905481 
4.246330 29.879293 -4.444781 
3.388531 29.796613 -6.175814 
3.013710 29.840200 -6.487865 
2.870792 29.874703 -6.507164 
0.698633 30.689223 -5.183386 
0.663511 30.715448 -5.089214 
FEnd
FBeg
  727  NH1 ARG A 131  3435    C ILE B 180 unk
3.779 31.705 -3.984 6.027 28.622 -3.678  1.25
4.370348 30.122503 -2.905481 
4.246330 29.879293 -4.444781 
5.550865 30.830695 -4.442887 
FEnd
FBeg
  726   CZ ARG A 131  3447  OD1 ASN B 181 unk
3.173 32.604 -3.187 3.049 28.957 -3.491  9.65
-1.517302 30.548999 -2.202837 
3.903855 30.367153 -2.232545 
0.663511 30.715448 -5.089214 
0.445920 30.716072 -5.007957 
-1.883997 30.652288 -3.292390 
-1.865382 30.644388 -3.205209 
FEnd
FBeg
  728  NH2 ARG A 131  3434   CA ILE B 180 unk
3.174 32.418 -1.866 6.794 29.510 -2.680  0.89
5.683222 32.145889 -1.983442 
5.703774 32.087663 -1.684032 
4.126014 30.156093 -1.800110 
4.175784 30.312172 -2.136361 
4.493628 30.720942 -2.183177 
FEnd
FBeg
  726   CZ ARG A 131  3434   CA ILE B 180 ali
3.173 32.604 -3.187 6.794 29.510 -2.680  0.77
5.798590 32.147154 -2.799686 
5.683222 32.145889 -1.983442 
4.493628 30.720942 -2.183177 
FEnd
FBeg
  715   CA GLY A 130  3439  CG2 ILE B 180 ali
7.631 34.545 -4.135 8.479 31.344 -2.439  15.68
6.058662 32.269838 -3.562175 
5.919259 32.484125 -3.088032 
5.902756 33.020454 -2.067523 
6.458124 33.510619 -1.420078 
8.377837 34.409289 -0.683802 
9.358072 34.587486 -0.837593 
10.473042 33.074892 -4.249922 
8.977925 32.248281 -5.062493 
FEnd
FBeg
  715   CA GLY A 130  3408   OH TYR B 176 unk
7.631 34.545 -4.135 12.128 33.269 -2.100  7.53
9.358072 34.587486 -0.837593 
10.473042 33.074892 -4.249922 
10.897968 33.357471 -5.011750 
11.063694 33.833468 -5.079513 
11.202777 35.815936 -4.143803 
11.117508 36.098932 -3.777925 
FEnd
FBeg
  727  NH1 ARG A 131  3434   CA ILE B 180 unk
3.779 31.705 -3.984 6.794 29.510 -2.680  3.86
5.792789 31.061084 -4.614434 
5.945419 32.073219 -3.263623 
5.798590 32.147154 -2.799686 
4.493628 30.720942 -2.183177 
4.175784 30.312172 -2.136361 
4.370348 30.122503 -2.905481 
5.550865 30.830695 -4.442887 
FEnd
FBeg
  727  NH1 ARG A 131  3436    O ILE B 180 hbd
3.779 31.705 -3.984 5.753 29.000 -4.833  5.13
6.000843 31.400869 -5.213281 
5.792789 31.061084 -4.614434 
5.550865 30.830695 -4.442887 
4.246330 29.879293 -4.444781 
3.388531 29.796613 -6.175814 
3.308557 29.834569 -6.482691 
4.038634 30.471235 -6.813683 
4.614065 30.850390 -6.683779 
4.633276 30.860641 -6.671773 
FEnd
FBeg
  727  NH1 ARG A 131  2886  NH1 ARG B 110 elu
3.779 31.705 -3.984 7.535 30.774 -7.161  1.68
6.087691 31.660559 -5.186705 
6.000843 31.400869 -5.213281 
4.633276 30.860641 -6.671773 
4.581255 31.706587 -6.981174 
5.246941 32.051185 -6.295151 
FEnd
FBeg
  719   CA ARG A 131  2886  NH1 ARG B 110 unk
5.274 35.084 -7.132 7.535 30.774 -7.161  1.00
4.581255 31.706587 -6.981174 
5.246941 32.051185 -6.295151 
5.646968 32.263369 -6.641697 
6.214060 32.567648 -7.650276 
FEnd
FBeg
  719   CA ARG A 131  2885   CZ ARG B 110 ali
5.274 35.084 -7.132 7.277 30.309 -8.389  5.13
6.214060 32.567648 -7.650276 
4.581255 31.706587 -6.981174 
4.129571 31.602886 -7.306990 
4.015474 31.597947 -7.470038 
4.328587 32.306988 -9.664553 
6.045664 32.895722 -9.164871 
6.614044 32.876511 -8.186198 
FEnd
FBeg
  717    O GLY A 130  2885   CZ ARG B 110 unk
7.582 33.537 -6.301 7.277 30.309 -8.389  0.22
6.614044 32.876511 -8.186198 
6.214060 32.567648 -7.650276 
7.051844 32.613599 -7.843692 
FEnd
FBeg
  719   CA ARG A 131  2883   CD ARG B 110 ali
5.274 35.084 -7.132 8.950 31.869 -9.330  0.96
6.045664 32.895722 -9.164871 
7.349137 34.005858 -8.608694 
7.520091 34.089317 -8.444859 
6.614044 32.876511 -8.186198 
FEnd
FBeg
  720    C ARG A 131  2883   CD ARG B 110 ali
5.802 36.099 -8.200 8.950 31.869 -9.330  0.08
7.349137 34.005858 -8.608694 
7.520091 34.089317 -8.444859 
7.739067 34.249412 -8.434123 
7.671004 34.270529 -8.702786 
FEnd
FBeg
  729    N LYS A 132  2883   CD ARG B 110 unk
5.744 35.712 -9.487 8.950 31.869 -9.330  2.12
6.045664 32.895722 -9.164871 
7.349137 34.005858 -8.608694 
7.671004 34.270529 -8.702786 
7.743502 34.287661 -9.763880 
5.871210 32.724151 -9.802111 
5.868319 32.723207 -9.766168 
FEnd
FBeg
  729    N LYS A 132  2884   NE ARG B 110 hbd
5.744 35.712 -9.487 7.945 30.796 -9.439  0.00
5.871210 32.724151 -9.802111 
5.868319 32.723207 -9.766168 
5.815703 32.699215 -9.810770 
FEnd
FBeg
  734   CG LYS A 132  2884   NE ARG B 110 unk
6.597 34.757 -12.205 7.945 30.796 -9.439  1.57
5.815703 32.699215 -9.810770 
5.871210 32.724151 -9.802111 
6.762080 32.034210 -11.224291 
4.945968 31.618011 -10.935225 
4.925329 31.666014 -10.856426 
FEnd
FBeg
  734   CG LYS A 132  2885   CZ ARG B 110 ali
6.597 34.757 -12.205 7.277 30.309 -8.389  0.78
4.925329 31.666014 -10.856426 
5.815703 32.699215 -9.810770 
4.463287 32.260560 -10.081077 
FEnd
FBeg
  734   CG LYS A 132  2844  OE2 GLU B 106 unk
6.597 34.757 -12.205 7.439 30.571 -12.942  9.78
6.762080 32.034210 -11.224291 
4.945968 31.618011 -10.935225 
3.842645 31.593710 -12.057713 
3.124271 31.689214 -13.420877 
3.255246 31.835569 -14.102506 
4.265266 32.043572 -14.130000 
4.646625 32.106313 -14.050667 
8.222974 32.497760 -12.188130 
8.311493 32.488745 -12.035795 
FEnd
FBeg
  734   CG LYS A 132  2841   CG GLU B 106 ali
6.597 34.757 -12.205 9.530 30.994 -14.132  0.25
8.222974 32.497760 -12.188130 
8.155177 32.709334 -12.704479 
8.798975 32.874552 -12.047215 
8.311493 32.488745 -12.035795 
FEnd
FBeg
  735   CD LYS A 132  2841   CG GLU B 106 ali
7.603 35.201 -13.302 9.530 30.994 -14.132  7.24
8.155177 32.709334 -12.704479 
8.798975 32.874552 -12.047215 
9.791816 33.321736 -12.008781 
10.656487 33.759987 -12.222635 
11.175173 34.308250 -13.797377 
10.932134 34.367662 -14.662775 
10.198012 34.062938 -14.822633 
8.073334 32.889284 -13.806600 
FEnd
FBeg
  735   CD LYS A 132  2842   CD GLU B 106 ali
7.603 35.201 -13.302 8.022 30.645 -14.077  0.46
8.073334 32.889284 -13.806600 
8.155177 32.709334 -12.704479 
7.273781 32.762133 -13.491390 
FEnd
FBeg
  736   CE LYS A 132  2842   CD GLU B 106 ali
7.095 34.900 -14.712 8.022 30.645 -14.077  5.29
7.273781 32.762133 -13.491390 
8.073334 32.889284 -13.806600 
8.068858 32.525490 -16.237774 
4.490430 32.059859 -14.133925 
4.646625 32.106313 -14.050667 
FEnd
FBeg
  736   CE LYS A 132  2843  OE1 GLU B 106 unk
7.095 34.900 -14.712 7.412 30.408 -15.167  14.64
8.068858 32.525490 -16.237774 
4.490430 32.059859 -14.133925 
4.265266 32.043572 -14.130000 
3.305455 31.995429 -14.323407 
3.269797 32.010761 -14.499617 
3.720494 32.196170 -16.016071 
5.819231 32.699262 -19.520666 
8.512258 32.656184 -17.219135 
FEnd
FBeg
  736   CE LYS A 132  2841   CG GLU B 106 ali
7.095 34.900 -14.712 9.530 30.994 -14.132  4.68
10.198012 34.062938 -14.822633 
8.512258 32.656184 -17.219135 
8.068858 32.525490 -16.237774 
8.073334 32.889284 -13.806600 
FEnd
FBeg
  737   NZ LYS A 132  2841   CG GLU B 106 unk
7.975 35.578 -15.729 9.530 30.994 -14.132  7.59
10.932134 34.367662 -14.662775 
11.072721 33.904018 -16.130498 
10.759824 33.083499 -18.181034 
10.221849 32.690955 -18.783960 
9.413630 32.374833 -18.904386 
8.512258 32.656184 -17.219135 
10.198012 34.062938 -14.822633 
FEnd
FBeg
  735   CD LYS A 132  2883   CD ARG B 110 ali
7.603 35.201 -13.302 8.950 31.869 -9.330  0.99
8.798975 32.874552 -12.047215 
9.791816 33.321736 -12.008781 
9.993899 33.904379 -11.588549 
9.203957 34.046376 -11.201544 
FEnd
FBeg
  734   CG LYS A 132  2842   CD GLU B 106 ali
6.597 34.757 -12.205 8.022 30.645 -14.077  1.90
4.646625 32.106313 -14.050667 
7.273781 32.762133 -13.491390 
8.155177 32.709334 -12.704479 
8.222974 32.497760 -12.188130 
FEnd
FBeg
  734   CG LYS A 132  2883   CD ARG B 110 ali
6.597 34.757 -12.205 8.950 31.869 -9.330  7.07
7.743502 34.287661 -9.763880 
9.203957 34.046376 -11.201544 
8.798975 32.874552 -12.047215 
8.311493 32.488745 -12.035795 
6.762080 32.034210 -11.224291 
5.871210 32.724151 -9.802111 
FEnd
FBeg
  729    N LYS A 132  2885   CZ ARG B 110 unk
5.744 35.712 -9.487 7.277 30.309 -8.389  0.86
4.328587 32.306988 -9.664553 
6.045664 32.895722 -9.164871 
5.868319 32.723207 -9.766168 
5.815703 32.699215 -9.810770 
4.463287 32.260560 -10.081077 
FEnd
FBeg
  716    C GLY A 130  2886  NH1 ARG B 110 unk
7.047 34.366 -5.525 7.535 30.774 -7.161  1.11
6.941774 31.814104 -5.269066 
6.087691 31.660559 -5.186705 
5.246941 32.051185 -6.295151 
5.646968 32.263369 -6.641697 
FEnd
FBeg
  715   CA GLY A 130  3437   CB ILE B 180 ali
7.631 34.545 -4.135 8.000 30.229 -3.355  1.39
8.973422 32.246141 -5.072207 
7.860190 32.162546 -5.008120 
6.121780 32.146294 -4.275644 
6.058662 32.269838 -3.562175 
8.977925 32.248281 -5.062493 
FEnd
FBeg
  715   CA GLY A 130  3440  CD1 ILE B 180 ali
7.631 34.545 -4.135 10.333 29.878 -4.359  1.39
10.252566 33.005053 -5.454322 
8.973422 32.246141 -5.072207 
8.977925 32.248281 -5.062493 
10.473042 33.074892 -4.249922 
10.897968 33.357471 -5.011750 
10.818499 33.320896 -5.208297 
FEnd
FBeg
  717    O GLY A 130  2886  NH1 ARG B 110 hbd
7.582 33.537 -6.301 7.535 30.774 -7.161  6.44
9.117983 32.220657 -6.694169 
9.350185 32.014078 -6.043161 
8.736976 31.850225 -5.483224 
6.941774 31.814104 -5.269066 
5.646968 32.263369 -6.641697 
6.214060 32.567648 -7.650276 
7.051844 32.613599 -7.843692 
FEnd
FBeg
  717    O GLY A 130  2883   CD ARG B 110 unk
7.582 33.537 -6.301 8.950 31.869 -9.330  4.98
9.703072 33.750145 -7.272177 
9.117983 32.220657 -6.694169 
7.051844 32.613599 -7.843692 
6.614044 32.876511 -8.186198 
7.520091 34.089317 -8.444859 
7.739067 34.249412 -8.434123 
9.463571 33.885776 -7.455032 
FEnd
FBeg
  694   CG LEU A 127  2883   CD ARG B 110 ali
10.460 36.466 -7.898 8.950 31.869 -9.330  0.07
9.910762 33.805209 -7.667945 
9.703072 33.750145 -7.272177 
9.463571 33.885776 -7.455032 
FEnd
FBeg
  695  CD1 LEU A 127  2883   CD ARG B 110 ali
9.762 36.051 -9.207 8.950 31.869 -9.330  7.44
9.993899 33.904379 -11.588549 
10.329743 33.749259 -8.531599 
9.910762 33.805209 -7.667945 
9.463571 33.885776 -7.455032 
7.739067 34.249412 -8.434123 
7.671004 34.270529 -8.702786 
7.743502 34.287661 -9.763880 
9.203957 34.046376 -11.201544 
FEnd
FBeg
  735   CD LYS A 132  2882   CG ARG B 110 ali
7.603 35.201 -13.302 10.422 31.489 -9.511  0.46
10.603705 34.015564 -11.933135 
10.656487 33.759987 -12.222635 
9.791816 33.321736 -12.008781 
9.993899 33.904379 -11.588549 
FEnd
FBeg
  696  CD2 LEU A 127  2881   CB ARG B 110 ali
11.908 36.005 -7.864 11.146 31.442 -8.237  2.85
11.270621 33.849048 -9.062608 
11.405972 33.574498 -5.980471 
10.877732 33.613537 -5.378912 
10.486653 33.712350 -5.788775 
10.353307 33.758792 -6.084509 
10.442463 33.898946 -7.981184 
11.033948 33.877491 -8.927060 
FEnd
FBeg
  696  CD2 LEU A 127  2880    O ARG B 110 unk
11.908 36.005 -7.864 13.617 32.179 -6.115  3.77
11.405972 33.574498 -5.980471 
14.208303 34.198504 -7.353674 
14.311012 34.276293 -7.283869 
12.805779 34.482493 -5.361992 
12.037041 34.367039 -4.863393 
11.063694 33.833468 -5.079513 
10.877732 33.613537 -5.378912 
FEnd
FBeg
  696  CD2 LEU A 127  2903   CB GLN B 113 ali
11.908 36.005 -7.864 15.106 33.981 -3.402  0.12
12.805779 34.482493 -5.361992 
12.688739 34.634015 -5.209376 
12.034276 34.456121 -4.821003 
12.037041 34.367039 -4.863393 
FEnd
FBeg
  696  CD2 LEU A 127  2904   CG GLN B 113 ali
11.908 36.005 -7.864 14.847 35.460 -3.161  2.65
12.688739 34.634015 -5.209376 
12.538425 35.689136 -4.993170 
11.767736 36.966000 -4.363584 
11.169830 36.473760 -4.046982 
11.147746 36.404826 -4.041170 
11.139002 36.225897 -4.056440 
11.202777 35.815936 -4.143803 
12.034276 34.456121 -4.821003 
FEnd
FBeg
  696  CD2 LEU A 127  2905   CD GLN B 113 ali
11.908 36.005 -7.864 15.237 36.293 -4.373  1.52
12.538425 35.689136 -4.993170 
13.073882 37.305965 -5.637164 
12.092616 37.255321 -4.697256 
11.767736 36.966000 -4.363584 
FEnd
FBeg
  696  CD2 LEU A 127  2906  OE1 GLN B 113 unk
11.908 36.005 -7.864 14.892 35.950 -5.521  11.54
14.311012 34.276293 -7.283869 
15.124008 35.253989 -8.296334 
15.162344 36.918144 -8.306094 
15.111471 37.380399 -8.230452 
14.891149 37.692886 -7.942518 
13.073882 37.305965 -5.637164 
12.538425 35.689136 -4.993170 
12.688739 34.634015 -5.209376 
12.805779 34.482493 -5.361992 
FEnd
FBeg
  696  CD2 LEU A 127  2878   CA ARG B 110 ali
11.908 36.005 -7.864 12.636 31.851 -8.266  7.66
13.947137 34.291649 -8.789125 
14.208303 34.198504 -7.353674 
11.405972 33.574498 -5.980471 
11.270621 33.849048 -9.062608 
11.727235 34.012244 -9.922062 
FEnd
FBeg
  696  CD2 LEU A 127  2866    O TRP B 109 unk
11.908 36.005 -7.864 15.194 32.412 -8.695  1.30
15.107600 35.242910 -8.313315 
15.124008 35.253989 -8.296334 
14.311012 34.276293 -7.283869 
14.208303 34.198504 -7.353674 
13.947137 34.291649 -8.789125 
14.544288 34.811798 -8.676801 
FEnd
FBeg
  696  CD2 LEU A 127  2872  CE2 TRP B 109 ali
11.908 36.005 -7.864 15.650 35.898 -11.410  0.38
14.872411 37.147691 -8.618979 
15.162344 36.918144 -8.306094 
15.124008 35.253989 -8.296334 
15.107600 35.242910 -8.313315 
FEnd
FBeg
  696  CD2 LEU A 127  2874  CZ2 TRP B 109 ali
11.908 36.005 -7.864 16.492 37.076 -11.326  0.13
14.815242 37.240539 -8.665952 
15.111471 37.380399 -8.230452 
15.162344 36.918144 -8.306094 
14.872411 37.147691 -8.618979 
FEnd
FBeg
  695  CD1 LEU A 127  2871  NE1 TRP B 109 unk
9.762 36.051 -9.207 14.294 35.754 -11.264  1.51
11.284085 36.252145 -12.262951 
12.128459 37.327188 -10.557839 
12.054932 35.762637 -10.493937 
FEnd
FBeg
  695  CD1 LEU A 127  2869  CD1 TRP B 109 ali
9.762 36.051 -9.207 13.948 34.443 -11.476  4.81
11.044919 36.104119 -12.599277 
11.284085 36.252145 -12.262951 
12.054932 35.762637 -10.493937 
11.683237 34.040192 -9.958997 
10.603705 34.015564 -11.933135 
FEnd
FBeg
  695  CD1 LEU A 127  2395    O SER B  50 unk
9.762 36.051 -9.207 13.660 39.319 -10.120  0.10
11.862208 37.814802 -10.115690 
11.617336 38.056254 -10.296901 
12.082861 37.449614 -10.480783 
FEnd
FBeg
  696  CD2 LEU A 127  2395    O SER B  50 unk
11.908 36.005 -7.864 13.660 39.319 -10.120  4.80
13.171325 38.521069 -8.061548 
11.862208 37.814802 -10.115690 
12.082861 37.449614 -10.480783 
12.185542 37.368088 -10.520800 
14.815242 37.240539 -8.665952 
15.111471 37.380399 -8.230452 
14.891149 37.692886 -7.942518 
FEnd
FBeg
  696  CD2 LEU A 127  2387   CB LYS B  49 ali
11.908 36.005 -7.864 13.715 40.060 -5.759  3.92
12.092616 37.255321 -4.697256 
13.171325 38.521069 -8.061548 
14.891149 37.692886 -7.942518 
13.073882 37.305965 -5.637164 
FEnd
FBeg
  693   CB LEU A 127  2385    C LYS B  49 ali
10.446 37.950 -7.601 12.953 41.441 -7.746  2.25
11.155083 40.216857 -6.973135 
11.857365 39.707715 -7.088957 
12.987145 38.853735 -8.115751 
12.165283 39.413011 -8.860418 
11.989459 39.536064 -8.937731 
11.586563 39.852516 -8.284811 
11.102308 40.250978 -7.064107 
FEnd
FBeg
  693   CB LEU A 127  2383    N LYS B  49 unk
10.446 37.950 -7.601 11.930 41.698 -5.572  0.08
11.239278 39.601504 -5.870374 
11.185480 40.120930 -6.790518 
11.365577 39.789282 -6.309616 
FEnd
FBeg
  692    O LEU A 127  2387   CB LYS B  49 unk
9.565 40.376 -6.180 13.715 40.060 -5.759  0.59
11.035156 39.185037 -4.170838 
10.975571 38.477355 -4.114667 
11.239278 39.601504 -5.870374 
FEnd
FBeg
  692    O LEU A 127  2389   CD LYS B  49 unk
9.565 40.376 -6.180 13.933 40.245 -3.197  1.27
10.441360 39.834310 -3.272831 
10.284830 39.603735 -3.053750 
10.650326 38.090239 -3.655411 
10.975571 38.477355 -4.114667 
11.035156 39.185037 -4.170838 
FEnd
FBeg
  692    O LEU A 127  2385    C LYS B  49 unk
9.565 40.376 -6.180 12.953 41.441 -7.746  0.01
11.102308 40.250978 -7.064107 
11.077183 40.414383 -7.007335 
11.131968 40.298203 -6.967821 
11.155083 40.216857 -6.973135 
FEnd
FBeg
  690   CA LEU A 127  2386    O LYS B  49 unk
9.274 38.845 -7.962 11.840 41.421 -8.181  0.18
11.148332 40.132458 -7.662768 
11.070181 40.258427 -7.096743 
10.647309 40.656456 -7.369654 
FEnd
FBeg
  693   CB LEU A 127  2386    O LYS B  49 unk
10.446 37.950 -7.601 11.840 41.421 -8.181  0.14
11.586563 39.852516 -8.284811 
11.102308 40.250978 -7.064107 
11.070181 40.258427 -7.096743 
11.148332 40.132458 -7.662768 
FEnd
FBeg
  689    N LEU A 127  2385    C LYS B  49 unk
9.706 39.818 -8.963 12.953 41.441 -7.746  0.13
11.890596 39.826681 -9.061528 
11.586563 39.852516 -8.284811 
11.989459 39.536064 -8.937731 
FEnd
FBeg
  689    N LEU A 127  2394    C SER B  50 unk
9.706 39.818 -8.963 13.496 40.381 -10.668  2.13
11.466361 40.709305 -9.713101 
11.890596 39.826681 -9.061528 
11.989459 39.536064 -8.937731 
11.778797 38.976448 -9.590794 
11.534710 38.593539 -10.259807 
11.213679 39.604648 -10.639546 
FEnd
FBeg
  685   CB ASN A 126  2386    O LYS B  49 unk
9.208 42.682 -9.963 11.840 41.421 -8.181  2.90
11.479901 41.980471 -9.733643 
10.693524 41.386578 -8.992429 
9.931276 41.732640 -7.621709 
9.938497 41.834454 -7.560328 
11.201488 43.171316 -8.479749 
11.590014 42.480126 -9.542708 
FEnd
FBeg
  685   CB ASN A 126  2393   CA SER B  50 ali
9.208 42.682 -9.963 13.836 41.664 -9.968  0.14
11.542102 42.265375 -10.166915 
11.479901 41.980471 -9.733643 
11.590014 42.480126 -9.542708 
FEnd
FBeg
  686   CG ASN A 126  2393   CA SER B  50 ali
10.043 43.888 -10.442 13.836 41.664 -9.968  1.22
11.586747 42.287713 -10.419367 
11.542102 42.265375 -10.166915 
11.590014 42.480126 -9.542708 
11.869301 43.039133 -9.154742 
12.026347 43.326419 -9.063501 
12.255422 43.495323 -10.104094 
FEnd
FBeg
  688  ND2 ASN A 126  2393   CA SER B  50 unk
10.790 43.778 -11.605 13.836 41.664 -9.968  2.48
11.733068 41.958089 -11.117300 
11.586747 42.287713 -10.419367 
12.255422 43.495323 -10.104094 
12.773524 43.674913 -10.836215 
12.903292 43.392637 -11.442205 
12.440434 42.496663 -11.738004 
FEnd
FBeg
  688  ND2 ASN A 126  2398    N GLY B  51 hbd
10.790 43.778 -11.605 13.028 40.494 -11.904  0.98
11.392766 41.814927 -12.092055 
11.733068 41.958089 -11.117300 
12.440434 42.496663 -11.738004 
11.858674 42.180650 -12.621596 
FEnd
FBeg
  675    O GLU A 125  2398    N GLY B  51 hbd
10.267 41.838 -13.405 13.028 40.494 -11.904  1.07
11.136256 41.054715 -12.300916 
11.392766 41.814927 -12.092055 
11.858674 42.180650 -12.621596 
12.111396 41.703226 -13.513950 
12.107381 41.646011 -13.557795 
FEnd
FBeg
  682   CA ASN A 126  2394    C SER B  50 ali
9.408 41.405 -10.774 13.496 40.381 -10.668  1.41
11.213679 39.604648 -10.639546 
11.312549 39.975871 -10.866397 
11.711270 41.567071 -10.871895 
11.546309 41.020511 -9.790005 
11.466361 40.709305 -9.713101 
FEnd
FBeg
  689    N LEU A 127  2399   CA GLY B  51 unk
9.706 39.818 -8.963 12.667 39.346 -12.723  1.05
10.945752 39.350038 -10.818576 
10.536130 38.255256 -11.003724 
11.329399 38.226350 -10.375396 
11.510766 38.387579 -10.252809 
11.534710 38.593539 -10.259807 
11.213679 39.604648 -10.639546 
FEnd
FBeg
  681    N ASN A 126  2399   CA GLY B  51 unk
8.605 41.398 -11.997 12.667 39.346 -12.723  0.10
9.387307 38.307874 -12.554772 
9.643666 38.745403 -12.357087 
9.758873 39.000739 -12.434192 
9.447738 38.465647 -12.662596 
FEnd
FBeg
  683    C ASN A 126  2399   CA GLY B  51 ali
8.901 40.278 -9.902 12.667 39.346 -12.723  1.90
9.369569 38.140271 -12.523079 
9.557700 37.862529 -12.180167 
10.536130 38.255256 -11.003724 
10.945752 39.350038 -10.818576 
9.643666 38.745403 -12.357087 
9.387307 38.307874 -12.554772 
FEnd
FBeg
  676   CB GLU A 125  2399   CA GLY B  51 ali
8.453 40.728 -15.471 12.667 39.346 -12.723  0.86
10.923359 40.232556 -14.555855 
10.864077 39.477550 -14.844650 
10.371703 39.038294 -14.310510 
10.061038 39.192502 -13.756560 
10.717836 40.103049 -14.305821 
FEnd
FBeg
  675    O GLU A 125  2399   CA GLY B  51 unk
10.267 41.838 -13.405 12.667 39.346 -12.723  2.85
11.775098 41.098985 -14.387283 
10.923359 40.232556 -14.555855 
10.717836 40.103049 -14.305821 
10.910793 40.806239 -12.415422 
11.136256 41.054715 -12.300916 
12.107381 41.646011 -13.557795 
FEnd
FBeg
  110   CA LYS A  56  2399   CA GLY B  51 ali
12.999 43.146 -15.362 12.667 39.346 -12.723  0.61
11.927766 41.050068 -14.438513 
11.775098 41.098985 -14.387283 
12.107381 41.646011 -13.557795 
12.660091 41.535808 -13.646947 
13.025230 41.444090 -13.733079 
FEnd
FBeg
  679  OE1 GLU A 125  2402    N LEU B  52 hbd
9.799 38.199 -16.310 13.588 37.890 -14.393  4.74
11.635894 38.786496 -15.499494 
11.911445 37.897342 -16.187450 
11.848624 36.896652 -16.224584 
10.883746 35.951173 -14.469878 
10.862376 35.976306 -14.423587 
10.606483 36.805278 -13.784187 
11.488382 38.963422 -15.179415 
FEnd
FBeg
  679  OE1 GLU A 125  2406   CB LEU B  52 unk
9.799 38.199 -16.310 14.338 35.703 -15.159  3.49
11.848624 36.896652 -16.224584 
10.883746 35.951173 -14.469878 
11.255356 34.827614 -18.371826 
11.323905 34.931810 -18.416195 
FEnd
FBeg
  115   CD LYS A  56  2404    C LEU B  52 ali
11.786 41.037 -16.963 14.837 37.814 -16.400  0.00
12.978516 39.112272 -16.041979 
12.972762 39.106240 -16.045331 
12.977818 39.109893 -16.051811 
FEnd
FBeg
  115   CD LYS A  56  2400    C GLY B  51 ali
11.786 41.037 -16.963 13.831 38.895 -13.568  0.40
12.627653 40.121578 -14.954239 
12.930476 39.861910 -15.300478 
12.964656 39.513606 -15.540821 
12.194610 39.385421 -15.157855 
FEnd
FBeg
  113   CB LYS A  56  2399   CA GLY B  51 ali
13.778 41.952 -15.907 12.667 39.346 -12.723  1.79
13.960662 41.135567 -13.659192 
13.195412 41.407765 -13.703427 
13.025230 41.444090 -13.733079 
11.927766 41.050068 -14.438513 
12.627653 40.121578 -14.954239 
FEnd
FBeg
  113   CB LYS A  56  2398    N GLY B  51 unk
13.778 41.952 -15.907 13.028 40.494 -11.904  0.12
14.404096 41.263930 -13.529357 
13.195412 41.407765 -13.703427 
13.960662 41.135567 -13.659192 
14.365485 41.225751 -13.550498 
FEnd
FBeg
  112    O LYS A  56  2401    O GLY B  51 unk
13.475 42.867 -13.047 14.936 39.426 -13.460  0.20
14.702060 41.391553 -13.538620 
14.404096 41.263930 -13.529357 
14.848029 41.398138 -13.077115 
15.253267 41.596547 -13.296660 
FEnd
FBeg
  111    C LYS A  56  2401    O GLY B  51 unk
13.656 43.563 -14.049 14.936 39.426 -13.460  0.54
17.407930 42.159280 -14.026614 
14.702060 41.391553 -13.538620 
15.253267 41.596547 -13.296660 
17.364393 42.154835 -13.963219 
17.405996 42.160552 -14.013478 
FEnd
FBeg
  113   CB LYS A  56  2410    N GLN B  53 unk
13.778 41.952 -15.907 16.053 38.207 -16.777  0.63
15.199916 40.096477 -16.470428 
16.338252 40.500470 -15.232771 
15.470379 39.998277 -15.340471 
15.127646 40.037410 -16.405150 
FEnd
FBeg
  114   CG LYS A  56  2415   CG GLN B  53 ali
13.218 41.290 -17.126 16.812 40.909 -19.540  1.13
15.003532 41.136752 -18.355953 
15.156025 43.704538 -18.534192 
15.224038 43.683769 -18.429654 
15.518365 42.195319 -17.756535 
FEnd
FBeg
  114   CG LYS A  56  2416   CD GLN B  53 ali
13.218 41.290 -17.126 15.408 40.939 -20.309  3.31
14.764222 40.482478 -18.448456 
13.741355 43.373963 -19.471074 
14.063075 43.792118 -19.295832 
15.156025 43.704538 -18.534192 
15.003532 41.136752 -18.355953 
FEnd
FBeg
   95    O ILE A  54  2416   CD GLN B  53 unk
11.100 43.909 -19.487 15.408 40.939 -20.309  0.56
13.741355 43.373963 -19.471074 
14.063075 43.792118 -19.295832 
14.211267 44.037549 -19.405946 
14.286346 44.204728 -19.616511 
13.393673 43.079931 -20.230855 
FEnd
FBeg
   91  NE2 GLN A  53  2416   CD GLN B  53 unk
12.633 44.397 -22.608 15.408 40.939 -20.309  3.96
14.286346 44.204728 -19.616511 
15.824051 45.391161 -19.688041 
16.202940 45.231161 -20.386038 
13.068599 42.221563 -21.129575 
13.393673 43.079931 -20.230855 
FEnd
FBeg
   91  NE2 GLN A  53  2418  NE2 GLN B  53 hbd
12.633 44.397 -22.608 15.478 41.189 -21.616  16.07
16.202940 45.231161 -20.386038 
13.068599 42.221563 -21.129575 
12.619980 41.700736 -21.527250 
12.547783 41.587721 -21.685669 
14.402969 42.729179 -23.314911 
18.353429 46.426119 -22.689181 
19.057901 47.281284 -21.944075 
FEnd
FBeg
   89   CD GLN A  53  2418  NE2 GLN B  53 unk
12.629 44.623 -23.918 15.478 41.189 -21.616  10.19
14.402969 42.729179 -23.314911 
18.353429 46.426119 -22.689181 
20.003101 45.778348 -25.697156 
14.841768 42.845759 -23.684070 
FEnd
FBeg
   90  OE1 GLN A  53  2418  NE2 GLN B  53 hbd
12.823 43.707 -24.755 15.478 41.189 -21.616  9.31
20.003101 45.778348 -25.697156 
20.992787 46.051353 -26.315249 
20.732514 45.517917 -26.523010 
19.368406 44.107769 -26.500407 
18.047853 42.960799 -26.303529 
14.841768 42.845759 -23.684070 
FEnd
FBeg
  114   CG LYS A  56  2410    N GLN B  53 unk
13.218 41.290 -17.126 16.053 38.207 -16.777  0.01
15.088636 39.980589 -16.590207 
15.162375 40.052672 -16.552441 
15.199916 40.096477 -16.470428 
15.127646 40.037410 -16.405150 
FEnd
FBeg
  114   CG LYS A  56  2404    C LEU B  52 ali
13.218 41.290 -17.126 14.837 37.814 -16.400  2.59
14.152292 39.310748 -17.709256 
15.088636 39.980589 -16.590207 
15.127646 40.037410 -16.405150 
13.905950 39.631633 -15.623548 
13.589210 39.473234 -15.675600 
12.978516 39.112272 -16.041979 
12.977818 39.109893 -16.051811 
FEnd
FBeg
  114   CG LYS A  56  2405    O LEU B  52 unk
13.218 41.290 -17.126 13.853 37.973 -17.078  0.99
12.942941 39.098527 -16.375857 
12.977818 39.109893 -16.051811 
14.152292 39.310748 -17.709256 
13.803094 39.231431 -18.570757 
FEnd
FBeg
  115   CD LYS A  56  2405    O LEU B  52 unk
11.786 41.037 -16.963 13.853 37.973 -17.078  0.06
12.699562 38.923161 -16.077955 
12.972762 39.106240 -16.045331 
12.977818 39.109893 -16.051811 
12.942941 39.098527 -16.375857 
FEnd
FBeg
  116   CE LYS A  56  2402    N LEU B  52 unk
11.408 39.941 -17.917 13.588 37.890 -14.393  0.65
11.911445 37.897342 -16.187450 
12.699562 38.923161 -16.077955 
11.635894 38.786496 -15.499494 
FEnd
FBeg
  679  OE1 GLU A 125  2405    O LEU B  52 unk
9.799 38.199 -16.310 13.853 37.973 -17.078  3.31
11.191575 35.663269 -19.329967 
11.295376 35.048952 -18.601261 
11.323905 34.931810 -18.416195 
11.848624 36.896652 -16.224584 
11.911445 37.897342 -16.187450 
FEnd
FBeg
  116   CE LYS A  56  2417  OE1 GLN B  53 unk
11.408 39.941 -17.917 14.318 40.755 -19.739  0.98
13.216406 40.308021 -19.064325 
13.403562 38.262473 -19.679281 
13.776558 39.148629 -18.687651 
13.805344 39.244802 -18.598709 
FEnd
FBeg
  114   CG LYS A  56  2417  OE1 GLN B  53 unk
13.218 41.290 -17.126 14.318 40.755 -19.739  4.92
12.817395 42.447171 -19.670278 
13.216406 40.308021 -19.064325 
13.805344 39.244802 -18.598709 
14.680314 40.206309 -18.427235 
14.764222 40.482478 -18.448456 
13.741355 43.373963 -19.471074 
FEnd
FBeg
   95    O ILE A  54  2417  OE1 GLN B  53 hbd
11.100 43.909 -19.487 14.318 40.755 -19.739  0.94
12.660374 42.369408 -20.702141 
12.817395 42.447171 -19.670278 
13.741355 43.373963 -19.471074 
13.393673 43.079931 -20.230855 
FEnd
FBeg
   91  NE2 GLN A  53  2417  OE1 GLN B  53 hbd
12.633 44.397 -22.608 14.318 40.755 -19.739  0.58
12.619980 41.700736 -21.527250 
12.660374 42.369408 -20.702141 
13.393673 43.079931 -20.230855 
13.068599 42.221563 -21.129575 
FEnd
FBeg
  117   NZ LYS A  56  2418  NE2 GLN B  53 hbd
11.676 40.384 -19.309 15.478 41.189 -21.616  0.11
12.771095 40.378502 -21.739588 
12.547783 41.587721 -21.685669 
12.619980 41.700736 -21.527250 
FEnd
FBeg
  181   CD LYS A  64  2345   CD PRO B  44 ali
9.645 57.656 -1.176 6.690 54.519 3.666  78.57
11.278151 54.034499 1.813301 
7.596774 55.886443 0.766435 
6.766720 58.130846 1.713954 
24.522720 62.539634 15.406507 
17.617847 56.744230 7.437882 
FEnd

+-+CCS_record::Boundary loops before union-find
Start boundary loop loop_id 0  init_edge IE_A_B
xyz 12.5478 41.5877 -21.6857
xyz 14.403 42.7292 -23.3149
xyz 14.8418 42.8458 -23.6841
xyz 18.0479 42.9608 -26.3035
xyz 19.3684 44.1078 -26.5004
xyz 20.7325 45.5179 -26.523
xyz 20.9928 46.0514 -26.3152
xyz 20.0031 45.7783 -25.6972
xyz 18.3534 46.4261 -22.6892
xyz 19.0579 47.2813 -21.9441
xyz 16.2029 45.2312 -20.386
xyz 15.8241 45.3912 -19.688
xyz 14.2863 44.2047 -19.6165
xyz 14.2113 44.0375 -19.4059
xyz 14.0631 43.7921 -19.2958
xyz 15.156 43.7045 -18.5342
xyz 15.224 43.6838 -18.4297
xyz 16.8643 44.525 -17.3013
xyz 17.3421 44.0495 -16.7659
xyz 18.0308 42.2037 -14.2988
xyz 18.0323 42.1926 -14.2877
xyz 17.7624 42.1792 -14.1737
xyz 17.4079 42.1593 -14.0266
xyz 17.406 42.1606 -14.0135
xyz 17.3644 42.1548 -13.9632
xyz 17.9479 42.1599 -13.9976
xyz 18.461 43.9844 -11.6272
xyz 17.5539 44.8972 -10.3591
xyz 17.8428 44.9701 -10.1588
xyz 17.8609 44.9276 -9.0869
xyz 17.6386 44.8472 -8.69143
xyz 17.9278 44.5587 -8.19459
xyz 17.0072 43.4038 -7.39166
xyz 17.7549 43.3551 -6.44913
xyz 17.0854 43.2733 -6.36406
xyz 16.3657 43.8523 -5.30043
xyz 17.1002 44.3138 -4.85189
xyz 17.1894 44.5211 -4.72314
xyz 14.7412 44.4639 -2.86369
xyz 14.8761 44.6158 -2.4097
xyz 14.8163 45.8594 0.228797
xyz 13.6954 46.3134 0.174934
xyz 14.5725 48.1033 1.62623
xyz 13.85 50.5558 1.3264
xyz 12.8628 51.1034 0.277331
xyz 11.0213 50.3354 -0.694664
xyz 10.8098 51.9794 -0.455415
xyz 10.7601 51.9847 -0.503774
xyz 9.22567 51.143 -2.27144
xyz 8.63287 51.618 -1.34455
xyz 9.81808 52.1042 -0.308854
xyz 9.86068 52.2996 -0.221867
xyz 9.12252 53.1641 0.536198
xyz 8.72448 53.0433 0.632072
xyz 8.71688 53.1557 0.628564
xyz 7.94307 53.9658 0.493454
xyz 7.98549 54.2377 0.396985
xyz 7.59677 55.8864 0.766435
xyz 7.03877 56.2607 0.47679
xyz 6.77804 56.8159 0.652023
xyz 6.72607 56.8345 0.669935
xyz 6.33088 58.3513 1.64045
xyz 3.75127 61.8578 4.53037
xyz 3.58498 61.6792 4.49867
xyz 3.62593 62.6929 5.67484
xyz 3.62825 62.7585 5.7761
xyz 3.13367 54.273 7.56146
xyz 3.11487 53.308 4.89493
xyz 2.96429 53.0146 4.79854
xyz -0.368389 49.7607 11.9278
xyz -2.19759 48.542 15.0071
xyz -2.96918 45.5663 7.96787
xyz -2.98556 45.4645 7.68774
xyz 0.10899 47.3768 1.97171
xyz 2.72944 49.9482 0.356246
xyz 3.05479 50.3427 0.410754
xyz 3.12008 50.315 0.260447
xyz 3.5111 50.288 0.0240315
xyz 3.7314 50.5802 -0.0791892
xyz 4.0287 50.307 -0.0280745
xyz 5.20214 50.4122 0.14897
xyz 5.24514 50.3711 0.125517
xyz 4.53853 50.0931 -0.123955
xyz 4.411 49.9576 -0.136156
xyz 3.33202 49.7753 -0.0548332
xyz 1.02797 47.2869 1.35379
xyz 2.1112 46.9307 1.58942
xyz 5.60335 45.2488 0.762826
xyz 6.15086 44.661 1.0514
xyz 6.28079 44.2932 1.41439
xyz 6.57564 43.4757 0.906269
xyz 6.5799 43.4716 0.903348
xyz 6.44661 42.15 1.04759
xyz 6.43294 42.0114 1.06219
xyz 6.61027 40.6233 0.679137
xyz 7.08903 40.4505 -0.137864
xyz 7.158 40.4558 -0.253733
xyz 10.65 38.3595 -0.574961
xyz 10.3129 39.5875 -1.94918
xyz 10.2848 39.6037 -3.05375
xyz 10.1455 39.6939 -3.11604
xyz 9.93018 40.0671 -3.41611
xyz 10.4351 39.8526 -3.28801
xyz 10.4414 39.8343 -3.27283
xyz 10.2848 39.6037 -3.05375
xyz 10.6503 38.0902 -3.65541
xyz 10.9756 38.4774 -4.11467
xyz 11.7029 37.3323 -4.09388
xyz 11.7338 37.3182 -4.13246
xyz 12.0926 37.2553 -4.69726
xyz 11.7677 36.966 -4.36358
xyz 11.1698 36.4738 -4.04698
xyz 11.1477 36.4048 -4.04117
xyz 11.139 36.2259 -4.05644
xyz 11.2028 35.8159 -4.1438
xyz 12.0343 34.4561 -4.821
xyz 12.037 34.367 -4.86339
xyz 11.0637 33.8335 -5.07951
xyz 10.8777 33.6135 -5.37891
xyz 10.4867 33.7123 -5.78877
xyz 10.2526 33.0051 -5.45432
xyz 10.8185 33.3209 -5.2083
xyz 10.898 33.3575 -5.01175
xyz 11.0637 33.8335 -5.07951
xyz 11.2028 35.8159 -4.1438
xyz 11.1175 36.0989 -3.77792
xyz 9.35807 34.5875 -0.837593
xyz 8.37784 34.4093 -0.683802
xyz 9.03711 34.7776 0.221073
xyz 8.6819 34.6812 0.848622
xyz 8.24618 34.5206 1.15596
xyz 7.10052 34.0113 1.01146
xyz 6.38771 33.6052 -0.0530563
xyz 6.0678 33.3046 -0.594789
xyz 5.66002 34.2777 1.40325
xyz 4.50242 34.5807 3.68768
xyz 1.2055 31.7871 5.15688
xyz 0.893799 29.4021 2.3742
xyz 2.62534 29.4989 -0.285025
xyz -1.50584 30.5332 -2.16998
xyz -1.5173 30.549 -2.20284
xyz -1.86538 30.6444 -3.20521
xyz -1.884 30.6523 -3.29239
xyz 0.44592 30.7161 -5.00796
xyz 0.663511 30.7154 -5.08921
xyz 0.698633 30.6892 -5.18339
xyz 2.87079 29.8747 -6.50716
xyz 3.01371 29.8402 -6.48787
xyz 3.38853 29.7966 -6.17581
xyz 3.30856 29.8346 -6.48269
xyz 4.03863 30.4712 -6.81368
xyz 4.61407 30.8504 -6.68378
xyz 4.63328 30.8606 -6.67177
xyz 4.58126 31.7066 -6.98117
xyz 4.12957 31.6029 -7.30699
xyz 4.01547 31.5979 -7.47004
xyz 4.32859 32.307 -9.66455
xyz 4.46329 32.2606 -10.0811
xyz 4.92533 31.666 -10.8564
xyz 4.94597 31.618 -10.9352
xyz 3.84264 31.5937 -12.0577
xyz 3.12427 31.6892 -13.4209
xyz 3.25525 31.8356 -14.1025
xyz 4.26527 32.0436 -14.13
xyz 4.64662 32.1063 -14.0507
xyz 4.49043 32.0599 -14.1339
xyz 4.26527 32.0436 -14.13
xyz 3.30545 31.9954 -14.3234
xyz 3.2698 32.0108 -14.4996
xyz 3.72049 32.1962 -16.0161
xyz 5.81923 32.6993 -19.5207
xyz 8.51226 32.6562 -17.2191
xyz 9.41363 32.3748 -18.9044
xyz 10.2218 32.691 -18.784
xyz 10.7598 33.0835 -18.181
xyz 11.0727 33.904 -16.1305
xyz 10.9321 34.3677 -14.6628
xyz 11.1752 34.3083 -13.7974
xyz 10.6565 33.76 -12.2226
xyz 10.6037 34.0156 -11.9331
xyz 11.0449 36.1041 -12.5993
xyz 9.5577 37.8625 -12.1802
xyz 9.36957 38.1403 -12.5231
xyz 9.9096 37.615 -13.4859
xyz 10.6065 36.8053 -13.7842
xyz 10.8624 35.9763 -14.4236
xyz 10.8837 35.9512 -14.4699
xyz 11.2554 34.8276 -18.3718
xyz 11.3239 34.9318 -18.4162
xyz 11.2954 35.049 -18.6013
xyz 11.1916 35.6633 -19.33
xyz 12.6714 37.1406 -20.1773
xyz 13.231 37.5257 -20.3072
xyz 13.3881 37.7577 -20.2097
xyz 13.187 37.7229 -21.4756
xyz 13.1042 37.8158 -21.9041
xyz 12.7711 40.3785 -21.7396
End loop
Boundary info init_edge IE_A_B [total exposed]: 270.481237 270.481237
Start boundary loop loop_id 1  init_edge IE_A_B
xyz 0.921568 45.14 -2.02565
xyz 0.929266 46.4463 -2.46743
xyz 0.619065 46.4708 -0.252452
End loop
Boundary info init_edge IE_A_B [total exposed]: 5.853298 5.853298
Start boundary loop loop_id 2  init_edge IE_A_B
xyz 7.59677 55.8864 0.766435
xyz 6.76672 58.1308 1.71395
xyz 24.5227 62.5396 15.4065
xyz 17.6178 56.7442 7.43788
xyz 11.2782 54.0345 1.8133
End loop
Boundary info init_edge IE_A_B [total exposed]: 50.606771 50.606771
Voronoi Facets of interface MI_AWi_BWi
FBeg
  117   NZ LYS A  56 28153    O HOH A   9 hbw
11.676 40.384 -19.309 13.414 40.921 -24.154  18.13
12.771095 40.378502 -21.739588 
13.104180 37.815776 -21.904145 
12.121871 37.106924 -22.335086 
11.046098 36.473041 -22.791244 
9.280332 36.549652 -23.416169 
8.773291 38.985912 -23.328030 
9.452571 40.263689 -22.942735 
10.422303 41.455776 -22.462746 
12.547783 41.587721 -21.685669 
FEnd
FBeg
 2418  NE2 GLN B  53 28153    O HOH A   9 hbw
15.478 41.189 -21.616 13.414 40.921 -24.154  20.09
12.547783 41.587721 -21.685669 
12.771095 40.378502 -21.739588 
13.350236 37.917523 -21.950701 
13.784992 37.961878 -22.308945 
16.888820 40.759748 -25.128540 
18.047853 42.960799 -26.303529 
14.841768 42.845759 -23.684070 
14.402969 42.729179 -23.314911 
FEnd
FBeg
   89   CD GLN A  53 28153    O HOH A   9 unk
12.629 44.623 -23.918 13.414 40.921 -24.154  1.42
14.841768 42.845759 -23.684070 
9.886861 41.794987 -23.682571 
10.039232 41.813085 -23.459630 
14.402969 42.729179 -23.314911 
FEnd
FBeg
   90  OE1 GLN A  53 28153    O HOH A   9 hbw
12.823 43.707 -24.755 13.414 40.921 -24.154  60.07
18.047853 42.960799 -26.303529 
14.535045 41.200261 -31.010330 
10.234572 39.838002 -33.096310 
9.119091 40.002321 -31.237673 
9.397182 41.588035 -24.160388 
9.886861 41.794987 -23.682571 
14.841768 42.845759 -23.684070 
FEnd
FBeg
 2444   NZ LYS B  56 28153    O HOH A   9 hbw
15.704 37.267 -25.259 13.414 40.921 -24.154  39.20
13.784992 37.961878 -22.308945 
11.935476 36.887645 -22.589621 
11.123412 36.458780 -22.854376 
9.503051 36.269088 -25.585137 
14.742438 40.907014 -30.063678 
16.888820 40.759748 -25.128540 
FEnd
FBeg
   91  NE2 GLN A  53 28153    O HOH A   9 hbw
12.633 44.397 -22.608 13.414 40.921 -24.154  5.20
10.422303 41.455776 -22.462746 
12.547783 41.587721 -21.685669 
14.402969 42.729179 -23.314911 
10.039232 41.813085 -23.459630 
10.180808 41.560778 -22.820827 
FEnd
FBeg
 2417  OE1 GLN B  53 28153    O HOH A   9 hbw
14.318 40.755 -19.739 13.414 40.921 -24.154  0.34
12.771095 40.378502 -21.739588 
13.104180 37.815776 -21.904145 
13.350236 37.917523 -21.950701 
FEnd

+-+CCS_record::Boundary loops before union-find
Start boundary loop loop_id 3  init_edge IE_A_Wi
xyz 11.0461 36.473 -22.7912
xyz 9.28033 36.5497 -23.4162
xyz 8.77329 38.9859 -23.328
xyz 9.45257 40.2637 -22.9427
xyz 10.4223 41.4558 -22.4627
xyz 10.1808 41.5608 -22.8208
xyz 10.0392 41.8131 -23.4596
xyz 9.88686 41.795 -23.6826
xyz 9.39718 41.588 -24.1604
xyz 9.11909 40.0023 -31.2377
xyz 10.2346 39.838 -33.0963
xyz 14.535 41.2003 -31.0103
xyz 18.0479 42.9608 -26.3035
xyz 16.8888 40.7597 -25.1285
xyz 14.7424 40.907 -30.0637
xyz 9.50305 36.2691 -25.5851
xyz 11.1234 36.4588 -22.8544
xyz 11.9355 36.8876 -22.5896
xyz 13.785 37.9619 -22.3089
xyz 13.3502 37.9175 -21.9507
xyz 13.1042 37.8158 -21.9041
xyz 12.1219 37.1069 -22.3351
End loop
Boundary info init_edge IE_A_Wi [total exposed]: 56.323606 56.323606
+-+Surf_areas::Interface areas<Areas altogether before UFind>: IE_A_B: 1054.20 IE_A_Wi: 42.41 IE_B_Wi: 29.82 
+-+Surf_areas::Chem Interface areas<Areas altogether before UFind>: ali: 481.87 aro: 14.95 hbd: 129.16 hbw: 71.51 hbdp: 0.00 elu: 1.68 elf: 0.00 hbwp: 0.00 ssb: 0.00 unk: 427.25 
+++UnionFindAlgo::processing merged ccs...

+-+MCC_record::Boundary nets of merged cc after union-find
Start boundary net with  1 loops
Start boundary loop loop_id 0
Start boundary loop auf loop_id 0  init_edge IE_A_B
xyz 12.5478 41.5877 -21.6857
xyz 14.403 42.7292 -23.3149
xyz 14.8418 42.8458 -23.6841
xyz 18.0479 42.9608 -26.3035
xyz 19.3684 44.1078 -26.5004
xyz 20.7325 45.5179 -26.523
xyz 20.9928 46.0514 -26.3152
xyz 20.0031 45.7783 -25.6972
xyz 18.3534 46.4261 -22.6892
xyz 19.0579 47.2813 -21.9441
xyz 16.2029 45.2312 -20.386
xyz 15.8241 45.3912 -19.688
xyz 14.2863 44.2047 -19.6165
xyz 14.2113 44.0375 -19.4059
xyz 14.0631 43.7921 -19.2958
xyz 15.156 43.7045 -18.5342
xyz 15.224 43.6838 -18.4297
xyz 16.8643 44.525 -17.3013
xyz 17.3421 44.0495 -16.7659
xyz 18.0308 42.2037 -14.2988
xyz 18.0323 42.1926 -14.2877
xyz 17.7624 42.1792 -14.1737
xyz 17.4079 42.1593 -14.0266
xyz 17.406 42.1606 -14.0135
xyz 17.3644 42.1548 -13.9632
xyz 17.9479 42.1599 -13.9976
xyz 18.461 43.9844 -11.6272
xyz 17.5539 44.8972 -10.3591
xyz 17.8428 44.9701 -10.1588
xyz 17.8609 44.9276 -9.0869
xyz 17.6386 44.8472 -8.69143
xyz 17.9278 44.5587 -8.19459
xyz 17.0072 43.4038 -7.39166
xyz 17.7549 43.3551 -6.44913
xyz 17.0854 43.2733 -6.36406
xyz 16.3657 43.8523 -5.30043
xyz 17.1002 44.3138 -4.85189
xyz 17.1894 44.5211 -4.72314
xyz 14.7412 44.4639 -2.86369
xyz 14.8761 44.6158 -2.4097
xyz 14.8163 45.8594 0.228797
xyz 13.6954 46.3134 0.174934
xyz 14.5725 48.1033 1.62623
xyz 13.85 50.5558 1.3264
xyz 12.8628 51.1034 0.277331
xyz 11.0213 50.3354 -0.694664
xyz 10.8098 51.9794 -0.455415
xyz 10.7601 51.9847 -0.503774
xyz 9.22567 51.143 -2.27144
xyz 8.63287 51.618 -1.34455
xyz 9.81808 52.1042 -0.308854
xyz 9.86068 52.2996 -0.221867
xyz 9.12252 53.1641 0.536198
xyz 8.72448 53.0433 0.632072
xyz 8.71688 53.1557 0.628564
xyz 7.94307 53.9658 0.493454
xyz 7.98549 54.2377 0.396985
xyz 7.59677 55.8864 0.766435
xyz 7.03877 56.2607 0.47679
xyz 6.77804 56.8159 0.652023
xyz 6.72607 56.8345 0.669935
xyz 6.33088 58.3513 1.64045
xyz 3.75127 61.8578 4.53037
xyz 3.58498 61.6792 4.49867
xyz 3.62593 62.6929 5.67484
xyz 3.62825 62.7585 5.7761
xyz 3.13367 54.273 7.56146
xyz 3.11487 53.308 4.89493
xyz 2.96429 53.0146 4.79854
xyz -0.368389 49.7607 11.9278
xyz -2.19759 48.542 15.0071
xyz -2.96918 45.5663 7.96787
xyz -2.98556 45.4645 7.68774
xyz 0.10899 47.3768 1.97171
xyz 2.72944 49.9482 0.356246
xyz 3.05479 50.3427 0.410754
xyz 3.12008 50.315 0.260447
xyz 3.5111 50.288 0.0240315
xyz 3.7314 50.5802 -0.0791892
xyz 4.0287 50.307 -0.0280745
xyz 5.20214 50.4122 0.14897
xyz 5.24514 50.3711 0.125517
xyz 4.53853 50.0931 -0.123955
xyz 4.411 49.9576 -0.136156
xyz 3.33202 49.7753 -0.0548332
xyz 1.02797 47.2869 1.35379
xyz 2.1112 46.9307 1.58942
xyz 5.60335 45.2488 0.762826
xyz 6.15086 44.661 1.0514
xyz 6.28079 44.2932 1.41439
xyz 6.57564 43.4757 0.906269
xyz 6.5799 43.4716 0.903348
xyz 6.44661 42.15 1.04759
xyz 6.43294 42.0114 1.06219
xyz 6.61027 40.6233 0.679137
xyz 7.08903 40.4505 -0.137864
xyz 7.158 40.4558 -0.253733
xyz 10.65 38.3595 -0.574961
xyz 10.3129 39.5875 -1.94918
xyz 10.2848 39.6037 -3.05375
xyz 10.1455 39.6939 -3.11604
xyz 9.93018 40.0671 -3.41611
xyz 10.4351 39.8526 -3.28801
xyz 10.4414 39.8343 -3.27283
xyz 10.2848 39.6037 -3.05375
xyz 10.6503 38.0902 -3.65541
xyz 10.9756 38.4774 -4.11467
xyz 11.7029 37.3323 -4.09388
xyz 11.7338 37.3182 -4.13246
xyz 12.0926 37.2553 -4.69726
xyz 11.7677 36.966 -4.36358
xyz 11.1698 36.4738 -4.04698
xyz 11.1477 36.4048 -4.04117
xyz 11.139 36.2259 -4.05644
xyz 11.2028 35.8159 -4.1438
xyz 12.0343 34.4561 -4.821
xyz 12.037 34.367 -4.86339
xyz 11.0637 33.8335 -5.07951
xyz 10.8777 33.6135 -5.37891
xyz 10.4867 33.7123 -5.78877
xyz 10.2526 33.0051 -5.45432
xyz 10.8185 33.3209 -5.2083
xyz 10.898 33.3575 -5.01175
xyz 11.0637 33.8335 -5.07951
xyz 11.2028 35.8159 -4.1438
xyz 11.1175 36.0989 -3.77792
xyz 9.35807 34.5875 -0.837593
xyz 8.37784 34.4093 -0.683802
xyz 9.03711 34.7776 0.221073
xyz 8.6819 34.6812 0.848622
xyz 8.24618 34.5206 1.15596
xyz 7.10052 34.0113 1.01146
xyz 6.38771 33.6052 -0.0530563
xyz 6.0678 33.3046 -0.594789
xyz 5.66002 34.2777 1.40325
xyz 4.50242 34.5807 3.68768
xyz 1.2055 31.7871 5.15688
xyz 0.893799 29.4021 2.3742
xyz 2.62534 29.4989 -0.285025
xyz -1.50584 30.5332 -2.16998
xyz -1.5173 30.549 -2.20284
xyz -1.86538 30.6444 -3.20521
xyz -1.884 30.6523 -3.29239
xyz 0.44592 30.7161 -5.00796
xyz 0.663511 30.7154 -5.08921
xyz 0.698633 30.6892 -5.18339
xyz 2.87079 29.8747 -6.50716
xyz 3.01371 29.8402 -6.48787
xyz 3.38853 29.7966 -6.17581
xyz 3.30856 29.8346 -6.48269
xyz 4.03863 30.4712 -6.81368
xyz 4.61407 30.8504 -6.68378
xyz 4.63328 30.8606 -6.67177
xyz 4.58126 31.7066 -6.98117
xyz 4.12957 31.6029 -7.30699
xyz 4.01547 31.5979 -7.47004
xyz 4.32859 32.307 -9.66455
xyz 4.46329 32.2606 -10.0811
xyz 4.92533 31.666 -10.8564
xyz 4.94597 31.618 -10.9352
xyz 3.84264 31.5937 -12.0577
xyz 3.12427 31.6892 -13.4209
xyz 3.25525 31.8356 -14.1025
xyz 4.26527 32.0436 -14.13
xyz 4.64662 32.1063 -14.0507
xyz 4.49043 32.0599 -14.1339
xyz 4.26527 32.0436 -14.13
xyz 3.30545 31.9954 -14.3234
xyz 3.2698 32.0108 -14.4996
xyz 3.72049 32.1962 -16.0161
xyz 5.81923 32.6993 -19.5207
xyz 8.51226 32.6562 -17.2191
xyz 9.41363 32.3748 -18.9044
xyz 10.2218 32.691 -18.784
xyz 10.7598 33.0835 -18.181
xyz 11.0727 33.904 -16.1305
xyz 10.9321 34.3677 -14.6628
xyz 11.1752 34.3083 -13.7974
xyz 10.6565 33.76 -12.2226
xyz 10.6037 34.0156 -11.9331
xyz 11.0449 36.1041 -12.5993
xyz 9.5577 37.8625 -12.1802
xyz 9.36957 38.1403 -12.5231
xyz 9.9096 37.615 -13.4859
xyz 10.6065 36.8053 -13.7842
xyz 10.8624 35.9763 -14.4236
xyz 10.8837 35.9512 -14.4699
xyz 11.2554 34.8276 -18.3718
xyz 11.3239 34.9318 -18.4162
xyz 11.2954 35.049 -18.6013
xyz 11.1916 35.6633 -19.33
xyz 12.6714 37.1406 -20.1773
xyz 13.231 37.5257 -20.3072
xyz 13.3881 37.7577 -20.2097
xyz 13.187 37.7229 -21.4756
xyz 13.1042 37.8158 -21.9041
xyz 12.7711 40.3785 -21.7396
End loop. Loop info [total exposed]: 270.481 259.214
End net. Net info [total exposed]: 270.481 259.214
Start boundary net with  1 loops
Start boundary loop loop_id 3
Start boundary loop auf loop_id 3  init_edge IE_A_Wi
xyz 11.0461 36.473 -22.7912
xyz 9.28033 36.5497 -23.4162
xyz 8.77329 38.9859 -23.328
xyz 9.45257 40.2637 -22.9427
xyz 10.4223 41.4558 -22.4627
xyz 10.1808 41.5608 -22.8208
xyz 10.0392 41.8131 -23.4596
xyz 9.88686 41.795 -23.6826
xyz 9.39718 41.588 -24.1604
xyz 9.11909 40.0023 -31.2377
xyz 10.2346 39.838 -33.0963
xyz 14.535 41.2003 -31.0103
xyz 18.0479 42.9608 -26.3035
xyz 16.8888 40.7597 -25.1285
xyz 14.7424 40.907 -30.0637
xyz 9.50305 36.2691 -25.5851
xyz 11.1234 36.4588 -22.8544
xyz 11.9355 36.8876 -22.5896
xyz 13.785 37.9619 -22.3089
xyz 13.3502 37.9175 -21.9507
xyz 13.1042 37.8158 -21.9041
xyz 12.1219 37.1069 -22.3351
End loop. Loop info [total exposed]: 56.3236 56.3236
End net. Net info [total exposed]: 56.3236 56.3236
Start boundary net with  1 loops
Start boundary loop loop_id 1
Start boundary loop auf loop_id 1  init_edge IE_A_B
xyz 0.921568 45.14 -2.02565
xyz 0.929266 46.4463 -2.46743
xyz 0.619065 46.4708 -0.252452
End loop. Loop info [total exposed]: 5.8533 5.8533
End net. Net info [total exposed]: 5.8533 5.8533
+-+Surf_areas::Interface areas<for merged connected component>: IE_A_B: 975.63 IE_A_Wi: 42.41 IE_B_Wi: 29.82 
+-+Surf_areas::Chem Interface areas<for merged connected component>: ali: 403.30 aro: 14.95 hbd: 129.16 hbw: 71.51 hbdp: 0.00 elu: 1.68 elf: 0.00 hbwp: 0.00 ssb: 0.00 unk: 427.25 
+-+MCC_record::dump_stats::Nb loops_before - nets_after uf merge: 3 3

+-+MCC_record::Boundary nets of merged cc after union-find
Start boundary net with  1 loops
Start boundary loop loop_id 2
Start boundary loop auf loop_id 2  init_edge IE_A_B
xyz 7.59677 55.8864 0.766435
xyz 6.76672 58.1308 1.71395
xyz 24.5227 62.5396 15.4065
xyz 17.6178 56.7442 7.43788
xyz 11.2782 54.0345 1.8133
End loop. Loop info [total exposed]: 50.6068 50.6068
End net. Net info [total exposed]: 50.6068 50.6068
+-+Surf_areas::Interface areas<for merged connected component>: IE_A_B: 78.57 
+-+Surf_areas::Chem Interface areas<for merged connected component>: ali: 78.57 aro: 0.00 hbd: 0.00 hbw: 0.00 hbdp: 0.00 elu: 0.00 elf: 0.00 hbwp: 0.00 ssb: 0.00 unk: 0.00 
+-+MCC_record::dump_stats::Nb loops_before - nets_after uf merge: 1 1
