Begin VSO per interface edge
2354 7205  1
2354 7207  1
2517 7724  1
2533 7378  1
2533 7726  1
2538 7378  1
2539 7376  1
2539 7377  2
2539 7378  2
2540 7378  2
2541 7376  1
2541 7377  2
2541 7378  1
2541 7379  1
2686 7724  1
2693 7724  1
2693 7725  2
2694 7724  2
2694 7725  2
2695 7722  1
2695 7724  2
2695 7725  2
2696 7725  1
2696 7726  1
2697 7549  1
2697 7725  2
2697 7726  2
2700 7549  1
2702 7549  2
2702 7705  1
2705 7705  2
2705 7725  3
2706 7549  2
2706 7705  2
2706 7722  2
2706 7725  3
2707 7705  1
2707 7719  1
2707 7722  1
2707 7725  2
2708 7549  1
2709 7549  2
2712 7534  1
2712 7537  1
2712 7539  3
2712 7542  3
2712 7543  2
2712 7544  3
2712 7545  2
2712 7546  2
2712 7549  1
2853 8092  1
2855 7705  1
2855 7706  2
2855 7894  1
2865 7706  3
2868 7539  2
2868 7540  2
2868 7542  3
2868 7544  2
2868 7545  3
2868 7546  2
2868 7549  2
2868 7705  1
2868 7706  2
2869 7540  2
2869 7542  2
2869 7544  1
2869 7692  1
2869 7701  2
2869 7705  2
2869 7706  1
2881 7544  1
2885 7532  1
2885 7544  1
2886 7542  3
2886 7543  3
2886 7544  2
2888 7354  1
2888 7355  1
2888 7529  1
2888 7530  2
2888 7531  3
2888 7532  2
2888 7542  3
2888 7543  3
2888 7544  2
2889 7530  1
2889 7531  2
2889 7532  2
2889 7533  1
2889 7534  1
2889 7542  3
2889 7543  2
3043 8092  1
3044 8092  1
3050 7706  3
3050 7894  2
3050 7895  1
3050 7896  2
3050 8092  2
3051 7896  3
3053 7706  2
3053 7890  3
3053 7894  3
3053 7896  3
3057 7692  1
3057 7706  2
3057 7887  1
3057 7890  2
3058 7887  1
3059 7887  2
3059 7888  3
3059 7890  3
3059 7896  3
3059 8072  2
3218 8091  1
3218 8092  1
3231 8092  1
3235 7896  2
3235 8072  2
3235 8074  2
3235 8091  1
3235 8092  2
3236 8074  3
3236 8284  2
3237 8284  1
3238 7896  2
3238 8072  1
3238 8073  2
3238 8074  2
3238 8282  2
3238 8284  1
3254 8055  1
3254 8284  1
3255 7880  1
3255 7881  1
3255 7887  1
3255 8055  1
3255 8068  2
3255 8072  2
3442 8285  1
3443 8283  1
3443 8284  1
3443 8285  1
3444 8281  3
3444 8282  3
3444 8283  2
3444 8284  2
3444 8285  2
3445 8073  3
3445 8074  3
3445 8281  3
3445 8282  3
3445 8284  2
3446 8280  1
3446 8281  2
3446 8283  1
3447 8073  2
3447 8074  2
3447 8075  1
3447 8091  1
3447 8280  1
3447 8281  2
3447 8282  2
3448 8279  1
3448 8280  1
3448 8281  2
3466 8658  1
3652 8841  1
3652 8842  1
3660 8857  1
3660 9060  1
3834 8671  1
3834 8672  2
3834 8673  1
3834 8858  2
3835 8672  3
3835 8673  2
3835 8674  2
3836 8672  2
3836 8673  1
3836 8674  1
3837 8671  1
3837 8672  2
3837 8674  1
3837 8858  1
3852 9058  1
3852 9059  1
3852 9060  2
3853 8856  1
3853 8857  2
3853 8858  1
3853 9058  1
3853 9060  2
3854 9059  1
3854 9060  2
4019 8690  1
4019 8858  1
4020 8690  1
4021 8673  1
4021 8690  1
4021 8856  1
4021 8858  1
4038 8879  1
4039 8879  1
4040 8879  1
4041 8879  1
4041 8880  1
4042 8878  1
4042 8879  1
4042 8880  2
4043 8878  1
4043 8879  2
4043 8880  2
4222 8691  1
4223 8689  1
4223 8690  1
4223 8691  1
End VSO per interface edge

Voronoi Facets of interface MI_AB
FBeg
 3057   CB VAL A 411  7706   OG SER B 386 unk
-25.045 -2.483 -31.956 -30.563 -1.811 -34.017  0.63
-28.365131 -2.670565 -32.346987 
-28.069586 -1.854613 -32.872218 
-27.911976 -1.737062 -33.255864 
-27.987331 -2.646615 -33.350679 
FEnd
FBeg
 2869   OG SER A 386  7706   OG SER B 386 hbd
-29.056 -5.216 -33.531 -30.563 -1.811 -34.017  3.22
-27.987331 -2.646615 -33.350679 
-28.365131 -2.670565 -32.346987 
-29.127377 -2.926796 -31.778596 
-29.822177 -3.244597 -31.850709 
-30.001635 -3.342634 -31.981105 
-30.153773 -3.584954 -33.207088 
-28.025914 -2.724619 -33.777548 
FEnd
FBeg
 2868   CB SER A 386  7706   OG SER B 386 unk
-29.338 -5.415 -34.883 -30.563 -1.811 -34.017  6.29
-30.153773 -3.584954 -33.207088 
-30.575418 -2.902368 -36.644218 
-28.959938 -2.475753 -36.134471 
-28.081752 -2.520928 -34.704229 
-28.025914 -2.724619 -33.777548 
FEnd
FBeg
 2865   CA SER A 386  7706   OG SER B 386 unk
-28.049 -5.527 -35.678 -30.563 -1.811 -34.017  0.39
-28.959938 -2.475753 -36.134471 
-28.588285 -2.273452 -36.024544 
-28.098792 -2.365268 -35.078262 
-28.081752 -2.520928 -34.704229 
FEnd
FBeg
 3050   CA GLY A 410  7706   OG SER B 386 unk
-25.514 -1.154 -36.565 -30.563 -1.811 -34.017  1.77
-28.588285 -2.273452 -36.024544 
-28.860413 -0.908184 -36.211747 
-27.984678 -1.342682 -34.588466 
-28.098792 -2.365268 -35.078262 
FEnd
FBeg
 3050   CA GLY A 410  7894   CB VAL B 411 ali
-25.514 -1.154 -36.565 -27.848 1.823 -34.509  3.84
-28.860413 -0.908184 -36.211747 
-27.984678 -1.342682 -34.588466 
-27.857969 -1.258481 -34.566543 
-27.221147 0.903284 -36.973757 
-28.392185 0.311546 -37.446326 
FEnd
FBeg
 2855    O GLY A 384  7894   CB VAL B 411 unk
-28.947 -2.152 -38.853 -27.848 1.823 -34.509  1.94
-28.392185 0.311546 -37.446326 
-28.860413 -0.908184 -36.211747 
-30.592476 0.296002 -36.875445 
-30.651958 0.356051 -36.915344 
FEnd
FBeg
 2855    O GLY A 384  7705   CB SER B 386 unk
-28.947 -2.152 -38.853 -31.957 -1.806 -33.845  1.51
-30.592476 0.296002 -36.875445 
-30.651958 0.356051 -36.915344 
-30.987237 0.555983 -37.130673 
-30.999122 -2.143076 -36.951339 
-30.742569 -2.996645 -36.738169 
-30.575418 -2.902368 -36.644218 
FEnd
FBeg
 2705   CG ASN A 365  7705   CB SER B 386 ali
-32.889 -3.409 -39.142 -31.957 -1.806 -33.845  1.79
-30.999122 -2.143076 -36.951339 
-30.742569 -2.996645 -36.738169 
-31.469076 -3.614395 -36.423395 
-32.614212 -1.680286 -36.807218 
FEnd
FBeg
 2706  OD1 ASN A 365  7705   CB SER B 386 unk
-33.567 -3.609 -38.127 -31.957 -1.806 -33.845  5.69
-31.469076 -3.614395 -36.423395 
-32.314278 -4.416255 -35.767971 
-32.427055 -4.482618 -35.697624 
-34.639986 -1.558236 -36.096933 
-34.544721 -1.412031 -36.194314 
-33.506903 -1.006915 -36.755106 
-32.614212 -1.680286 -36.807218 
FEnd
FBeg
 2706  OD1 ASN A 365  7722   CB LYS B 388 unk
-33.567 -3.609 -38.127 -35.544 1.230 -38.290  0.77
-34.544721 -1.412031 -36.194314 
-33.506903 -1.006915 -36.755106 
-34.322245 -1.371252 -37.682086 
FEnd
FBeg
 2707  ND2 ASN A 365  7722   CB LYS B 388 unk
-32.575 -2.183 -39.560 -35.544 1.230 -38.290  14.37
-33.506903 -1.006915 -36.755106 
-34.322245 -1.371252 -37.682086 
-34.743557 -0.893972 -39.949672 
-34.229335 0.098804 -41.415513 
-32.953484 1.364948 -41.835472 
-32.786056 1.513572 -41.843474 
-32.127999 2.056726 -41.764744 
-31.789976 2.014901 -40.862115 
-31.728529 1.845427 -40.263021 
-33.119102 -0.645077 -36.820910 
FEnd
FBeg
 2707  ND2 ASN A 365  7719   CA LYS B 388 unk
-32.575 -2.183 -39.560 -34.880 2.222 -37.304  4.67
-31.728529 1.845427 -40.263021 
-33.119102 -0.645077 -36.820910 
-31.040128 0.599987 -37.127856 
-30.917339 0.980493 -37.745365 
FEnd
FBeg
 2695    O GLY A 363  7722   CB LYS B 388 unk
-35.197 -2.861 -40.939 -35.544 1.230 -38.290  1.12
-34.743557 -0.893972 -39.949672 
-35.121621 -0.639283 -40.392527 
-35.239463 0.032366 -41.445229 
-34.819177 0.083537 -41.469201 
-34.229335 0.098804 -41.415513 
FEnd
FBeg
 2695    O GLY A 363  7724   CD LYS B 388 unk
-35.197 -2.861 -40.939 -37.555 -0.209 -38.983  0.89
-35.121621 -0.639283 -40.392527 
-35.239463 0.032366 -41.445229 
-35.394681 -0.069238 -41.494588 
-35.961743 -0.789697 -41.201376 
-36.039227 -1.073872 -40.909492 
FEnd
FBeg
 2694    C GLY A 363  7724   CD LYS B 388 ali
-36.031 -3.406 -41.691 -37.555 -0.209 -38.983  0.40
-35.961743 -0.789697 -41.201376 
-36.039227 -1.073872 -40.909492 
-37.958156 -1.762573 -41.176356 
FEnd
FBeg
 2694    C GLY A 363  7725   CE LYS B 388 ali
-36.031 -3.406 -41.691 -37.101 -1.622 -38.601  5.23
-36.039227 -1.073872 -40.909492 
-37.958156 -1.762573 -41.176356 
-39.052206 -2.381232 -41.198022 
-37.143684 -3.311879 -39.999837 
-35.814611 -3.291747 -39.551231 
FEnd
FBeg
 2697   CA GLY A 364  7725   CE LYS B 388 ali
-36.491 -5.393 -40.239 -37.101 -1.622 -38.601  4.46
-37.143684 -3.311879 -39.999837 
-35.814611 -3.291747 -39.551231 
-35.319875 -3.415125 -39.082949 
-35.326605 -3.464969 -38.970705 
-35.871553 -4.121850 -37.661376 
-36.507748 -4.279857 -37.534536 
-38.295076 -3.537249 -39.909775 
FEnd
FBeg
 2697   CA GLY A 364  7726   NZ LYS B 388 unk
-36.491 -5.393 -40.239 -38.184 -2.495 -38.059  6.74
-36.507748 -4.279857 -37.534536 
-38.295076 -3.537249 -39.909775 
-39.796589 -4.251107 -40.126886 
-38.399967 -5.769725 -37.023475 
FEnd
FBeg
 2533    O GLY A 343  7726   NZ LYS B 388 hbd
-39.240 -7.257 -39.914 -38.184 -2.495 -38.059  7.36
-39.796589 -4.251107 -40.126886 
-38.399967 -5.769725 -37.023475 
-39.233636 -5.828086 -36.399070 
-42.235071 -4.087854 -39.157815 
-39.915856 -4.190468 -40.214656 
FEnd
FBeg
 2696    N GLY A 364  7726   NZ LYS B 388 hbd
-36.757 -4.488 -41.375 -38.184 -2.495 -38.059  2.61
-38.295076 -3.537249 -39.909775 
-39.796589 -4.251107 -40.126886 
-39.915856 -4.190468 -40.214656 
-40.575695 -3.101775 -41.152942 
-39.845146 -2.438458 -41.237230 
FEnd
FBeg
 2697   CA GLY A 364  7549   CB ALA B 366 ali
-36.491 -5.393 -40.239 -35.582 -4.678 -34.789  5.22
-35.871553 -4.121850 -37.661376 
-36.507748 -4.279857 -37.534536 
-38.399967 -5.769725 -37.023475 
-37.085741 -7.701947 -36.989180 
-36.714542 -7.812159 -37.036633 
-35.666915 -4.471089 -37.649689 
FEnd
FBeg
 2700    N ASN A 365  7549   CB ALA B 366 unk
-34.304 -5.916 -39.352 -35.582 -4.678 -34.789  4.05
-36.714542 -7.812159 -37.036633 
-35.666915 -4.471089 -37.649689 
-34.182118 -5.283249 -37.013480 
-36.392873 -8.176920 -36.847576 
FEnd
FBeg
 2708    N ALA A 366  7549   CB ALA B 366 unk
-32.603 -7.099 -37.319 -35.582 -4.678 -34.789  5.53
-34.182118 -5.283249 -37.013480 
-32.579447 -4.563190 -35.815420 
-32.412355 -4.510573 -35.669023 
-32.409861 -4.516573 -35.660346 
-32.458382 -4.976495 -35.277370 
-32.736335 -5.302597 -35.292599 
-36.403364 -8.337204 -36.706550 
-36.392873 -8.176920 -36.847576 
FEnd
FBeg
 2712   CB ALA A 366  7549   CB ALA B 366 ali
-32.501 -8.245 -35.124 -35.582 -4.678 -34.789  9.74
-32.736335 -5.302597 -35.292599 
-32.468973 -5.092270 -35.073181 
-32.465031 -5.172623 -34.181350 
-32.904110 -5.565611 -34.035120 
-36.348303 -8.518009 -34.274986 
-36.367843 -8.534014 -34.284279 
-36.674726 -8.632658 -36.056340 
-36.419978 -8.353455 -36.686318 
-36.403364 -8.337204 -36.706550 
FEnd
FBeg
 2712   CB ALA A 366  7537    N ASN B 365 unk
-32.501 -8.245 -35.124 -35.017 -7.651 -30.857  1.39
-36.348303 -8.518009 -34.274986 
-36.367843 -8.534014 -34.284279 
-36.338700 -8.624311 -34.254525 
-34.427467 -8.851965 -33.095892 
-34.450678 -7.711511 -33.268339 
FEnd
FBeg
 2712   CB ALA A 366  7543  OD1 ASN B 365 unk
-32.501 -8.245 -35.124 -32.704 -7.776 -31.995  10.85
-34.427467 -8.851965 -33.095892 
-32.937212 -10.451682 -32.759430 
-31.336793 -10.018865 -32.720474 
-30.802431 -9.350061 -32.786052 
-30.980054 -8.392661 -32.941079 
-32.466034 -5.762089 -33.431776 
-32.596872 -5.852835 -33.426663 
-34.450678 -7.711511 -33.268339 
FEnd
FBeg
 2712   CB ALA A 366  7539    C ASN B 365 ali
-32.501 -8.245 -35.124 -34.416 -5.272 -31.363  0.06
-32.466034 -5.762089 -33.431776 
-32.220278 -5.503240 -33.511259 
-32.320894 -5.377991 -33.661497 
-32.596872 -5.852835 -33.426663 
FEnd
FBeg
 2868   CB SER A 386  7539    C ASN B 365 ali
-29.338 -5.415 -34.883 -34.416 -5.272 -31.363  0.30
-32.220278 -5.503240 -33.511259 
-32.320894 -5.377991 -33.661497 
-32.333699 -5.143623 -33.689491 
-32.298580 -5.015741 -33.644023 
-31.777598 -4.851921 -32.899103 
-31.756308 -4.873014 -32.867533 
FEnd
FBeg
 2868   CB SER A 386  7542   CG ASN B 365 ali
-29.338 -5.415 -34.883 -32.173 -7.291 -31.003  1.58
-31.756308 -4.873014 -32.867533 
-32.220278 -5.503240 -33.511259 
-30.987958 -6.899742 -33.286056 
-31.099194 -5.559407 -32.719274 
-31.613821 -4.793008 -32.724738 
FEnd
FBeg
 2869   OG SER A 386  7542   CG ASN B 365 unk
-29.056 -5.216 -33.531 -32.173 -7.291 -31.003  0.38
-31.099194 -5.559407 -32.719274 
-31.613821 -4.793008 -32.724738 
-31.213242 -4.555691 -32.036036 
FEnd
FBeg
 2869   OG SER A 386  7544  ND2 ASN B 365 hbd
-29.056 -5.216 -33.531 -30.860 -7.248 -30.847  9.85
-31.213242 -4.555691 -32.036036 
-31.099194 -5.559407 -32.719274 
-28.814878 -7.784213 -32.868268 
-27.537033 -6.650550 -31.151115 
-27.126715 -6.069023 -30.435067 
-27.332730 -5.734533 -30.320300 
-30.921135 -4.412743 -31.731479 
-31.174642 -4.512876 -31.977679 
FEnd
FBeg
 2881    N LYS A 388  7544  ND2 ASN B 365 hbd
-26.473 -9.518 -32.613 -30.860 -7.248 -30.847  1.33
-28.814878 -7.784213 -32.868268 
-27.537033 -6.650550 -31.151115 
-27.778768 -7.042831 -31.247386 
-28.800519 -8.224621 -32.266502 
-29.261989 -8.325778 -33.282835 
FEnd
FBeg
 2886   CG LYS A 388  7544  ND2 ASN B 365 unk
-28.549 -11.049 -31.518 -30.860 -7.248 -30.847  5.99
-28.800519 -8.224621 -32.266502 
-30.247131 -9.564781 -29.657219 
-31.118997 -9.789583 -31.386590 
-31.011449 -9.552881 -32.357029 
-30.802431 -9.350061 -32.786052 
-29.563292 -8.476803 -33.465048 
-29.261989 -8.325778 -33.282835 
FEnd
FBeg
 2886   CG LYS A 388  7542   CG ASN B 365 ali
-28.549 -11.049 -31.518 -32.173 -7.291 -31.003  0.21
-31.118997 -9.789583 -31.386590 
-31.011449 -9.552881 -32.357029 
-31.362251 -9.943049 -31.978493 
FEnd
FBeg
 2888   CE LYS A 388  7542   CG ASN B 365 ali
-30.404 -12.386 -30.409 -32.173 -7.291 -31.003  0.10
-31.362251 -9.943049 -31.978493 
-31.118997 -9.789583 -31.386590 
-31.134126 -9.780289 -31.261812 
-31.522999 -9.981825 -31.832367 
-31.401796 -9.953704 -31.952116 
FEnd
FBeg
 2888   CE LYS A 388  7543  OD1 ASN B 365 unk
-30.404 -12.386 -30.409 -32.704 -7.776 -31.995  0.00
-31.401796 -9.953704 -31.952116 
-31.362251 -9.943049 -31.978493 
-31.364771 -9.947674 -31.988284 
FEnd
FBeg
 2889   NZ LYS A 388  7542   CG ASN B 365 unk
-31.423 -12.559 -31.481 -32.173 -7.291 -31.003  0.00
-31.522999 -9.981825 -31.832367 
-31.558133 -9.984940 -31.853160 
-31.401796 -9.953704 -31.952116 
FEnd
FBeg
 2889   NZ LYS A 388  7532    O GLY B 363 hbd
-31.423 -12.559 -31.481 -32.728 -10.042 -29.653  1.15
-31.522999 -9.981825 -31.832367 
-31.558133 -9.984940 -31.853160 
-32.759154 -10.345404 -32.214234 
-32.911314 -10.708638 -31.822719 
-32.240660 -10.964532 -30.991598 
FEnd
FBeg
 2889   NZ LYS A 388  7531    C GLY B 363 unk
-31.423 -12.559 -31.481 -33.583 -10.818 -29.202  3.24
-32.911314 -10.708638 -31.822719 
-33.472180 -11.648166 -31.636564 
-33.741564 -13.505463 -30.473034 
-32.807300 -12.749738 -30.164875 
-32.240660 -10.964532 -30.991598 
FEnd
FBeg
 2888   CE LYS A 388  7531    C GLY B 363 ali
-30.404 -12.386 -30.409 -33.583 -10.818 -29.202  2.12
-32.807300 -12.749738 -30.164875 
-32.240660 -10.964532 -30.991598 
-31.411719 -10.761939 -29.071517 
FEnd
FBeg
 2888   CE LYS A 388  7530   CA GLY B 363 ali
-30.404 -12.386 -30.409 -33.265 -11.698 -28.008  10.39
-31.411719 -10.761939 -29.071517 
-32.807300 -12.749738 -30.164875 
-32.940255 -15.025184 -29.671280 
-30.218172 -12.949937 -27.022338 
-30.812976 -10.361394 -28.472838 
FEnd
FBeg
 2888   CE LYS A 388  7529    N GLY B 363 unk
-30.404 -12.386 -30.409 -32.740 -10.938 -26.867  4.44
-30.218172 -12.949937 -27.022338 
-29.668326 -12.847430 -26.701612 
-28.973691 -11.051196 -26.977807 
-30.062932 -9.688581 -28.253225 
-30.812976 -10.361394 -28.472838 
FEnd
FBeg
 2888   CE LYS A 388  7354   CE LYS B 341 ali
-30.404 -12.386 -30.409 -32.424 -15.377 -25.990  8.80
-32.940255 -15.025184 -29.671280 
-32.616987 -15.568062 -29.890955 
-28.352151 -14.430947 -27.171770 
-27.979604 -13.335103 -26.259751 
-29.668326 -12.847430 -26.701612 
-30.218172 -12.949937 -27.022338 
FEnd
FBeg
 2888   CE LYS A 388  7355   NZ LYS B 341 unk
-30.404 -12.386 -30.409 -31.748 -16.590 -26.543  8.20
-32.616987 -15.568062 -29.890955 
-31.441391 -16.790159 -30.811207 
-29.498714 -16.684594 -30.021049 
-28.352151 -14.430947 -27.171770 
FEnd
FBeg
 2889   NZ LYS A 388  7530   CA GLY B 363 unk
-31.423 -12.559 -31.481 -33.265 -11.698 -28.008  2.73
-33.741564 -13.505463 -30.473034 
-34.239149 -14.559060 -30.475742 
-33.972345 -15.497187 -30.101662 
-32.940255 -15.025184 -29.671280 
-32.807300 -12.749738 -30.164875 
FEnd
FBeg
 2889   NZ LYS A 388  7533    N GLY B 364 hbd
-31.423 -12.559 -31.481 -34.812 -10.963 -29.718  2.69
-33.472180 -11.648166 -31.636564 
-34.261038 -12.710056 -32.191676 
-34.331517 -14.428357 -30.771621 
-34.239149 -14.559060 -30.475742 
-33.741564 -13.505463 -30.473034 
FEnd
FBeg
 2889   NZ LYS A 388  7534   CA GLY B 364 unk
-31.423 -12.559 -31.481 -35.410 -10.019 -30.674  4.25
-32.759154 -10.345404 -32.214234 
-32.937212 -10.451682 -32.759430 
-34.126325 -11.889173 -34.109821 
-34.220319 -12.060350 -34.035429 
-34.261038 -12.710056 -32.191676 
-33.472180 -11.648166 -31.636564 
-32.911314 -10.708638 -31.822719 
FEnd
FBeg
 2888   CE LYS A 388  7532    O GLY B 363 unk
-30.404 -12.386 -30.409 -32.728 -10.042 -29.653  5.16
-31.134126 -9.780289 -31.261812 
-31.522999 -9.981825 -31.832367 
-32.240660 -10.964532 -30.991598 
-31.411719 -10.761939 -29.071517 
-30.812976 -10.361394 -28.472838 
-30.062932 -9.688581 -28.253225 
-30.246009 -9.533864 -29.295720 
FEnd
FBeg
 2885   CB LYS A 388  7532    O GLY B 363 unk
-27.578 -10.302 -30.596 -32.728 -10.042 -29.653  0.28
-30.062932 -9.688581 -28.253225 
-30.246009 -9.533864 -29.295720 
-30.007026 -9.177841 -28.088726 
FEnd
FBeg
 2888   CE LYS A 388  7544  ND2 ASN B 365 unk
-30.404 -12.386 -30.409 -30.860 -7.248 -30.847  0.23
-30.247131 -9.564781 -29.657219 
-30.246009 -9.533864 -29.295720 
-31.134126 -9.780289 -31.261812 
-31.118997 -9.789583 -31.386590 
FEnd
FBeg
 2885   CB LYS A 388  7544  ND2 ASN B 365 unk
-27.578 -10.302 -30.596 -30.860 -7.248 -30.847  14.50
-27.778768 -7.042831 -31.247386 
-27.220297 -6.323627 -29.798992 
-27.461342 -6.500537 -28.799683 
-28.637584 -7.640792 -27.293358 
-29.365605 -8.404721 -27.068956 
-30.007026 -9.177841 -28.088726 
-30.246009 -9.533864 -29.295720 
-30.247131 -9.564781 -29.657219 
-28.800519 -8.224621 -32.266502 
FEnd
FBeg
 2869   OG SER A 386  7540    O ASN B 365 hbd
-29.056 -5.216 -33.531 -33.747 -4.254 -31.134  0.07
-31.613821 -4.793008 -32.724738 
-31.213242 -4.555691 -32.036036 
-31.174642 -4.512876 -31.977679 
-31.304698 -4.475689 -32.247127 
-31.612494 -4.781699 -32.726680 
FEnd
FBeg
 2868   CB SER A 386  7544  ND2 ASN B 365 unk
-29.338 -5.415 -34.883 -30.860 -7.248 -30.847  2.95
-30.987958 -6.899742 -33.286056 
-29.563292 -8.476803 -33.465048 
-29.261989 -8.325778 -33.282835 
-28.814878 -7.784213 -32.868268 
-31.099194 -5.559407 -32.719274 
FEnd
FBeg
 2868   CB SER A 386  7540    O ASN B 365 unk
-29.338 -5.415 -34.883 -33.747 -4.254 -31.134  0.01
-31.777598 -4.851921 -32.899103 
-31.756308 -4.873014 -32.867533 
-31.613821 -4.793008 -32.724738 
-31.612494 -4.781699 -32.726680 
FEnd
FBeg
 2868   CB SER A 386  7546   CA ALA B 366 ali
-29.338 -5.415 -34.883 -35.435 -4.296 -33.321  0.13
-32.333699 -5.143623 -33.689491 
-32.298580 -5.015741 -33.644023 
-32.439147 -4.945459 -34.243054 
-32.465031 -5.172623 -34.181350 
-32.398165 -5.275883 -33.846374 
FEnd
FBeg
 2868   CB SER A 386  7545    N ALA B 366 unk
-29.338 -5.415 -34.883 -35.085 -5.444 -32.497  0.02
-32.320894 -5.377991 -33.661497 
-32.333699 -5.143623 -33.689491 
-32.398165 -5.275883 -33.846374 
FEnd
FBeg
 2712   CB ALA A 366  7542   CG ASN B 365 ali
-32.501 -8.245 -35.124 -32.173 -7.291 -31.003  1.47
-30.980054 -8.392661 -32.941079 
-30.987958 -6.899742 -33.286056 
-32.220278 -5.503240 -33.511259 
-32.466034 -5.762089 -33.431776 
FEnd
FBeg
 2712   CB ALA A 366  7544  ND2 ASN B 365 unk
-32.501 -8.245 -35.124 -30.860 -7.248 -30.847  1.89
-30.802431 -9.350061 -32.786052 
-29.563292 -8.476803 -33.465048 
-30.987958 -6.899742 -33.286056 
-30.980054 -8.392661 -32.941079 
FEnd
FBeg
 2886   CG LYS A 388  7543  OD1 ASN B 365 unk
-28.549 -11.049 -31.518 -32.704 -7.776 -31.995  0.38
-31.336793 -10.018865 -32.720474 
-30.802431 -9.350061 -32.786052 
-31.011449 -9.552881 -32.357029 
-31.362251 -9.943049 -31.978493 
-31.364771 -9.947674 -31.988284 
FEnd
FBeg
 2889   NZ LYS A 388  7543  OD1 ASN B 365 hbd
-31.423 -12.559 -31.481 -32.704 -7.776 -31.995  1.11
-32.937212 -10.451682 -32.759430 
-31.336793 -10.018865 -32.720474 
-31.364771 -9.947674 -31.988284 
-31.401796 -9.953704 -31.952116 
-31.558133 -9.984940 -31.853160 
-32.759154 -10.345404 -32.214234 
FEnd
FBeg
 2712   CB ALA A 366  7534   CA GLY B 364 ali
-32.501 -8.245 -35.124 -35.410 -10.019 -30.674  8.27
-36.338700 -8.624311 -34.254525 
-35.908597 -10.652179 -34.781777 
-34.396965 -11.854481 -34.272911 
-34.126325 -11.889173 -34.109821 
-32.937212 -10.451682 -32.759430 
-34.427467 -8.851965 -33.095892 
FEnd
FBeg
 2712   CB ALA A 366  7545    N ALA B 366 unk
-32.501 -8.245 -35.124 -35.085 -5.444 -32.497  3.72
-32.904110 -5.565611 -34.035120 
-36.348303 -8.518009 -34.274986 
-34.450678 -7.711511 -33.268339 
-32.596872 -5.852835 -33.426663 
-32.320894 -5.377991 -33.661497 
-32.398165 -5.275883 -33.846374 
FEnd
FBeg
 2712   CB ALA A 366  7546   CA ALA B 366 ali
-32.501 -8.245 -35.124 -35.435 -4.296 -33.321  0.10
-32.465031 -5.172623 -34.181350 
-32.904110 -5.565611 -34.035120 
-32.398165 -5.275883 -33.846374 
FEnd
FBeg
 2709   CA ALA A 366  7549   CB ALA B 366 ali
-31.756 -7.864 -36.397 -35.582 -4.678 -34.789  0.05
-32.458382 -4.976495 -35.277370 
-32.468973 -5.092270 -35.073181 
-32.736335 -5.302597 -35.292599 
FEnd
FBeg
 2868   CB SER A 386  7549   CB ALA B 366 ali
-29.338 -5.415 -34.883 -35.582 -4.678 -34.789  0.41
-32.409861 -4.516573 -35.660346 
-32.439147 -4.945459 -34.243054 
-32.465031 -5.172623 -34.181350 
-32.468973 -5.092270 -35.073181 
-32.458382 -4.976495 -35.277370 
FEnd
FBeg
 2702    C ASN A 365  7549   CB ALA B 366 ali
-32.030 -6.345 -38.244 -35.582 -4.678 -34.789  0.00
-32.579447 -4.563190 -35.815420 
-32.427055 -4.482618 -35.697624 
-32.412355 -4.510573 -35.669023 
FEnd
FBeg
 2705   CG ASN A 365  7725   CE LYS B 388 ali
-32.889 -3.409 -39.142 -37.101 -1.622 -38.601  1.26
-35.319875 -3.415125 -39.082949 
-34.759229 -2.005785 -39.373240 
-34.421922 -1.625304 -38.003899 
-35.326605 -3.464969 -38.970705 
FEnd
FBeg
 2696    N GLY A 364  7725   CE LYS B 388 unk
-36.757 -4.488 -41.375 -37.101 -1.622 -38.601  1.82
-39.052206 -2.381232 -41.198022 
-37.143684 -3.311879 -39.999837 
-38.295076 -3.537249 -39.909775 
-39.845146 -2.438458 -41.237230 
-39.701341 -2.357040 -41.303515 
-39.647801 -2.342190 -41.312218 
FEnd
FBeg
 2693   CA GLY A 363  7725   CE LYS B 388 ali
-36.325 -2.838 -43.064 -37.101 -1.622 -38.601  0.22
-37.958156 -1.762573 -41.176356 
-39.052206 -2.381232 -41.198022 
-39.647801 -2.342190 -41.312218 
FEnd
FBeg
 2693   CA GLY A 363  7724   CD LYS B 388 ali
-36.325 -2.838 -43.064 -37.555 -0.209 -38.983  5.70
-35.394681 -0.069238 -41.494588 
-35.961743 -0.789697 -41.201376 
-37.958156 -1.762573 -41.176356 
-39.647801 -2.342190 -41.312218 
-39.672339 -2.342880 -41.319169 
-38.029251 0.161276 -42.437137 
FEnd
FBeg
 2517   CE LYS A 341  7724   CD LYS B 388 ali
-40.320 -1.002 -44.823 -37.555 -0.209 -38.983  18.46
-39.672339 -2.342880 -41.319169 
-39.701341 -2.357040 -41.303515 
-39.874643 -2.389353 -41.217076 
-42.253212 -1.337427 -40.233760 
-39.521077 4.411792 -42.307987 
-38.489994 4.370080 -42.790498 
-38.445085 4.342233 -42.807979 
-38.029251 0.161276 -42.437137 
FEnd
FBeg
 2686    O LYS A 362  7724   CD LYS B 388 unk
-35.677 -0.494 -44.302 -37.555 -0.209 -38.983  7.35
-35.239463 0.032366 -41.445229 
-35.394681 -0.069238 -41.494588 
-38.029251 0.161276 -42.437137 
-38.445085 4.342233 -42.807979 
-37.507359 3.681530 -42.441491 
FEnd
FBeg
 2695    O GLY A 363  7725   CE LYS B 388 unk
-35.197 -2.861 -40.939 -37.101 -1.622 -38.601  3.65
-34.743557 -0.893972 -39.949672 
-35.121621 -0.639283 -40.392527 
-36.039227 -1.073872 -40.909492 
-35.814611 -3.291747 -39.551231 
-35.319875 -3.415125 -39.082949 
-34.759229 -2.005785 -39.373240 
FEnd
FBeg
 2707  ND2 ASN A 365  7725   CE LYS B 388 unk
-32.575 -2.183 -39.560 -37.101 -1.622 -38.601  1.27
-34.322245 -1.371252 -37.682086 
-34.743557 -0.893972 -39.949672 
-34.759229 -2.005785 -39.373240 
-34.421922 -1.625304 -38.003899 
FEnd
FBeg
 2706  OD1 ASN A 365  7725   CE LYS B 388 unk
-33.567 -3.609 -38.127 -37.101 -1.622 -38.601  4.91
-34.639986 -1.558236 -36.096933 
-34.544721 -1.412031 -36.194314 
-34.322245 -1.371252 -37.682086 
-34.421922 -1.625304 -38.003899 
-35.326605 -3.464969 -38.970705 
-35.871553 -4.121850 -37.661376 
FEnd
FBeg
 2706  OD1 ASN A 365  7549   CB ALA B 366 unk
-33.567 -3.609 -38.127 -35.582 -4.678 -34.789  7.90
-32.427055 -4.482618 -35.697624 
-34.639986 -1.558236 -36.096933 
-35.871553 -4.121850 -37.661376 
-35.666915 -4.471089 -37.649689 
-34.182118 -5.283249 -37.013480 
-32.579447 -4.563190 -35.815420 
FEnd
FBeg
 2702    C ASN A 365  7705   CB SER B 386 ali
-32.030 -6.345 -38.244 -31.957 -1.806 -33.845  0.00
-32.314278 -4.416255 -35.767971 
-32.406892 -4.512454 -35.667172 
-32.412355 -4.510573 -35.669023 
-32.427055 -4.482618 -35.697624 
FEnd
FBeg
 2707  ND2 ASN A 365  7705   CB SER B 386 unk
-32.575 -2.183 -39.560 -31.957 -1.806 -33.845  3.99
-30.987237 0.555983 -37.130673 
-30.999122 -2.143076 -36.951339 
-32.614212 -1.680286 -36.807218 
-33.506903 -1.006915 -36.755106 
-33.119102 -0.645077 -36.820910 
-31.040128 0.599987 -37.127856 
FEnd
FBeg
 3050   CA GLY A 410  7895  CG1 VAL B 411 ali
-25.514 -1.154 -36.565 -28.051 2.993 -35.471  1.71
-27.221147 0.903284 -36.973757 
-26.481091 1.455575 -37.351117 
-27.133270 1.316601 -38.336723 
-28.251111 0.472175 -37.728063 
-28.392185 0.311546 -37.446326 
FEnd
FBeg
 3050   CA GLY A 410  8092   NZ LYS B 435 unk
-25.514 -1.154 -36.565 -24.771 3.203 -37.671  3.94
-26.481091 1.455575 -37.351117 
-23.470387 1.304178 -35.924976 
-23.318654 1.240929 -36.072205 
-25.178366 1.042193 -38.104445 
-26.323183 1.067346 -38.774435 
-27.133270 1.316601 -38.336723 
FEnd
FBeg
 2853   CA GLY A 384  8092   NZ LYS B 435 unk
-27.724 -1.170 -40.646 -24.771 3.203 -37.671  8.26
-26.323183 1.067346 -38.774435 
-27.133270 1.316601 -38.336723 
-27.984529 2.667152 -39.476955 
-26.502123 3.783607 -42.589494 
-25.332614 1.726291 -40.726272 
-25.275909 1.566117 -40.547117 
FEnd
FBeg
 3043    C ASN A 409  8092   NZ LYS B 435 unk
-24.293 -1.305 -38.657 -24.771 3.203 -37.671  1.73
-25.178366 1.042193 -38.104445 
-26.323183 1.067346 -38.774435 
-25.275909 1.566117 -40.547117 
-25.013973 1.572619 -40.449857 
FEnd
FBeg
 3044    O ASN A 409  8092   NZ LYS B 435 hbd
-23.607 -0.337 -38.390 -24.771 3.203 -37.671  8.39
-23.318654 1.240929 -36.072205 
-25.178366 1.042193 -38.104445 
-25.013973 1.572619 -40.449857 
-23.318619 2.098330 -40.293567 
-22.433198 1.667698 -36.739927 
-23.121677 1.322644 -36.155640 
FEnd
FBeg
 3231    N ASN A 433  8092   NZ LYS B 435 hbd
-20.906 -0.670 -35.404 -24.771 3.203 -37.671  0.46
-22.433198 1.667698 -36.739927 
-22.063036 2.276344 -36.331189 
-22.188768 2.217881 -36.216708 
-23.121677 1.322644 -36.155640 
FEnd
FBeg
 3218    O HIS A 431  8092   NZ LYS B 435 hbd
-20.601 1.503 -38.916 -24.771 3.203 -37.671  8.32
-23.318619 2.098330 -40.293567 
-23.291621 2.304397 -40.484514 
-23.023754 3.485023 -41.199424 
-22.801820 3.979779 -41.131648 
-22.332663 4.631383 -40.449996 
-22.063036 2.276344 -36.331189 
-22.433198 1.667698 -36.739927 
FEnd
FBeg
 3218    O HIS A 431  8091   CE LYS B 435 unk
-20.601 1.503 -38.916 -24.703 4.498 -36.935  6.91
-22.332663 4.631383 -40.449996 
-22.063036 2.276344 -36.331189 
-21.871628 2.454566 -36.204294 
-21.502993 2.854740 -36.045981 
-20.702498 5.168748 -37.886881 
-21.917666 4.886233 -39.975970 
FEnd
FBeg
 3447  CE1 HIS A 458  8091   CE LYS B 435 ali
-19.417 4.990 -34.018 -24.703 4.498 -36.935  11.22
-21.502993 2.854740 -36.045981 
-20.702498 5.168748 -37.886881 
-20.894839 8.335574 -38.072470 
-22.085822 7.250368 -35.731210 
-22.215098 4.983243 -35.114555 
-21.548240 2.888786 -35.969729 
FEnd
FBeg
 3447  CE1 HIS A 458  8074  OD1 ASN B 433 unk
-19.417 4.990 -34.018 -23.289 3.453 -33.273  4.26
-22.215098 4.983243 -35.114555 
-21.548240 2.888786 -35.969729 
-21.339994 2.970063 -34.719729 
-21.444375 4.250625 -32.620315 
-21.997422 4.906840 -34.140847 
FEnd
FBeg
 3447  CE1 HIS A 458  8073   CG ASN B 433 aro
-19.417 4.990 -34.018 -24.015 4.243 -32.668  0.95
-21.444375 4.250625 -32.620315 
-21.396104 4.424383 -32.359763 
-21.550777 5.106330 -32.509222 
-21.615910 5.222691 -32.666677 
-21.997422 4.906840 -34.140847 
FEnd
FBeg
 3447  CE1 HIS A 458  8280   CB HIS B 458 ali
-19.417 4.990 -34.018 -20.961 7.579 -31.466  5.42
-21.550777 5.106330 -32.509222 
-21.315075 5.156048 -32.417058 
-19.830557 6.032080 -32.407635 
-20.768122 7.871369 -34.840831 
-21.903089 7.349721 -34.998294 
-21.615910 5.222691 -32.666677 
FEnd
FBeg
 3448  NE2 HIS A 458  8280   CB HIS B 458 unk
-18.544 5.943 -33.634 -20.961 7.579 -31.466  9.51
-19.830557 6.032080 -32.407635 
-20.768122 7.871369 -34.840831 
-17.914718 9.951308 -33.229254 
-17.276994 9.499648 -32.177458 
-19.111254 6.702314 -32.111484 
FEnd
FBeg
 3448  NE2 HIS A 458  8281   CG HIS B 458 aro
-18.544 5.943 -33.634 -20.347 6.529 -30.581  0.22
-19.111254 6.702314 -32.111484 
-19.830557 6.032080 -32.407635 
-19.597714 5.740852 -32.214226 
FEnd
FBeg
 3446  CD2 HIS A 458  8281   CG HIS B 458 aro
-17.720 5.425 -32.688 -20.347 6.529 -30.581  0.71
-19.597714 5.740852 -32.214226 
-19.111254 6.702314 -32.111484 
-18.959414 6.874587 -32.012437 
-19.268075 5.321516 -31.583515 
-19.628027 5.352482 -32.048527 
FEnd
FBeg
 3444   CG HIS A 458  8281   CG HIS B 458 aro
-18.112 4.097 -32.473 -20.347 6.529 -30.581  0.65
-19.268075 5.321516 -31.583515 
-19.477236 4.818218 -31.183649 
-19.861674 4.640336 -31.409130 
-20.088621 4.659744 -31.702167 
-19.940652 5.012587 -31.980922 
-19.628027 5.352482 -32.048527 
FEnd
FBeg
 3445  ND1 HIS A 458  8281   CG HIS B 458 aro
-19.144 3.863 -33.317 -20.347 6.529 -30.581  0.14
-20.088621 4.659744 -31.702167 
-20.560427 4.813572 -32.059510 
-19.940652 5.012587 -31.980922 
FEnd
FBeg
 3445  ND1 HIS A 458  8282  ND1 HIS B 458 hbd
-19.144 3.863 -33.317 -21.049 5.477 -30.107  1.23
-20.088621 4.659744 -31.702167 
-20.560427 4.813572 -32.059510 
-21.396104 4.424383 -32.359763 
-21.399835 4.112625 -32.205224 
-20.682165 3.635819 -31.539578 
-20.141874 4.230933 -31.518163 
FEnd
FBeg
 3445  ND1 HIS A 458  8284  CE1 HIS B 458 aro
-19.144 3.863 -33.317 -20.245 4.719 -29.327  0.35
-20.682165 3.635819 -31.539578 
-20.204488 3.133110 -31.299918 
-20.103205 3.306853 -31.309244 
-20.141874 4.230933 -31.518163 
FEnd
FBeg
 3443   CB HIS A 458  8284  CE1 HIS B 458 ali
-17.551 3.029 -31.554 -20.245 4.719 -29.327  5.58
-20.204488 3.133110 -31.299918 
-20.103205 3.306853 -31.309244 
-18.997817 4.354206 -30.766861 
-18.179407 2.494410 -28.365490 
-18.982254 1.464499 -28.555127 
-19.930395 2.383921 -30.399813 
-20.127857 2.856326 -30.997176 
FEnd
FBeg
 3236   CG ASN A 433  8284  CE1 HIS B 458 aro
-21.379 0.913 -31.962 -20.245 4.719 -29.327  0.17
-19.930395 2.383921 -30.399813 
-20.260094 2.193057 -29.982238 
-20.127857 2.856326 -30.997176 
FEnd
FBeg
 3237  OD1 ASN A 433  8284  CE1 HIS B 458 unk
-20.378 0.525 -31.349 -20.245 4.719 -29.327  1.96
-18.982254 1.464499 -28.555127 
-19.086819 1.263564 -28.131472 
-20.643155 1.744665 -29.026995 
-20.260094 2.193057 -29.982238 
-19.930395 2.383921 -30.399813 
FEnd
FBeg
 3254   CE LYS A 435  8284  CE1 HIS B 458 ali
-22.514 -0.648 -28.267 -20.245 4.719 -29.327  11.13
-19.086819 1.263564 -28.131472 
-18.521364 1.585596 -25.290562 
-21.570719 2.707730 -26.136310 
-22.978535 2.923011 -28.059819 
-23.076531 2.905026 -28.360650 
-20.643155 1.744665 -29.026995 
FEnd
FBeg
 3254   CE LYS A 435  8055    O HIS B 431 unk
-22.514 -0.648 -28.267 -25.246 3.198 -25.837  2.59
-21.570719 2.707730 -26.136310 
-22.978535 2.923011 -28.059819 
-22.529677 1.209440 -24.843080 
-22.411480 1.338880 -24.915061 
FEnd
FBeg
 3255   NZ LYS A 435  8055    O HIS B 431 hbd
-23.879 -0.219 -27.848 -25.246 3.198 -25.837  12.70
-22.978535 2.923011 -28.059819 
-22.529677 1.209440 -24.843080 
-24.403632 -0.050946 -23.975330 
-24.432084 -0.058326 -23.982131 
-25.552574 0.178349 -25.145945 
-25.592637 0.198087 -25.206716 
-25.260074 2.074877 -28.169609 
-23.505281 2.918252 -28.409794 
-23.257091 3.004500 -28.387633 
-23.219709 3.008094 -28.368328 
FEnd
FBeg
 3255   NZ LYS A 435  8072   CB ASN B 433 unk
-23.879 -0.219 -27.848 -24.923 3.738 -31.556  1.76
-23.505281 2.918252 -28.409794 
-23.257091 3.004500 -28.387633 
-24.397850 1.308432 -29.876411 
-25.479586 1.338459 -29.539801 
-25.529309 1.415691 -29.443383 
-25.520201 1.442086 -29.417780 
FEnd
FBeg
 3255   NZ LYS A 435  7887   CA GLY B 410 unk
-23.879 -0.219 -27.848 -28.224 -0.160 -30.136  1.81
-25.479586 1.338459 -29.539801 
-25.902999 -1.630886 -28.812292 
-26.324713 -2.375851 -28.030652 
-26.363138 -2.285084 -27.955341 
-26.270311 -1.531538 -28.112190 
-25.529309 1.415691 -29.443383 
FEnd
FBeg
 3255   NZ LYS A 435  7880    C ASN B 409 unk
-23.879 -0.219 -27.848 -28.581 0.375 -27.777  0.52
-26.363138 -2.285084 -27.955341 
-26.308813 -2.011205 -26.648978 
-26.270311 -1.531538 -28.112190 
FEnd
FBeg
 3058  CG1 VAL A 411  7887   CA GLY B 410 ali
-24.245 -3.170 -30.858 -28.224 -0.160 -30.136  2.09
-25.902999 -1.630886 -28.812292 
-26.324713 -2.375851 -28.030652 
-27.299016 -3.330924 -29.418439 
-27.386720 -3.367795 -29.748069 
-26.468911 -2.173375 -29.669454 
FEnd
FBeg
 3059  CG2 VAL A 411  7887   CA GLY B 410 ali
-25.093 -0.985 -31.681 -28.224 -0.160 -30.136  9.62
-25.479586 1.338459 -29.539801 
-25.902999 -1.630886 -28.812292 
-26.468911 -2.173375 -29.669454 
-27.855029 -1.650898 -32.757467 
-26.866400 0.152849 -31.717139 
-25.571104 1.346779 -29.729708 
FEnd
FBeg
 3059  CG2 VAL A 411  7888    C GLY B 410 ali
-25.093 -0.985 -31.681 -28.293 1.150 -30.878  1.60
-26.866400 0.152849 -31.717139 
-25.571104 1.346779 -29.729708 
-26.041508 1.418361 -31.794616 
FEnd
FBeg
 3059  CG2 VAL A 411  7890    N VAL B 411 unk
-25.093 -0.985 -31.681 -28.279 1.060 -32.199  2.78
-27.855029 -1.650898 -32.757467 
-26.866400 0.152849 -31.717139 
-26.041508 1.418361 -31.794616 
-26.023433 1.420436 -31.897595 
-27.381834 -1.092818 -33.464656 
-27.714897 -1.556557 -33.246912 
FEnd
FBeg
 3053    N VAL A 411  7890    N VAL B 411 hbd
-25.179 -2.214 -34.430 -28.279 1.060 -32.199  0.32
-27.381834 -1.092818 -33.464656 
-27.714897 -1.556557 -33.246912 
-27.911976 -1.737062 -33.255864 
-27.930676 -1.294130 -33.931852 
-27.879818 -1.260100 -33.911123 
FEnd
FBeg
 3053    N VAL A 411  7896  CG2 VAL B 411 unk
-25.179 -2.214 -34.430 -26.380 1.444 -34.461  2.47
-27.879818 -1.260100 -33.911123 
-27.381834 -1.092818 -33.464656 
-24.811871 -0.252907 -33.920556 
-25.764279 -0.570969 -34.553721 
-27.857969 -1.258481 -34.566543 
FEnd
FBeg
 3051    C GLY A 410  7896  CG2 VAL B 411 ali
-24.597 -1.763 -35.532 -26.380 1.444 -34.461  1.90
-24.811871 -0.252907 -33.920556 
-25.764279 -0.570969 -34.553721 
-23.651690 0.933629 -35.542050 
-24.259416 0.050982 -33.910794 
FEnd
FBeg
 3235   CB ASN A 433  7896  CG2 VAL B 411 ali
-21.747 0.348 -33.328 -26.380 1.444 -34.461  3.57
-23.651690 0.933629 -35.542050 
-23.470387 1.304178 -35.924976 
-23.414903 1.911511 -35.564361 
-23.417203 1.952574 -35.515231 
-24.142944 1.546547 -32.940339 
-24.165535 1.500420 -32.892583 
-24.225823 1.352405 -32.789240 
-24.259416 0.050982 -33.910794 
FEnd
FBeg
 3238  ND2 ASN A 433  7896  CG2 VAL B 411 unk
-22.207 1.834 -31.468 -26.380 1.444 -34.461  0.01
-24.165535 1.500420 -32.892583 
-24.254924 1.379398 -32.752182 
-24.225823 1.352405 -32.789240 
FEnd
FBeg
 3235   CB ASN A 433  8072   CB ASN B 433 ali
-21.747 0.348 -33.328 -24.923 3.738 -31.556  0.00
-24.142944 1.546547 -32.940339 
-24.165535 1.500420 -32.892583 
-24.126599 1.554412 -32.926089 
FEnd
FBeg
 3059  CG2 VAL A 411  7896  CG2 VAL B 411 ali
-25.093 -0.985 -31.681 -26.380 1.444 -34.461  6.33
-26.023433 1.420436 -31.897595 
-24.254924 1.379398 -32.752182 
-24.225823 1.352405 -32.789240 
-24.259416 0.050982 -33.910794 
-24.811871 -0.252907 -33.920556 
-27.381834 -1.092818 -33.464656 
FEnd
FBeg
 3059  CG2 VAL A 411  8072   CB ASN B 433 ali
-25.093 -0.985 -31.681 -24.923 3.738 -31.556  3.95
-24.397850 1.308432 -29.876411 
-25.479586 1.338459 -29.539801 
-25.571104 1.346779 -29.729708 
-26.041508 1.418361 -31.794616 
-26.023433 1.420436 -31.897595 
-24.254924 1.379398 -32.752182 
FEnd
FBeg
 3238  ND2 ASN A 433  8072   CB ASN B 433 unk
-22.207 1.834 -31.468 -24.923 3.738 -31.556  9.07
-23.257091 3.004500 -28.387633 
-24.397850 1.308432 -29.876411 
-24.254924 1.379398 -32.752182 
-24.165535 1.500420 -32.892583 
-24.126599 1.554412 -32.926089 
-23.697049 2.181238 -32.621349 
-22.509554 3.957257 -30.845149 
-22.856824 3.528576 -29.402224 
-23.237895 3.032053 -28.383947 
FEnd
FBeg
 3238  ND2 ASN A 433  8073   CG ASN B 433 unk
-22.207 1.834 -31.468 -24.015 4.243 -32.668  2.58
-23.697049 2.181238 -32.621349 
-22.509554 3.957257 -30.845149 
-21.399835 4.112625 -32.205224 
-21.420433 4.041036 -32.317906 
FEnd
FBeg
 3238  ND2 ASN A 433  8074  OD1 ASN B 433 hbd
-22.207 1.834 -31.468 -23.289 3.453 -33.273  2.79
-24.126599 1.554412 -32.926089 
-23.697049 2.181238 -32.621349 
-21.420433 4.041036 -32.317906 
-21.328876 3.010310 -33.297302 
-21.510490 2.860645 -33.322676 
FEnd
FBeg
 3236   CG ASN A 433  8074  OD1 ASN B 433 unk
-21.379 0.913 -31.962 -23.289 3.453 -33.273  0.01
-21.328876 3.010310 -33.297302 
-21.510490 2.860645 -33.322676 
-21.324574 2.954550 -33.411602 
FEnd
FBeg
 3255   NZ LYS A 435  8068    N ASN B 433 hbd
-23.879 -0.219 -27.848 -26.295 4.299 -29.635  1.35
-25.260074 2.074877 -28.169609 
-23.505281 2.918252 -28.409794 
-25.520201 1.442086 -29.417780 
FEnd
FBeg
 3255   NZ LYS A 435  7881    O ASN B 409 hbd
-23.879 -0.219 -27.848 -27.432 0.780 -27.614  11.11
-25.592637 0.198087 -25.206716 
-25.260074 2.074877 -28.169609 
-25.520201 1.442086 -29.417780 
-25.529309 1.415691 -29.443383 
-26.270311 -1.531538 -28.112190 
-26.308813 -2.011205 -26.648978 
-26.205934 -1.894260 -25.586158 
-26.197059 -1.866102 -25.571621 
FEnd
FBeg
 3443   CB HIS A 458  8285  NE2 HIS B 458 unk
-17.551 3.029 -31.554 -19.031 5.301 -29.290  8.18
-18.997817 4.354206 -30.766861 
-18.179407 2.494410 -28.365490 
-15.623930 4.598644 -28.806618 
-15.577292 5.583703 -29.764670 
-18.088903 4.884763 -30.705126 
FEnd
FBeg
 3444   CG HIS A 458  8285  NE2 HIS B 458 aro
-18.112 4.097 -32.473 -19.031 5.301 -29.290  0.22
-18.088903 4.884763 -30.705126 
-18.997817 4.354206 -30.766861 
-19.156730 4.696839 -30.942347 
FEnd
FBeg
 3443   CB HIS A 458  8283  CD2 HIS B 458 ali
-17.551 3.029 -31.554 -19.061 6.422 -30.043  0.26
-15.577292 5.583703 -29.764670 
-15.585193 5.606488 -29.823732 
-17.791946 5.025046 -30.723375 
-18.088903 4.884763 -30.705126 
FEnd
FBeg
 3442    O HIS A 458  8285  NE2 HIS B 458 hbd
-15.972 1.477 -29.810 -19.031 5.301 -29.290  8.83
-18.179407 2.494410 -28.365490 
-15.623930 4.598644 -28.806618 
-15.464303 4.718951 -28.752305 
-14.950853 5.091768 -28.473475 
-14.981916 5.042756 -28.295776 
-17.776034 2.350220 -24.932223 
-18.098106 2.118828 -25.125246 
FEnd
FBeg
 3238  ND2 ASN A 433  8284  CE1 HIS B 458 unk
-22.207 1.834 -31.468 -20.245 4.719 -29.327  7.00
-20.682165 3.635819 -31.539578 
-20.204488 3.133110 -31.299918 
-20.127857 2.856326 -30.997176 
-20.260094 2.193057 -29.982238 
-20.643155 1.744665 -29.026995 
-23.076531 2.905026 -28.360650 
-23.219709 3.008094 -28.368328 
-23.237895 3.032053 -28.383947 
-22.856824 3.528576 -29.402224 
FEnd
FBeg
 3238  ND2 ASN A 433  8282  ND1 HIS B 458 hbd
-22.207 1.834 -31.468 -21.049 5.477 -30.107  2.29
-21.399835 4.112625 -32.205224 
-20.682165 3.635819 -31.539578 
-22.856824 3.528576 -29.402224 
-22.509554 3.957257 -30.845149 
FEnd
FBeg
 3444   CG HIS A 458  8282  ND1 HIS B 458 aro
-18.112 4.097 -32.473 -21.049 5.477 -30.107  0.08
-19.861674 4.640336 -31.409130 
-20.088621 4.659744 -31.702167 
-20.141874 4.230933 -31.518163 
FEnd
FBeg
 3444   CG HIS A 458  8284  CE1 HIS B 458 aro
-18.112 4.097 -32.473 -20.245 4.719 -29.327  1.13
-19.477236 4.818218 -31.183649 
-19.861674 4.640336 -31.409130 
-20.141874 4.230933 -31.518163 
-20.103205 3.306853 -31.309244 
-18.997817 4.354206 -30.766861 
-19.156730 4.696839 -30.942347 
FEnd
FBeg
 3444   CG HIS A 458  8283  CD2 HIS B 458 aro
-18.112 4.097 -32.473 -19.061 6.422 -30.043  0.84
-19.268075 5.321516 -31.583515 
-19.477236 4.818218 -31.183649 
-19.156730 4.696839 -30.942347 
-18.088903 4.884763 -30.705126 
-17.791946 5.025046 -30.723375 
FEnd
FBeg
 3446  CD2 HIS A 458  8283  CD2 HIS B 458 aro
-17.720 5.425 -32.688 -19.061 6.422 -30.043  17.08
-18.959414 6.874587 -32.012437 
-19.268075 5.321516 -31.583515 
-17.791946 5.025046 -30.723375 
-15.585193 5.606488 -29.823732 
-14.653502 6.206232 -29.577435 
-14.589414 6.462539 -29.641555 
-14.515830 7.037498 -29.820972 
-14.898811 7.971547 -30.367219 
-16.352659 9.615029 -31.723802 
-17.023263 9.709726 -32.099490 
-17.276193 9.480310 -32.141248 
FEnd
FBeg
 3446  CD2 HIS A 458  8280   CB HIS B 458 ali
-17.720 5.425 -32.688 -20.961 7.579 -31.466  0.24
-17.276994 9.499648 -32.177458 
-17.276193 9.480310 -32.141248 
-18.959414 6.874587 -32.012437 
-19.111254 6.702314 -32.111484 
FEnd
FBeg
 3448  NE2 HIS A 458  8279    O HIS B 458 hbd
-18.544 5.943 -33.634 -21.790 9.808 -32.875  5.93
-20.768122 7.871369 -34.840831 
-17.914718 9.951308 -33.229254 
-17.866684 9.990972 -33.225813 
-20.428838 8.722696 -37.724973 
FEnd
FBeg
 3447  CE1 HIS A 458  8281   CG HIS B 458 aro
-19.417 4.990 -34.018 -20.347 6.529 -30.581  1.22
-21.315075 5.156048 -32.417058 
-20.560427 4.813572 -32.059510 
-19.940652 5.012587 -31.980922 
-19.628027 5.352482 -32.048527 
-19.597714 5.740852 -32.214226 
-19.830557 6.032080 -32.407635 
FEnd
FBeg
 3447  CE1 HIS A 458  8282  ND1 HIS B 458 aro
-19.417 4.990 -34.018 -21.049 5.477 -30.107  0.41
-21.396104 4.424383 -32.359763 
-20.560427 4.813572 -32.059510 
-21.315075 5.156048 -32.417058 
-21.550777 5.106330 -32.509222 
FEnd
FBeg
 3445  ND1 HIS A 458  8073   CG ASN B 433 aro
-19.144 3.863 -33.317 -24.015 4.243 -32.668  0.08
-21.444375 4.250625 -32.620315 
-21.396104 4.424383 -32.359763 
-21.399835 4.112625 -32.205224 
-21.420433 4.041036 -32.317906 
FEnd
FBeg
 3445  ND1 HIS A 458  8074  OD1 ASN B 433 hbd
-19.144 3.863 -33.317 -23.289 3.453 -33.273  1.17
-21.339994 2.970063 -34.719729 
-21.444375 4.250625 -32.620315 
-21.420433 4.041036 -32.317906 
-21.328876 3.010310 -33.297302 
-21.324574 2.954550 -33.411602 
FEnd
FBeg
 3235   CB ASN A 433  8074  OD1 ASN B 433 unk
-21.747 0.348 -33.328 -23.289 3.453 -33.273  6.84
-21.548240 2.888786 -35.969729 
-21.339994 2.970063 -34.719729 
-21.324574 2.954550 -33.411602 
-21.510490 2.860645 -33.322676 
-24.126599 1.554412 -32.926089 
-24.142944 1.546547 -32.940339 
-23.417203 1.952574 -35.515231 
FEnd
FBeg
 3447  CE1 HIS A 458  8075  ND2 ASN B 433 unk
-19.417 4.990 -34.018 -24.035 5.546 -32.942  4.16
-22.085822 7.250368 -35.731210 
-22.215098 4.983243 -35.114555 
-21.997422 4.906840 -34.140847 
-21.615910 5.222691 -32.666677 
-21.903089 7.349721 -34.998294 
-22.053700 7.439950 -35.691311 
FEnd
FBeg
 3235   CB ASN A 433  8091   CE LYS B 435 ali
-21.747 0.348 -33.328 -24.703 4.498 -36.935  0.69
-21.871628 2.454566 -36.204294 
-21.502993 2.854740 -36.045981 
-21.548240 2.888786 -35.969729 
-23.417203 1.952574 -35.515231 
-23.414903 1.911511 -35.564361 
-22.188768 2.217881 -36.216708 
FEnd
FBeg
 3235   CB ASN A 433  8092   NZ LYS B 435 unk
-21.747 0.348 -33.328 -24.771 3.203 -37.671  0.73
-23.470387 1.304178 -35.924976 
-23.318654 1.240929 -36.072205 
-23.121677 1.322644 -36.155640 
-22.188768 2.217881 -36.216708 
-23.414903 1.911511 -35.564361 
FEnd
FBeg
 3050   CA GLY A 410  7896  CG2 VAL B 411 ali
-25.514 -1.154 -36.565 -26.380 1.444 -34.461  10.25
-27.857969 -1.258481 -34.566543 
-25.764279 -0.570969 -34.553721 
-23.651690 0.933629 -35.542050 
-23.470387 1.304178 -35.924976 
-26.481091 1.455575 -37.351117 
-27.221147 0.903284 -36.973757 
FEnd
FBeg
 3053    N VAL A 411  7894   CB VAL B 411 unk
-25.179 -2.214 -34.430 -27.848 1.823 -34.509  0.07
-27.984678 -1.342682 -34.588466 
-27.857969 -1.258481 -34.566543 
-27.879818 -1.260100 -33.911123 
-27.930676 -1.294130 -33.931852 
FEnd
FBeg
 2855    O GLY A 384  7706   OG SER B 386 hbd
-28.947 -2.152 -38.853 -30.563 -1.811 -34.017  4.53
-30.575418 -2.902368 -36.644218 
-30.592476 0.296002 -36.875445 
-28.860413 -0.908184 -36.211747 
-28.588285 -2.273452 -36.024544 
-28.959938 -2.475753 -36.134471 
FEnd
FBeg
 2868   CB SER A 386  7705   CB SER B 386 ali
-29.338 -5.415 -34.883 -31.957 -1.806 -33.845  8.59
-30.153773 -3.584954 -33.207088 
-30.575418 -2.902368 -36.644218 
-30.742569 -2.996645 -36.738169 
-31.469076 -3.614395 -36.423395 
-32.314278 -4.416255 -35.767971 
-32.406892 -4.512454 -35.667172 
-32.409861 -4.516573 -35.660346 
-32.439147 -4.945459 -34.243054 
-32.298580 -5.015741 -33.644023 
-31.777598 -4.851921 -32.899103 
-31.612494 -4.781699 -32.726680 
FEnd
FBeg
 2869   OG SER A 386  7705   CB SER B 386 unk
-29.056 -5.216 -33.531 -31.957 -1.806 -33.845  1.58
-30.001635 -3.342634 -31.981105 
-30.153773 -3.584954 -33.207088 
-31.612494 -4.781699 -32.726680 
-31.304698 -4.475689 -32.247127 
FEnd
FBeg
 2869   OG SER A 386  7701    N SER B 386 hbd
-29.056 -5.216 -33.531 -32.404 -1.854 -31.451  0.59
-29.822177 -3.244597 -31.850709 
-30.001635 -3.342634 -31.981105 
-31.304698 -4.475689 -32.247127 
-31.174642 -4.512876 -31.977679 
-30.921135 -4.412743 -31.731479 
FEnd
FBeg
 2869   OG SER A 386  7692    O GLY B 384 hbd
-29.056 -5.216 -33.531 -30.196 -3.703 -29.215  5.58
-29.127377 -2.926796 -31.778596 
-29.822177 -3.244597 -31.850709 
-30.921135 -4.412743 -31.731479 
-27.332730 -5.734533 -30.320300 
-27.494785 -4.928320 -30.645727 
-28.298112 -3.297626 -31.429563 
FEnd
FBeg
 3057   CB VAL A 411  7692    O GLY B 384 unk
-25.045 -2.483 -31.956 -30.196 -3.703 -29.215  1.55
-27.494785 -4.928320 -30.645727 
-28.298112 -3.297626 -31.429563 
-27.386720 -3.367795 -29.748069 
FEnd
FBeg
 3053    N VAL A 411  7706   OG SER B 386 hbd
-25.179 -2.214 -34.430 -30.563 -1.811 -34.017  1.91
-27.911976 -1.737062 -33.255864 
-27.987331 -2.646615 -33.350679 
-28.025914 -2.724619 -33.777548 
-28.081752 -2.520928 -34.704229 
-28.098792 -2.365268 -35.078262 
-27.984678 -1.342682 -34.588466 
-27.930676 -1.294130 -33.931852 
FEnd
FBeg
 3057   CB VAL A 411  7890    N VAL B 411 unk
-25.045 -2.483 -31.956 -28.279 1.060 -32.199  0.13
-28.069586 -1.854613 -32.872218 
-27.855029 -1.650898 -32.757467 
-27.714897 -1.556557 -33.246912 
-27.911976 -1.737062 -33.255864 
FEnd
FBeg
 3057   CB VAL A 411  7887   CA GLY B 410 ali
-25.045 -2.483 -31.956 -28.224 -0.160 -30.136  4.97
-28.365131 -2.670565 -32.346987 
-28.298112 -3.297626 -31.429563 
-27.386720 -3.367795 -29.748069 
-26.468911 -2.173375 -29.669454 
-27.855029 -1.650898 -32.757467 
-28.069586 -1.854613 -32.872218 
FEnd
FBeg
 2541  OE1 GLN A 344  7378  OE1 GLN B 344 hbd
-39.649 -12.988 -37.687 -41.282 -9.570 -35.631  4.93
-41.092539 -10.764609 -38.012182 
-41.712169 -10.793093 -38.456976 
-43.269875 -11.005793 -39.340598 
-43.452670 -11.201186 -39.160955 
-43.835731 -11.915335 -38.277965 
-42.371019 -11.815132 -37.281185 
-40.061644 -10.936156 -36.908194 
FEnd
FBeg
 2539   CG GLN A 344  7378  OE1 GLN B 344 unk
-38.147 -11.530 -38.863 -41.282 -9.570 -35.631  4.69
-40.061644 -10.936156 -36.908194 
-41.092539 -10.764609 -38.012182 
-41.244371 -10.697376 -38.200230 
-39.557170 -8.859870 -37.677995 
-38.125784 -8.244083 -36.663004 
-39.225221 -10.230859 -36.524592 
FEnd
FBeg
 2539   CG GLN A 344  7377   CD GLN B 344 ali
-38.147 -11.530 -38.863 -41.196 -10.236 -34.594  0.47
-39.225221 -10.230859 -36.524592 
-40.061644 -10.936156 -36.908194 
-39.333728 -11.201765 -36.307793 
FEnd
FBeg
 2539   CG GLN A 344  7376   CG GLN B 344 ali
-38.147 -11.530 -38.863 -39.933 -10.184 -33.729  10.75
-38.125784 -8.244083 -36.663004 
-39.225221 -10.230859 -36.524592 
-39.333728 -11.201765 -36.307793 
-37.080960 -12.595650 -35.158667 
-35.888272 -11.003115 -35.161279 
-36.674726 -8.632658 -36.056340 
-37.520853 -8.050095 -36.503421 
FEnd
FBeg
 2541  OE1 GLN A 344  7376   CG GLN B 344 unk
-39.649 -12.988 -37.687 -39.933 -10.184 -33.729  6.44
-39.333728 -11.201765 -36.307793 
-37.080960 -12.595650 -35.158667 
-38.643641 -13.886320 -34.356435 
-39.500291 -14.308736 -34.118646 
-39.965225 -14.260455 -34.186211 
-40.199770 -13.248063 -34.920258 
FEnd
FBeg
 2533    O GLY A 343  7378  OE1 GLN B 344 hbd
-39.240 -7.257 -39.914 -41.282 -9.570 -35.631  15.20
-39.557170 -8.859870 -37.677995 
-41.292022 -9.132603 -38.652405 
-42.874883 -8.274194 -38.943486 
-43.547383 -7.073291 -38.615575 
-43.777756 -6.203503 -38.255688 
-39.321786 -6.218853 -36.139511 
-38.278700 -7.409177 -36.285025 
-38.125784 -8.244083 -36.663004 
FEnd
FBeg
 2541  OE1 GLN A 344  7377   CD GLN B 344 unk
-39.649 -12.988 -37.687 -41.196 -10.236 -34.594  4.96
-42.371019 -11.815132 -37.281185 
-40.199770 -13.248063 -34.920258 
-39.333728 -11.201765 -36.307793 
-40.061644 -10.936156 -36.908194 
FEnd
FBeg
 2541  OE1 GLN A 344  7379  NE2 GLN B 344 hbd
-39.649 -12.988 -37.687 -42.184 -11.018 -34.160  7.78
-43.835731 -11.915335 -38.277965 
-43.866027 -12.159937 -38.163119 
-43.837459 -12.847246 -37.758691 
-41.895395 -14.082482 -35.672910 
-39.979628 -14.334539 -34.155184 
-39.965225 -14.260455 -34.186211 
-40.199770 -13.248063 -34.920258 
-42.371019 -11.815132 -37.281185 
FEnd
FBeg
 2538   CB GLN A 344  7378  OE1 GLN B 344 unk
-38.580 -10.780 -40.103 -41.282 -9.570 -35.631  4.69
-41.712169 -10.793093 -38.456976 
-43.269875 -11.005793 -39.340598 
-43.300861 -10.786719 -39.418595 
-42.876885 -9.758045 -39.440758 
-41.292022 -9.132603 -38.652405 
-39.557170 -8.859870 -37.677995 
-41.244371 -10.697376 -38.200230 
FEnd
FBeg
 2540   CD GLN A 344  7378  OE1 GLN B 344 unk
-38.944 -12.818 -38.680 -41.282 -9.570 -35.631  0.04
-41.092539 -10.764609 -38.012182 
-41.712169 -10.793093 -38.456976 
-41.244371 -10.697376 -38.200230 
FEnd
FBeg
 2354  NH2 ARG A 322  7205   CD LYS B 324 unk
-47.513 -14.294 -39.351 -48.562 -13.470 -34.651  41.15
-45.486973 -11.112408 -37.160168 
-44.376291 -14.158012 -36.378321 
-44.954562 -16.173024 -36.154116 
-45.243730 -16.476413 -36.165466 
-45.656074 -16.752966 -36.209012 
-50.703932 -13.926975 -37.831102 
-55.004039 -9.665662 -39.537939 
-54.619613 -9.533572 -39.475296 
-47.497387 -10.089654 -37.788184 
FEnd
FBeg
 2354  NH2 ARG A 322  7207   NZ LYS B 324 elu
-47.513 -14.294 -39.351 -49.713 -15.666 -34.895  19.27
-45.656074 -16.752966 -36.209012 
-50.703932 -13.926975 -37.831102 
-54.260371 -12.948633 -39.285742 
-47.812241 -18.975935 -37.957999 
-46.380495 -17.830697 -36.898504 
-45.838720 -17.241798 -36.449699 
FEnd
FBeg
 4021  ND2 ASN A 531  8858  ND2 ASN B 531 hbd
-5.752 13.494 -30.260 -8.283 15.479 -26.823  12.16
-8.860632 14.438204 -29.870886 
-8.872099 14.635628 -29.993350 
-8.793961 15.279630 -30.307745 
-6.631581 16.333428 -29.323982 
-5.404262 15.497330 -27.937308 
-5.366831 14.688491 -27.442608 
-7.118768 12.379187 -27.399020 
-7.641688 12.587213 -27.904239 
-7.738812 12.660959 -28.018352 
-8.719754 13.746746 -29.367800 
FEnd
FBeg
 3834   CG GLN A 507  8858  ND2 ASN B 531 unk
-8.868 10.572 -30.346 -8.283 15.479 -26.823  0.44
-7.738812 12.660959 -28.018352 
-8.767225 13.281833 -28.712365 
-8.719754 13.746746 -29.367800 
FEnd
FBeg
 3834   CG GLN A 507  8671   CG GLN B 507 ali
-8.868 10.572 -30.346 -11.910 13.557 -28.449  1.05
-8.767225 13.281833 -28.712365 
-8.719754 13.746746 -29.367800 
-8.813244 13.855911 -29.689493 
-9.630893 12.990839 -29.639440 
-9.854982 12.574941 -29.344356 
FEnd
FBeg
 3837  NE2 GLN A 507  8671   CG GLN B 507 unk
-10.155 10.725 -28.302 -11.910 13.557 -28.449  14.93
-9.854982 12.574941 -29.344356 
-8.767225 13.281833 -28.712365 
-10.175134 12.613375 -24.781697 
-11.477755 11.810952 -24.688918 
-12.402934 11.212010 -25.182216 
-13.264987 10.622815 -26.241376 
-12.079965 11.257233 -28.166839 
FEnd
FBeg
 3837  NE2 GLN A 507  8672   CD GLN B 507 unk
-10.155 10.725 -28.302 -12.114 12.763 -29.723  1.00
-12.079965 11.257233 -28.166839 
-9.854982 12.574941 -29.344356 
-9.871788 12.552576 -29.353263 
-11.854623 10.996621 -28.851266 
FEnd
FBeg
 3835   CD GLN A 507  8672   CD GLN B 507 aro
-10.133 10.294 -29.551 -12.114 12.763 -29.723  3.85
-9.871788 12.552576 -29.353263 
-11.854623 10.996621 -28.851266 
-11.767574 10.925311 -30.877480 
-11.552574 11.058588 -31.440589 
-10.417550 12.041743 -30.400308 
FEnd
FBeg
 3835   CD GLN A 507  8673  OE1 GLN B 507 unk
-10.133 10.294 -29.551 -11.358 12.906 -30.683  0.60
-11.552574 11.058588 -31.440589 
-10.417550 12.041743 -30.400308 
-11.196429 10.978160 -32.011576 
FEnd
FBeg
 3836  OE1 GLN A 507  8673  OE1 GLN B 507 hbd
-11.074 9.691 -30.053 -11.358 12.906 -30.683  2.37
-11.196429 10.978160 -32.011576 
-11.552574 11.058588 -31.440589 
-11.813261 10.993430 -31.655586 
-12.840565 10.406523 -34.187570 
-11.282024 10.652339 -33.635711 
FEnd
FBeg
 3836  OE1 GLN A 507  8674  NE2 GLN B 507 hbd
-11.074 9.691 -30.053 -13.128 11.923 -29.737  21.07
-11.813261 10.993430 -31.655586 
-12.840565 10.406523 -34.187570 
-13.069408 10.198250 -34.203956 
-14.549805 8.549911 -32.183838 
-14.898811 7.971547 -30.367219 
-14.793466 7.721655 -27.917421 
-14.003878 8.272098 -26.673039 
-12.426403 9.984118 -28.511947 
-11.767574 10.925311 -30.877480 
FEnd
FBeg
 3836  OE1 GLN A 507  8672   CD GLN B 507 unk
-11.074 9.691 -30.053 -12.114 12.763 -29.723  0.10
-11.767574 10.925311 -30.877480 
-11.813261 10.993430 -31.655586 
-11.552574 11.058588 -31.440589 
FEnd
FBeg
 3835   CD GLN A 507  8674  NE2 GLN B 507 unk
-10.133 10.294 -29.551 -13.128 11.923 -29.737  1.18
-11.854623 10.996621 -28.851266 
-11.767574 10.925311 -30.877480 
-12.426403 9.984118 -28.511947 
FEnd
FBeg
 3837  NE2 GLN A 507  8674  NE2 GLN B 507 hbd
-10.155 10.725 -28.302 -13.128 11.923 -29.737  5.60
-13.264987 10.622815 -26.241376 
-12.079965 11.257233 -28.166839 
-11.854623 10.996621 -28.851266 
-12.426403 9.984118 -28.511947 
-14.003878 8.272098 -26.673039 
-14.105772 8.299404 -26.439142 
-14.143440 8.438968 -26.244588 
FEnd
FBeg
 3834   CG GLN A 507  8672   CD GLN B 507 ali
-8.868 10.572 -30.346 -12.114 12.763 -29.723  0.38
-9.630893 12.990839 -29.639440 
-10.417550 12.041743 -30.400308 
-9.871788 12.552576 -29.353263 
-9.854982 12.574941 -29.344356 
FEnd
FBeg
 3834   CG GLN A 507  8673  OE1 GLN B 507 unk
-8.868 10.572 -30.346 -11.358 12.906 -30.683  14.57
-8.813244 13.855911 -29.689493 
-8.494097 13.630854 -33.606286 
-9.537249 12.405460 -34.385574 
-10.176810 11.730430 -34.335169 
-11.282024 10.652339 -33.635711 
-11.196429 10.978160 -32.011576 
-10.417550 12.041743 -30.400308 
-9.630893 12.990839 -29.639440 
FEnd
FBeg
 3837  NE2 GLN A 507  8858  ND2 ASN B 531 hbd
-10.155 10.725 -28.302 -8.283 15.479 -26.823  6.33
-7.641688 12.587213 -27.904239 
-7.312895 12.216115 -27.127566 
-7.382501 12.187004 -26.945892 
-9.343790 12.231505 -24.606490 
-9.991991 12.502068 -24.655729 
-10.175134 12.613375 -24.781697 
-8.767225 13.281833 -28.712365 
-7.738812 12.660959 -28.018352 
FEnd
FBeg
 3853  OE1 GLU A 509  8858  ND2 ASN B 531 hbd
-4.422 12.569 -25.810 -8.283 15.479 -26.823  3.49
-5.366831 14.688491 -27.442608 
-6.637631 13.515036 -25.969948 
-7.342287 12.713057 -25.587998 
-7.382501 12.187004 -26.945892 
-7.312895 12.216115 -27.127566 
-7.118768 12.379187 -27.399020 
FEnd
FBeg
 3853  OE1 GLU A 509  8857  OD1 ASN B 531 hbd
-4.422 12.569 -25.810 -7.269 15.542 -24.820  4.24
-6.637631 13.515036 -25.969948 
-7.342287 12.713057 -25.587998 
-6.596331 12.877691 -23.937212 
-4.936550 14.908488 -25.262628 
-4.619652 15.379866 -25.766868 
FEnd
FBeg
 3853  OE1 GLU A 509  9058  CD2 HIS B 555 unk
-4.422 12.569 -25.810 -4.704 16.110 -22.677  1.20
-4.936550 14.908488 -25.262628 
-3.759914 15.055445 -25.322814 
-3.415977 15.663190 -25.978746 
-4.079644 15.878570 -26.281911 
-4.619652 15.379866 -25.766868 
FEnd
FBeg
 3852   CD GLU A 509  9058  CD2 HIS B 555 aro
-3.281 12.110 -25.637 -4.704 16.110 -22.677  1.06
-3.759914 15.055445 -25.322814 
-3.415977 15.663190 -25.978746 
-1.845539 15.461359 -24.951024 
-2.097618 15.311666 -24.869922 
FEnd
FBeg
 3852   CD GLU A 509  9060  NE2 HIS B 555 aro
-3.281 12.110 -25.637 -4.532 14.782 -22.557  4.64
-2.097618 15.311666 -24.869922 
-3.759914 15.055445 -25.322814 
-5.217358 12.157064 -23.400343 
-5.128822 12.074290 -23.292574 
-3.479479 13.266336 -23.656800 
FEnd
FBeg
 3854  OE2 GLU A 509  9060  NE2 HIS B 555 hbd
-2.836 11.842 -24.499 -4.532 14.782 -22.557  1.18
-5.128822 12.074290 -23.292574 
-3.479479 13.266336 -23.656800 
-4.943203 11.498134 -22.258223 
FEnd
FBeg
 3854  OE2 GLU A 509  9059  CE1 HIS B 555 unk
-2.836 11.842 -24.499 -3.479 14.551 -21.747  18.52
-3.479479 13.266336 -23.656800 
-4.943203 11.498134 -22.258223 
-4.583386 10.596327 -21.286436 
-0.986754 10.481220 -20.332781 
0.023824 14.910067 -24.456307 
-0.159226 14.966601 -24.554728 
FEnd
FBeg
 3660  OD1 ASN A 486  9060  NE2 HIS B 555 hbd
-6.040 10.194 -24.842 -4.532 14.782 -22.557  4.76
-5.217358 12.157064 -23.400343 
-5.128822 12.074290 -23.292574 
-4.943203 11.498134 -22.258223 
-5.822071 11.252823 -21.185654 
-6.800715 12.006352 -22.052786 
-7.451396 12.677215 -22.970375 
-6.596331 12.877691 -23.937212 
FEnd
FBeg
 3852   CD GLU A 509  9059  CE1 HIS B 555 aro
-3.281 12.110 -25.637 -3.479 14.551 -21.747  2.99
-1.845539 15.461359 -24.951024 
-2.097618 15.311666 -24.869922 
-3.479479 13.266336 -23.656800 
-0.159226 14.966601 -24.554728 
-0.332715 15.075003 -24.631581 
-1.064829 15.362494 -24.849247 
FEnd
FBeg
 3853  OE1 GLU A 509  9060  NE2 HIS B 555 hbd
-4.422 12.569 -25.810 -4.532 14.782 -22.557  4.35
-6.596331 12.877691 -23.937212 
-5.217358 12.157064 -23.400343 
-3.759914 15.055445 -25.322814 
-4.936550 14.908488 -25.262628 
FEnd
FBeg
 3660  OD1 ASN A 486  8857  OD1 ASN B 531 hbd
-6.040 10.194 -24.842 -7.269 15.542 -24.820  3.67
-7.342287 12.713057 -25.587998 
-6.596331 12.877691 -23.937212 
-7.451396 12.677215 -22.970375 
-9.304784 12.257918 -24.580187 
FEnd
FBeg
 3853  OE1 GLU A 509  8856   CG ASN B 531 unk
-4.422 12.569 -25.810 -7.707 16.124 -25.812  3.85
-5.366831 14.688491 -27.442608 
-6.637631 13.515036 -25.969948 
-4.619652 15.379866 -25.766868 
-4.079644 15.878570 -26.281911 
-4.061741 15.894713 -26.994408 
-5.031991 14.997880 -27.478373 
FEnd
FBeg
 4021  ND2 ASN A 531  8856   CG ASN B 531 unk
-5.752 13.494 -30.260 -7.707 16.124 -25.812  0.22
-5.404262 15.497330 -27.937308 
-5.366831 14.688491 -27.442608 
-5.031991 14.997880 -27.478373 
-5.058322 15.210354 -27.615577 
FEnd
FBeg
 4019   CG ASN A 531  8858  ND2 ASN B 531 unk
-4.720 14.173 -30.764 -8.283 15.479 -26.823  0.95
-6.631581 16.333428 -29.323982 
-6.056632 16.768458 -28.948342 
-5.592459 16.402006 -28.407253 
-5.404262 15.497330 -27.937308 
FEnd
FBeg
 4019   CG ASN A 531  8690  OE1 GLU B 509 unk
-4.720 14.173 -30.764 -7.899 18.428 -30.826  2.07
-6.631581 16.333428 -29.323982 
-6.056632 16.768458 -28.948342 
-5.254297 17.368674 -28.895168 
-5.071353 17.497162 -29.457459 
-7.070213 15.985806 -30.690456 
FEnd
FBeg
 4020  OD1 ASN A 531  8690  OE1 GLU B 509 hbd
-4.852 15.050 -31.625 -7.899 18.428 -30.826  6.41
-5.071353 17.497162 -29.457459 
-7.070213 15.985806 -30.690456 
-7.922453 15.485012 -31.823241 
-6.981984 16.760894 -33.630897 
-5.060276 17.599182 -29.846537 
FEnd
FBeg
 4223  NE2 HIS A 555  8690  OE1 GLU B 509 hbd
-3.823 18.307 -32.869 -7.899 18.428 -30.826  4.96
-6.981984 16.760894 -33.630897 
-7.231813 18.614916 -34.239141 
-6.719121 18.683038 -33.220299 
-5.060276 17.599182 -29.846537 
FEnd
FBeg
 4223  NE2 HIS A 555  8689   CD GLU B 509 aro
-3.823 18.307 -32.869 -7.763 19.626 -30.508  6.12
-6.719121 18.683038 -33.220299 
-5.060276 17.599182 -29.846537 
-5.058271 17.599714 -29.843488 
-4.285192 19.274579 -29.489069 
-4.097756 20.314764 -29.757389 
FEnd
FBeg
 4223  NE2 HIS A 555  8691  OE2 GLU B 509 hbd
-3.823 18.307 -32.869 -7.255 20.461 -31.286  3.81
-7.231813 18.614916 -34.239141 
-6.719121 18.683038 -33.220299 
-4.097756 20.314764 -29.757389 
-3.840213 20.831407 -29.902029 
-7.279799 18.857939 -34.673859 
FEnd
FBeg
 4222  CE1 HIS A 555  8691  OE2 GLU B 509 unk
-3.440 19.378 -33.588 -7.255 20.461 -31.286  26.38
-3.840213 20.831407 -29.902029 
-7.279799 18.857939 -34.673859 
-7.686165 19.749172 -35.766601 
-7.236056 21.707476 -35.941961 
-6.786298 23.134060 -35.867748 
-3.228582 23.803932 -30.286855 
-3.373039 22.829270 -30.067717 
FEnd
FBeg
 4021  ND2 ASN A 531  8690  OE1 GLU B 509 hbd
-5.752 13.494 -30.260 -7.899 18.428 -30.826  2.79
-8.793961 15.279630 -30.307745 
-6.631581 16.333428 -29.323982 
-7.070213 15.985806 -30.690456 
-7.922453 15.485012 -31.823241 
-8.860229 15.226024 -30.523667 
FEnd
FBeg
 4021  ND2 ASN A 531  8673  OE1 GLN B 507 hbd
-5.752 13.494 -30.260 -11.358 12.906 -30.683  3.16
-8.860632 14.438204 -29.870886 
-8.872099 14.635628 -29.993350 
-8.884829 15.172385 -30.570769 
-8.506499 13.792878 -33.667142 
-8.494097 13.630854 -33.606286 
-8.813244 13.855911 -29.689493 
FEnd
FBeg
 3652  OE1 GLU A 485  8841  CE1 HIS B 529 unk
-5.669 7.076 -18.867 -10.361 10.388 -19.104  14.12
-9.779964 5.921361 -18.794893 
-9.695584 6.202980 -16.529878 
-8.756181 7.589524 -15.751148 
-6.969823 9.938696 -18.287587 
-8.767549 7.225121 -20.618524 
-9.287424 6.517603 -20.213636 
FEnd
FBeg
 3652  OE1 GLU A 485  8842  NE2 HIS B 529 hbd
-5.669 7.076 -18.867 -9.671 10.850 -20.174  8.99
-6.969823 9.938696 -18.287587 
-5.365516 11.284418 -19.314121 
-5.408006 10.728287 -20.789861 
-5.880540 10.129077 -21.073212 
-8.391856 7.552206 -20.824416 
-8.767549 7.225121 -20.618524 
FEnd
FBeg
 4041  CE1 PHE A 533  8880   CZ PHE B 533 aro
-0.485 17.136 -28.403 -2.403 19.069 -25.612  10.99
-3.685226 15.775994 -26.936391 
-4.279694 16.968464 -28.170800 
-3.814635 17.445685 -28.181722 
-0.143097 18.300209 -26.250438 
-0.918881 15.394545 -24.771149 
-1.064829 15.362494 -24.849247 
-3.324863 15.653941 -26.604215 
FEnd
FBeg
 4041  CE1 PHE A 533  8879  CE2 PHE B 533 aro
-0.485 17.136 -28.403 -1.569 19.387 -24.550  3.41
-0.143097 18.300209 -26.250438 
-0.918881 15.394545 -24.771149 
-0.610595 15.341141 -24.653217 
-0.222170 15.304895 -24.522762 
1.072492 18.503464 -26.027191 
1.072247 18.504582 -26.027913 
FEnd
FBeg
 4043   CZ PHE A 533  8879  CE2 PHE B 533 aro
-0.666 18.490 -28.658 -1.569 19.387 -24.550  1.17
1.072247 18.504582 -26.027913 
-0.143097 18.300209 -26.250438 
-0.287767 20.093619 -26.673837 
1.079669 18.521698 -26.030019 
FEnd
FBeg
 4042  CE2 PHE A 533  8879  CE2 PHE B 533 aro
0.419 19.286 -29.019 -1.569 19.387 -24.550  4.90
-0.287767 20.093619 -26.673837 
-0.587474 21.425409 -26.837259 
-0.585399 21.433469 -26.836518 
-0.571181 21.450949 -26.830588 
1.823869 21.143050 -25.758210 
2.059057 20.629688 -25.641986 
1.081008 18.522763 -26.029447 
1.079669 18.521698 -26.030019 
FEnd
FBeg
 4040  CD2 PHE A 533  8879  CE2 PHE B 533 aro
1.683 18.718 -29.121 -1.569 19.387 -24.550  1.61
2.059057 20.629688 -25.641986 
2.365763 19.678879 -25.284625 
2.368258 18.880429 -25.165991 
1.081008 18.522763 -26.029447 
FEnd
FBeg
 4042  CE2 PHE A 533  8878  CE1 PHE B 533 aro
0.419 19.286 -29.019 -3.351 19.983 -26.042  2.80
-0.587474 21.425409 -26.837259 
-0.585399 21.433469 -26.836518 
-2.877275 22.880417 -30.077665 
-2.957577 22.213721 -30.023266 
-1.000318 20.818134 -27.217894 
FEnd
FBeg
 4043   CZ PHE A 533  8878  CE1 PHE B 533 aro
-0.666 18.490 -28.658 -3.351 19.983 -26.042  11.52
-2.957577 22.213721 -30.023266 
-1.000318 20.818134 -27.217894 
-3.814635 17.445685 -28.181722 
-4.302843 17.301545 -28.600544 
-4.435241 17.565720 -28.887203 
-3.932957 19.786452 -29.639085 
-3.643046 20.763018 -29.898871 
FEnd
FBeg
 4042  CE2 PHE A 533  8880   CZ PHE B 533 aro
0.419 19.286 -29.019 -2.403 19.069 -25.612  0.48
-0.287767 20.093619 -26.673837 
-0.587474 21.425409 -26.837259 
-1.000318 20.818134 -27.217894 
FEnd
FBeg
 4038   CG PHE A 533  8879  CE2 PHE B 533 aro
1.880 17.362 -28.853 -1.569 19.387 -24.550  1.08
1.072492 18.503464 -26.027191 
1.072247 18.504582 -26.027913 
1.079669 18.521698 -26.030019 
1.081008 18.522763 -26.029447 
2.368258 18.880429 -25.165991 
2.111804 17.604989 -24.771323 
FEnd
FBeg
 4039  CD1 PHE A 533  8879  CE2 PHE B 533 aro
0.780 16.576 -28.505 -1.569 19.387 -24.550  5.03
-0.222170 15.304895 -24.522762 
1.072492 18.503464 -26.027191 
2.111804 17.604989 -24.771323 
1.342504 15.705885 -23.878455 
0.625981 15.374223 -24.068293 
FEnd
FBeg
 4043   CZ PHE A 533  8880   CZ PHE B 533 aro
-0.666 18.490 -28.658 -2.403 19.069 -25.612  6.50
-3.814635 17.445685 -28.181722 
-1.000318 20.818134 -27.217894 
-0.287767 20.093619 -26.673837 
-0.143097 18.300209 -26.250438 
FEnd
FBeg
 3466  NH2 ARG A 460  8658  OE1 GLN B 505 hbd
-12.920 5.086 -22.179 -15.719 9.405 -21.679  23.14
-15.518666 6.920144 -25.261509 
-12.018595 9.068640 -24.226816 
-11.841389 9.145646 -23.899996 
-12.173614 8.729531 -22.165391 
-12.749921 8.193533 -20.761607 
-13.836232 7.387363 -19.879083 
-16.423322 5.662054 -19.458389 
-16.503135 5.610855 -19.462925 
-16.284594 6.130917 -22.731829 
FEnd

+-+CCS_record::Boundary loops before union-find
Start boundary loop loop_id 0  init_edge IE_A_B
xyz -29.1274 -2.9268 -31.7786
xyz -28.2981 -3.29763 -31.4296
xyz -28.3651 -2.67057 -32.347
End loop
Boundary info init_edge IE_A_B [total exposed]: 3.071171 3.071171
Start boundary loop loop_id 1  init_edge IE_A_B
xyz -42.2532 -1.33743 -40.2338
xyz -39.5211 4.41179 -42.308
xyz -38.49 4.37008 -42.7905
xyz -38.4451 4.34223 -42.808
xyz -37.5074 3.68153 -42.4415
xyz -35.2395 0.0323663 -41.4452
xyz -34.8192 0.0835372 -41.4692
xyz -34.2293 0.098804 -41.4155
xyz -32.9535 1.36495 -41.8355
xyz -32.7861 1.51357 -41.8435
xyz -32.128 2.05673 -41.7647
xyz -31.79 2.0149 -40.8621
xyz -31.7285 1.84543 -40.263
xyz -30.9173 0.980493 -37.7454
xyz -31.0401 0.599987 -37.1279
xyz -30.9872 0.555983 -37.1307
xyz -30.652 0.356051 -36.9153
xyz -28.3922 0.311546 -37.4463
xyz -28.2511 0.472175 -37.7281
xyz -27.1333 1.3166 -38.3367
xyz -27.9845 2.66715 -39.477
xyz -26.5021 3.78361 -42.5895
xyz -25.3326 1.72629 -40.7263
xyz -25.2759 1.56612 -40.5471
xyz -25.014 1.57262 -40.4499
xyz -23.3186 2.09833 -40.2936
xyz -23.2916 2.3044 -40.4845
xyz -23.0238 3.48502 -41.1994
xyz -22.8018 3.97978 -41.1316
xyz -22.3327 4.63138 -40.45
xyz -21.9177 4.88623 -39.976
xyz -20.7025 5.16875 -37.8869
xyz -20.8948 8.33557 -38.0725
xyz -22.0858 7.25037 -35.7312
xyz -22.0537 7.43995 -35.6913
xyz -21.9031 7.34972 -34.9983
xyz -20.7681 7.87137 -34.8408
xyz -20.4288 8.7227 -37.725
xyz -17.8667 9.99097 -33.2258
xyz -17.9147 9.95131 -33.2293
xyz -17.277 9.49965 -32.1775
xyz -17.2762 9.48031 -32.1412
xyz -17.0233 9.70973 -32.0995
xyz -16.3527 9.61503 -31.7238
xyz -14.8988 7.97155 -30.3672
xyz -14.5158 7.0375 -29.821
xyz -14.5894 6.46254 -29.6416
xyz -14.6535 6.20623 -29.5774
xyz -15.5852 5.60649 -29.8237
xyz -15.5773 5.5837 -29.7647
xyz -15.6239 4.59864 -28.8066
xyz -15.4643 4.71895 -28.7523
xyz -14.9509 5.09177 -28.4735
xyz -14.9819 5.04276 -28.2958
xyz -17.776 2.35022 -24.9322
xyz -18.0981 2.11883 -25.1252
xyz -18.1794 2.49441 -28.3655
xyz -18.9823 1.4645 -28.5551
xyz -19.0868 1.26356 -28.1315
xyz -18.5214 1.5856 -25.2906
xyz -21.5707 2.70773 -26.1363
xyz -22.4115 1.33888 -24.9151
xyz -22.5297 1.20944 -24.8431
xyz -24.4036 -0.0509463 -23.9753
xyz -24.4321 -0.0583261 -23.9821
xyz -25.5526 0.178349 -25.1459
xyz -25.5926 0.198087 -25.2067
xyz -26.1971 -1.8661 -25.5716
xyz -26.2059 -1.89426 -25.5862
xyz -26.3088 -2.01121 -26.649
xyz -26.3631 -2.28508 -27.9553
xyz -26.3247 -2.37585 -28.0307
xyz -27.299 -3.33092 -29.4184
xyz -27.3867 -3.3678 -29.7481
xyz -27.4948 -4.92832 -30.6457
xyz -27.3327 -5.73453 -30.3203
xyz -27.1267 -6.06902 -30.4351
xyz -27.537 -6.65055 -31.1511
xyz -27.7788 -7.04283 -31.2474
xyz -27.2203 -6.32363 -29.799
xyz -27.4613 -6.50054 -28.7997
xyz -28.6376 -7.64079 -27.2934
xyz -29.3656 -8.40472 -27.069
xyz -30.007 -9.17784 -28.0887
xyz -30.0629 -9.68858 -28.2532
xyz -28.9737 -11.0512 -26.9778
xyz -29.6683 -12.8474 -26.7016
xyz -27.9796 -13.3351 -26.2598
xyz -28.3522 -14.4309 -27.1718
xyz -29.4987 -16.6846 -30.021
xyz -31.4414 -16.7902 -30.8112
xyz -32.617 -15.5681 -29.891
xyz -32.9403 -15.0252 -29.6713
xyz -33.9723 -15.4972 -30.1017
xyz -34.2391 -14.5591 -30.4757
xyz -34.3315 -14.4284 -30.7716
xyz -34.261 -12.7101 -32.1917
xyz -34.2203 -12.0604 -34.0354
xyz -34.1263 -11.8892 -34.1098
xyz -34.397 -11.8545 -34.2729
xyz -35.9086 -10.6522 -34.7818
xyz -36.3387 -8.62431 -34.2545
xyz -36.3678 -8.53401 -34.2843
xyz -36.6747 -8.63266 -36.0563
xyz -36.42 -8.35345 -36.6863
xyz -36.4034 -8.3372 -36.7066
xyz -36.3929 -8.17692 -36.8476
xyz -36.7145 -7.81216 -37.0366
xyz -37.0857 -7.70195 -36.9892
xyz -38.4 -5.76973 -37.0235
xyz -39.2336 -5.82809 -36.3991
xyz -42.2351 -4.08785 -39.1578
xyz -39.9159 -4.19047 -40.2147
xyz -40.5757 -3.10178 -41.1529
xyz -39.8451 -2.43846 -41.2372
xyz -39.7013 -2.35704 -41.3035
xyz -39.6478 -2.34219 -41.3122
xyz -39.6723 -2.34288 -41.3192
xyz -39.7013 -2.35704 -41.3035
xyz -39.8746 -2.38935 -41.2171
End loop
Boundary info init_edge IE_A_B [total exposed]: 162.191706 162.191706
Start boundary loop loop_id 2  init_edge IE_A_B
xyz -32.4099 -4.51657 -35.6603
xyz -32.4124 -4.51057 -35.669
xyz -32.4069 -4.51245 -35.6672
End loop
Boundary info init_edge IE_A_B [total exposed]: 0.025415 0.025415
Start boundary loop loop_id 3  init_edge IE_A_B
xyz -23.2379 3.03205 -28.3839
xyz -23.2571 3.0045 -28.3876
xyz -23.2197 3.00809 -28.3683
xyz -22.9785 2.92301 -28.0598
xyz -23.0765 2.90503 -28.3607
xyz -23.2197 3.00809 -28.3683
End loop
Boundary info init_edge IE_A_B [total exposed]: 1.004112 1.004112
Start boundary loop loop_id 4  init_edge IE_A_B
xyz -21.8716 2.45457 -36.2043
xyz -22.063 2.27634 -36.3312
xyz -22.1888 2.21788 -36.2167
End loop
Boundary info init_edge IE_A_B [total exposed]: 0.866425 0.866425
Start boundary loop loop_id 5  init_edge IE_A_B
xyz -43.7778 -6.2035 -38.2557
xyz -39.3218 -6.21885 -36.1395
xyz -38.2787 -7.40918 -36.285
xyz -38.1258 -8.24408 -36.663
xyz -37.5209 -8.05009 -36.5034
xyz -36.6747 -8.63266 -36.0563
xyz -35.8883 -11.0031 -35.1613
xyz -37.081 -12.5957 -35.1587
xyz -38.6436 -13.8863 -34.3564
xyz -39.5003 -14.3087 -34.1186
xyz -39.9652 -14.2605 -34.1862
xyz -39.9796 -14.3345 -34.1552
xyz -41.8954 -14.0825 -35.6729
xyz -43.8375 -12.8472 -37.7587
xyz -43.866 -12.1599 -38.1631
xyz -43.8357 -11.9153 -38.278
xyz -43.4527 -11.2012 -39.161
xyz -43.2699 -11.0058 -39.3406
xyz -43.3009 -10.7867 -39.4186
xyz -42.8769 -9.75804 -39.4408
xyz -41.292 -9.1326 -38.6524
xyz -42.8749 -8.27419 -38.9435
xyz -43.5474 -7.07329 -38.6156
End loop
Boundary info init_edge IE_A_B [total exposed]: 33.174145 33.174145
Start boundary loop loop_id 6  init_edge IE_A_B
xyz -44.3763 -14.158 -36.3783
xyz -44.9546 -16.173 -36.1541
xyz -45.2437 -16.4764 -36.1655
xyz -45.6561 -16.753 -36.209
xyz -45.8387 -17.2418 -36.4497
xyz -46.3805 -17.8307 -36.8985
xyz -47.8122 -18.9759 -37.958
xyz -54.2604 -12.9486 -39.2857
xyz -50.7039 -13.927 -37.8311
xyz -55.004 -9.66566 -39.5379
xyz -54.6196 -9.53357 -39.4753
xyz -47.4974 -10.0897 -37.7882
xyz -45.487 -11.1124 -37.1602
End loop
Boundary info init_edge IE_A_B [total exposed]: 39.244248 39.244248
Start boundary loop loop_id 7  init_edge IE_A_B
xyz -9.53725 12.4055 -34.3856
xyz -10.1768 11.7304 -34.3352
xyz -11.282 10.6523 -33.6357
xyz -12.8406 10.4065 -34.1876
xyz -13.0694 10.1983 -34.204
xyz -14.5498 8.54991 -32.1838
xyz -14.8988 7.97155 -30.3672
xyz -14.7935 7.72166 -27.9174
xyz -14.0039 8.2721 -26.673
xyz -14.1058 8.2994 -26.4391
xyz -14.1434 8.43897 -26.2446
xyz -13.265 10.6228 -26.2414
xyz -12.4029 11.212 -25.1822
xyz -11.4778 11.811 -24.6889
xyz -10.1751 12.6134 -24.7817
xyz -9.99199 12.5021 -24.6557
xyz -9.34379 12.2315 -24.6065
xyz -7.3825 12.187 -26.9459
xyz -7.34229 12.7131 -25.588
xyz -9.30478 12.2579 -24.5802
xyz -7.4514 12.6772 -22.9704
xyz -6.80072 12.0064 -22.0528
xyz -5.82207 11.2528 -21.1857
xyz -4.9432 11.4981 -22.2582
xyz -4.58339 10.5963 -21.2864
xyz -0.986754 10.4812 -20.3328
xyz 0.0238245 14.9101 -24.4563
xyz -0.159226 14.9666 -24.5547
xyz -0.332715 15.075 -24.6316
xyz -1.06483 15.3625 -24.8492
xyz -1.84554 15.4614 -24.951
xyz -3.41598 15.6632 -25.9787
xyz -4.07964 15.8786 -26.2819
xyz -4.06174 15.8947 -26.9944
xyz -5.03199 14.9979 -27.4784
xyz -5.05832 15.2104 -27.6156
xyz -5.40426 15.4973 -27.9373
xyz -5.59246 16.402 -28.4073
xyz -6.05663 16.7685 -28.9483
xyz -5.2543 17.3687 -28.8952
xyz -5.07135 17.4972 -29.4575
xyz -5.06028 17.5992 -29.8465
xyz -5.05827 17.5997 -29.8435
xyz -4.28519 19.2746 -29.4891
xyz -4.09776 20.3148 -29.7574
xyz -3.84021 20.8314 -29.902
xyz -3.37304 22.8293 -30.0677
xyz -3.22858 23.8039 -30.2869
xyz -6.7863 23.1341 -35.8677
xyz -7.23606 21.7075 -35.942
xyz -7.68616 19.7492 -35.7666
xyz -7.2798 18.8579 -34.6739
xyz -7.23181 18.6149 -34.2391
xyz -6.98198 16.7609 -33.6309
xyz -7.92245 15.485 -31.8232
xyz -8.86023 15.226 -30.5237
xyz -8.79396 15.2796 -30.3077
xyz -8.8721 14.6356 -29.9934
xyz -8.88483 15.1724 -30.5708
xyz -8.5065 13.7929 -33.6671
xyz -8.4941 13.6309 -33.6063
End loop
Boundary info init_edge IE_A_B [total exposed]: 89.673588 89.673588
Start boundary loop loop_id 8  init_edge IE_A_B
xyz -7.64169 12.5872 -27.9042
xyz -7.31289 12.2161 -27.1276
xyz -7.11877 12.3792 -27.399
End loop
Boundary info init_edge IE_A_B [total exposed]: 2.049154 2.049154
Start boundary loop loop_id 9  init_edge IE_A_B
xyz -8.86063 14.4382 -29.8709
xyz -8.71975 13.7467 -29.3678
xyz -8.81324 13.8559 -29.6895
End loop
Boundary info init_edge IE_A_B [total exposed]: 1.830705 1.830705
Start boundary loop loop_id 10  init_edge IE_A_B
xyz -9.69558 6.20298 -16.5299
xyz -8.75618 7.58952 -15.7511
xyz -6.96982 9.9387 -18.2876
xyz -5.36552 11.2844 -19.3141
xyz -5.40801 10.7283 -20.7899
xyz -5.88054 10.1291 -21.0732
xyz -8.39186 7.55221 -20.8244
xyz -8.76755 7.22512 -20.6185
xyz -9.28742 6.5176 -20.2136
xyz -9.77996 5.92136 -18.7949
End loop
Boundary info init_edge IE_A_B [total exposed]: 19.474614 19.474614
Start boundary loop loop_id 11  init_edge IE_A_B
xyz -4.27969 16.9685 -28.1708
xyz -3.81463 17.4457 -28.1817
xyz -4.30284 17.3015 -28.6005
xyz -4.43524 17.5657 -28.8872
xyz -3.93296 19.7865 -29.6391
xyz -3.64305 20.763 -29.8989
xyz -2.95758 22.2137 -30.0233
xyz -2.87727 22.8804 -30.0777
xyz -0.585399 21.4335 -26.8365
xyz -0.571181 21.4509 -26.8306
xyz 1.82387 21.143 -25.7582
xyz 2.05906 20.6297 -25.642
xyz 2.36576 19.6789 -25.2846
xyz 2.36826 18.8804 -25.166
xyz 2.1118 17.605 -24.7713
xyz 1.3425 15.7059 -23.8785
xyz 0.625981 15.3742 -24.0683
xyz -0.22217 15.3049 -24.5228
xyz -0.610595 15.3411 -24.6532
xyz -0.918881 15.3945 -24.7711
xyz -1.06483 15.3625 -24.8492
xyz -3.32486 15.6539 -26.6042
xyz -3.68523 15.776 -26.9364
End loop
Boundary info init_edge IE_A_B [total exposed]: 28.288093 28.288093
Start boundary loop loop_id 12  init_edge IE_A_B
xyz -12.0186 9.06864 -24.2268
xyz -11.8414 9.14565 -23.9
xyz -12.1736 8.72953 -22.1654
xyz -12.7499 8.19353 -20.7616
xyz -13.8362 7.38736 -19.8791
xyz -16.4233 5.66205 -19.4584
xyz -16.5031 5.61085 -19.4629
xyz -16.2846 6.13092 -22.7318
xyz -15.5187 6.92014 -25.2615
End loop
Boundary info init_edge IE_A_B [total exposed]: 18.962430 18.962430
