Begin VSO per interface edge
140 694  1
140 695  2
154 694  1
163 695  2
164 695  1
165 695  2
165 696  3
167 696  3
170 695  1
171 695  2
171 696  3
172 683  2
172 688  1
172 693  1
172 695  2
172 696  2
174 688  1
174 706  1
178 695  3
178 696  4
179 677  4
179 683  3
179 687  3
179 696  3
180 677  5
180 696  4
181 696  4
182 670  3
182 677  4
183 670  3
183 677  3
183 683  2
183 687  2
183 688  1
183 689  2
184 687  2
184 688  1
184 689  1
185 670  2
185 671  2
185 673  1
185 687  3
185 689  2
186 673  1
187 670  3
187 677  4
188 677  4
189 670  3
190 660  2
190 666  3
190 670  3
190 674  2
190 675  3
190 677  3
190 678  2
190 679  1
191 677  4
191 678  3
191 680  4
191 696  3
192 678  2
192 679  2
192 681  1
194 678  3
194 680  3
194 681  2
196 660  3
196 666  4
196 679  2
199 652  3
199 655  3
199 659  4
199 660  4
199 666  4
199 669  4
199 670  3
201 655  3
201 656  2
201 670  3
201 671  3
202 655  2
202 656  1
203 656  1
203 670  3
203 671  2
203 673  2
204 660  4
204 661  4
205 658  6
205 660  5
205 661  5
207 649  4
207 652  3
207 657  4
207 658  5
207 660  4
207 661  4
208 661  4
208 977  4
208 978  3
208 979  4
209 659  3
209 660  3
209 661  3
209 662  2
209 664  3
209 679  2
209 681  1
209 956  2
209 957  3
209 979  3
210 975  4
210 976  3
210 977  4
210 979  4
211 681  2
213 642  2
213 649  3
213 652  2
216 652  2
217 649  3
217 652  2
217 654  2
217 655  2
218 642  1
218 644  1
218 649  2
218 652  1
219 652  2
219 654  1
219 655  1
221 975  3
221 977  3
223 642  1
224 974  1
224 975  2
224 977  2
224 978  1
224 980  1
225 610  1
225 633  2
225 634  1
225 635  2
225 640  1
225 641  2
225 642  2
225 811  1
225 978  2
226 633  3
226 635  3
226 637  3
226 638  4
226 641  3
226 642  2
226 649  3
226 657  4
226 661  3
226 977  3
226 978  2
230 811  1
230 812  1
233 812  1
236 811  1
236 812  1
286 975  3
286 980  2
286 981  2
286 982  1
287 981  2
287 982  2
287 983  1
287 989  1
287 990  1
288 975  3
288 976  3
288 977  4
288 980  3
288 981  2
305 976  2
305 981  1
305 985  1
341 695  1
341 700  1
342 700  1
420 981  1
420 982  1
420 983  1
430 995  1
465 985  1
486 681  3
486 958  2
487 958  2
488 681  2
488 958  1
489 955  1
489 958  2
490 681  2
490 956  3
490 958  3
492 952  2
492 953  2
492 954  2
492 955  1
492 956  2
492 958  2
492 959  1
492 960  1
492 976  2
492 979  3
492 985  1
493 958  1
494 958  1
497 966  1
499 966  1
509 757  3
509 758  2
510 680  3
510 681  2
510 757  3
510 775  2
510 958  1
511 680  4
511 681  3
512 680  3
512 690  3
512 691  2
512 694  1
512 695  2
512 696  2
512 757  3
512 758  2
513 680  4
513 694  2
513 695  3
513 696  3
514 694  1
514 758  1
515 756  2
515 757  3
515 758  2
515 886  2
516 758  2
516 886  1
517 756  1
517 758  1
517 886  1
518 757  2
518 773  1
518 775  1
518 883  1
518 885  1
518 886  1
End VSO per interface edge

Voronoi Facets of interface MI_AB
FBeg
  179   CA LYS A  26   677    O ILE B  29 unk
53.692 -2.941 9.427 53.620 -2.093 12.754  3.23
54.539442 -1.347535 11.240290 
54.065483 -1.100329 11.167024 
53.235315 -1.144083 11.160211 
53.060437 -2.325398 11.457525 
53.586769 -3.748949 11.831756 
54.638744 -2.909095 11.640456 
54.621592 -1.433047 11.263864 
FEnd
FBeg
  179   CA LYS A  26   687  CG1 ILE B  30 ali
53.692 -2.941 9.427 56.330 0.307 12.016  0.01
54.621592 -1.433047 11.263864 
54.717955 -1.461244 11.201050 
54.539442 -1.347535 11.240290 
FEnd
FBeg
  183   CG LYS A  26   687  CG1 ILE B  30 ali
54.909 -0.803 8.768 56.330 0.307 12.016  6.61
54.717955 -1.461244 11.201050 
54.539442 -1.347535 11.240290 
53.428722 -0.077396 11.292162 
53.444694 -0.052038 11.276508 
55.311754 0.900511 10.134137 
55.948681 0.816301 9.884260 
57.117194 0.018712 9.645610 
55.970735 -1.671786 10.724912 
FEnd
FBeg
  183   CG LYS A  26   683   CA ILE B  30 ali
54.909 -0.803 8.768 56.344 -1.982 13.065  0.51
55.970735 -1.671786 10.724912 
54.717955 -1.461244 11.201050 
55.947634 -2.364144 10.542659 
56.047822 -2.312582 10.523348 
FEnd
FBeg
  172    O GLU A  25   683   CA ILE B  30 unk
56.409 -3.594 9.098 56.344 -1.982 13.065  0.38
55.947634 -2.364144 10.542659 
56.047822 -2.312582 10.523348 
56.695642 -3.194058 10.892153 
55.825636 -3.001164 10.799515 
FEnd
FBeg
  172    O GLU A  25   696   CD PRO B  31 unk
56.409 -3.594 9.098 55.767 -4.826 12.562  1.98
56.695642 -3.194058 10.892153 
55.825636 -3.001164 10.799515 
55.677164 -3.513294 10.589854 
56.579845 -4.532907 10.394519 
57.872157 -4.170282 10.763000 
57.871862 -4.018295 10.817001 
FEnd
FBeg
  172    O GLU A  25   693    O PRO B  31 unk
56.409 -3.594 9.098 59.448 -4.735 12.326  2.28
57.872157 -4.170282 10.763000 
58.521567 -5.437504 9.703689 
59.221540 -5.156465 9.144038 
59.312182 -3.793195 9.540578 
57.871862 -4.018295 10.817001 
FEnd
FBeg
  172    O GLU A  25   695   CG PRO B  31 unk
56.409 -3.594 9.098 56.278 -6.138 12.061  1.60
56.579845 -4.532907 10.394519 
57.543590 -5.267094 9.806762 
58.521567 -5.437504 9.703689 
57.872157 -4.170282 10.763000 
FEnd
FBeg
  170   CA GLU A  25   695   CG PRO B  31 ali
55.938 -5.394 7.605 56.278 -6.138 12.061  3.32
57.543590 -5.267094 9.806762 
58.521567 -5.437504 9.703689 
58.938404 -6.344706 9.520411 
58.228851 -6.773464 9.502964 
56.064194 -6.410054 9.728807 
55.431266 -5.997765 9.845939 
FEnd
FBeg
  163    C LEU A  24   695   CG PRO B  31 ali
54.747 -7.413 8.276 56.278 -6.138 12.061  2.06
56.064194 -6.410054 9.728807 
54.787906 -7.659287 10.665866 
54.164601 -5.815649 10.296948 
54.429596 -5.766188 10.173098 
55.431266 -5.997765 9.845939 
FEnd
FBeg
  178    N LYS A  26   695   CG PRO B  31 unk
54.250 -3.989 8.580 56.278 -6.138 12.061  0.20
54.164601 -5.815649 10.296948 
53.888384 -5.645487 10.562919 
54.525653 -5.329905 10.386476 
54.429596 -5.766188 10.173098 
FEnd
FBeg
  178    N LYS A  26   696   CD PRO B  31 unk
54.250 -3.989 8.580 55.767 -4.826 12.562  0.20
53.888384 -5.645487 10.562919 
54.525653 -5.329905 10.386476 
54.600415 -4.952121 10.437403 
53.770930 -5.547950 10.628166 
53.774668 -5.586426 10.618655 
FEnd
FBeg
  165   CB LEU A  24   696   CD PRO B  31 ali
52.604 -7.916 9.383 55.767 -4.826 12.562  0.76
53.774668 -5.586426 10.618655 
53.888384 -5.645487 10.562919 
53.191296 -6.498423 12.085556 
53.015003 -6.329619 12.096884 
52.874426 -6.178317 12.089687 
52.848263 -5.890821 11.836271 
FEnd
FBeg
  167  CD1 LEU A  24   696   CD PRO B  31 ali
50.411 -7.287 10.323 55.767 -4.826 12.562  0.12
52.874426 -6.178317 12.089687 
52.725876 -5.948283 12.192196 
52.596850 -5.734984 12.266398 
52.618559 -5.694250 12.169692 
52.848263 -5.890821 11.836271 
FEnd
FBeg
  191   CB LEU A  27   696   CD PRO B  31 ali
49.995 -3.763 11.714 55.767 -4.826 12.562  0.58
52.596850 -5.734984 12.266398 
52.653423 -4.923665 12.898346 
52.753323 -4.470737 12.786128 
52.812914 -4.401524 12.467279 
52.693599 -5.334506 12.109877 
52.618559 -5.694250 12.169692 
FEnd
FBeg
  180    C LYS A  26   696   CD PRO B  31 ali
52.295 -3.345 9.855 55.767 -4.826 12.562  2.11
52.812914 -4.401524 12.467279 
53.586769 -3.748949 11.831756 
53.739936 -5.503862 10.675189 
52.693599 -5.334506 12.109877 
FEnd
FBeg
  191   CB LEU A  27   677    O ILE B  29 unk
49.995 -3.763 11.714 53.620 -2.093 12.754  1.48
52.753323 -4.470737 12.786128 
52.812914 -4.401524 12.467279 
52.367039 -3.251216 12.174281 
51.963869 -2.539917 12.437380 
51.715517 -2.228101 12.802323 
51.704240 -2.240661 12.861801 
52.360773 -3.788073 13.058190 
FEnd
FBeg
  191   CB LEU A  27   678   CB ILE B  29 ali
49.995 -3.763 11.714 52.276 -2.333 15.356  4.16
51.704240 -2.240661 12.861801 
50.229366 -2.230971 13.781716 
50.564762 -4.046143 14.284368 
50.988350 -4.575969 14.227105 
52.360773 -3.788073 13.058190 
FEnd
FBeg
  194  CD2 LEU A  27   678   CB ILE B  29 ali
48.450 -5.152 13.137 52.276 -2.333 15.356  0.44
50.564762 -4.046143 14.284368 
50.988350 -4.575969 14.227105 
50.701952 -4.655697 14.822196 
50.215125 -3.827691 14.609692 
FEnd
FBeg
  194  CD2 LEU A  27   681  CD1 ILE B  29 ali
48.450 -5.152 13.137 50.502 -2.931 17.090  4.54
50.701952 -4.655697 14.822196 
50.215125 -3.827691 14.609692 
48.170355 -3.161107 15.296609 
48.033019 -3.386469 15.494520 
49.247987 -5.238813 15.904574 
50.247928 -5.752206 15.673955 
50.749510 -5.298793 15.158834 
FEnd
FBeg
  511   CB VAL A  68   681  CD1 ILE B  29 ali
53.000 -7.319 15.660 50.502 -2.931 17.090  1.93
50.247928 -5.752206 15.673955 
50.749510 -5.298793 15.158834 
51.871815 -5.338829 17.242186 
51.438479 -5.658323 17.465592 
50.608221 -5.878389 16.690529 
FEnd
FBeg
  488    O LEU A  65   681  CD1 ILE B  29 unk
50.249 -7.351 18.616 50.502 -2.931 17.090  2.00
51.438479 -5.658323 17.465592 
51.485640 -5.066022 19.188989 
49.986704 -5.516399 17.635976 
50.608221 -5.878389 16.690529 
FEnd
FBeg
  488    O LEU A  65   958  CD2 LEU B  65 unk
50.249 -7.351 18.616 48.512 -4.032 19.330  6.25
51.485640 -5.066022 19.188989 
49.986704 -5.516399 17.635976 
49.752821 -5.724712 18.035328 
49.693945 -6.374832 20.914150 
50.929412 -5.934728 21.873958 
51.655212 -5.193884 20.195879 
FEnd
FBeg
  510    O VAL A  68   958  CD2 LEU B  65 unk
53.586 -6.351 18.181 48.512 -4.032 19.330  0.48
51.655212 -5.193884 20.195879 
51.485640 -5.066022 19.188989 
51.874472 -4.519503 19.803049 
51.923009 -4.611585 20.203237 
FEnd
FBeg
  510    O VAL A  68   775  CD1 ILE B  41 unk
53.586 -6.351 18.181 53.955 -1.867 19.168  3.57
51.874472 -4.519503 19.803049 
51.923009 -4.611585 20.203237 
54.627612 -4.589259 19.090665 
54.687888 -4.336398 17.919371 
52.685182 -4.260497 18.323279 
FEnd
FBeg
  510    O VAL A  68   680  CG2 ILE B  29 unk
53.586 -6.351 18.181 53.181 -3.494 15.636  4.07
54.687888 -4.336398 17.919371 
55.242199 -4.921832 17.173956 
53.527338 -5.419389 16.888297 
51.871815 -5.338829 17.242186 
52.685182 -4.260497 18.323279 
FEnd
FBeg
  512  CG1 VAL A  68   680  CG2 ILE B  29 ali
54.194 -6.634 15.024 53.181 -3.494 15.636  9.96
55.242199 -4.921832 17.173956 
53.527338 -5.419389 16.888297 
51.951154 -5.362989 13.989980 
51.977562 -5.253118 13.469971 
52.653423 -4.923665 12.898346 
55.400174 -4.447700 15.002807 
55.908731 -4.447527 15.843695 
56.042048 -4.475854 16.209703 
FEnd
FBeg
  512  CG1 VAL A  68   757  CG1 VAL B  39 ali
54.194 -6.634 15.024 57.308 -3.778 18.928  0.44
56.042048 -4.475854 16.209703 
55.242199 -4.921832 17.173956 
55.379511 -5.133651 17.219389 
55.529455 -5.258702 17.191269 
56.135521 -4.682285 16.286161 
FEnd
FBeg
  512  CG1 VAL A  68   758  CG2 VAL B  39 ali
54.194 -6.634 15.024 58.179 -5.928 18.142  2.86
55.529455 -5.258702 17.191269 
56.309484 -7.270235 16.649809 
56.837554 -8.156892 16.175665 
56.749031 -6.858564 15.994826 
56.135521 -4.682285 16.286161 
FEnd
FBeg
  512  CG1 VAL A  68   694   CB PRO B  31 ali
54.194 -6.634 15.024 56.964 -6.690 13.266  9.58
56.837554 -8.156892 16.175665 
56.746877 -8.537513 16.044914 
56.637790 -8.665103 15.877094 
54.786399 -9.079203 12.973134 
54.627727 -8.781685 12.713644 
55.201444 -6.269990 13.537615 
55.795295 -5.543975 14.450191 
56.749031 -6.858564 15.994826 
FEnd
FBeg
  512  CG1 VAL A  68   695   CG PRO B  31 ali
54.194 -6.634 15.024 56.278 -6.138 12.061  3.10
54.627727 -8.781685 12.713644 
53.267996 -6.689892 12.107451 
53.191296 -6.498423 12.085556 
55.201444 -6.269990 13.537615 
FEnd
FBeg
  513  CG2 VAL A  68   695   CG PRO B  31 ali
52.183 -8.058 14.621 56.278 -6.138 12.061  0.68
54.627727 -8.781685 12.713644 
53.267996 -6.689892 12.107451 
54.095388 -8.428749 12.126812 
54.638343 -8.860568 12.671464 
FEnd
FBeg
  140    O PRO A  21   695   CG PRO B  31 unk
53.753 -10.781 10.897 56.278 -6.138 12.061  1.93
54.095388 -8.428749 12.126812 
54.881328 -8.617220 11.173697 
56.428812 -9.504757 11.357063 
54.638343 -8.860568 12.671464 
FEnd
FBeg
  140    O PRO A  21   694   CB PRO B  31 unk
53.753 -10.781 10.897 56.964 -6.690 13.266  0.82
56.428812 -9.504757 11.357063 
54.638343 -8.860568 12.671464 
54.769669 -9.094946 12.898208 
56.684832 -9.762731 11.455539 
56.705645 -9.704401 11.326600 
FEnd
FBeg
  513  CG2 VAL A  68   694   CB PRO B  31 ali
52.183 -8.058 14.621 56.964 -6.690 13.266  0.03
54.786399 -9.079203 12.973134 
54.627727 -8.781685 12.713644 
54.638343 -8.860568 12.671464 
54.769669 -9.094946 12.898208 
FEnd
FBeg
  154  NH2 ARG A  22   694   CB PRO B  31 unk
56.240 -11.132 14.361 56.964 -6.690 13.266  15.66
56.637790 -8.665103 15.877094 
54.786399 -9.079203 12.973134 
54.769669 -9.094946 12.898208 
56.684832 -9.762731 11.455539 
57.513540 -9.924096 11.348870 
59.018224 -9.966927 12.170001 
59.452896 -9.716780 13.472152 
59.305879 -9.548322 14.058318 
58.715628 -9.012566 15.841408 
57.191625 -8.683244 16.169694 
56.783383 -8.651387 16.029001 
FEnd
FBeg
  514    N SER A  69   694   CB PRO B  31 unk
55.016 -8.061 18.608 56.964 -6.690 13.266  0.12
56.837554 -8.156892 16.175665 
56.746877 -8.537513 16.044914 
56.783383 -8.651387 16.029001 
57.191625 -8.683244 16.169694 
FEnd
FBeg
  514    N SER A  69   758  CG2 VAL B  39 unk
55.016 -8.061 18.608 58.179 -5.928 18.142  4.00
56.309484 -7.270235 16.649809 
56.837554 -8.156892 16.175665 
57.191625 -8.683244 16.169694 
58.002848 -9.677975 17.122780 
57.848661 -9.383317 17.424948 
57.482941 -8.742361 17.876421 
56.017399 -6.627279 17.610241 
FEnd
FBeg
  515   CA SER A  69   758  CG2 VAL B  39 ali
55.679 -7.456 19.765 58.179 -5.928 18.142  8.16
57.482941 -8.742361 17.876421 
57.909168 -6.679790 20.474804 
57.981868 -6.140878 21.094155 
57.327419 -5.730015 20.472883 
55.585936 -5.525303 17.983108 
56.017399 -6.627279 17.610241 
FEnd
FBeg
  515   CA SER A  69   757  CG1 VAL B  39 ali
55.679 -7.456 19.765 57.308 -3.778 18.928  3.07
57.327419 -5.730015 20.472883 
55.585936 -5.525303 17.983108 
55.350457 -5.373701 18.190988 
55.021896 -5.083278 18.827728 
57.003827 -5.425843 21.179712 
57.533953 -5.659725 21.183724 
FEnd
FBeg
  515   CA SER A  69   886   CB PRO B  56 ali
55.679 -7.456 19.765 57.540 -3.186 22.784  0.52
57.003827 -5.425843 21.179712 
57.336006 -6.128243 21.968406 
57.937289 -6.015587 21.438419 
57.957629 -5.997699 21.400581 
57.533953 -5.659725 21.183724 
FEnd
FBeg
  517    O SER A  69   886   CB PRO B  56 unk
57.754 -8.468 20.402 57.540 -3.186 22.784  1.85
57.937289 -6.015587 21.438419 
57.957629 -5.997699 21.400581 
59.722280 -6.143252 21.881877 
59.666933 -6.338735 22.310380 
58.062729 -6.691578 22.948674 
FEnd
FBeg
  517    O SER A  69   756   CB VAL B  39 unk
57.754 -8.468 20.402 58.555 -4.570 18.644  3.21
57.957629 -5.997699 21.400581 
59.722280 -6.143252 21.881877 
61.520979 -6.504387 21.900679 
61.553328 -6.688696 21.506752 
61.300913 -6.953120 20.805438 
57.981868 -6.140878 21.094155 
FEnd
FBeg
  516    C SER A  69   886   CB PRO B  56 ali
56.509 -8.527 20.479 57.540 -3.186 22.784  1.34
57.336006 -6.128243 21.968406 
57.937289 -6.015587 21.438419 
58.062729 -6.691578 22.948674 
57.004225 -6.735532 23.523980 
FEnd
FBeg
  518   CB SER A  69   886   CB PRO B  56 ali
54.638 -6.867 20.728 57.540 -3.186 22.784  6.63
57.003827 -5.425843 21.179712 
57.336006 -6.128243 21.968406 
57.004225 -6.735532 23.523980 
56.945094 -6.716611 23.573565 
55.147580 -4.882367 22.826742 
54.594935 -3.803180 21.674646 
54.683921 -3.810477 21.562108 
55.159391 -3.903149 21.056910 
FEnd
FBeg
  518   CB SER A  69   773  CG1 ILE B  41 ali
54.638 -6.867 20.728 54.477 -0.949 20.217  0.09
54.594935 -3.803180 21.674646 
54.683921 -3.810477 21.562108 
53.765319 -3.797014 22.007439 
53.879193 -3.785226 22.108089 
FEnd
FBeg
  518   CB SER A  69   883   CA PRO B  56 ali
54.638 -6.867 20.728 56.620 -2.549 23.822  1.19
55.147580 -4.882367 22.826742 
54.594935 -3.803180 21.674646 
53.879193 -3.785226 22.108089 
53.782131 -4.121408 22.639444 
FEnd
FBeg
  518   CB SER A  69   885    O PRO B  56 unk
54.638 -6.867 20.728 55.504 -4.235 25.108  12.39
56.945094 -6.716611 23.573565 
55.147580 -4.882367 22.826742 
53.782131 -4.121408 22.639444 
52.433351 -5.455678 23.707901 
52.562480 -5.923501 23.963491 
53.755223 -7.704893 24.798127 
54.549673 -8.194841 24.935468 
56.529464 -7.347247 24.034699 
56.845170 -6.945870 23.731086 
FEnd
FBeg
  518   CB SER A  69   757  CG1 VAL B  39 ali
54.638 -6.867 20.728 57.308 -3.778 18.928  3.62
55.021896 -5.083278 18.827728 
57.003827 -5.425843 21.179712 
55.159391 -3.903149 21.056910 
54.627612 -4.589259 19.090665 
FEnd
FBeg
  515   CA SER A  69   756   CB VAL B  39 ali
55.679 -7.456 19.765 58.555 -4.570 18.644  0.35
57.981868 -6.140878 21.094155 
57.327419 -5.730015 20.472883 
57.533953 -5.659725 21.183724 
57.957629 -5.997699 21.400581 
FEnd
FBeg
  516    C SER A  69   758  CG2 VAL B  39 ali
56.509 -8.527 20.479 58.179 -5.928 18.142  0.85
57.848661 -9.383317 17.424948 
57.909168 -6.679790 20.474804 
57.482941 -8.742361 17.876421 
FEnd
FBeg
  517    O SER A  69   758  CG2 VAL B  39 unk
57.754 -8.468 20.402 58.179 -5.928 18.142  17.30
58.002848 -9.677975 17.122780 
59.518296 -10.102792 16.930315 
61.912545 -8.539707 19.137302 
61.870856 -8.254292 19.450239 
61.300913 -6.953120 20.805438 
57.981868 -6.140878 21.094155 
57.909168 -6.679790 20.474804 
57.848661 -9.383317 17.424948 
FEnd
FBeg
  509    C VAL A  68   758  CG2 VAL B  39 ali
54.036 -7.474 17.917 58.179 -5.928 18.142  1.37
55.529455 -5.258702 17.191269 
56.309484 -7.270235 16.649809 
56.017399 -6.627279 17.610241 
55.585936 -5.525303 17.983108 
FEnd
FBeg
  509    C VAL A  68   757  CG1 VAL B  39 ali
54.036 -7.474 17.917 57.308 -3.778 18.928  0.23
55.379511 -5.133651 17.219389 
55.529455 -5.258702 17.191269 
55.585936 -5.525303 17.983108 
55.350457 -5.373701 18.190988 
FEnd
FBeg
  512  CG1 VAL A  68   691   CA PRO B  31 ali
54.194 -6.634 15.024 57.717 -5.481 13.830  2.77
55.908731 -4.447527 15.843695 
56.042048 -4.475854 16.209703 
56.135521 -4.682285 16.286161 
56.749031 -6.858564 15.994826 
55.795295 -5.543975 14.450191 
55.737253 -4.963893 14.839099 
FEnd
FBeg
  512  CG1 VAL A  68   690    N PRO B  31 unk
54.194 -6.634 15.024 56.895 -4.352 13.390  0.31
55.400174 -4.447700 15.002807 
55.908731 -4.447527 15.843695 
55.737253 -4.963893 14.839099 
FEnd
FBeg
  513  CG2 VAL A  68   680  CG2 ILE B  29 ali
52.183 -8.058 14.621 53.181 -3.494 15.636  0.40
51.951154 -5.362989 13.989980 
50.992491 -5.313118 14.708337 
51.347668 -5.228805 13.979992 
51.977562 -5.253118 13.469971 
FEnd
FBeg
  510    O VAL A  68   757  CG1 VAL B  39 unk
53.586 -6.351 18.181 57.308 -3.778 18.928  1.55
54.627612 -4.589259 19.090665 
55.021896 -5.083278 18.827728 
55.350457 -5.373701 18.190988 
55.379511 -5.133651 17.219389 
55.242199 -4.921832 17.173956 
54.687888 -4.336398 17.919371 
FEnd
FBeg
  518   CB SER A  69   775  CD1 ILE B  41 ali
54.638 -6.867 20.728 53.955 -1.867 19.168  6.37
51.923009 -4.611585 20.203237 
54.627612 -4.589259 19.090665 
55.159391 -3.903149 21.056910 
54.683921 -3.810477 21.562108 
53.765319 -3.797014 22.007439 
51.850073 -4.367221 21.018389 
FEnd
FBeg
  494   CA LYS A  66   958  CD2 LEU B  65 ali
49.635 -9.385 20.339 48.512 -4.032 19.330  3.75
49.693945 -6.374832 20.914150 
50.929412 -5.934728 21.873958 
50.882393 -5.887829 22.175100 
48.164206 -6.398946 22.488792 
48.111168 -6.411589 22.480745 
47.600797 -6.695253 21.543875 
48.215490 -6.656619 21.064693 
FEnd
FBeg
  493    N LYS A  66   958  CD2 LEU B  65 unk
48.770 -8.906 19.268 48.512 -4.032 19.330  0.18
47.600797 -6.695253 21.543875 
47.508158 -6.697722 21.352492 
47.917084 -6.670332 20.901002 
48.215490 -6.656619 21.064693 
FEnd
FBeg
  489   CB LEU A  65   958  CD2 LEU B  65 ali
47.090 -6.621 17.885 48.512 -4.032 19.330  6.05
47.508158 -6.697722 21.352492 
46.745292 -4.976068 19.018536 
46.900664 -4.885662 18.703657 
48.958669 -5.199546 17.240794 
49.002249 -5.972545 18.582887 
47.917084 -6.670332 20.901002 
FEnd
FBeg
  490   CG LEU A  65   958  CD2 LEU B  65 ali
46.570 -5.547 16.923 48.512 -4.032 19.330  3.51
46.900664 -4.885662 18.703657 
47.039273 -4.086097 18.088569 
47.749816 -3.048093 16.861958 
49.112751 -5.109284 17.059667 
48.958669 -5.199546 17.240794 
FEnd
FBeg
  490   CG LEU A  65   956   CG LEU B  65 ali
46.570 -5.547 16.923 47.460 -2.981 19.610  0.65
47.039273 -4.086097 18.088569 
47.749816 -3.048093 16.861958 
47.600176 -2.811943 16.686007 
47.123038 -2.839982 16.870823 
FEnd
FBeg
  492  CD2 LEU A  65   956   CG LEU B  65 ali
45.365 -4.865 17.538 47.460 -2.981 19.610  3.63
47.123038 -2.839982 16.870823 
47.039273 -4.086097 18.088569 
46.742251 -4.584029 18.841639 
45.197114 -2.246851 18.278811 
45.182554 -2.181970 18.234538 
45.302960 -2.084691 18.024343 
FEnd
FBeg
  492  CD2 LEU A  65   979  CG2 VAL B  68 ali
45.365 -4.865 17.538 43.585 0.024 18.781  1.55
45.182554 -2.181970 18.234538 
45.302960 -2.084691 18.024343 
43.871063 -2.384439 17.152814 
43.527924 -2.515645 17.177495 
43.413666 -2.729505 17.855037 
44.304061 -2.566198 18.487777 
FEnd
FBeg
  492  CD2 LEU A  65   954    O LEU B  65 unk
45.365 -4.865 17.538 43.079 -2.719 20.201  3.08
43.413666 -2.729505 17.855037 
42.458830 -3.709077 17.824773 
42.578127 -5.112055 19.057782 
42.754051 -5.062202 19.168626 
44.280550 -2.725188 18.595717 
44.304061 -2.566198 18.487777 
FEnd
FBeg
  492  CD2 LEU A  65   953    C LEU B  65 ali
45.365 -4.865 17.538 43.921 -3.066 21.029  3.25
42.754051 -5.062202 19.168626 
43.901858 -5.683706 19.963676 
44.301912 -5.640195 20.106730 
44.500804 -3.265071 18.965038 
44.280550 -2.725188 18.595717 
FEnd
FBeg
  492  CD2 LEU A  65   959    N LYS B  66 unk
45.365 -4.865 17.538 43.666 -3.927 22.004  0.33
43.901858 -5.683706 19.963676 
44.326282 -6.541639 20.305332 
44.596860 -6.490428 20.397512 
44.301912 -5.640195 20.106730 
FEnd
FBeg
  492  CD2 LEU A  65   960   CA LYS B  66 ali
45.365 -4.865 17.538 42.343 -4.513 22.176  3.12
42.578127 -5.112055 19.057782 
42.356880 -6.510287 19.019742 
43.013629 -6.969284 19.482498 
43.870446 -7.076688 20.048929 
44.326282 -6.541639 20.305332 
43.901858 -5.683706 19.963676 
42.754051 -5.062202 19.168626 
FEnd
FBeg
  492  CD2 LEU A  65   985   OG SER B  69 unk
45.365 -4.865 17.538 40.091 -4.069 18.954  4.92
42.458830 -3.709077 17.824773 
42.094144 -3.908002 16.578296 
41.920733 -5.021974 16.558628 
42.053964 -6.173765 17.702334 
42.356880 -6.510287 19.019742 
42.578127 -5.112055 19.057782 
FEnd
FBeg
  305  CD1 ILE A  41   985   OG SER B  69 unk
41.546 -4.192 13.092 40.091 -4.069 18.954  3.56
42.094144 -3.908002 16.578296 
41.920733 -5.021974 16.558628 
39.952698 -5.575838 16.081766 
39.527068 -4.953352 15.963059 
39.554290 -4.649402 15.963438 
39.678759 -4.451818 15.990187 
41.109462 -3.466306 16.324621 
FEnd
FBeg
  305  CD1 ILE A  41   976    O VAL B  68 unk
41.546 -4.192 13.092 41.603 -1.214 18.056  1.72
41.109462 -3.466306 16.324621 
42.094144 -3.908002 16.578296 
42.605727 -3.330913 16.226215 
41.056596 -2.288794 15.618816 
40.742410 -2.462733 15.726773 
FEnd
FBeg
  288  CG2 VAL A  39   976    O VAL B  68 unk
39.541 -0.121 13.816 41.603 -1.214 18.056  0.85
41.056596 -2.288794 15.618816 
40.742410 -2.462733 15.726773 
40.369098 -1.055152 16.271172 
40.809083 -0.420399 16.220827 
FEnd
FBeg
  288  CG2 VAL A  39   975    C VAL B  68 ali
39.541 -0.121 13.816 40.843 -0.627 18.815  2.34
40.369098 -1.055152 16.271172 
40.809083 -0.420399 16.220827 
40.730502 1.219309 16.407265 
40.610952 1.331551 16.449763 
40.054140 1.350489 16.596703 
39.346739 0.296366 16.674249 
39.364729 0.219141 16.661747 
FEnd
FBeg
  288  CG2 VAL A  39   980    N SER B  69 unk
39.541 -0.121 13.816 39.568 -0.953 18.994  0.00
39.346739 0.296366 16.674249 
39.313614 0.249545 16.666898 
39.364729 0.219141 16.661747 
FEnd
FBeg
  286   CB VAL A  39   980    N SER B  69 unk
38.293 0.731 14.013 39.568 -0.953 18.994  1.10
39.346739 0.296366 16.674249 
39.313614 0.249545 16.666898 
38.653721 0.525459 16.929095 
37.997036 1.788925 17.524347 
39.103772 1.505163 17.145117 
FEnd
FBeg
  224   CB PRO A  31   980    N SER B  69 unk
40.287 4.607 16.932 39.568 -0.953 18.994  1.12
37.997036 1.788925 17.524347 
37.859000 1.901151 17.778825 
38.034774 2.254519 18.792940 
38.063537 2.271812 18.849598 
39.119836 1.629503 17.485992 
39.103772 1.505163 17.145117 
FEnd
FBeg
  224   CB PRO A  31   975    C VAL B  68 ali
40.287 4.607 16.932 40.843 -0.627 18.815  0.43
39.119836 1.629503 17.485992 
39.103772 1.505163 17.145117 
39.678752 1.450872 16.824433 
40.413376 1.496442 16.734184 
40.337514 1.552984 16.913749 
FEnd
FBeg
  224   CB PRO A  31   977   CB VAL B  68 ali
40.287 4.607 16.932 42.542 1.119 18.983  3.50
40.413376 1.496442 16.734184 
41.539870 2.084903 16.496401 
42.062103 3.222694 17.857192 
40.738041 3.041186 19.004272 
40.337514 1.552984 16.913749 
FEnd
FBeg
  224   CB PRO A  31   978  CG1 VAL B  68 ali
40.287 4.607 16.932 43.116 2.253 19.825  4.12
42.062103 3.222694 17.857192 
42.074945 3.285275 17.895556 
40.907591 4.915850 20.363864 
40.617321 4.801302 20.554506 
40.021195 4.466972 20.865405 
39.570287 4.057919 20.973496 
40.738041 3.041186 19.004272 
FEnd
FBeg
  225   CG PRO A  31   978  CG1 VAL B  68 ali
41.523 5.451 16.959 43.116 2.253 19.825  4.28
42.074945 3.285275 17.895556 
40.907591 4.915850 20.363864 
42.123734 5.201484 20.006622 
43.696952 4.607187 18.469043 
FEnd
FBeg
  225   CG PRO A  31   635   CB LEU B  24 ali
41.523 5.451 16.959 44.825 6.746 19.837  4.74
42.123734 5.201484 20.006622 
43.696952 4.607187 18.469043 
43.915415 6.211517 17.496502 
43.006720 6.622886 18.353969 
41.886091 6.706045 19.602275 
FEnd
FBeg
  225   CG PRO A  31   634    O LEU B  24 unk
41.523 5.451 16.959 42.942 8.226 18.048  10.18
43.006720 6.622886 18.353969 
43.159848 7.196542 16.692642 
42.651987 7.591998 16.346695 
41.009041 8.679820 15.715508 
40.728382 8.618731 16.236882 
40.122331 7.611064 19.594332 
40.381749 7.430388 19.716703 
41.886091 6.706045 19.602275 
FEnd
FBeg
  225   CG PRO A  31   811   CE LYS B  46 ali
41.523 5.451 16.959 40.852 11.059 18.521  2.60
40.728382 8.618731 16.236882 
39.034227 7.749817 18.628745 
39.235023 7.534626 19.487596 
40.122331 7.611064 19.594332 
FEnd
FBeg
  230    O ALA A  32   811   CE LYS B  46 unk
38.086 7.825 15.387 40.852 11.059 18.521  5.46
40.728382 8.618731 16.236882 
39.034227 7.749817 18.628745 
38.675732 10.211713 16.404695 
40.882353 9.399446 15.295364 
40.959981 8.866384 15.776923 
FEnd
FBeg
  236   CB SER A  33   811   CE LYS B  46 ali
37.976 10.330 13.334 40.852 11.059 18.521  8.68
38.675732 10.211713 16.404695 
38.790477 12.888030 15.964934 
38.977903 13.041827 15.839397 
40.413247 12.917006 15.061095 
40.660650 12.795354 14.941017 
41.321376 11.626583 14.738932 
41.340614 11.025600 14.812730 
40.882353 9.399446 15.295364 
FEnd
FBeg
  236   CB SER A  33   812   NZ LYS B  46 unk
37.976 10.330 13.334 39.413 11.181 18.888  1.48
38.675732 10.211713 16.404695 
38.790477 12.888030 15.964934 
37.771204 12.209765 16.332578 
38.573864 10.226929 16.428720 
FEnd
FBeg
  233   CA SER A  33   812   NZ LYS B  46 unk
36.670 9.831 13.946 39.413 11.181 18.888  6.58
37.771204 12.209765 16.332578 
38.573864 10.226929 16.428720 
34.573796 9.199774 18.929498 
34.485805 9.280690 18.956233 
36.658403 11.801510 17.061748 
FEnd
FBeg
  230    O ALA A  32   812   NZ LYS B  46 hbd
38.086 7.825 15.387 39.413 11.181 18.888  10.98
39.034227 7.749817 18.628745 
38.675732 10.211713 16.404695 
38.573864 10.226929 16.428720 
34.573796 9.199774 18.929498 
37.475105 7.218330 19.729181 
37.500972 7.216439 19.721189 
39.018037 7.737964 18.646243 
FEnd
FBeg
  225   CG PRO A  31   640   CA GLU B  25 ali
41.523 5.451 16.959 44.441 9.297 15.992  0.40
42.651987 7.591998 16.346695 
42.405896 7.708802 16.068651 
41.136073 8.535749 15.525832 
41.025660 8.644765 15.626234 
41.009041 8.679820 15.715508 
FEnd
FBeg
  225   CG PRO A  31   642    O GLU B  25 unk
41.523 5.451 16.959 43.757 7.394 14.693  1.94
42.405896 7.708802 16.068651 
42.925209 6.999510 15.972442 
41.664567 7.025192 14.751623 
41.136073 8.535749 15.525832 
FEnd
FBeg
  223    O PRO A  31   642    O GLU B  25 unk
39.772 6.295 14.117 43.757 7.394 14.693  3.20
41.664567 7.025192 14.751623 
41.136073 8.535749 15.525832 
41.094772 9.131637 14.674619 
41.334689 8.974507 13.314584 
41.831064 6.690960 14.237438 
FEnd
FBeg
  218  CG2 ILE A  30   642    O GLU B  25 unk
42.402 5.900 11.725 43.757 7.394 14.693  7.53
41.334689 8.974507 13.314584 
41.546257 9.276106 13.066180 
44.209382 8.137200 12.423657 
44.219902 6.468788 13.258681 
44.136287 6.250113 13.406929 
42.670362 6.207303 14.097726 
41.831064 6.690960 14.237438 
FEnd
FBeg
  213   CA ILE A  30   642    O GLU B  25 unk
43.122 4.046 13.138 43.757 7.394 14.693  0.86
44.136287 6.250113 13.406929 
43.993519 5.759891 14.520705 
42.670362 6.207303 14.097726 
FEnd
FBeg
  213   CA ILE A  30   649   CA LYS B  26 ali
43.122 4.046 13.138 46.293 6.326 14.548  3.00
44.136287 6.250113 13.406929 
43.993519 5.759891 14.520705 
44.632260 4.603963 14.953377 
45.523389 4.430021 13.230553 
45.345445 4.704949 13.186171 
44.286478 6.160926 13.213376 
FEnd
FBeg
  213   CA ILE A  30   652   CB LYS B  26 ali
43.122 4.046 13.138 46.656 6.617 13.104  0.26
45.345445 4.704949 13.186171 
44.461715 5.916277 12.927926 
44.391359 6.013495 12.966488 
44.286478 6.160926 13.213376 
FEnd
FBeg
  216   CB ILE A  30   652   CB LYS B  26 ali
43.044 4.554 11.715 46.656 6.617 13.104  0.01
44.461715 5.916277 12.927926 
44.391359 6.013495 12.966488 
44.425614 6.030685 12.851880 
FEnd
FBeg
  217  CG1 ILE A  30   652   CB LYS B  26 ali
44.428 4.556 11.061 46.656 6.617 13.104  9.90
45.345445 4.704949 13.186171 
44.461715 5.916277 12.927926 
44.425614 6.030685 12.851880 
44.882021 7.892551 10.475873 
45.140892 7.633148 10.455249 
46.315860 6.292222 10.526624 
47.243916 4.122173 11.703700 
46.929780 3.670900 12.501531 
45.615232 4.405827 13.193711 
FEnd
FBeg
  207    O ILE A  29   652   CB LYS B  26 unk
45.396 3.137 14.406 46.656 6.617 13.104  0.85
46.929780 3.670900 12.501531 
47.245192 3.676014 12.820438 
47.261144 3.728306 12.975643 
46.767014 4.071958 13.415969 
45.615232 4.405827 13.193711 
FEnd
FBeg
  207    O ILE A  29   657    N LEU B  27 hbd
45.396 3.137 14.406 47.333 4.391 15.601  5.85
47.261144 3.728306 12.975643 
46.767014 4.071958 13.415969 
45.025960 4.453863 15.837319 
45.036160 3.550169 16.769097 
46.533724 2.531424 15.410708 
46.889693 2.527976 14.837329 
FEnd
FBeg
  207    O ILE A  29   658   CA LEU B  27 unk
45.396 3.137 14.406 48.402 3.670 16.269  0.15
46.533724 2.531424 15.410708 
46.755637 2.104538 15.174776 
46.759278 2.105523 15.168620 
46.889693 2.527976 14.837329 
FEnd
FBeg
  205   CA ILE A  29   658   CA LEU B  27 ali
45.043 0.834 13.829 48.402 3.670 16.269  0.00
46.755637 2.104538 15.174776 
46.759278 2.105523 15.168620 
46.760825 2.099570 15.173409 
FEnd
FBeg
  205   CA ILE A  29   661   CB LEU B  27 ali
45.043 0.834 13.829 47.824 2.766 17.361  0.05
46.760825 2.099570 15.173409 
46.755637 2.104538 15.174776 
46.526335 2.092849 15.361716 
46.793194 1.817221 15.302366 
46.780134 2.044446 15.188358 
FEnd
FBeg
  204    N ILE A  29   661   CB LEU B  27 unk
46.438 0.718 13.438 47.824 2.766 17.361  0.10
46.793194 1.817221 15.302366 
46.780134 2.044446 15.188358 
47.283304 1.165832 15.469268 
47.133646 1.245828 15.480380 
FEnd
FBeg
  209  CG1 ILE A  29   661   CB LEU B  27 ali
45.752 -0.855 15.523 47.824 2.766 17.361  2.76
47.283304 1.165832 15.469268 
47.859868 0.728863 15.680163 
48.200988 0.435163 15.874224 
46.679941 0.399481 17.659217 
46.141436 0.607954 17.855572 
45.936802 0.823680 17.661261 
47.133646 1.245828 15.480380 
FEnd
FBeg
  209  CG1 ILE A  29   664  CD2 LEU B  27 ali
45.752 -0.855 15.523 48.153 1.604 19.497  0.96
46.679941 0.399481 17.659217 
46.141436 0.607954 17.855572 
46.437001 -0.467091 18.342206 
47.471224 -0.622322 17.813404 
FEnd
FBeg
  209  CG1 ILE A  29   957  CD1 LEU B  65 ali
45.752 -0.855 15.523 48.080 -1.812 20.357  0.28
46.437001 -0.467091 18.342206 
46.378818 -0.609724 18.341989 
48.066960 -0.943347 17.462950 
47.471224 -0.622322 17.813404 
FEnd
FBeg
  209  CG1 ILE A  29   662   CG LEU B  27 ali
45.752 -0.855 15.523 48.796 1.902 18.172  3.43
48.200988 0.435163 15.874224 
46.679941 0.399481 17.659217 
47.471224 -0.622322 17.813404 
48.066960 -0.943347 17.462950 
48.161824 -0.987785 17.400190 
48.748481 -0.521018 16.240258 
48.898942 -0.209973 15.743635 
FEnd
FBeg
  209  CG1 ILE A  29   679  CG1 ILE B  29 ali
45.752 -0.855 15.523 51.494 -1.913 16.600  0.81
48.748481 -0.521018 16.240258 
48.878889 -1.396914 14.684549 
48.944285 -0.940391 14.784357 
48.985885 -0.540070 14.955831 
48.917698 -0.237674 15.616427 
48.898942 -0.209973 15.743635 
FEnd
FBeg
  196   CA GLU A  28   679  CG1 ILE B  29 ali
48.257 0.440 11.892 51.494 -1.913 16.600  0.06
48.944285 -0.940391 14.784357 
48.985885 -0.540070 14.955831 
49.240328 -0.411572 14.845109 
FEnd
FBeg
  196   CA GLU A  28   660    O LEU B  27 unk
48.257 0.440 11.892 48.468 2.191 14.409  3.36
48.985885 -0.540070 14.955831 
49.240328 -0.411572 14.845109 
49.310666 -0.320069 14.775557 
49.248555 1.854070 13.268282 
47.567192 2.368460 13.051385 
48.659290 -0.299940 14.816159 
FEnd
FBeg
  199   CB GLU A  28   660    O LEU B  27 unk
48.734 1.677 11.128 48.468 2.191 14.409  2.69
49.248555 1.854070 13.268282 
47.567192 2.368460 13.051385 
47.081329 3.144115 12.890481 
47.245192 3.676014 12.820438 
48.072028 4.018467 12.833824 
49.252790 2.428193 13.178683 
FEnd
FBeg
  199   CB GLU A  28   666   CA GLU B  28 ali
48.734 1.677 11.128 51.218 2.142 14.225  2.82
49.252790 2.428193 13.178683 
49.248555 1.854070 13.268282 
50.544397 0.809334 12.385793 
50.890271 0.896450 12.095298 
50.522806 2.178960 12.197467 
49.457491 3.497150 12.854001 
FEnd
FBeg
  199   CB GLU A  28   669   CB GLU B  28 ali
48.734 1.677 11.128 51.989 3.174 13.404  1.99
50.522806 2.178960 12.197467 
50.223585 4.065380 11.384635 
49.300280 4.062520 12.706972 
49.457491 3.497150 12.854001 
FEnd
FBeg
  199   CB GLU A  28   655   CE LYS B  26 ali
48.734 1.677 11.128 48.835 6.521 11.209  3.36
50.223585 4.065380 11.384635 
50.299314 4.068919 11.078580 
48.648179 4.102246 11.144339 
47.244924 4.122791 11.665458 
47.243916 4.122173 11.703700 
48.198557 4.083880 12.803351 
49.300280 4.062520 12.706972 
FEnd
FBeg
  202  OE1 GLU A  28   655   CE LYS B  26 unk
48.157 4.195 9.475 48.835 6.521 11.209  6.19
48.648179 4.102246 11.144339 
47.244924 4.122791 11.665458 
46.770886 5.289893 10.285249 
46.888446 6.528000 8.578477 
49.333668 4.928831 9.767524 
FEnd
FBeg
  202  OE1 GLU A  28   656   NZ LYS B  26 elf
48.157 4.195 9.475 49.491 6.524 9.864  7.62
46.888446 6.528000 8.578477 
49.333668 4.928831 9.767524 
48.828756 5.688573 6.950335 
47.962953 6.467209 5.257629 
46.893198 6.855613 6.600715 
FEnd
FBeg
  203  OE2 GLU A  28   656   NZ LYS B  26 elf
49.590 3.071 8.225 49.491 6.524 9.864  12.46
48.828756 5.688573 6.950335 
47.962953 6.467209 5.257629 
48.653736 6.927839 4.328911 
51.613797 6.540619 5.323491 
51.756353 5.078645 8.412149 
51.416411 4.671264 9.249874 
51.216801 4.537646 9.519319 
FEnd
FBeg
  203  OE2 GLU A  28   671   CD GLU B  28 unk
49.590 3.071 8.225 53.361 3.834 11.397  0.45
51.416411 4.671264 9.249874 
51.216801 4.537646 9.519319 
51.307656 3.432663 9.677102 
51.558380 3.124083 9.453258 
FEnd
FBeg
  203  OE2 GLU A  28   670   CG GLU B  28 unk
49.590 3.071 8.225 52.598 2.707 12.096  0.21
51.307656 3.432663 9.677102 
51.213909 2.296388 9.643102 
51.564182 3.105942 9.447043 
51.558380 3.124083 9.453258 
FEnd
FBeg
  185   CE LYS A  26   670   CG GLU B  28 ali
53.725 1.387 8.659 52.598 2.707 12.096  8.04
51.213909 2.296388 9.643102 
51.564182 3.105942 9.447043 
51.635313 3.087099 9.477604 
54.699909 1.914814 10.932714 
54.698654 1.909272 10.934431 
53.444694 -0.052038 11.276508 
53.409095 -0.071493 11.272307 
52.738830 -0.052696 11.045306 
51.901676 0.254543 10.652805 
51.395806 0.656652 10.332496 
51.162829 2.136626 9.687710 
FEnd
FBeg
  189    C LEU A  27   670   CG GLU B  28 ali
49.753 -1.323 11.530 52.598 2.707 12.096  0.65
51.901676 0.254543 10.652805 
52.046731 0.101306 11.014760 
51.107057 0.705988 11.432608 
51.395806 0.656652 10.332496 
FEnd
FBeg
  190    O LEU A  27   670   CG GLU B  28 unk
50.452 -0.849 12.416 52.598 2.707 12.096  1.69
52.046731 0.101306 11.014760 
52.641061 -0.208135 11.561835 
52.632555 -0.189732 11.709294 
51.541942 0.532496 12.421119 
50.890271 0.896450 12.095298 
51.107057 0.705988 11.432608 
FEnd
FBeg
  190    O LEU A  27   674    N ILE B  29 hbd
50.452 -0.849 12.416 52.207 -0.103 14.348  6.10
52.632555 -0.189732 11.709294 
51.541942 0.532496 12.421119 
49.310778 -0.321304 14.777551 
49.268590 -0.391808 14.843097 
50.004473 -1.149420 14.467167 
51.434109 -1.611544 13.346947 
52.045407 -1.411846 12.714543 
FEnd
FBeg
  190    O LEU A  27   675   CA ILE B  29 unk
50.452 -0.849 12.416 53.089 -1.153 14.869  0.24
51.434109 -1.611544 13.346947 
51.781880 -2.026681 12.921641 
52.045407 -1.411846 12.714543 
FEnd
FBeg
  187    N LEU A  27   670   CG GLU B  28 unk
51.541 -2.387 10.363 52.598 2.707 12.096  0.40
52.738830 -0.052696 11.045306 
52.967853 -0.178015 11.273983 
52.641061 -0.208135 11.561835 
52.046731 0.101306 11.014760 
51.901676 0.254543 10.652805 
FEnd
FBeg
  182   CB LYS A  26   670   CG GLU B  28 ali
53.628 -1.613 8.697 52.598 2.707 12.096  0.07
53.409095 -0.071493 11.272307 
53.414477 -0.081231 11.286314 
52.967853 -0.178015 11.273983 
52.738830 -0.052696 11.045306 
FEnd
FBeg
  185   CE LYS A  26   689  CD1 ILE B  30 ali
53.725 1.387 8.659 57.100 1.547 11.642  2.67
54.699909 1.914814 10.932714 
54.698654 1.909272 10.934431 
55.491448 1.158578 10.077721 
56.749952 3.826233 8.510749 
55.093229 2.506776 10.455957 
FEnd
FBeg
  184   CD LYS A  26   689  CD1 ILE B  30 ali
54.786 0.507 8.013 57.100 1.547 11.642  15.62
55.491448 1.158578 10.077721 
56.749952 3.826233 8.510749 
57.128323 4.193253 8.164303 
58.007271 4.722888 7.452067 
60.460288 2.041507 6.656353 
59.893203 1.197461 7.259837 
57.896994 0.358801 8.773046 
55.948681 0.816301 9.884260 
FEnd
FBeg
  184   CD LYS A  26   688  CG2 ILE B  30 ali
54.786 0.507 8.013 58.190 -1.273 11.517  1.10
59.893203 1.197461 7.259837 
57.896994 0.358801 8.773046 
58.587673 -0.096291 7.870895 
FEnd
FBeg
  185   CE LYS A  26   671   CD GLU B  28 ali
53.725 1.387 8.659 53.361 3.834 11.397  1.53
51.635313 3.087099 9.477604 
54.699909 1.914814 10.932714 
55.093229 2.506776 10.455957 
FEnd
FBeg
  185   CE LYS A  26   673  OE2 GLU B  28 unk
53.725 1.387 8.659 53.680 3.705 10.193  6.00
51.564182 3.105942 9.447043 
51.635313 3.087099 9.477604 
55.093229 2.506776 10.455957 
56.749952 3.826233 8.510749 
56.739071 3.944145 8.332255 
51.603763 3.176105 9.342182 
FEnd
FBeg
  186   NZ LYS A  26   673  OE2 GLU B  28 elf
53.382 2.564 7.810 53.680 3.705 10.193  24.40
56.739071 3.944145 8.332255 
51.603763 3.176105 9.342182 
51.756353 5.078645 8.412149 
54.076346 8.311606 6.574059 
57.666873 7.202016 6.656336 
57.789092 4.943692 7.722356 
57.128323 4.193253 8.164303 
FEnd
FBeg
  201   CD GLU A  28   670   CG GLU B  28 ali
48.682 3.120 9.091 52.598 2.707 12.096  1.67
51.307656 3.432663 9.677102 
51.213909 2.296388 9.643102 
51.162829 2.136626 9.687710 
50.299314 4.068919 11.078580 
50.728951 4.372299 10.560389 
FEnd
FBeg
  201   CD GLU A  28   671   CD GLU B  28 aro
48.682 3.120 9.091 53.361 3.834 11.397  0.66
51.216801 4.537646 9.519319 
51.307656 3.432663 9.677102 
50.728951 4.372299 10.560389 
50.766969 4.429695 10.465478 
FEnd
FBeg
  203  OE2 GLU A  28   673  OE2 GLU B  28 elu
49.590 3.071 8.225 53.680 3.705 10.193  0.77
51.756353 5.078645 8.412149 
51.416411 4.671264 9.249874 
51.558380 3.124083 9.453258 
51.564182 3.105942 9.447043 
51.603763 3.176105 9.342182 
FEnd
FBeg
  201   CD GLU A  28   656   NZ LYS B  26 unk
48.682 3.120 9.091 49.491 6.524 9.864  3.74
49.333668 4.928831 9.767524 
48.828756 5.688573 6.950335 
51.216801 4.537646 9.519319 
50.766969 4.429695 10.465478 
FEnd
FBeg
  219  CD1 ILE A  30   655   CE LYS B  26 ali
44.393 4.642 9.540 48.835 6.521 11.209  1.55
46.770886 5.289893 10.285249 
46.304784 6.330005 10.354784 
46.716213 7.008825 8.495546 
46.888446 6.528000 8.578477 
FEnd
FBeg
  219  CD1 ILE A  30   654   CD LYS B  26 ali
44.393 4.642 9.540 48.159 7.851 11.545  8.97
46.304784 6.330005 10.354784 
46.716213 7.008825 8.495546 
46.333824 8.267928 7.198596 
44.619570 9.683239 8.153284 
44.372102 9.329839 9.183719 
44.882683 7.939971 10.449175 
45.140892 7.633148 10.455249 
FEnd
FBeg
  201   CD GLU A  28   655   CE LYS B  26 ali
48.682 3.120 9.091 48.835 6.521 11.209  2.04
50.299314 4.068919 11.078580 
48.648179 4.102246 11.144339 
49.333668 4.928831 9.767524 
50.766969 4.429695 10.465478 
50.728951 4.372299 10.560389 
FEnd
FBeg
  199   CB GLU A  28   670   CG GLU B  28 ali
48.734 1.677 11.128 52.598 2.707 12.096  6.13
50.890271 0.896450 12.095298 
51.107057 0.705988 11.432608 
51.395806 0.656652 10.332496 
51.162829 2.136626 9.687710 
50.299314 4.068919 11.078580 
50.223585 4.065380 11.384635 
50.522806 2.178960 12.197467 
FEnd
FBeg
  190    O LEU A  27   666   CA GLU B  28 unk
50.452 -0.849 12.416 51.218 2.142 14.225  1.64
50.544397 0.809334 12.385793 
50.890271 0.896450 12.095298 
51.541942 0.532496 12.421119 
49.310778 -0.321304 14.777551 
49.310666 -0.320069 14.775557 
FEnd
FBeg
  199   CB GLU A  28   659    C LEU B  27 ali
48.734 1.677 11.128 49.114 2.845 15.213  1.23
48.072028 4.018467 12.833824 
49.252790 2.428193 13.178683 
49.457491 3.497150 12.854001 
49.300280 4.062520 12.706972 
48.198557 4.083880 12.803351 
FEnd
FBeg
  196   CA GLU A  28   666   CA GLU B  28 ali
48.257 0.440 11.892 51.218 2.142 14.225  2.44
49.310666 -0.320069 14.775557 
50.544397 0.809334 12.385793 
49.248555 1.854070 13.268282 
FEnd
FBeg
  190    O LEU A  27   660    O LEU B  27 unk
50.452 -0.849 12.416 48.468 2.191 14.409  0.00
49.240328 -0.411572 14.845109 
49.310666 -0.320069 14.775557 
49.310778 -0.321304 14.777551 
49.268590 -0.391808 14.843097 
FEnd
FBeg
  190    O LEU A  27   679  CG1 ILE B  29 unk
50.452 -0.849 12.416 51.494 -1.913 16.600  0.95
48.878889 -1.396914 14.684549 
48.944285 -0.940391 14.784357 
49.240328 -0.411572 14.845109 
49.268590 -0.391808 14.843097 
50.004473 -1.149420 14.467167 
49.556281 -1.813967 14.409791 
48.882969 -1.402002 14.682239 
FEnd
FBeg
  192   CG LEU A  27   679  CG1 ILE B  29 ali
48.662 -3.803 12.459 51.494 -1.913 16.600  0.14
49.556281 -1.813967 14.409791 
49.587112 -2.154613 14.544181 
48.882969 -1.402002 14.682239 
FEnd
FBeg
  209  CG1 ILE A  29   681  CD1 ILE B  29 ali
45.752 -0.855 15.523 50.502 -2.931 17.090  4.21
48.161824 -0.987785 17.400190 
47.600176 -2.811943 16.686007 
47.644982 -2.866042 16.478518 
48.603437 -1.877493 14.882836 
48.878246 -1.399121 14.683573 
48.878889 -1.396914 14.684549 
48.748481 -0.521018 16.240258 
FEnd
FBeg
  209  CG1 ILE A  29   659    C LEU B  27 ali
45.752 -0.855 15.523 49.114 2.845 15.213  0.21
47.859868 0.728863 15.680163 
48.200988 0.435163 15.874224 
48.898942 -0.209973 15.743635 
48.917698 -0.237674 15.616427 
FEnd
FBeg
  209  CG1 ILE A  29   660    O LEU B  27 unk
45.752 -0.855 15.523 48.468 2.191 14.409  1.22
47.283304 1.165832 15.469268 
47.859868 0.728863 15.680163 
48.917698 -0.237674 15.616427 
48.985885 -0.540070 14.955831 
48.659290 -0.299940 14.816159 
FEnd
FBeg
  204    N ILE A  29   660    O LEU B  27 hbd
46.438 0.718 13.438 48.468 2.191 14.409  5.17
46.780134 2.044446 15.188358 
47.283304 1.165832 15.469268 
48.659290 -0.299940 14.816159 
47.567192 2.368460 13.051385 
47.081329 3.144115 12.890481 
46.763821 2.120085 15.107719 
FEnd
FBeg
  208   CB ILE A  29   661   CB LEU B  27 ali
44.813 0.309 15.233 47.824 2.766 17.361  4.73
46.526335 2.092849 15.361716 
46.793194 1.817221 15.302366 
47.133646 1.245828 15.480380 
45.936802 0.823680 17.661261 
44.871384 2.343002 17.414551 
44.674996 2.822248 17.139088 
44.764755 2.909250 16.911632 
FEnd
FBeg
  226   CD PRO A  31   661   CB LEU B  27 ali
42.444 4.740 15.993 47.824 2.766 17.361  1.00
44.674996 2.822248 17.139088 
44.950122 4.124246 17.935848 
44.958016 4.142137 17.930619 
45.092605 4.369097 17.728814 
45.167328 4.472368 17.583966 
45.036160 3.550169 16.769097 
44.764755 2.909250 16.911632 
FEnd
FBeg
  226   CD PRO A  31   638  CD2 LEU B  24 ali
42.444 4.740 15.993 47.184 6.096 19.405  0.03
45.092605 4.369097 17.728814 
45.167328 4.472368 17.583966 
45.183694 4.932630 17.378312 
FEnd
FBeg
  226   CD PRO A  31   637  CD1 LEU B  24 ali
42.444 4.740 15.993 45.745 4.748 21.004  0.00
44.950122 4.124246 17.935848 
44.958016 4.142137 17.930619 
44.928995 4.139942 17.949740 
FEnd
FBeg
  208   CB ILE A  29   978  CG1 VAL B  68 ali
44.813 0.309 15.233 43.116 2.253 19.825  0.16
44.871384 2.343002 17.414551 
44.674996 2.822248 17.139088 
44.330499 2.647191 17.085887 
44.608454 2.330763 17.322565 
FEnd
FBeg
  208   CB ILE A  29   977   CB VAL B  68 ali
44.813 0.309 15.233 42.542 1.119 18.983  0.61
44.330499 2.647191 17.085887 
43.585812 2.314059 16.706861 
43.816595 1.637342 16.992794 
44.608454 2.330763 17.322565 
FEnd
FBeg
  210  CG2 ILE A  29   977   CB VAL B  68 ali
43.393 -0.114 15.378 42.542 1.119 18.983  4.39
43.585812 2.314059 16.706861 
43.816595 1.637342 16.992794 
42.024603 -0.101207 17.164402 
41.998257 -0.086075 17.153007 
40.730502 1.219309 16.407265 
40.746043 1.343724 16.368381 
41.594141 1.969299 16.354622 
FEnd
FBeg
  208   CB ILE A  29   979  CG2 VAL B  68 ali
44.813 0.309 15.233 43.585 0.024 18.781  3.49
45.936802 0.823680 17.661261 
44.871384 2.343002 17.414551 
44.608454 2.330763 17.322565 
43.816595 1.637342 16.992794 
44.463942 -0.518340 17.043688 
FEnd
FBeg
  205   CA ILE A  29   660    O LEU B  27 unk
45.043 0.834 13.829 48.468 2.191 14.409  0.00
46.759278 2.105523 15.168620 
46.760825 2.099570 15.173409 
46.780134 2.044446 15.188358 
46.763821 2.120085 15.107719 
FEnd
FBeg
  207    O ILE A  29   661   CB LEU B  27 unk
45.396 3.137 14.406 47.824 2.766 17.361  1.38
45.036160 3.550169 16.769097 
44.764755 2.909250 16.911632 
46.526335 2.092849 15.361716 
46.755637 2.104538 15.174776 
46.533724 2.531424 15.410708 
FEnd
FBeg
  226   CD PRO A  31   657    N LEU B  27 unk
42.444 4.740 15.993 47.333 4.391 15.601  1.52
45.025960 4.453863 15.837319 
45.036160 3.550169 16.769097 
45.167328 4.472368 17.583966 
45.183694 4.932630 17.378312 
45.193482 5.280421 17.190754 
FEnd
FBeg
  207    O ILE A  29   660    O LEU B  27 unk
45.396 3.137 14.406 48.468 2.191 14.409  1.01
47.245192 3.676014 12.820438 
47.261144 3.728306 12.975643 
46.889693 2.527976 14.837329 
46.759278 2.105523 15.168620 
46.763821 2.120085 15.107719 
47.081329 3.144115 12.890481 
FEnd
FBeg
  199   CB GLU A  28   652   CB LYS B  26 ali
48.734 1.677 11.128 46.656 6.617 13.104  0.83
47.243916 4.122173 11.703700 
48.198557 4.083880 12.803351 
48.072028 4.018467 12.833824 
47.245192 3.676014 12.820438 
46.929780 3.670900 12.501531 
FEnd
FBeg
  217  CG1 ILE A  30   655   CE LYS B  26 ali
44.428 4.556 11.061 48.835 6.521 11.209  1.06
46.315860 6.292222 10.526624 
47.243916 4.122173 11.703700 
47.244924 4.122791 11.665458 
46.770886 5.289893 10.285249 
46.304784 6.330005 10.354784 
FEnd
FBeg
  217  CG1 ILE A  30   654   CD LYS B  26 ali
44.428 4.556 11.061 48.159 7.851 11.545  0.15
45.140892 7.633148 10.455249 
46.315860 6.292222 10.526624 
46.304784 6.330005 10.354784 
FEnd
FBeg
  219  CD1 ILE A  30   652   CB LYS B  26 ali
44.393 4.642 9.540 46.656 6.617 13.104  0.01
44.882021 7.892551 10.475873 
44.882683 7.939971 10.449175 
45.140892 7.633148 10.455249 
FEnd
FBeg
  217  CG1 ILE A  30   649   CA LYS B  26 ali
44.428 4.556 11.061 46.293 6.326 14.548  0.01
45.523389 4.430021 13.230553 
45.345445 4.704949 13.186171 
45.615232 4.405827 13.193711 
FEnd
FBeg
  207    O ILE A  29   649   CA LYS B  26 unk
45.396 3.137 14.406 46.293 6.326 14.548  2.53
44.632260 4.603963 14.953377 
45.523389 4.430021 13.230553 
45.615232 4.405827 13.193711 
46.767014 4.071958 13.415969 
45.025960 4.453863 15.837319 
FEnd
FBeg
  226   CD PRO A  31   649   CA LYS B  26 ali
42.444 4.740 15.993 46.293 6.326 14.548  3.37
43.993519 5.759891 14.520705 
44.632260 4.603963 14.953377 
45.025960 4.453863 15.837319 
45.193482 5.280421 17.190754 
44.884921 5.905968 17.055435 
44.115605 5.973768 15.080650 
FEnd
FBeg
  226   CD PRO A  31   641    C GLU B  25 ali
42.444 4.740 15.993 44.682 7.998 15.233  2.57
44.884921 5.905968 17.055435 
44.115605 5.973768 15.080650 
42.925209 6.999510 15.972442 
43.638964 6.716541 16.861219 
44.569414 6.139818 17.128827 
FEnd
FBeg
  226   CD PRO A  31   633    C LEU B  24 ali
42.444 4.740 15.993 44.128 8.506 18.254  0.32
43.638964 6.716541 16.861219 
43.915415 6.211517 17.496502 
44.569414 6.139818 17.128827 
FEnd
FBeg
  218  CG2 ILE A  30   649   CA LYS B  26 ali
42.402 5.900 11.725 46.293 6.326 14.548  0.03
44.219902 6.468788 13.258681 
44.136287 6.250113 13.406929 
44.286478 6.160926 13.213376 
FEnd
FBeg
  218  CG2 ILE A  30   652   CB LYS B  26 ali
42.402 5.900 11.725 46.656 6.617 13.104  3.62
44.209382 8.137200 12.423657 
44.219902 6.468788 13.258681 
44.286478 6.160926 13.213376 
44.391359 6.013495 12.966488 
44.425614 6.030685 12.851880 
44.882021 7.892551 10.475873 
44.882683 7.939971 10.449175 
44.655699 8.640740 10.785026 
FEnd
FBeg
  218  CG2 ILE A  30   644   CG GLU B  25 ali
42.402 5.900 11.725 44.936 10.618 13.865  10.89
41.546257 9.276106 13.066180 
44.209382 8.137200 12.423657 
44.655699 8.640740 10.785026 
44.431431 9.211015 9.793316 
42.844328 10.587585 8.637736 
42.224476 10.477470 9.614477 
41.563641 9.400802 12.770681 
FEnd
FBeg
  226   CD PRO A  31   642    O GLU B  25 unk
42.444 4.740 15.993 43.757 7.394 14.693  3.42
42.925209 6.999510 15.972442 
41.664567 7.025192 14.751623 
41.831064 6.690960 14.237438 
42.670362 6.207303 14.097726 
43.993519 5.759891 14.520705 
44.115605 5.973768 15.080650 
FEnd
FBeg
  225   CG PRO A  31   641    C GLU B  25 ali
41.523 5.451 16.959 44.682 7.998 15.233  0.66
43.159848 7.196542 16.692642 
43.638964 6.716541 16.861219 
42.925209 6.999510 15.972442 
42.405896 7.708802 16.068651 
42.651987 7.591998 16.346695 
FEnd
FBeg
  225   CG PRO A  31   633    C LEU B  24 ali
41.523 5.451 16.959 44.128 8.506 18.254  1.13
43.915415 6.211517 17.496502 
43.638964 6.716541 16.861219 
43.159848 7.196542 16.692642 
43.006720 6.622886 18.353969 
FEnd
FBeg
  226   CD PRO A  31   635   CB LEU B  24 ali
42.444 4.740 15.993 44.825 6.746 19.837  2.95
43.696952 4.607187 18.469043 
43.915415 6.211517 17.496502 
44.569414 6.139818 17.128827 
44.884921 5.905968 17.055435 
45.193482 5.280421 17.190754 
45.183694 4.932630 17.378312 
45.092605 4.369097 17.728814 
44.958016 4.142137 17.930619 
44.928995 4.139942 17.949740 
FEnd
FBeg
  225   CG PRO A  31   610    O PRO B  21 unk
41.523 5.451 16.959 42.620 6.950 21.892  3.72
40.907591 4.915850 20.363864 
42.123734 5.201484 20.006622 
41.886091 6.706045 19.602275 
40.381749 7.430388 19.716703 
39.957053 6.314707 20.150171 
FEnd
FBeg
  226   CD PRO A  31   978  CG1 VAL B  68 ali
42.444 4.740 15.993 43.116 2.253 19.825  4.05
42.062103 3.222694 17.857192 
42.074945 3.285275 17.895556 
43.696952 4.607187 18.469043 
44.928995 4.139942 17.949740 
44.950122 4.124246 17.935848 
44.674996 2.822248 17.139088 
44.330499 2.647191 17.085887 
FEnd
FBeg
  226   CD PRO A  31   977   CB VAL B  68 ali
42.444 4.740 15.993 42.542 1.119 18.983  2.86
41.539870 2.084903 16.496401 
42.062103 3.222694 17.857192 
44.330499 2.647191 17.085887 
43.585812 2.314059 16.706861 
41.594141 1.969299 16.354622 
FEnd
FBeg
  221   CA PRO A  31   977   CB VAL B  68 ali
40.122 4.322 15.445 42.542 1.119 18.983  0.40
40.413376 1.496442 16.734184 
41.539870 2.084903 16.496401 
41.594141 1.969299 16.354622 
40.746043 1.343724 16.368381 
40.610952 1.331551 16.449763 
FEnd
FBeg
  224   CB PRO A  31   974   CA VAL B  68 ali
40.287 4.607 16.932 41.300 0.543 19.631  8.46
38.063537 2.271812 18.849598 
39.119836 1.629503 17.485992 
40.337514 1.552984 16.913749 
40.738041 3.041186 19.004272 
39.570287 4.057919 20.973496 
39.095931 4.025933 21.103372 
38.305552 3.049750 19.930138 
FEnd
FBeg
  286   CB VAL A  39   982    C SER B  69 ali
38.293 0.731 14.013 37.370 -1.686 18.125  1.44
38.653721 0.525459 16.929095 
37.997036 1.788925 17.524347 
37.740766 1.910338 17.538189 
37.297049 1.550712 17.227205 
38.523338 -0.293358 16.418535 
FEnd
FBeg
  287  CG1 VAL A  39   982    C SER B  69 ali
37.098 -0.154 14.219 37.370 -1.686 18.125  1.32
37.297049 1.550712 17.227205 
38.523338 -0.293358 16.418535 
38.398668 -0.934185 16.175873 
36.903550 1.137782 17.092649 
FEnd
FBeg
  287  CG1 VAL A  39   990   CB LYS B  70 ali
37.098 -0.154 14.219 34.945 0.213 19.389  5.87
36.903550 1.137782 17.092649 
37.297049 1.550712 17.227205 
36.507849 2.523775 16.829476 
36.342136 2.559180 16.757953 
33.705131 1.972206 15.701463 
33.488156 1.782041 15.624605 
35.052924 0.016195 16.401590 
FEnd
FBeg
  287  CG1 VAL A  39   989    O LYS B  70 unk
37.098 -0.154 14.219 33.720 -1.617 17.697  11.82
33.488156 1.782041 15.624605 
33.060171 1.007478 14.883109 
32.502726 -1.843343 13.142512 
32.830604 -2.175852 13.321095 
34.784662 -3.210208 14.783874 
35.052924 0.016195 16.401590 
FEnd
FBeg
  287  CG1 VAL A  39   983    O SER B  69 unk
37.098 -0.154 14.219 36.895 -1.527 16.991  12.62
38.398668 -0.934185 16.175873 
36.903550 1.137782 17.092649 
35.052924 0.016195 16.401590 
34.784662 -3.210208 14.783874 
35.023896 -3.213389 14.799818 
38.504239 -2.478514 15.418682 
FEnd
FBeg
  420   CB PRO A  56   983    O SER B  69 unk
38.133 -3.886 12.830 36.895 -1.527 16.991  5.04
35.023896 -3.213389 14.799818 
38.504239 -2.478514 15.418682 
37.637358 -4.058771 16.056661 
37.286994 -4.413720 16.153650 
35.654046 -4.341038 15.626602 
35.033587 -3.899968 15.191944 
34.848149 -3.676300 15.009967 
34.810962 -3.451400 14.871400 
FEnd
FBeg
  420   CB PRO A  56   982    C SER B  69 ali
38.133 -3.886 12.830 37.370 -1.686 18.125  0.05
37.637358 -4.058771 16.056661 
37.286994 -4.413720 16.153650 
37.486319 -4.435402 16.191381 
37.535137 -4.396380 16.182203 
FEnd
FBeg
  420   CB PRO A  56   981   CA SER B  69 ali
38.133 -3.886 12.830 38.847 -2.054 18.338  3.32
38.504239 -2.478514 15.418682 
37.637358 -4.058771 16.056661 
37.535137 -4.396380 16.182203 
39.570458 -4.482998 15.947175 
39.755886 -2.889252 15.393046 
38.578775 -2.450818 15.399809 
FEnd
FBeg
  287  CG1 VAL A  39   981   CA SER B  69 ali
37.098 -0.154 14.219 38.847 -2.054 18.338  0.45
38.523338 -0.293358 16.418535 
38.398668 -0.934185 16.175873 
38.504239 -2.478514 15.418682 
38.578775 -2.450818 15.399809 
38.689211 -0.562641 16.223888 
FEnd
FBeg
  286   CB VAL A  39   981   CA SER B  69 ali
38.293 0.731 14.013 38.847 -2.054 18.338  0.53
39.313614 0.249545 16.666898 
38.653721 0.525459 16.929095 
38.523338 -0.293358 16.418535 
38.689211 -0.562641 16.223888 
FEnd
FBeg
  286   CB VAL A  39   975    C VAL B  68 ali
38.293 0.731 14.013 40.843 -0.627 18.815  0.67
40.054140 1.350489 16.596703 
39.346739 0.296366 16.674249 
39.103772 1.505163 17.145117 
39.678752 1.450872 16.824433 
FEnd
FBeg
  221   CA PRO A  31   975    C VAL B  68 ali
40.122 4.322 15.445 40.843 -0.627 18.815  0.16
40.610952 1.331551 16.449763 
40.054140 1.350489 16.596703 
39.678752 1.450872 16.824433 
40.413376 1.496442 16.734184 
FEnd
FBeg
  288  CG2 VAL A  39   977   CB VAL B  68 ali
39.541 -0.121 13.816 42.542 1.119 18.983  0.01
40.730502 1.219309 16.407265 
40.746043 1.343724 16.368381 
40.610952 1.331551 16.449763 
FEnd
FBeg
  210  CG2 ILE A  29   975    C VAL B  68 ali
43.393 -0.114 15.378 40.843 -0.627 18.815  1.24
40.809083 -0.420399 16.220827 
40.730502 1.219309 16.407265 
41.998257 -0.086075 17.153007 
FEnd
FBeg
  288  CG2 VAL A  39   981   CA SER B  69 ali
39.541 -0.121 13.816 38.847 -2.054 18.338  4.89
40.742410 -2.462733 15.726773 
40.369098 -1.055152 16.271172 
39.364729 0.219141 16.661747 
39.313614 0.249545 16.666898 
38.689211 -0.562641 16.223888 
38.578775 -2.450818 15.399809 
39.755886 -2.889252 15.393046 
FEnd
FBeg
  210  CG2 ILE A  29   976    O VAL B  68 unk
43.393 -0.114 15.378 41.603 -1.214 18.056  6.50
42.605727 -3.330913 16.226215 
41.056596 -2.288794 15.618816 
40.809083 -0.420399 16.220827 
41.998257 -0.086075 17.153007 
42.024603 -0.101207 17.164402 
43.527924 -2.515645 17.177495 
FEnd
FBeg
  305  CD1 ILE A  41   981   CA SER B  69 ali
41.546 -4.192 13.092 38.847 -2.054 18.338  2.08
39.678759 -4.451818 15.990187 
41.109462 -3.466306 16.324621 
40.742410 -2.462733 15.726773 
39.755886 -2.889252 15.393046 
39.570458 -4.482998 15.947175 
FEnd
FBeg
  492  CD2 LEU A  65   976    O VAL B  68 unk
45.365 -4.865 17.538 41.603 -1.214 18.056  2.19
43.527924 -2.515645 17.177495 
42.605727 -3.330913 16.226215 
42.094144 -3.908002 16.578296 
42.458830 -3.709077 17.824773 
43.413666 -2.729505 17.855037 
FEnd
FBeg
  210  CG2 ILE A  29   979  CG2 VAL B  68 ali
43.393 -0.114 15.378 43.585 0.024 18.781  5.42
43.871063 -2.384439 17.152814 
43.527924 -2.515645 17.177495 
42.024603 -0.101207 17.164402 
43.816595 1.637342 16.992794 
44.463942 -0.518340 17.043688 
FEnd
FBeg
  209  CG1 ILE A  29   979  CG2 VAL B  68 ali
45.752 -0.855 15.523 43.585 0.024 18.781  5.18
45.302960 -2.084691 18.024343 
43.871063 -2.384439 17.152814 
44.463942 -0.518340 17.043688 
45.936802 0.823680 17.661261 
46.141436 0.607954 17.855572 
46.437001 -0.467091 18.342206 
46.378818 -0.609724 18.341989 
FEnd
FBeg
  492  CD2 LEU A  65   952   CA LEU B  65 ali
45.365 -4.865 17.538 45.333 -2.518 20.988  0.48
45.197114 -2.246851 18.278811 
45.182554 -2.181970 18.234538 
44.304061 -2.566198 18.487777 
44.280550 -2.725188 18.595717 
44.500804 -3.265071 18.965038 
FEnd
FBeg
  492  CD2 LEU A  65   955   CB LEU B  65 ali
45.365 -4.865 17.538 46.287 -3.566 20.401  7.21
46.742251 -4.584029 18.841639 
45.197114 -2.246851 18.278811 
44.500804 -3.265071 18.965038 
44.301912 -5.640195 20.106730 
44.596860 -6.490428 20.397512 
44.765974 -6.644862 20.413120 
46.745292 -4.976068 19.018536 
FEnd
FBeg
  209  CG1 ILE A  29   956   CG LEU B  65 ali
45.752 -0.855 15.523 47.460 -2.981 19.610  4.86
47.600176 -2.811943 16.686007 
47.123038 -2.839982 16.870823 
45.302960 -2.084691 18.024343 
46.378818 -0.609724 18.341989 
48.066960 -0.943347 17.462950 
48.161824 -0.987785 17.400190 
FEnd
FBeg
  492  CD2 LEU A  65   958  CD2 LEU B  65 ali
45.365 -4.865 17.538 48.512 -4.032 19.330  0.24
46.745292 -4.976068 19.018536 
46.742251 -4.584029 18.841639 
47.039273 -4.086097 18.088569 
46.900664 -4.885662 18.703657 
FEnd
FBeg
  489   CB LEU A  65   955   CB LEU B  65 ali
47.090 -6.621 17.885 46.287 -3.566 20.401  4.77
47.508158 -6.697722 21.352492 
46.745292 -4.976068 19.018536 
44.765974 -6.644862 20.413120 
46.676295 -7.142875 21.627515 
FEnd
FBeg
  487    C LEU A  65   958  CD2 LEU B  65 ali
49.166 -7.926 18.464 48.512 -4.032 19.330  3.40
49.752821 -5.724712 18.035328 
49.693945 -6.374832 20.914150 
48.215490 -6.656619 21.064693 
47.917084 -6.670332 20.901002 
49.002249 -5.972545 18.582887 
FEnd
FBeg
  486   CA LEU A  65   958  CD2 LEU B  65 ali
48.206 -7.513 17.335 48.512 -4.032 19.330  1.03
49.986704 -5.516399 17.635976 
49.752821 -5.724712 18.035328 
49.002249 -5.972545 18.582887 
48.958669 -5.199546 17.240794 
49.112751 -5.109284 17.059667 
FEnd
FBeg
  510    O VAL A  68   681  CD1 ILE B  29 unk
53.586 -6.351 18.181 50.502 -2.931 17.090  2.65
51.871815 -5.338829 17.242186 
52.685182 -4.260497 18.323279 
51.874472 -4.519503 19.803049 
51.485640 -5.066022 19.188989 
51.438479 -5.658323 17.465592 
FEnd
FBeg
  511   CB VAL A  68   680  CG2 ILE B  29 ali
53.000 -7.319 15.660 53.181 -3.494 15.636  4.72
50.749510 -5.298793 15.158834 
51.871815 -5.338829 17.242186 
53.527338 -5.419389 16.888297 
51.951154 -5.362989 13.989980 
50.992491 -5.313118 14.708337 
FEnd
FBeg
  486   CA LEU A  65   681  CD1 ILE B  29 ali
48.206 -7.513 17.335 50.502 -2.931 17.090  2.22
49.247987 -5.238813 15.904574 
50.247928 -5.752206 15.673955 
50.608221 -5.878389 16.690529 
49.986704 -5.516399 17.635976 
49.112751 -5.109284 17.059667 
FEnd
FBeg
  490   CG LEU A  65   681  CD1 ILE B  29 ali
46.570 -5.547 16.923 50.502 -2.931 17.090  3.31
48.033019 -3.386469 15.494520 
49.247987 -5.238813 15.904574 
49.112751 -5.109284 17.059667 
47.749816 -3.048093 16.861958 
47.600176 -2.811943 16.686007 
47.644982 -2.866042 16.478518 
FEnd
FBeg
  211  CD1 ILE A  29   681  CD1 ILE B  29 ali
45.520 -2.036 14.652 50.502 -2.931 17.090  1.11
48.170355 -3.161107 15.296609 
48.033019 -3.386469 15.494520 
47.644982 -2.866042 16.478518 
48.603437 -1.877493 14.882836 
FEnd
FBeg
  192   CG LEU A  27   681  CD1 ILE B  29 ali
48.662 -3.803 12.459 50.502 -2.931 17.090  2.69
50.215125 -3.827691 14.609692 
48.170355 -3.161107 15.296609 
48.603437 -1.877493 14.882836 
48.878246 -1.399121 14.683573 
48.882969 -1.402002 14.682239 
49.587112 -2.154613 14.544181 
FEnd
FBeg
  194  CD2 LEU A  27   680  CG2 ILE B  29 ali
48.450 -5.152 13.137 53.181 -3.494 15.636  0.71
50.988350 -4.575969 14.227105 
50.701952 -4.655697 14.822196 
50.749510 -5.298793 15.158834 
50.992491 -5.313118 14.708337 
51.347668 -5.228805 13.979992 
FEnd
FBeg
  192   CG LEU A  27   678   CB ILE B  29 ali
48.662 -3.803 12.459 52.276 -2.333 15.356  1.51
50.229366 -2.230971 13.781716 
50.564762 -4.046143 14.284368 
50.215125 -3.827691 14.609692 
49.587112 -2.154613 14.544181 
49.556281 -1.813967 14.409791 
FEnd
FBeg
  190    O LEU A  27   678   CB ILE B  29 unk
50.452 -0.849 12.416 52.276 -2.333 15.356  1.99
51.704240 -2.240661 12.861801 
50.229366 -2.230971 13.781716 
49.556281 -1.813967 14.409791 
50.004473 -1.149420 14.467167 
51.434109 -1.611544 13.346947 
51.781880 -2.026681 12.921641 
FEnd
FBeg
  190    O LEU A  27   677    O ILE B  29 unk
50.452 -0.849 12.416 53.620 -2.093 12.754  0.82
51.715517 -2.228101 12.802323 
51.704240 -2.240661 12.861801 
51.781880 -2.026681 12.921641 
52.045407 -1.411846 12.714543 
52.632555 -0.189732 11.709294 
52.641061 -0.208135 11.561835 
51.879211 -1.911391 12.433707 
FEnd
FBeg
  188   CA LEU A  27   677    O ILE B  29 unk
50.163 -2.570 10.809 53.620 -2.093 12.754  0.13
51.963869 -2.539917 12.437380 
51.715517 -2.228101 12.802323 
51.879211 -1.911391 12.433707 
FEnd
FBeg
  191   CB LEU A  27   680  CG2 ILE B  29 ali
49.995 -3.763 11.714 53.181 -3.494 15.636  2.08
52.653423 -4.923665 12.898346 
52.753323 -4.470737 12.786128 
52.360773 -3.788073 13.058190 
50.988350 -4.575969 14.227105 
51.347668 -5.228805 13.979992 
51.977562 -5.253118 13.469971 
FEnd
FBeg
  513  CG2 VAL A  68   696   CD PRO B  31 ali
52.183 -8.058 14.621 55.767 -4.826 12.562  0.01
53.015003 -6.329619 12.096884 
52.725876 -5.948283 12.192196 
52.874426 -6.178317 12.089687 
FEnd
FBeg
  512  CG1 VAL A  68   696   CD PRO B  31 ali
54.194 -6.634 15.024 55.767 -4.826 12.562  6.89
53.191296 -6.498423 12.085556 
55.201444 -6.269990 13.537615 
55.795295 -5.543975 14.450191 
55.737253 -4.963893 14.839099 
55.400174 -4.447700 15.002807 
52.653423 -4.923665 12.898346 
52.596850 -5.734984 12.266398 
52.725876 -5.948283 12.192196 
53.015003 -6.329619 12.096884 
FEnd
FBeg
  181    O LYS A  26   696   CD PRO B  31 unk
51.914 -4.496 9.713 55.767 -4.826 12.562  0.62
53.770930 -5.547950 10.628166 
53.774668 -5.586426 10.618655 
52.848263 -5.890821 11.836271 
52.618559 -5.694250 12.169692 
52.693599 -5.334506 12.109877 
53.739936 -5.503862 10.675189 
FEnd
FBeg
  165   CB LEU A  24   695   CG PRO B  31 ali
52.604 -7.916 9.383 56.278 -6.138 12.061  4.89
54.787906 -7.659287 10.665866 
54.881328 -8.617220 11.173697 
54.095388 -8.428749 12.126812 
53.267996 -6.689892 12.107451 
53.191296 -6.498423 12.085556 
53.888384 -5.645487 10.562919 
54.164601 -5.815649 10.296948 
FEnd
FBeg
  164    O LEU A  24   695   CG PRO B  31 unk
55.674 -7.826 8.988 56.278 -6.138 12.061  8.73
58.228851 -6.773464 9.502964 
57.736949 -9.020734 10.834074 
56.428812 -9.504757 11.357063 
54.881328 -8.617220 11.173697 
54.787906 -7.659287 10.665866 
56.064194 -6.410054 9.728807 
FEnd
FBeg
  341   CE LYS A  46   695   CG PRO B  31 ali
58.315 -9.321 7.440 56.278 -6.138 12.061  2.28
58.938404 -6.344706 9.520411 
59.115766 -6.822355 9.927605 
58.853857 -8.037044 10.648844 
57.736949 -9.020734 10.834074 
58.228851 -6.773464 9.502964 
FEnd
FBeg
  341   CE LYS A  46   700    O ALA B  32 unk
58.315 -9.321 7.440 61.597 -7.406 11.857  4.27
59.115766 -6.822355 9.927605 
58.853857 -8.037044 10.648844 
58.831168 -9.262915 11.197182 
61.156382 -8.214754 9.015027 
59.349421 -6.585876 9.651464 
FEnd
FBeg
  342   NZ LYS A  46   700    O ALA B  32 hbd
59.249 -10.377 7.928 61.597 -7.406 11.857  22.79
58.831168 -9.262915 11.197182 
61.156382 -8.214754 9.015027 
62.383023 -9.052536 8.915484 
63.984842 -11.224664 9.600727 
65.400173 -14.768264 11.434486 
61.462239 -12.132344 11.794616 
58.874942 -9.948746 11.689629 
FEnd
FBeg
  171    C GLU A  25   695   CG PRO B  31 ali
55.554 -4.236 8.498 56.278 -6.138 12.061  2.77
56.579845 -4.532907 10.394519 
57.543590 -5.267094 9.806762 
55.431266 -5.997765 9.845939 
54.429596 -5.766188 10.173098 
54.525653 -5.329905 10.386476 
FEnd
FBeg
  171    C GLU A  25   696   CD PRO B  31 ali
55.554 -4.236 8.498 55.767 -4.826 12.562  1.57
55.677164 -3.513294 10.589854 
56.579845 -4.532907 10.394519 
54.525653 -5.329905 10.386476 
54.600415 -4.952121 10.437403 
FEnd
FBeg
  172    O GLU A  25   688  CG2 ILE B  30 unk
56.409 -3.594 9.098 58.190 -1.273 11.517  7.97
56.047822 -2.312582 10.523348 
56.695642 -3.194058 10.892153 
57.871862 -4.018295 10.817001 
59.312182 -3.793195 9.540578 
59.426554 -3.120938 8.811349 
58.082480 -1.489563 8.235646 
FEnd
FBeg
  174   CG GLU A  25   688  CG2 ILE B  30 ali
57.327 -3.890 6.116 58.190 -1.273 11.517  2.99
59.426554 -3.120938 8.811349 
58.082480 -1.489563 8.235646 
58.180499 -1.334987 8.145086 
58.537615 -1.140780 7.993923 
60.400827 -0.697742 7.481539 
FEnd
FBeg
  174   CG GLU A  25   706   CB SER B  33 ali
57.327 -3.890 6.116 62.687 -4.149 9.571  19.53
60.400827 -0.697742 7.481539 
59.426554 -3.120938 8.811349 
59.250679 -4.997757 8.943504 
59.590570 -5.900713 8.348516 
60.380094 -6.058569 7.111836 
61.170602 -5.854658 5.900747 
62.176427 -2.018067 4.627941 
61.936029 -1.481810 5.041087 
FEnd
FBeg
  183   CG LYS A  26   688  CG2 ILE B  30 ali
54.909 -0.803 8.768 58.190 -1.273 11.517  5.86
57.117194 0.018712 9.645610 
55.970735 -1.671786 10.724912 
56.047822 -2.312582 10.523348 
58.082480 -1.489563 8.235646 
58.180499 -1.334987 8.145086 
58.587673 -0.096291 7.870895 
57.896994 0.358801 8.773046 
FEnd
FBeg
  183   CG LYS A  26   689  CD1 ILE B  30 ali
54.909 -0.803 8.768 57.100 1.547 11.642  0.76
55.948681 0.816301 9.884260 
57.117194 0.018712 9.645610 
57.896994 0.358801 8.773046 
FEnd
FBeg
  184   CD LYS A  26   687  CG1 ILE B  30 ali
54.786 0.507 8.013 56.330 0.307 12.016  0.10
55.311754 0.900511 10.134137 
55.491448 1.158578 10.077721 
55.948681 0.816301 9.884260 
FEnd
FBeg
  185   CE LYS A  26   687  CG1 ILE B  30 ali
53.725 1.387 8.659 56.330 0.307 12.016  1.83
53.444694 -0.052038 11.276508 
54.698654 1.909272 10.934431 
55.491448 1.158578 10.077721 
55.311754 0.900511 10.134137 
FEnd
FBeg
  183   CG LYS A  26   670   CG GLU B  28 ali
54.909 -0.803 8.768 52.598 2.707 12.096  0.00
53.428722 -0.077396 11.292162 
53.444694 -0.052038 11.276508 
53.409095 -0.071493 11.272307 
53.414477 -0.081231 11.286314 
FEnd
FBeg
  179   CA LYS A  26   683   CA ILE B  30 ali
53.692 -2.941 9.427 56.344 -1.982 13.065  1.75
54.638744 -2.909095 11.640456 
55.825636 -3.001164 10.799515 
55.947634 -2.364144 10.542659 
54.717955 -1.461244 11.201050 
54.621592 -1.433047 11.263864 
FEnd
FBeg
  179   CA LYS A  26   696   CD PRO B  31 ali
53.692 -2.941 9.427 55.767 -4.826 12.562  4.38
53.586769 -3.748949 11.831756 
53.739936 -5.503862 10.675189 
53.770930 -5.547950 10.628166 
54.600415 -4.952121 10.437403 
55.677164 -3.513294 10.589854 
55.825636 -3.001164 10.799515 
54.638744 -2.909095 11.640456 
FEnd
FBeg
  180    C LYS A  26   677    O ILE B  29 unk
52.295 -3.345 9.855 53.620 -2.093 12.754  1.57
53.060437 -2.325398 11.457525 
53.586769 -3.748949 11.831756 
52.812914 -4.401524 12.467279 
52.367039 -3.251216 12.174281 
FEnd
FBeg
  187    N LEU A  27   677    O ILE B  29 hbd
51.541 -2.387 10.363 53.620 -2.093 12.754  3.39
53.235315 -1.144083 11.160211 
53.060437 -2.325398 11.457525 
52.367039 -3.251216 12.174281 
51.963869 -2.539917 12.437380 
51.879211 -1.911391 12.433707 
52.641061 -0.208135 11.561835 
52.967853 -0.178015 11.273983 
FEnd
FBeg
  182   CB LYS A  26   677    O ILE B  29 unk
53.628 -1.613 8.697 53.620 -2.093 12.754  0.67
54.065483 -1.100329 11.167024 
53.235315 -1.144083 11.160211 
52.967853 -0.178015 11.273983 
53.414477 -0.081231 11.286314 
FEnd
FBeg
  183   CG LYS A  26   677    O ILE B  29 unk
54.909 -0.803 8.768 53.620 -2.093 12.754  0.19
54.539442 -1.347535 11.240290 
54.065483 -1.100329 11.167024 
53.414477 -0.081231 11.286314 
53.428722 -0.077396 11.292162 
FEnd
FBeg
  430  OE1 GLU A  57   995    N GLU B  71 hbd
33.084 -6.732 14.477 34.314 -3.377 18.798  42.70
34.795518 -6.943160 17.622570 
35.493654 -6.321755 16.941357 
35.391234 -4.493466 15.550954 
35.324219 -4.288753 15.411082 
35.033587 -3.899968 15.191944 
34.874611 -3.748697 15.119745 
30.646897 -4.202361 16.675434 
24.638520 -10.829991 23.531717 
28.740224 -9.777848 21.547215 
FEnd
FBeg
  499   CD LYS A  66   966   CE LYS B  66 ali
47.455 -12.537 21.031 44.783 -7.987 24.864  5.15
43.642501 -11.721273 22.953367 
46.947056 -10.836942 24.207232 
45.401243 -9.592901 21.652888 
43.529401 -11.530978 22.648633 
FEnd
FBeg
  497   CB LYS A  66   966   CE LYS B  66 ali
48.909 -10.449 21.168 44.783 -7.987 24.864  12.62
46.947056 -10.836942 24.207232 
45.401243 -9.592901 21.652888 
45.702258 -8.349116 21.160407 
46.847244 -7.427771 21.824871 
48.032896 -7.281457 23.051001 
48.259922 -7.875535 23.700170 
48.337311 -8.139162 23.962172 
48.548833 -9.896177 25.368695 
FEnd
FBeg
  465   CG LYS A  62   985   OG SER B  69 unk
39.867 -9.553 16.737 40.091 -4.069 18.954  7.11
41.072646 -6.857626 18.493750 
41.183960 -6.480323 17.549201 
39.817348 -5.941925 16.355491 
38.821018 -6.163705 17.004756 
38.678297 -7.028365 19.158011 
39.370607 -7.610426 20.527855 
FEnd

+-+CCS_record::Boundary loops before union-find
Start boundary loop loop_id 0  init_edge IE_A_B
xyz 56.6378 -8.6651 15.8771
xyz 56.7469 -8.53751 16.0449
xyz 56.7834 -8.65139 16.029
End loop
Boundary info init_edge IE_A_B [total exposed]: 0.568861 0.568861
Start boundary loop loop_id 1  init_edge IE_A_B
xyz 46.8884 6.528 8.57848
xyz 46.8932 6.85561 6.60072
xyz 47.963 6.46721 5.25763
xyz 48.6537 6.92784 4.32891
xyz 51.6138 6.54062 5.32349
xyz 51.7564 5.07864 8.41215
xyz 54.0763 8.31161 6.57406
xyz 57.6669 7.20202 6.65634
xyz 57.7891 4.94369 7.72236
xyz 57.1283 4.19325 8.1643
xyz 56.7391 3.94414 8.33226
xyz 56.75 3.82623 8.51075
xyz 57.1283 4.19325 8.1643
xyz 58.0073 4.72289 7.45207
xyz 60.4603 2.04151 6.65635
xyz 59.8932 1.19746 7.25984
xyz 58.5877 -0.0962906 7.87089
xyz 58.1805 -1.33499 8.14509
xyz 58.5376 -1.14078 7.99392
xyz 60.4008 -0.697742 7.48154
xyz 61.936 -1.48181 5.04109
xyz 62.1764 -2.01807 4.62794
xyz 61.1706 -5.85466 5.90075
xyz 60.3801 -6.05857 7.11184
xyz 59.5906 -5.90071 8.34852
xyz 59.2507 -4.99776 8.9435
xyz 59.4266 -3.12094 8.81135
xyz 59.3122 -3.7932 9.54058
xyz 59.2215 -5.15646 9.14404
xyz 58.5216 -5.4375 9.70369
xyz 58.9384 -6.34471 9.52041
xyz 59.1158 -6.82236 9.92761
xyz 59.3494 -6.58588 9.65146
xyz 61.1564 -8.21475 9.01503
xyz 62.383 -9.05254 8.91548
xyz 63.9848 -11.2247 9.60073
xyz 65.4002 -14.7683 11.4345
xyz 61.4622 -12.1323 11.7946
xyz 58.8749 -9.94875 11.6896
xyz 58.8312 -9.26291 11.1972
xyz 58.8539 -8.03704 10.6488
xyz 57.7369 -9.02073 10.8341
xyz 56.4288 -9.50476 11.3571
xyz 56.7056 -9.7044 11.3266
xyz 56.6848 -9.76273 11.4555
xyz 57.5135 -9.9241 11.3489
xyz 59.0182 -9.96693 12.17
xyz 59.4529 -9.71678 13.4722
xyz 59.3059 -9.54832 14.0583
xyz 58.7156 -9.01257 15.8414
xyz 57.1916 -8.68324 16.1697
xyz 58.0028 -9.67797 17.1228
xyz 59.5183 -10.1028 16.9303
xyz 61.9125 -8.53971 19.1373
xyz 61.8709 -8.25429 19.4502
xyz 61.3009 -6.95312 20.8054
xyz 61.5533 -6.6887 21.5068
xyz 61.521 -6.50439 21.9007
xyz 59.7223 -6.14325 21.8819
xyz 59.6669 -6.33873 22.3104
xyz 58.0627 -6.69158 22.9487
xyz 57.0042 -6.73553 23.524
xyz 56.9451 -6.71661 23.5736
xyz 56.8452 -6.94587 23.7311
xyz 56.5295 -7.34725 24.0347
xyz 54.5497 -8.19484 24.9355
xyz 53.7552 -7.70489 24.7981
xyz 52.5625 -5.9235 23.9635
xyz 52.4334 -5.45568 23.7079
xyz 53.7821 -4.12141 22.6394
xyz 53.8792 -3.78523 22.1081
xyz 53.7653 -3.79701 22.0074
xyz 51.8501 -4.36722 21.0184
xyz 51.923 -4.61158 20.2032
xyz 51.6552 -5.19388 20.1959
xyz 50.9294 -5.93473 21.874
xyz 50.8824 -5.88783 22.1751
xyz 48.1642 -6.39895 22.4888
xyz 48.1112 -6.41159 22.4807
xyz 47.6008 -6.69525 21.5439
xyz 47.5082 -6.69772 21.3525
xyz 46.6763 -7.14287 21.6275
xyz 44.766 -6.64486 20.4131
xyz 44.5969 -6.49043 20.3975
xyz 44.3263 -6.54164 20.3053
xyz 43.8704 -7.07669 20.0489
xyz 43.0136 -6.96928 19.4825
xyz 42.3569 -6.51029 19.0197
xyz 42.054 -6.17377 17.7023
xyz 41.9207 -5.02197 16.5586
xyz 39.9527 -5.57584 16.0818
xyz 39.5271 -4.95335 15.9631
xyz 39.5543 -4.6494 15.9634
xyz 39.6788 -4.45182 15.9902
xyz 39.5705 -4.483 15.9472
xyz 37.5351 -4.39638 16.1822
xyz 37.4863 -4.4354 16.1914
xyz 37.287 -4.41372 16.1537
xyz 35.654 -4.34104 15.6266
xyz 35.0336 -3.89997 15.1919
xyz 34.8481 -3.6763 15.01
xyz 34.811 -3.4514 14.8714
xyz 35.0239 -3.21339 14.7998
xyz 34.7847 -3.21021 14.7839
xyz 32.8306 -2.17585 13.3211
xyz 32.5027 -1.84334 13.1425
xyz 33.0602 1.00748 14.8831
xyz 33.4882 1.78204 15.6246
xyz 33.7051 1.97221 15.7015
xyz 36.3421 2.55918 16.758
xyz 36.5078 2.52378 16.8295
xyz 37.297 1.55071 17.2272
xyz 37.7408 1.91034 17.5382
xyz 37.997 1.78892 17.5243
xyz 37.859 1.90115 17.7788
xyz 38.0348 2.25452 18.7929
xyz 38.0635 2.27181 18.8496
xyz 38.3056 3.04975 19.9301
xyz 39.0959 4.02593 21.1034
xyz 39.5703 4.05792 20.9735
xyz 40.0212 4.46697 20.8654
xyz 40.6173 4.8013 20.5545
xyz 40.9076 4.91585 20.3639
xyz 39.9571 6.31471 20.1502
xyz 40.3817 7.43039 19.7167
xyz 40.1223 7.61106 19.5943
xyz 39.235 7.53463 19.4876
xyz 39.0342 7.74982 18.6287
xyz 39.018 7.73796 18.6462
xyz 37.501 7.21644 19.7212
xyz 37.4751 7.21833 19.7292
xyz 34.5738 9.19977 18.9295
xyz 34.4858 9.28069 18.9562
xyz 36.6584 11.8015 17.0617
xyz 37.7712 12.2098 16.3326
xyz 38.7905 12.888 15.9649
xyz 38.9779 13.0418 15.8394
xyz 40.4132 12.917 15.0611
xyz 40.6606 12.7954 14.941
xyz 41.3214 11.6266 14.7389
xyz 41.3406 11.0256 14.8127
xyz 40.8824 9.39945 15.2954
xyz 40.96 8.86638 15.7769
xyz 40.7284 8.61873 16.2369
xyz 41.009 8.67982 15.7155
xyz 41.0257 8.64476 15.6262
xyz 41.1361 8.53575 15.5258
xyz 41.0948 9.13164 14.6746
xyz 41.3347 8.97451 13.3146
xyz 41.5463 9.27611 13.0662
xyz 41.5636 9.4008 12.7707
xyz 42.2245 10.4775 9.61448
xyz 42.8443 10.5876 8.63774
xyz 44.4314 9.21101 9.79332
xyz 44.6557 8.64074 10.785
xyz 44.8827 7.93997 10.4492
xyz 44.3721 9.32984 9.18372
xyz 44.6196 9.68324 8.15328
xyz 46.3338 8.26793 7.1986
xyz 46.7162 7.00882 8.49555
End loop
Boundary info init_edge IE_A_B [total exposed]: 209.309864 209.309864
Start boundary loop loop_id 2  init_edge IE_A_B
xyz 48.883 -1.402 14.6822
xyz 48.8789 -1.39691 14.6845
xyz 48.8782 -1.39912 14.6836
End loop
Boundary info init_edge IE_A_B [total exposed]: 0.015108 0.015108
Start boundary loop loop_id 3  init_edge IE_A_B
xyz 35.4937 -6.32176 16.9414
xyz 35.3912 -4.49347 15.551
xyz 35.3242 -4.28875 15.4111
xyz 35.0336 -3.89997 15.1919
xyz 34.8746 -3.7487 15.1197
xyz 30.6469 -4.20236 16.6754
xyz 24.6385 -10.83 23.5317
xyz 28.7402 -9.77785 21.5472
xyz 34.7955 -6.94316 17.6226
End loop
Boundary info init_edge IE_A_B [total exposed]: 32.703977 32.703977
Start boundary loop loop_id 4  init_edge IE_A_B
xyz 46.9471 -10.8369 24.2072
xyz 48.5488 -9.89618 25.3687
xyz 48.3373 -8.13916 23.9622
xyz 48.2599 -7.87554 23.7002
xyz 48.0329 -7.28146 23.051
xyz 46.8472 -7.42777 21.8249
xyz 45.7023 -8.34912 21.1604
xyz 45.4012 -9.5929 21.6529
xyz 43.5294 -11.531 22.6486
xyz 43.6425 -11.7213 22.9534
End loop
Boundary info init_edge IE_A_B [total exposed]: 17.328358 17.328358
Start boundary loop loop_id 5  init_edge IE_A_B
xyz 41.184 -6.48032 17.5492
xyz 39.8173 -5.94192 16.3555
xyz 38.821 -6.1637 17.0048
xyz 38.6783 -7.02837 19.158
xyz 39.3706 -7.61043 20.5279
xyz 41.0726 -6.85763 18.4938
End loop
Boundary info init_edge IE_A_B [total exposed]: 10.848944 10.848944
