Begin VSO per interface edge
993 8524  1
993 8545  1
993 8547  2
995 8564  1
997 8564  2
998 8564  1
999 8564  1
999 8608  1
1000 8567  1
1000 8608  1
1001 3892  2
1001 3893  3
1001 3895  2
1001 3919  1
1001 8564  2
1001 8567  2
1001 8608  2
1002 3892  3
1002 3893  2
1002 3895  1
1022 8559  4
1022 8564  3
1023 8559  4
1024 8524  2
1024 8559  3
1024 8564  2
1027 8524  1
1027 8547  2
1027 8564  2
1028 8559  4
1028 8564  3
1029 3885  4
1029 3886  4
1029 3887  3
1029 8559  4
1029 8564  3
1030 3887  3
1031 3886  3
1031 3887  3
1032 3887  2
1033 3887  3
1033 3892  3
1033 8564  2
1034 3884  3
1034 3887  4
1034 3892  3
1034 8559  3
1034 8564  2
1034 8608  3
1035 3887  2
1035 3892  2
1035 3893  1
1057 3864  3
1057 3886  4
1058 3864  3
1059 3828  4
1059 3864  4
1059 3885  4
1059 3886  3
1059 8559  4
1060 3864  3
1060 3886  3
1061 3857  2
1061 3864  2
1061 3865  1
1061 3866  2
1061 3886  3
1063 3857  1
1063 3864  2
1064 3865  1
1064 3866  1
1065 3864  2
1065 3866  1
1065 3886  2
1065 3887  2
1067 3886  2
1067 3887  1
1067 8643  1
1068 3866  2
1068 3868  1
1068 3869  2
1068 3870  1
1068 3881  2
1068 3886  2
1068 3887  2
1068 8643  1
1081 8445  1
1086 3855  4
1086 3856  3
1086 3857  2
1086 3864  3
1087 3855  4
1087 3856  4
1087 3863  5
1087 3864  4
1087 8445  2
1088 3855  3
1088 3858  3
1088 3860  3
1088 8445  2
1088 8499  3
1089 3855  3
1089 3856  3
1089 3857  2
1089 3858  2
1089 3860  2
1089 8445  1
1090 3857  1
1090 3858  1
1090 3859  1
1090 3860  2
1090 3861  1
1090 8445  1
1094 3863  5
1094 3864  4
1095 3826  4
1095 3827  4
1095 3828  5
1095 3830  3
1095 3834  3
1095 3855  3
1095 3856  4
1095 3863  4
1095 3864  4
1095 8499  3
1096 3830  3
1096 8499  2
1097 3830  3
1097 3834  2
1097 3837  2
1097 8499  2
1098 8445  2
1098 8499  2
1099 3837  1
1099 8445  2
1099 8499  1
1100 3837  2
1100 8446  2
1101 3837  1
1101 8446  1
1102 8445  1
1102 8499  1
1106 8446  1
1111 8446  1
1113 8446  2
1114 8559  4
1115 3803  3
1116 3803  2
1116 8524  2
1116 8559  3
1116 8564  3
1116 8645  2
1117 3798  3
1117 3803  2
1117 3828  3
1117 8559  3
1117 8645  2
1118 3798  4
1118 3800  4
1118 3826  5
1118 3828  4
1118 3829  4
1118 3830  4
1118 3834  3
1118 3836  3
1118 3837  2
1118 8446  2
1118 8559  4
1119 3798  4
1119 3800  4
1119 3801  3
1119 3802  3
1119 3803  3
1119 3804  2
1119 3834  3
1119 3836  2
1119 3837  2
1119 8446  1
1121 8524  2
1121 8547  3
1123 8547  4
1124 3770  2
1124 3771  3
1124 3802  3
1124 3803  2
1124 3804  2
1124 8524  2
1124 8547  3
1125 3770  3
1125 3771  2
1125 3804  1
1126 8446  1
1127 3770  2
1127 3771  1
1139 8547  3
1145 8547  2
1147 8547  1
1149 3770  1
1149 8547  2
1150 8547  3
1151 3770  1
1151 8547  2
2458 8446  1
3762 8567  1
3762 8608  1
3767 8545  1
3768 8524  1
3768 8545  1
3769 8524  2
3769 8545  1
3769 8547  2
3770 8524  2
3770 8545  2
3770 8547  2
3791 8645  2
3792 8645  3
3793 8608  1
3793 8645  1
3796 8567  2
3796 8608  1
3797 8645  2
3798 8645  2
3803 8524  1
3803 8645  1
3828 8559  4
3828 8645  3
3830 8499  2
3831 8499  2
3832 8499  1
3833 8499  1
3834 8499  1
3836 8446  1
3837 8446  1
3855 8499  2
3860 8445  2
3860 8499  2
3861 8445  1
3861 8499  1
3869 8643  2
3870 8643  1
3874 8643  2
3878 8643  2
3879 8643  2
3881 8643  2
3882 8645  3
3884 8559  3
3884 8564  3
3884 8608  2
3884 8645  2
3885 8559  4
3885 8645  3
3886 8643  2
3887 8559  4
3887 8643  2
3888 8643  2
3889 8567  3
3889 8608  2
3890 8567  3
3891 8567  3
3892 8567  3
3892 8608  3
3893 8643  1
3894 8643  1
3907 8567  2
3913 8567  2
3915 8567  1
3917 8567  1
3918 8567  2
3919 8567  2
5222 8643  1
End VSO per interface edge

Voronoi Facets of interface MI_AB
FBeg
 1124   CB ASP A 167  3804  OD2 ASP B 155 unk
22.051 28.853 -61.761 23.317 33.262 -63.370  0.11
22.506925 31.391629 -62.675787 
22.760569 31.573473 -61.977923 
22.580214 31.658523 -61.886777 
22.512145 31.646838 -61.972352 
FEnd
FBeg
 1124   CB ASP A 167  3802   CG ASP B 155 ali
22.051 28.853 -61.761 22.216 33.822 -63.565  0.90
22.512145 31.646838 -61.972352 
22.506925 31.391629 -62.675787 
22.333811 31.184245 -63.262848 
22.022843 31.072201 -63.599907 
21.497834 31.370387 -62.826591 
FEnd
FBeg
 1119  CG2 VAL A 166  3802   CG ASP B 155 ali
20.180 32.773 -60.808 22.216 33.822 -63.565  6.77
21.497834 31.370387 -62.826591 
22.512145 31.646838 -61.972352 
23.340062 33.768594 -60.553651 
20.220202 33.995744 -62.771190 
20.057712 33.866460 -62.940376 
FEnd
FBeg
 1119  CG2 VAL A 166  3803  OD1 ASP B 155 unk
20.180 32.773 -60.808 21.215 33.224 -64.014  2.56
20.057712 33.866460 -62.940376 
21.497834 31.370387 -62.826591 
20.782565 31.094563 -63.096304 
20.095283 31.431747 -63.270747 
19.652188 33.819204 -63.077940 
FEnd
FBeg
 1117   CB VAL A 166  3803  OD1 ASP B 155 unk
18.704 32.522 -61.092 21.215 33.224 -64.014  1.69
20.095283 31.431747 -63.270747 
19.652188 33.819204 -63.077940 
19.249679 33.784193 -63.432245 
19.380448 31.640449 -63.834896 
19.913884 31.423787 -63.428544 
FEnd
FBeg
 1116    O VAL A 166  3803  OD1 ASP B 155 unk
18.617 29.819 -62.419 21.215 33.224 -64.014  1.70
19.380448 31.640449 -63.834896 
19.867599 30.725977 -64.993617 
20.653372 30.470559 -64.258984 
20.616988 30.844260 -63.520472 
19.913884 31.423787 -63.428544 
FEnd
FBeg
 1117   CB VAL A 166  3798   CA ASP B 155 ali
18.704 32.522 -61.092 20.849 35.934 -63.866  0.87
19.652188 33.819204 -63.077940 
19.249679 33.784193 -63.432245 
18.759905 34.188211 -63.314024 
18.855348 34.542610 -62.804314 
19.355725 34.656566 -62.277232 
FEnd
FBeg
 1118  CG1 VAL A 166  3798   CA ASP B 155 ali
17.847 33.644 -60.521 20.849 35.934 -63.866  0.89
18.855348 34.542610 -62.804314 
19.355725 34.656566 -62.277232 
19.799933 35.520208 -61.287321 
19.043837 35.588001 -61.919475 
FEnd
FBeg
 1118  CG1 VAL A 166  3828   CB ALA B 158 ali
17.847 33.644 -60.521 16.793 36.149 -63.256  10.68
19.043837 35.588001 -61.919475 
18.855348 34.542610 -62.804314 
16.856630 33.233952 -63.232665 
16.525087 33.213484 -63.123643 
15.046178 34.681152 -61.209464 
16.166603 35.734151 -60.676801 
17.311983 36.150011 -60.737313 
18.226232 36.215473 -61.029686 
18.588844 36.149423 -61.229922 
FEnd
FBeg
 1118  CG1 VAL A 166  3834   CG LYS B 159 ali
17.847 33.644 -60.521 19.373 37.538 -59.042  5.51
18.226232 36.215473 -61.029686 
17.337893 36.228648 -60.147807 
17.163984 36.154445 -59.773003 
17.300038 35.981688 -59.458535 
19.014476 34.957796 -58.531691 
19.267303 34.943843 -58.755818 
19.836964 35.208674 -60.040845 
19.853944 35.595639 -61.077189 
18.588844 36.149423 -61.229922 
FEnd
FBeg
 1119  CG2 VAL A 166  3834   CG LYS B 159 ali
20.180 32.773 -60.808 19.373 37.538 -59.042  0.31
19.836964 35.208674 -60.040845 
19.853944 35.595639 -61.077189 
20.244824 35.645696 -61.033633 
20.378182 35.633941 -60.940975 
FEnd
FBeg
 1119  CG2 VAL A 166  3836   CE LYS B 159 ali
20.180 32.773 -60.808 21.469 36.295 -58.369  8.29
20.378182 35.633941 -60.940975 
19.836964 35.208674 -60.040845 
19.696374 34.443564 -58.861698 
20.705949 33.898319 -58.607901 
24.273723 33.220743 -59.515011 
23.625643 33.915611 -60.175915 
FEnd
FBeg
 1119  CG2 VAL A 166  3837   NZ LYS B 159 unk
20.180 32.773 -60.808 20.768 35.476 -57.340  0.47
19.696374 34.443564 -58.861698 
19.523059 33.805883 -58.335296 
20.705949 33.898319 -58.607901 
FEnd
FBeg
 1119  CG2 VAL A 166  3800    O ASP B 155 unk
20.180 32.773 -60.808 19.753 37.483 -62.389  0.05
19.853944 35.595639 -61.077189 
20.244824 35.645696 -61.033633 
20.198246 35.620296 -61.096722 
19.799933 35.520208 -61.287321 
FEnd
FBeg
 1118  CG1 VAL A 166  3836   CE LYS B 159 ali
17.847 33.644 -60.521 21.469 36.295 -58.369  0.46
19.267303 34.943843 -58.755818 
19.696374 34.443564 -58.861698 
19.836964 35.208674 -60.040845 
FEnd
FBeg
 1118  CG1 VAL A 166  3837   NZ LYS B 159 unk
17.847 33.644 -60.521 20.768 35.476 -57.340  0.93
19.014476 34.957796 -58.531691 
19.006716 33.799752 -57.857625 
19.036489 33.758584 -57.861256 
19.523059 33.805883 -58.335296 
19.696374 34.443564 -58.861698 
19.267303 34.943843 -58.755818 
FEnd
FBeg
 1100    C LYS A 164  3837   NZ LYS B 159 unk
17.551 32.998 -55.623 20.768 35.476 -57.340  0.56
19.006716 33.799752 -57.857625 
19.036489 33.758584 -57.861256 
19.220947 33.762891 -57.509438 
19.020552 35.028096 -56.058938 
18.885226 35.031302 -56.307860 
FEnd
FBeg
 1099   CA LYS A 164  3837   NZ LYS B 159 unk
16.666 34.153 -55.127 20.768 35.476 -57.340  4.87
19.020552 35.028096 -56.058938 
19.969354 36.052013 -53.688116 
19.968739 36.074954 -53.675541 
19.506968 37.925036 -53.425438 
18.758751 37.330776 -55.167597 
18.885226 35.031302 -56.307860 
FEnd
FBeg
 1101    O LYS A 164  3837   NZ LYS B 159 hbd
18.777 33.042 -55.492 20.768 35.476 -57.340  10.22
19.220947 33.762891 -57.509438 
22.595047 33.908530 -53.682425 
22.511737 34.485490 -53.012268 
19.969354 36.052013 -53.688116 
19.020552 35.028096 -56.058938 
FEnd
FBeg
 1097    O GLY A 163  3837   NZ LYS B 159 hbd
17.274 35.383 -57.540 20.768 35.476 -57.340  4.20
19.014476 34.957796 -58.531691 
19.006716 33.799752 -57.857625 
18.885226 35.031302 -56.307860 
18.758751 37.330776 -55.167597 
18.767519 37.410460 -55.357838 
FEnd
FBeg
 1097    O GLY A 163  3834   CG LYS B 159 unk
17.274 35.383 -57.540 19.373 37.538 -59.042  7.29
17.300038 35.981688 -59.458535 
19.014476 34.957796 -58.531691 
18.767519 37.410460 -55.357838 
17.217167 37.501552 -57.393714 
17.126048 36.616103 -58.791451 
FEnd
FBeg
 1097    O GLY A 163  3830   CA LYS B 159 unk
17.274 35.383 -57.540 17.299 38.858 -59.743  0.13
17.217167 37.501552 -57.393714 
17.126048 36.616103 -58.791451 
17.040500 36.810399 -58.485940 
17.140624 37.479971 -57.428624 
FEnd
FBeg
 1096    C GLY A 163  3830   CA LYS B 159 ali
16.095 35.144 -57.277 17.299 38.858 -59.743  0.37
17.040500 36.810399 -58.485940 
17.140624 37.479971 -57.428624 
16.552088 37.502046 -57.682725 
FEnd
FBeg
 1095   CA GLY A 163  3830   CA LYS B 159 ali
15.009 35.521 -58.262 17.299 38.858 -59.743  5.15
17.126048 36.616103 -58.791451 
17.040500 36.810399 -58.485940 
16.552088 37.502046 -57.682725 
14.926771 38.331970 -58.325884 
14.780897 38.097612 -59.079500 
15.494774 37.305357 -59.760781 
16.918052 36.177565 -60.101182 
17.163984 36.154445 -59.773003 
FEnd
FBeg
 1095   CA GLY A 163  3826    C ALA B 158 ali
15.009 35.521 -58.262 16.182 38.052 -61.743  2.44
15.494774 37.305357 -59.760781 
16.918052 36.177565 -60.101182 
16.166603 35.734151 -60.676801 
14.819355 35.688768 -61.163784 
14.768129 35.841836 -61.069751 
FEnd
FBeg
 1095   CA GLY A 163  3864   CA GLY B 163 ali
15.009 35.521 -58.262 11.991 36.373 -61.293  3.56
14.819355 35.688768 -61.163784 
14.719395 34.818193 -61.308968 
13.974193 34.376407 -60.691145 
13.604958 34.437062 -60.306444 
13.501743 34.492514 -60.188084 
13.234588 36.248997 -59.428337 
14.419243 36.434118 -60.555874 
14.768129 35.841836 -61.069751 
FEnd
FBeg
 1095   CA GLY A 163  3863    N GLY B 163 unk
15.009 35.521 -58.262 12.470 37.553 -60.596  2.01
13.234588 36.248997 -59.428337 
13.228129 36.456726 -59.240459 
13.480607 37.055878 -58.993486 
13.751300 37.399590 -58.988716 
14.405206 37.786990 -59.362782 
14.419243 36.434118 -60.555874 
FEnd
FBeg
 1095   CA GLY A 163  3856    C LYS B 162 ali
15.009 35.521 -58.262 11.747 38.109 -59.630  0.04
13.480607 37.055878 -58.993486 
13.637052 37.352886 -58.804647 
13.751300 37.399590 -58.988716 
FEnd
FBeg
 1087    C LYS A 162  3856    C LYS B 162 ali
12.861 36.009 -57.250 11.747 38.109 -59.630  2.53
13.480607 37.055878 -58.993486 
13.637052 37.352886 -58.804647 
11.691633 37.666674 -57.617188 
11.903325 36.123836 -59.077602 
12.648722 36.361740 -59.216583 
FEnd
FBeg
 1087    C LYS A 162  3864   CA GLY B 163 ali
12.861 36.009 -57.250 11.991 36.373 -61.293  0.50
11.903325 36.123836 -59.077602 
12.648722 36.361740 -59.216583 
12.982516 36.273369 -59.296367 
12.117108 35.389966 -59.189677 
FEnd
FBeg
 1086   CA LYS A 162  3864   CA GLY B 163 ali
11.434 35.551 -56.973 11.991 36.373 -61.293  2.34
12.117108 35.389966 -59.189677 
11.903325 36.123836 -59.077602 
10.993325 36.110721 -59.197429 
9.809114 35.344887 -59.495836 
9.886753 35.271779 -59.499737 
11.362534 34.601626 -59.436972 
11.946394 34.761766 -59.331221 
FEnd
FBeg
 1061   CA LYS A 159  3864   CA GLY B 163 ali
10.219 32.534 -60.618 11.991 36.373 -61.293  6.20
9.886753 35.271779 -59.499737 
9.444474 35.424094 -59.794523 
8.990097 35.563666 -60.193547 
10.712856 34.477143 -61.850483 
11.250650 34.176471 -62.148720 
11.828768 33.889883 -62.260996 
12.126776 33.783159 -62.085652 
12.164094 33.798809 -61.898675 
11.844121 34.257736 -60.128557 
11.362534 34.601626 -59.436972 
FEnd
FBeg
 1060    N LYS A 159  3864   CA GLY B 163 unk
11.470 31.809 -60.807 11.991 36.373 -61.293  0.01
12.126776 33.783159 -62.085652 
12.259810 33.773748 -62.031415 
12.164094 33.798809 -61.898675 
FEnd
FBeg
 1060    N LYS A 159  3886  CG1 VAL B 166 unk
11.470 31.809 -60.807 13.166 34.339 -64.528  0.41
12.126776 33.783159 -62.085652 
12.259810 33.773748 -62.031415 
12.496441 33.349005 -62.212354 
12.294770 32.584754 -62.823907 
11.981198 33.584475 -62.287095 
FEnd
FBeg
 1065   CG LYS A 159  3886  CG1 VAL B 166 ali
9.716 32.496 -63.111 13.166 34.339 -64.528  5.79
12.294770 32.584754 -62.823907 
11.981198 33.584475 -62.287095 
11.828768 33.889883 -62.260996 
11.664057 34.066727 -62.432011 
10.645584 34.397400 -64.481624 
10.677261 34.261572 -64.581163 
11.543052 32.400417 -64.893886 
12.050752 31.799133 -64.439829 
12.363699 32.065192 -63.331845 
FEnd
FBeg
 1031    O ASP A 155  3886  CG1 VAL B 166 unk
11.988 30.011 -63.156 13.166 34.339 -64.528  0.58
12.050752 31.799133 -64.439829 
12.646253 31.681333 -64.300133 
13.021615 31.680951 -63.979054 
12.363699 32.065192 -63.331845 
FEnd
FBeg
 1029   CA ASP A 155  3886  CG1 VAL B 166 ali
13.431 29.137 -64.844 13.166 34.339 -64.528  0.15
12.646253 31.681333 -64.300133 
13.550436 31.723489 -64.235837 
13.596185 31.723466 -64.197096 
13.021615 31.680951 -63.979054 
FEnd
FBeg
 1029   CA ASP A 155  3885   CB VAL B 166 ali
13.431 29.137 -64.844 14.110 33.910 -65.643  0.27
13.550436 31.723489 -64.235837 
13.596185 31.723466 -64.197096 
14.583735 31.553211 -64.374915 
14.697497 31.455244 -64.863470 
FEnd
FBeg
 1059   CB ALA A 158  3885   CB VAL B 166 ali
14.447 31.710 -61.665 14.110 33.910 -65.643  2.08
13.596185 31.723466 -64.197096 
14.583735 31.553211 -64.374915 
16.046464 33.324686 -63.519132 
15.554068 33.667898 -63.287607 
FEnd
FBeg
 1029   CA ASP A 155  3887  CG2 VAL B 166 ali
13.431 29.137 -64.844 13.376 32.966 -66.581  3.18
12.646253 31.681333 -64.300133 
13.550436 31.723489 -64.235837 
14.697497 31.455244 -64.863470 
14.914247 31.207788 -65.415819 
14.459852 31.013991 -65.828633 
14.190586 30.985432 -65.883060 
11.853348 31.403909 -64.886576 
11.942789 31.452236 -64.782875 
FEnd
FBeg
 1030    C ASP A 155  3887  CG2 VAL B 166 ali
12.314 29.037 -63.834 13.376 32.966 -66.581  0.01
11.853348 31.403909 -64.886576 
11.942789 31.452236 -64.782875 
11.651569 31.442665 -64.909151 
11.630203 31.431640 -64.933180 
FEnd
FBeg
 1032   CB ASP A 155  3887  CG2 VAL B 166 ali
12.843 29.220 -66.258 13.376 32.966 -66.581  6.38
14.190586 30.985432 -65.883060 
11.853348 31.403909 -64.886576 
11.630203 31.431640 -64.933180 
11.609124 31.432735 -64.955265 
10.680595 31.230841 -68.828954 
11.423159 31.146440 -68.582456 
FEnd
FBeg
 1035  OD2 ASP A 155  3887  CG2 VAL B 166 unk
13.596 29.262 -68.512 13.376 32.966 -66.581  1.35
10.680595 31.230841 -68.828954 
10.526842 31.501672 -69.365973 
13.292405 31.555456 -69.154058 
13.333692 31.548775 -69.136539 
11.423159 31.146440 -68.582456 
FEnd
FBeg
 1035  OD2 ASP A 155  3892   CB ASP B 167 unk
13.596 29.262 -68.512 15.131 33.354 -70.569  0.02
13.292405 31.555456 -69.154058 
13.333692 31.548775 -69.136539 
13.624117 31.416543 -69.182865 
13.309332 31.513034 -69.225818 
FEnd
FBeg
 1002   NZ LYS A 151  3892   CB ASP B 167 unk
14.132 29.920 -70.962 15.131 33.354 -70.569  2.00
13.624117 31.416543 -69.182865 
13.309332 31.513034 -69.225818 
14.096056 31.550428 -71.552402 
14.903815 31.039673 -69.142784 
FEnd
FBeg
 1001   CE LYS A 151  3892   CB ASP B 167 ali
15.525 29.750 -71.465 15.131 33.354 -70.569  9.09
14.096056 31.550428 -71.552402 
14.143921 31.586619 -71.676926 
14.889450 31.957413 -72.840546 
15.854462 32.093166 -72.962240 
17.150664 31.748752 -71.006916 
16.633115 31.143505 -68.800002 
15.434233 31.045673 -68.933678 
14.903815 31.039673 -69.142784 
FEnd
FBeg
 1034  OD1 ASP A 155  3892   CB ASP B 167 unk
15.006 29.960 -66.964 15.131 33.354 -70.569  1.35
16.633115 31.143505 -68.800002 
16.792255 31.458655 -68.497780 
15.611279 31.927418 -68.097402 
15.013047 31.640132 -68.388617 
15.434233 31.045673 -68.933678 
FEnd
FBeg
 1034  OD1 ASP A 155  3884    O VAL B 166 unk
15.006 29.960 -66.964 16.457 34.017 -67.434  2.13
16.792255 31.458655 -68.497780 
15.611279 31.927418 -68.097402 
16.025769 31.956810 -66.564068 
17.041247 31.538384 -67.040867 
17.132957 31.380056 -68.124414 
FEnd
FBeg
 1001   CE LYS A 151  3919   CE LYS B 170 ali
15.525 29.750 -71.465 14.552 33.487 -75.012  12.93
14.889450 31.957413 -72.840546 
15.854462 32.093166 -72.962240 
16.402877 30.776066 -74.500331 
14.275134 28.441646 -76.376123 
13.427482 28.090559 -76.513492 
12.359710 28.570533 -75.714900 
12.299321 28.697879 -75.564167 
13.122706 30.498860 -73.892581 
FEnd
FBeg
 1001   CE LYS A 151  3895  OD2 ASP B 167 unk
15.525 29.750 -71.465 13.246 32.851 -71.937  1.91
14.143921 31.586619 -71.676926 
14.889450 31.957413 -72.840546 
13.122706 30.498860 -73.892581 
14.075442 31.546746 -71.608245 
FEnd
FBeg
 1002   NZ LYS A 151  3895  OD2 ASP B 167 elf
14.132 29.920 -70.962 13.246 32.851 -71.937  12.58
13.122706 30.498860 -73.892581 
14.075442 31.546746 -71.608245 
11.058364 31.238938 -69.791889 
10.153359 30.866205 -70.089987 
11.257443 29.610359 -74.868555 
FEnd
FBeg
 1001   CE LYS A 151  3893   CG ASP B 167 ali
15.525 29.750 -71.465 13.706 33.594 -71.047  0.00
14.096056 31.550428 -71.552402 
14.143921 31.586619 -71.676926 
14.075442 31.546746 -71.608245 
FEnd
FBeg
 1002   NZ LYS A 151  3893   CG ASP B 167 unk
14.132 29.920 -70.962 13.706 33.594 -71.047  2.96
13.309332 31.513034 -69.225818 
14.096056 31.550428 -71.552402 
14.075442 31.546746 -71.608245 
11.058364 31.238938 -69.791889 
FEnd
FBeg
 1033   CG ASP A 155  3892   CB ASP B 167 ali
13.893 29.496 -67.318 15.131 33.354 -70.569  1.10
13.333692 31.548775 -69.136539 
13.624117 31.416543 -69.182865 
14.903815 31.039673 -69.142784 
15.434233 31.045673 -68.933678 
15.013047 31.640132 -68.388617 
FEnd
FBeg
 1035  OD2 ASP A 155  3893   CG ASP B 167 unk
13.596 29.262 -68.512 13.706 33.594 -71.047  0.95
10.526842 31.501672 -69.365973 
13.292405 31.555456 -69.154058 
13.309332 31.513034 -69.225818 
11.058364 31.238938 -69.791889 
10.330115 31.399334 -69.549394 
FEnd
FBeg
 1067   CE LYS A 159  3887  CG2 VAL B 166 ali
9.078 32.606 -65.532 13.376 32.966 -66.581  8.60
11.609124 31.432735 -64.955265 
11.543052 32.400417 -64.893886 
11.063730 34.292650 -66.208398 
10.925613 34.279994 -66.778639 
10.526363 31.511182 -69.364671 
10.526842 31.501672 -69.365973 
10.680595 31.230841 -68.828954 
FEnd
FBeg
 1068   NZ LYS A 159  3887  CG2 VAL B 166 unk
8.950 34.093 -65.534 13.376 32.966 -66.581  0.13
11.063730 34.292650 -66.208398 
11.106402 34.724471 -66.492825 
10.925613 34.279994 -66.778639 
FEnd
FBeg
 1033   CG ASP A 155  3887  CG2 VAL B 166 ali
13.893 29.496 -67.318 13.376 32.966 -66.581  6.32
14.459852 31.013991 -65.828633 
14.190586 30.985432 -65.883060 
11.423159 31.146440 -68.582456 
13.333692 31.548775 -69.136539 
15.013047 31.640132 -68.388617 
FEnd
FBeg
 1034  OD1 ASP A 155  3887  CG2 VAL B 166 unk
15.006 29.960 -66.964 13.376 32.966 -66.581  3.08
14.914247 31.207788 -65.415819 
14.459852 31.013991 -65.828633 
15.013047 31.640132 -68.388617 
15.611279 31.927418 -68.097402 
16.025769 31.956810 -66.564068 
FEnd
FBeg
 1031    O ASP A 155  3887  CG2 VAL B 166 unk
11.988 30.011 -63.156 13.376 32.966 -66.581  0.22
12.050752 31.799133 -64.439829 
12.646253 31.681333 -64.300133 
11.942789 31.452236 -64.782875 
11.651569 31.442665 -64.909151 
FEnd
FBeg
 1065   CG LYS A 159  3887  CG2 VAL B 166 ali
9.716 32.496 -63.111 13.376 32.966 -66.581  0.34
11.543052 32.400417 -64.893886 
12.050752 31.799133 -64.439829 
11.651569 31.442665 -64.909151 
11.630203 31.431640 -64.933180 
11.609124 31.432735 -64.955265 
FEnd
FBeg
 1067   CE LYS A 159  3886  CG1 VAL B 166 ali
9.078 32.606 -65.532 13.166 34.339 -64.528  1.69
10.677261 34.261572 -64.581163 
11.063730 34.292650 -66.208398 
11.543052 32.400417 -64.893886 
FEnd
FBeg
 1068   NZ LYS A 159  3886  CG1 VAL B 166 unk
8.950 34.093 -65.534 13.166 34.339 -64.528  1.75
10.645584 34.397400 -64.481624 
10.742923 35.358325 -65.124537 
10.989286 35.344066 -66.153523 
11.070199 35.002578 -66.409109 
11.106402 34.724471 -66.492825 
11.063730 34.292650 -66.208398 
10.677261 34.261572 -64.581163 
FEnd
FBeg
 1068   NZ LYS A 159  3881    N VAL B 166 hbd
8.950 34.093 -65.534 13.482 36.041 -66.702  0.04
10.989286 35.344066 -66.153523 
11.070199 35.002578 -66.409109 
10.919018 35.384473 -66.358784 
FEnd
FBeg
 1068   NZ LYS A 159  3869    C LYS B 164 unk
8.950 34.093 -65.534 10.322 37.881 -65.258  1.92
10.742923 35.358325 -65.124537 
10.989286 35.344066 -66.153523 
10.919018 35.384473 -66.358784 
10.892176 35.395143 -66.371786 
8.736269 36.084756 -65.119435 
9.714477 35.696487 -64.653269 
FEnd
FBeg
 1068   NZ LYS A 159  3868   CA LYS B 164 unk
8.950 34.093 -65.534 9.720 38.056 -63.849  7.53
8.736269 36.084756 -65.119435 
5.347880 36.780522 -65.207425 
5.328543 36.764137 -65.160051 
6.316389 35.467460 -62.561778 
6.893915 35.389285 -62.641831 
6.982760 35.385130 -62.672657 
9.714477 35.696487 -64.653269 
FEnd
FBeg
 1068   NZ LYS A 159  3870    O LYS B 164 hbd
8.950 34.093 -65.534 9.644 37.394 -66.157  14.12
10.892176 35.395143 -66.371786 
6.820420 35.790317 -68.813723 
5.221825 36.302659 -67.879830 
5.197408 36.316625 -67.833031 
5.347880 36.780522 -65.207425 
8.736269 36.084756 -65.119435 
FEnd
FBeg
 1068   NZ LYS A 159  3866    O GLY B 163 hbd
8.950 34.093 -65.534 10.585 35.594 -63.043  3.25
10.645584 34.397400 -64.481624 
10.742923 35.358325 -65.124537 
9.714477 35.696487 -64.653269 
6.982760 35.385130 -62.672657 
FEnd
FBeg
 1065   CG LYS A 159  3866    O GLY B 163 unk
9.716 32.496 -63.111 10.585 35.594 -63.043  6.82
11.664057 34.066727 -62.432011 
10.645584 34.397400 -64.481624 
6.982760 35.385130 -62.672657 
6.953600 35.392151 -62.619915 
9.653448 34.617566 -61.833184 
11.250650 34.176471 -62.148720 
FEnd
FBeg
 1064   CB LYS A 159  3866    O GLY B 163 unk
9.220 32.181 -61.719 10.585 35.594 -63.043  2.12
6.953600 35.392151 -62.619915 
9.653448 34.617566 -61.833184 
9.178907 34.934917 -61.504354 
7.266636 35.727260 -61.433344 
7.008780 35.635665 -61.935298 
FEnd
FBeg
 1064   CB LYS A 159  3865    C GLY B 163 ali
9.220 32.181 -61.719 11.013 36.573 -62.441  1.10
9.178907 34.934917 -61.504354 
7.266636 35.727260 -61.433344 
7.336467 35.811014 -60.750442 
8.009393 35.554168 -60.641731 
FEnd
FBeg
 1059   CB ALA A 158  3886  CG1 VAL B 166 ali
14.447 31.710 -61.665 13.166 34.339 -64.528  8.25
12.496441 33.349005 -62.212354 
12.294770 32.584754 -62.823907 
12.363699 32.065192 -63.331845 
13.021615 31.680951 -63.979054 
13.596185 31.723466 -64.197096 
15.554068 33.667898 -63.287607 
14.503993 34.746121 -61.827672 
12.884214 33.897345 -61.882334 
FEnd
FBeg
 1057    C ALA A 158  3886  CG1 VAL B 166 ali
12.548 32.102 -60.085 13.166 34.339 -64.528  0.17
12.259810 33.773748 -62.031415 
12.496441 33.349005 -62.212354 
12.884214 33.897345 -61.882334 
FEnd
FBeg
 1061   CA LYS A 159  3886  CG1 VAL B 166 ali
10.219 32.534 -60.618 13.166 34.339 -64.528  0.05
11.828768 33.889883 -62.260996 
12.126776 33.783159 -62.085652 
11.981198 33.584475 -62.287095 
FEnd
FBeg
 1065   CG LYS A 159  3864   CA GLY B 163 ali
9.716 32.496 -63.111 11.991 36.373 -61.293  0.07
11.250650 34.176471 -62.148720 
11.664057 34.066727 -62.432011 
11.828768 33.889883 -62.260996 
FEnd
FBeg
 1061   CA LYS A 159  3866    O GLY B 163 unk
10.219 32.534 -60.618 10.585 35.594 -63.043  0.41
10.712856 34.477143 -61.850483 
11.250650 34.176471 -62.148720 
9.653448 34.617566 -61.833184 
9.178907 34.934917 -61.504354 
FEnd
FBeg
 1061   CA LYS A 159  3865    C GLY B 163 ali
10.219 32.534 -60.618 11.013 36.573 -62.441  1.89
8.990097 35.563666 -60.193547 
10.712856 34.477143 -61.850483 
9.178907 34.934917 -61.504354 
8.009393 35.554168 -60.641731 
8.759222 35.592202 -60.230880 
FEnd
FBeg
 1061   CA LYS A 159  3857    O LYS B 162 unk
10.219 32.534 -60.618 10.642 37.682 -59.299  0.04
9.444474 35.424094 -59.794523 
8.990097 35.563666 -60.193547 
8.759222 35.592202 -60.230880 
FEnd
FBeg
 1063    O LYS A 159  3857    O LYS B 162 unk
9.082 33.140 -58.599 10.642 37.682 -59.299  2.71
8.759222 35.592202 -60.230880 
9.444474 35.424094 -59.794523 
9.809114 35.344887 -59.495836 
8.994274 35.720557 -58.874209 
8.249556 35.942935 -59.090949 
7.813827 36.063419 -59.280234 
7.020995 36.225078 -59.998175 
7.504836 35.979158 -60.515575 
FEnd
FBeg
 1090   CG LYS A 162  3857    O LYS B 162 unk
9.385 36.719 -55.968 10.642 37.682 -59.299  7.46
8.994274 35.720557 -58.874209 
10.502565 37.447251 -57.805843 
10.577892 37.842638 -57.663110 
7.307331 39.186056 -58.508917 
7.164269 38.615041 -58.727985 
7.863775 36.219770 -59.156495 
8.249556 35.942935 -59.090949 
FEnd
FBeg
 1090   CG LYS A 162  3858   CB LYS B 162 ali
9.385 36.719 -55.968 11.301 40.045 -58.094  13.02
10.577892 37.842638 -57.663110 
7.307331 39.186056 -58.508917 
6.922186 39.556398 -58.276641 
6.661983 41.331164 -55.734626 
10.452697 39.376053 -55.377002 
10.672581 39.176338 -55.491280 
FEnd
FBeg
 1089   CB LYS A 162  3858   CB LYS B 162 ali
10.859 36.388 -55.829 11.301 40.045 -58.094  2.53
10.672581 39.176338 -55.491280 
10.577892 37.842638 -57.663110 
10.791860 37.798233 -57.693049 
11.332475 37.816139 -57.558642 
11.963498 38.090864 -56.991939 
12.104302 38.417071 -56.437779 
FEnd
FBeg
 1089   CB LYS A 162  3860   CD LYS B 162 ali
10.859 36.388 -55.829 12.891 40.737 -56.244  1.47
12.104302 38.417071 -56.437779 
10.672581 39.176338 -55.491280 
10.612266 39.291786 -54.576767 
12.381575 38.343831 -55.847655 
FEnd
FBeg
 1088    O LYS A 162  3860   CD LYS B 162 unk
13.244 37.110 -56.860 12.891 40.737 -56.244  2.01
12.381575 38.343831 -55.847655 
12.104302 38.417071 -56.437779 
12.430240 38.501749 -56.749584 
14.145392 38.747093 -57.211297 
13.973238 38.502015 -55.866935 
FEnd
FBeg
 1088    O LYS A 162  3855   CA LYS B 162 unk
13.244 37.110 -56.860 12.368 39.329 -58.935  2.88
12.430240 38.501749 -56.749584 
14.145392 38.747093 -57.211297 
14.653673 38.197815 -58.013274 
13.948818 37.659894 -58.290958 
11.944251 37.948225 -57.136351 
11.963498 38.090864 -56.991939 
FEnd
FBeg
 1088    O LYS A 162  3858   CB LYS B 162 unk
13.244 37.110 -56.860 11.301 40.045 -58.094  0.14
11.963498 38.090864 -56.991939 
12.430240 38.501749 -56.749584 
12.104302 38.417071 -56.437779 
FEnd
FBeg
 1089   CB LYS A 162  3855   CA LYS B 162 ali
10.859 36.388 -55.829 12.368 39.329 -58.935  0.13
11.332475 37.816139 -57.558642 
11.963498 38.090864 -56.991939 
11.944251 37.948225 -57.136351 
11.697079 37.760231 -57.434443 
11.446905 37.757729 -57.558356 
FEnd
FBeg
 1086   CA LYS A 162  3855   CA LYS B 162 ali
11.434 35.551 -56.973 12.368 39.329 -58.935  0.03
11.697079 37.760231 -57.434443 
11.446905 37.757729 -57.558356 
11.691633 37.666674 -57.617188 
FEnd
FBeg
 1089   CB LYS A 162  3856    C LYS B 162 ali
10.859 36.388 -55.829 11.747 38.109 -59.630  0.08
10.791860 37.798233 -57.693049 
11.332475 37.816139 -57.558642 
11.446905 37.757729 -57.558356 
10.839956 37.619881 -57.762566 
FEnd
FBeg
 1090   CG LYS A 162  3860   CD LYS B 162 ali
9.385 36.719 -55.968 12.891 40.737 -56.244  0.39
10.452697 39.376053 -55.377002 
10.092576 39.729117 -54.811677 
10.589872 39.313146 -54.550273 
10.612266 39.291786 -54.576767 
10.672581 39.176338 -55.491280 
FEnd
FBeg
 1090   CG LYS A 162  3861   CE LYS B 162 ali
9.385 36.719 -55.968 12.859 41.527 -54.926  11.17
10.092576 39.729117 -54.811677 
6.736059 41.889680 -53.590418 
7.476027 40.679743 -50.474553 
8.215205 40.102413 -50.275035 
10.589872 39.313146 -54.550273 
FEnd
FBeg
 1090   CG LYS A 162  3859   CG LYS B 162 ali
9.385 36.719 -55.968 11.812 41.196 -57.218  5.60
6.661983 41.331164 -55.734626 
6.736059 41.889680 -53.590418 
10.092576 39.729117 -54.811677 
10.452697 39.376053 -55.377002 
FEnd
FBeg
 1089   CB LYS A 162  3857    O LYS B 162 unk
10.859 36.388 -55.829 10.642 37.682 -59.299  0.08
10.502565 37.447251 -57.805843 
10.839956 37.619881 -57.762566 
10.791860 37.798233 -57.693049 
10.577892 37.842638 -57.663110 
FEnd
FBeg
 1063    O LYS A 159  3864   CA GLY B 163 unk
9.082 33.140 -58.599 11.991 36.373 -61.293  0.02
9.809114 35.344887 -59.495836 
9.444474 35.424094 -59.794523 
9.886753 35.271779 -59.499737 
FEnd
FBeg
 1086   CA LYS A 162  3857    O LYS B 162 unk
11.434 35.551 -56.973 10.642 37.682 -59.299  3.12
10.993325 36.110721 -59.197429 
9.809114 35.344887 -59.495836 
8.994274 35.720557 -58.874209 
10.502565 37.447251 -57.805843 
10.839956 37.619881 -57.762566 
FEnd
FBeg
 1086   CA LYS A 162  3856    C LYS B 162 ali
11.434 35.551 -56.973 11.747 38.109 -59.630  1.94
11.691633 37.666674 -57.617188 
11.446905 37.757729 -57.558356 
10.839956 37.619881 -57.762566 
10.993325 36.110721 -59.197429 
11.903325 36.123836 -59.077602 
FEnd
FBeg
 1087    C LYS A 162  3855   CA LYS B 162 ali
12.861 36.009 -57.250 12.368 39.329 -58.935  1.51
13.637052 37.352886 -58.804647 
11.691633 37.666674 -57.617188 
11.697079 37.760231 -57.434443 
11.944251 37.948225 -57.136351 
13.948818 37.659894 -58.290958 
FEnd
FBeg
 1087    C LYS A 162  3863    N GLY B 163 unk
12.861 36.009 -57.250 12.470 37.553 -60.596  0.22
13.228129 36.456726 -59.240459 
13.480607 37.055878 -58.993486 
12.648722 36.361740 -59.216583 
12.982516 36.273369 -59.296367 
FEnd
FBeg
 1094    N GLY A 163  3863    N GLY B 163 hbd
13.644 35.162 -57.912 12.470 37.553 -60.596  0.04
13.234588 36.248997 -59.428337 
13.228129 36.456726 -59.240459 
12.982516 36.273369 -59.296367 
FEnd
FBeg
 1094    N GLY A 163  3864   CA GLY B 163 unk
13.644 35.162 -57.912 11.991 36.373 -61.293  2.02
13.501743 34.492514 -60.188084 
13.234588 36.248997 -59.428337 
12.982516 36.273369 -59.296367 
12.117108 35.389966 -59.189677 
11.946394 34.761766 -59.331221 
FEnd
FBeg
 1058    O ALA A 158  3864   CA GLY B 163 unk
12.548 32.968 -59.212 11.991 36.373 -61.293  1.17
13.604958 34.437062 -60.306444 
13.501743 34.492514 -60.188084 
11.946394 34.761766 -59.331221 
11.362534 34.601626 -59.436972 
11.844121 34.257736 -60.128557 
FEnd
FBeg
 1057    C ALA A 158  3864   CA GLY B 163 ali
12.548 32.102 -60.085 11.991 36.373 -61.293  2.69
13.974193 34.376407 -60.691145 
13.604958 34.437062 -60.306444 
11.844121 34.257736 -60.128557 
12.164094 33.798809 -61.898675 
12.259810 33.773748 -62.031415 
12.884214 33.897345 -61.882334 
FEnd
FBeg
 1059   CB ALA A 158  3864   CA GLY B 163 ali
14.447 31.710 -61.665 11.991 36.373 -61.293  1.35
14.719395 34.818193 -61.308968 
13.974193 34.376407 -60.691145 
12.884214 33.897345 -61.882334 
14.503993 34.746121 -61.827672 
FEnd
FBeg
 1095   CA GLY A 163  3827    O ALA B 158 unk
15.009 35.521 -58.262 15.081 38.096 -61.181  1.95
14.780897 38.097612 -59.079500 
15.494774 37.305357 -59.760781 
14.768129 35.841836 -61.069751 
14.419243 36.434118 -60.555874 
14.405206 37.786990 -59.362782 
FEnd
FBeg
 1095   CA GLY A 163  3855   CA LYS B 162 ali
15.009 35.521 -58.262 12.368 39.329 -58.935  1.36
14.926771 38.331970 -58.325884 
14.780897 38.097612 -59.079500 
14.405206 37.786990 -59.362782 
13.751300 37.399590 -58.988716 
13.637052 37.352886 -58.804647 
13.948818 37.659894 -58.290958 
14.653673 38.197815 -58.013274 
FEnd
FBeg
 1095   CA GLY A 163  3834   CG LYS B 159 ali
15.009 35.521 -58.262 19.373 37.538 -59.042  0.18
17.163984 36.154445 -59.773003 
17.300038 35.981688 -59.458535 
17.126048 36.616103 -58.791451 
FEnd
FBeg
 1118  CG1 VAL A 166  3830   CA LYS B 159 ali
17.847 33.644 -60.521 17.299 38.858 -59.743  0.08
17.337893 36.228648 -60.147807 
16.975521 36.189088 -60.137921 
16.918052 36.177565 -60.101182 
17.163984 36.154445 -59.773003 
FEnd
FBeg
 1118  CG1 VAL A 166  3829    N LYS B 159 unk
17.847 33.644 -60.521 17.311 38.401 -61.132  0.39
17.311983 36.150011 -60.737313 
16.975521 36.189088 -60.137921 
17.337893 36.228648 -60.147807 
18.226232 36.215473 -61.029686 
FEnd
FBeg
 1118  CG1 VAL A 166  3826    C ALA B 158 ali
17.847 33.644 -60.521 16.182 38.052 -61.743  0.40
16.166603 35.734151 -60.676801 
16.918052 36.177565 -60.101182 
16.975521 36.189088 -60.137921 
17.311983 36.150011 -60.737313 
FEnd
FBeg
 1095   CA GLY A 163  3828   CB ALA B 158 ali
15.009 35.521 -58.262 16.793 36.149 -63.256  0.89
15.046178 34.681152 -61.209464 
16.166603 35.734151 -60.676801 
14.819355 35.688768 -61.163784 
14.719395 34.818193 -61.308968 
FEnd
FBeg
 1059   CB ALA A 158  3828   CB ALA B 158 ali
14.447 31.710 -61.665 16.793 36.149 -63.256  2.37
16.525087 33.213484 -63.123643 
15.046178 34.681152 -61.209464 
14.719395 34.818193 -61.308968 
14.503993 34.746121 -61.827672 
15.554068 33.667898 -63.287607 
16.046464 33.324686 -63.519132 
FEnd
FBeg
 1118  CG1 VAL A 166  3800    O ASP B 155 unk
17.847 33.644 -60.521 19.753 37.483 -62.389  0.65
19.799933 35.520208 -61.287321 
19.043837 35.588001 -61.919475 
18.588844 36.149423 -61.229922 
19.853944 35.595639 -61.077189 
FEnd
FBeg
 1117   CB VAL A 166  3828   CB ALA B 158 ali
18.704 32.522 -61.092 16.793 36.149 -63.256  0.73
18.759905 34.188211 -63.314024 
16.998196 33.254079 -63.323946 
16.856630 33.233952 -63.232665 
18.855348 34.542610 -62.804314 
FEnd
FBeg
 1115    C VAL A 166  3803  OD1 ASP B 155 unk
18.966 30.060 -61.269 21.215 33.224 -64.014  0.29
20.782565 31.094563 -63.096304 
20.095283 31.431747 -63.270747 
19.913884 31.423787 -63.428544 
20.616988 30.844260 -63.520472 
FEnd
FBeg
 1119  CG2 VAL A 166  3798   CA ASP B 155 ali
20.180 32.773 -60.808 20.849 35.934 -63.866  1.65
20.220202 33.995744 -62.771190 
20.057712 33.866460 -62.940376 
19.652188 33.819204 -63.077940 
19.355725 34.656566 -62.277232 
19.799933 35.520208 -61.287321 
20.198246 35.620296 -61.096722 
FEnd
FBeg
 1119  CG2 VAL A 166  3801   CB ASP B 155 ali
20.180 32.773 -60.808 22.082 35.291 -63.226  5.27
23.340062 33.768594 -60.553651 
20.220202 33.995744 -62.771190 
20.198246 35.620296 -61.096722 
20.244824 35.645696 -61.033633 
20.378182 35.633941 -60.940975 
23.625643 33.915611 -60.175915 
FEnd
FBeg
 1124   CB ASP A 167  3803  OD1 ASP B 155 unk
22.051 28.853 -61.761 21.215 33.224 -64.014  1.71
22.022843 31.072201 -63.599907 
21.412012 30.557572 -64.371673 
20.653372 30.470559 -64.258984 
20.616988 30.844260 -63.520472 
20.782565 31.094563 -63.096304 
21.497834 31.370387 -62.826591 
FEnd
FBeg
 1124   CB ASP A 167  3770   CE LYS B 151 ali
22.051 28.853 -61.761 24.507 29.816 -64.347  8.60
22.333811 31.184245 -63.262848 
24.093524 29.626013 -62.171866 
24.220703 29.344976 -62.155735 
24.597378 27.985430 -62.304278 
24.363045 27.423020 -62.736267 
22.273360 28.618392 -64.275757 
21.412012 30.557572 -64.371673 
22.022843 31.072201 -63.599907 
FEnd
FBeg
 1151   CE LYS A 170  3770   CE LYS B 151 ali
25.326 26.324 -60.245 24.507 29.816 -64.347  6.45
24.597378 27.985430 -62.304278 
24.363045 27.423020 -62.736267 
24.681374 27.269278 -62.930703 
30.980035 28.961241 -62.747931 
31.119165 29.171079 -62.597077 
26.858777 28.954441 -61.930875 
FEnd
FBeg
 1149   CG LYS A 170  3770   CE LYS B 151 ali
25.813 24.711 -62.096 24.507 29.816 -64.347  10.22
24.681374 27.269278 -62.930703 
26.527003 26.490857 -65.766880 
30.980035 28.961241 -62.747931 
FEnd
FBeg
 1127  OD2 ASP A 167  3770   CE LYS B 151 unk
24.117 29.305 -60.659 24.507 29.816 -64.347  2.03
24.220703 29.344976 -62.155735 
24.597378 27.985430 -62.304278 
26.858777 28.954441 -61.930875 
24.220965 29.554033 -62.126741 
FEnd
FBeg
 1127  OD2 ASP A 167  3771   NZ LYS B 151 elf
24.117 29.305 -60.659 24.638 30.767 -63.200  27.09
26.858777 28.954441 -61.930875 
24.220965 29.554033 -62.126741 
24.335329 32.514772 -60.399790 
26.985715 34.013837 -58.993853 
27.509594 34.151212 -58.807398 
27.792093 34.134898 -58.758862 
30.869963 31.424968 -59.686980 
31.261743 31.031492 -59.833042 
FEnd
FBeg
 1125   CG ASP A 167  3771   NZ LYS B 151 unk
22.868 29.292 -60.554 24.638 30.767 -63.200  3.12
24.220965 29.554033 -62.126741 
24.335329 32.514772 -60.399790 
22.760569 31.573473 -61.977923 
24.093524 29.626013 -62.171866 
FEnd
FBeg
 1125   CG ASP A 167  3770   CE LYS B 151 ali
22.868 29.292 -60.554 24.507 29.816 -64.347  0.01
24.093524 29.626013 -62.171866 
24.220703 29.344976 -62.155735 
24.220965 29.554033 -62.126741 
FEnd
FBeg
 1119  CG2 VAL A 166  3804  OD2 ASP B 155 unk
20.180 32.773 -60.808 23.317 33.262 -63.370  2.35
22.580214 31.658523 -61.886777 
24.279160 33.142899 -59.523211 
24.273723 33.220743 -59.515011 
23.625643 33.915611 -60.175915 
23.340062 33.768594 -60.553651 
22.512145 31.646838 -61.972352 
FEnd
FBeg
 1125   CG ASP A 167  3804  OD2 ASP B 155 unk
22.868 29.292 -60.554 23.317 33.262 -63.370  1.33
22.760569 31.573473 -61.977923 
24.335329 32.514772 -60.399790 
24.406700 33.166097 -59.470171 
24.279160 33.142899 -59.523211 
22.580214 31.658523 -61.886777 
FEnd
FBeg
 1124   CB ASP A 167  3771   NZ LYS B 151 unk
22.051 28.853 -61.761 24.638 30.767 -63.200  1.68
22.506925 31.391629 -62.675787 
22.760569 31.573473 -61.977923 
24.093524 29.626013 -62.171866 
22.333811 31.184245 -63.262848 
FEnd

+-+CCS_record::Boundary loops before union-find
Start boundary loop loop_id 0  init_edge IE_A_B
xyz 30.98 28.9612 -62.7479
xyz 31.1192 29.1711 -62.5971
xyz 26.8588 28.9544 -61.9309
xyz 31.2617 31.0315 -59.833
xyz 30.87 31.425 -59.687
xyz 27.7921 34.1349 -58.7589
xyz 27.5096 34.1512 -58.8074
xyz 26.9857 34.0138 -58.9939
xyz 24.3353 32.5148 -60.3998
xyz 24.4067 33.1661 -59.4702
xyz 24.2792 33.1429 -59.5232
xyz 24.2737 33.2207 -59.515
xyz 20.7059 33.8983 -58.6079
xyz 19.5231 33.8059 -58.3353
xyz 19.0365 33.7586 -57.8613
xyz 19.2209 33.7629 -57.5094
xyz 22.595 33.9085 -53.6824
xyz 22.5117 34.4855 -53.0123
xyz 19.9694 36.052 -53.6881
xyz 19.9687 36.075 -53.6755
xyz 19.507 37.925 -53.4254
xyz 18.7588 37.3308 -55.1676
xyz 18.7675 37.4105 -55.3578
xyz 17.2172 37.5016 -57.3937
xyz 17.1406 37.48 -57.4286
xyz 16.5521 37.502 -57.6827
xyz 14.9268 38.332 -58.3259
xyz 14.6537 38.1978 -58.0133
xyz 14.1454 38.7471 -57.2113
xyz 13.9732 38.502 -55.8669
xyz 12.3816 38.3438 -55.8477
xyz 10.6123 39.2918 -54.5768
xyz 10.5899 39.3131 -54.5503
xyz 8.21521 40.1024 -50.275
xyz 7.47603 40.6797 -50.4746
xyz 6.73606 41.8897 -53.5904
xyz 6.66198 41.3312 -55.7346
xyz 6.92219 39.5564 -58.2766
xyz 7.30733 39.1861 -58.5089
xyz 7.16427 38.615 -58.728
xyz 7.86377 36.2198 -59.1565
xyz 8.24956 35.9429 -59.0909
xyz 7.81383 36.0634 -59.2802
xyz 7.021 36.2251 -59.9982
xyz 7.50484 35.9792 -60.5156
xyz 8.75922 35.5922 -60.2309
xyz 8.00939 35.5542 -60.6417
xyz 7.33647 35.811 -60.7504
xyz 7.26664 35.7273 -61.4333
xyz 7.00878 35.6357 -61.9353
xyz 6.9536 35.3922 -62.6199
xyz 6.98276 35.3851 -62.6727
xyz 6.89392 35.3893 -62.6418
xyz 6.31639 35.4675 -62.5618
xyz 5.32854 36.7641 -65.1601
xyz 5.34788 36.7805 -65.2074
xyz 5.19741 36.3166 -67.833
xyz 5.22183 36.3027 -67.8798
xyz 6.82042 35.7903 -68.8137
xyz 10.8922 35.3951 -66.3718
xyz 10.919 35.3845 -66.3588
xyz 11.0702 35.0026 -66.4091
xyz 11.1064 34.7245 -66.4928
xyz 10.9256 34.28 -66.7786
xyz 10.5264 31.5112 -69.3647
xyz 10.5268 31.5017 -69.366
xyz 10.3301 31.3993 -69.5494
xyz 11.0584 31.2389 -69.7919
xyz 10.1534 30.8662 -70.09
xyz 11.2574 29.6104 -74.8686
xyz 13.1227 30.4989 -73.8926
xyz 12.2993 28.6979 -75.5642
xyz 12.3597 28.5705 -75.7149
xyz 13.4275 28.0906 -76.5135
xyz 14.2751 28.4416 -76.3761
xyz 16.4029 30.7761 -74.5003
xyz 15.8545 32.0932 -72.9622
xyz 17.1507 31.7488 -71.0069
xyz 16.6331 31.1435 -68.8
xyz 16.7923 31.4587 -68.4978
xyz 17.133 31.3801 -68.1244
xyz 17.0412 31.5384 -67.0409
xyz 16.0258 31.9568 -66.5641
xyz 14.9142 31.2078 -65.4158
xyz 14.6975 31.4552 -64.8635
xyz 14.5837 31.5532 -64.3749
xyz 16.0465 33.3247 -63.5191
xyz 16.5251 33.2135 -63.1236
xyz 16.8566 33.234 -63.2327
xyz 16.9982 33.2541 -63.3239
xyz 18.7599 34.1882 -63.314
xyz 19.2497 33.7842 -63.4322
xyz 19.3804 31.6404 -63.8349
xyz 19.8676 30.726 -64.9936
xyz 20.6534 30.4706 -64.259
xyz 21.412 30.5576 -64.3717
xyz 22.2734 28.6184 -64.2758
xyz 24.363 27.423 -62.7363
xyz 24.6814 27.2693 -62.9307
xyz 26.527 26.4909 -65.7669
End loop
Boundary info init_edge IE_A_B [total exposed]: 154.065676 154.065676
Voronoi Facets of interface MI_AWi_BWi
FBeg
 1123    O ASP A 167  8547    O HOH A1142 hbw
21.865 26.506 -60.387 22.971 26.881 -64.541  0.00
22.850473 26.227804 -62.390895 
22.845494 26.229771 -62.392043 
22.851776 26.230279 -62.390324 
FEnd
FBeg
 1150   CD LYS A 170  8547    O HOH A1142 unk
24.920 25.020 -60.916 22.971 26.881 -64.541  1.17
22.851776 26.230279 -62.390324 
22.850473 26.227804 -62.390895 
23.367000 25.694561 -62.942364 
23.632082 25.758041 -63.052297 
24.401170 27.042197 -62.806542 
24.009845 27.052935 -62.590632 
FEnd
FBeg
 1151   CE LYS A 170  8547    O HOH A1142 unk
25.326 26.324 -60.245 22.971 26.881 -64.541  0.15
24.401170 27.042197 -62.806542 
24.681374 27.269278 -62.930703 
24.363045 27.423020 -62.736267 
24.009845 27.052935 -62.590632 
FEnd
FBeg
 3770   CE LYS B 151  8547    O HOH A1142 unk
24.507 29.816 -64.347 22.971 26.881 -64.541  9.62
24.681374 27.269278 -62.930703 
26.527003 26.490857 -65.766880 
23.685331 28.017934 -66.370818 
23.681394 28.019941 -66.370012 
22.273360 28.618392 -64.275757 
24.363045 27.423020 -62.736267 
FEnd
FBeg
 3770   CE LYS B 151  8524    O HOH A1119 unk
24.507 29.816 -64.347 21.478 28.390 -65.976  4.68
23.681394 28.019941 -66.370012 
22.273360 28.618392 -64.275757 
21.412012 30.557572 -64.371673 
21.589419 30.780216 -64.896448 
22.698912 29.758147 -66.064761 
23.680332 28.023115 -66.370817 
FEnd
FBeg
 3769   CD LYS B 151  8524    O HOH A1119 unk
25.081 30.370 -65.647 21.478 28.390 -65.976  0.81
22.698912 29.758147 -66.064761 
23.680332 28.023115 -66.370817 
22.883164 29.564310 -66.916022 
FEnd
FBeg
 3769   CD LYS B 151  8545    O HOH A1140 unk
25.081 30.370 -65.647 22.848 28.216 -68.471  12.32
23.680332 28.023115 -66.370817 
22.883164 29.564310 -66.916022 
23.912278 29.810750 -67.917737 
26.025897 28.991377 -68.964048 
26.526913 28.453718 -68.950114 
27.641094 26.326483 -68.208577 
26.150877 26.319526 -67.024923 
23.685331 28.017934 -66.370818 
FEnd
FBeg
 3767   CB LYS B 151  8545    O HOH A1140 unk
24.907 32.175 -67.412 22.848 28.216 -68.471  1.63
23.912278 29.810750 -67.917737 
26.025897 28.991377 -68.964048 
25.683685 29.230483 -69.192570 
22.696444 30.506318 -68.154138 
FEnd
FBeg
 3768   CG LYS B 151  8545    O HOH A1140 unk
24.342 31.635 -66.095 22.848 28.216 -68.471  1.67
22.883164 29.564310 -66.916022 
23.912278 29.810750 -67.917737 
22.696444 30.506318 -68.154138 
22.605807 30.533227 -68.135869 
21.928592 30.385484 -67.497445 
FEnd
FBeg
 3768   CG LYS B 151  8524    O HOH A1119 unk
24.342 31.635 -66.095 21.478 28.390 -65.976  3.85
21.589419 30.780216 -64.896448 
22.698912 29.758147 -66.064761 
22.883164 29.564310 -66.916022 
21.928592 30.385484 -67.497445 
20.877511 31.353263 -66.403756 
FEnd
FBeg
 3803  OD1 ASP B 155  8524    O HOH A1119 hbw
21.215 33.224 -64.014 21.478 28.390 -65.976  2.50
21.412012 30.557572 -64.371673 
21.589419 30.780216 -64.896448 
20.877511 31.353263 -66.403756 
20.492750 31.328718 -66.394859 
19.867599 30.725977 -64.993617 
20.653372 30.470559 -64.258984 
FEnd
FBeg
 1116    O VAL A 166  8524    O HOH A1119 hbw
18.617 29.819 -62.419 21.478 28.390 -65.976  2.43
19.867599 30.725977 -64.993617 
19.557075 30.551451 -65.173265 
19.259193 29.025461 -64.799805 
19.606273 28.625806 -64.360080 
19.776535 28.601291 -64.213284 
20.338199 29.455307 -64.104617 
20.653372 30.470559 -64.258984 
FEnd
FBeg
 1121   CA ASP A 167  8524    O HOH A1119 unk
20.661 28.342 -61.376 21.478 28.390 -65.976  0.75
19.776535 28.601291 -64.213284 
20.973657 27.798771 -64.009039 
20.338199 29.455307 -64.104617 
FEnd
FBeg
 1027  ND2 ASN A 154  8524    O HOH A1119 hbw
19.471 25.882 -64.067 21.478 28.390 -65.976  6.44
19.606273 28.625806 -64.360080 
19.235533 27.747776 -65.903387 
19.279697 26.778850 -67.129908 
19.398362 26.625470 -67.206659 
21.271479 26.275782 -65.696796 
21.093049 27.699200 -64.014332 
20.973657 27.798771 -64.009039 
19.776535 28.601291 -64.213284 
FEnd
FBeg
 1027  ND2 ASN A 154  8547    O HOH A1142 hbw
19.471 25.882 -64.067 22.971 26.881 -64.541  2.78
21.271479 26.275782 -65.696796 
21.093049 27.699200 -64.014332 
21.260201 27.280687 -63.662143 
21.547185 26.537413 -63.109581 
21.558120 25.552656 -65.104309 
FEnd
FBeg
  993   CE MET A 150  8547    O HOH A1142 unk
21.759 24.131 -67.311 22.971 26.881 -64.541  6.51
21.558120 25.552656 -65.104309 
21.271479 26.275782 -65.696796 
22.760828 26.714987 -66.784487 
25.312114 25.937146 -67.128565 
24.476420 25.233574 -66.064418 
22.834347 24.932242 -65.046781 
FEnd
FBeg
 1147    O LYS A 170  8547    O HOH A1142 hbw
25.060 22.618 -65.719 22.971 26.881 -64.541  2.24
25.312114 25.937146 -67.128565 
26.150877 26.319526 -67.024923 
26.660994 26.309402 -66.083673 
25.983134 25.867804 -65.687677 
24.476420 25.233574 -66.064418 
FEnd
FBeg
  993   CE MET A 150  8545    O HOH A1140 unk
21.759 24.131 -67.311 22.848 28.216 -68.471  25.70
22.760828 26.714987 -66.784487 
25.312114 25.937146 -67.128565 
26.329310 24.745439 -70.370284 
25.192577 24.628807 -71.848170 
20.954788 25.960657 -71.136398 
20.476531 26.207410 -70.716429 
19.832434 26.926264 -68.789621 
19.787682 27.037607 -68.439535 
FEnd
FBeg
 1121   CA ASP A 167  8547    O HOH A1142 unk
20.661 28.342 -61.376 22.971 26.881 -64.541  0.09
21.260201 27.280687 -63.662143 
21.547185 26.537413 -63.109581 
21.736141 26.514310 -62.961005 
FEnd
FBeg
  993   CE MET A 150  8524    O HOH A1119 unk
21.759 24.131 -67.311 21.478 28.390 -65.976  4.51
19.398362 26.625470 -67.206659 
19.787682 27.037607 -68.439535 
22.760828 26.714987 -66.784487 
21.271479 26.275782 -65.696796 
FEnd
FBeg
 1027  ND2 ASN A 154  8564    O HOH A1159 hbw
19.471 25.882 -64.067 17.419 29.024 -66.623  0.40
19.235533 27.747776 -65.903387 
19.279697 26.778850 -67.129908 
18.814566 26.742522 -66.801151 
FEnd
FBeg
 1024   CB ASN A 154  8564    O HOH A1159 unk
17.231 26.812 -64.058 17.419 29.024 -66.623  8.81
18.814566 26.742522 -66.801151 
19.235533 27.747776 -65.903387 
19.259193 29.025461 -64.799805 
18.009459 29.451270 -64.524196 
16.588816 29.247487 -64.804058 
16.219446 28.661349 -65.336604 
16.029034 27.720740 -66.161721 
16.429835 27.321046 -66.477032 
FEnd
FBeg
  997    O LYS A 151  8564    O HOH A1159 hbw
14.678 26.617 -67.056 17.419 29.024 -66.623  0.76
16.029034 27.720740 -66.161721 
15.708419 28.138511 -66.454487 
15.892925 28.101336 -67.415803 
15.992130 27.988533 -67.416745 
16.429835 27.321046 -66.477032 
FEnd
FBeg
  999   CG LYS A 151  8564    O HOH A1159 unk
15.917 27.731 -69.970 17.419 29.024 -66.623  6.01
15.892925 28.101336 -67.415803 
16.026980 28.683206 -67.700747 
16.848775 30.422623 -68.741501 
16.928067 30.414106 -68.773794 
19.543361 28.102407 -69.054387 
19.543087 28.084210 -69.047234 
18.469602 27.777000 -68.446817 
15.992130 27.988533 -67.416745 
FEnd
FBeg
  998   CB LYS A 151  8564    O HOH A1159 unk
16.365 26.275 -69.914 17.419 29.024 -66.623  0.45
19.543087 28.084210 -69.047234 
19.617286 27.476938 -68.563738 
19.617124 27.476405 -68.563241 
18.469602 27.777000 -68.446817 
FEnd
FBeg
  999   CG LYS A 151  8608    O HOH B2045 unk
15.917 27.731 -69.970 18.919 31.165 -70.281  3.63
16.928067 30.414106 -68.773794 
19.543361 28.102407 -69.054387 
19.556480 28.085928 -69.109713 
19.496925 28.015646 -70.460614 
17.611873 29.714521 -69.897884 
FEnd
FBeg
 1001   CE LYS A 151  8608    O HOH B2045 unk
15.525 29.750 -71.465 18.919 31.165 -70.281  5.36
17.611873 29.714521 -69.897884 
16.928067 30.414106 -68.773794 
16.879888 30.502776 -68.741653 
16.633115 31.143505 -68.800002 
17.150664 31.748752 -71.006916 
18.393931 29.849045 -72.300465 
FEnd
FBeg
 1001   CE LYS A 151  8567    O HOH B2004 unk
15.525 29.750 -71.465 18.067 32.260 -72.708  9.15
17.150664 31.748752 -71.006916 
18.393931 29.849045 -72.300465 
17.409850 29.369421 -75.281469 
16.402877 30.776066 -74.500331 
15.854462 32.093166 -72.962240 
FEnd
FBeg
 3892   CB ASP B 167  8567    O HOH B2004 unk
15.131 33.354 -70.569 18.067 32.260 -72.708  4.63
15.854462 32.093166 -72.962240 
17.150664 31.748752 -71.006916 
17.822231 32.951241 -70.700138 
17.202773 33.867871 -72.019223 
16.954329 33.871383 -72.362033 
16.364071 33.507865 -72.986302 
FEnd
FBeg
 3891    O ASP B 167  8567    O HOH B2004 hbw
15.674 35.390 -72.268 18.067 32.260 -72.708  0.43
16.954329 33.871383 -72.362033 
17.199066 34.071038 -72.451278 
16.893541 33.940947 -73.187489 
16.438408 33.575572 -73.063653 
16.364071 33.507865 -72.986302 
FEnd
FBeg
 3918   CD LYS B 170  8567    O HOH B2004 unk
15.771 34.128 -75.635 18.067 32.260 -72.708  2.02
16.893541 33.940947 -73.187489 
17.523154 33.433524 -74.005206 
17.327569 32.421119 -74.497898 
16.684771 31.847110 -74.360004 
16.438408 33.575572 -73.063653 
FEnd
FBeg
 3913   CA LYS B 170  8567    O HOH B2004 unk
18.719 33.813 -76.158 18.067 32.260 -72.708  4.84
17.523154 33.433524 -74.005206 
19.449289 32.727415 -73.959046 
19.215650 31.152940 -74.711942 
18.077130 30.146235 -75.380269 
17.327569 32.421119 -74.497898 
FEnd
FBeg
 3915    O LYS B 170  8567    O HOH B2004 hbw
20.426 32.237 -76.692 18.067 32.260 -72.708  1.82
19.215650 31.152940 -74.711942 
19.102437 29.152655 -74.767430 
17.889626 29.379719 -75.486868 
18.077130 30.146235 -75.380269 
FEnd
FBeg
 3762   CE MET B 150  8567    O HOH B2004 unk
21.875 32.066 -73.484 18.067 32.260 -72.708  8.89
19.449289 32.727415 -73.959046 
19.777809 33.108202 -72.442121 
19.888084 32.328885 -71.706148 
19.451628 29.055797 -73.029663 
19.308789 28.909123 -73.693933 
19.102437 29.152655 -74.767430 
19.215650 31.152940 -74.711942 
FEnd
FBeg
 3762   CE MET B 150  8608    O HOH B2045 unk
21.875 32.066 -73.484 18.919 31.165 -70.281  5.63
19.888084 32.328885 -71.706148 
19.451628 29.055797 -73.029663 
20.032105 28.336588 -72.696262 
20.446309 28.036527 -72.398406 
20.935901 30.542023 -71.241776 
20.391675 32.210694 -71.274639 
FEnd
FBeg
 3796  ND2 ASN B 154  8608    O HOH B2045 hbw
20.009 34.484 -70.644 18.919 31.165 -70.281  4.13
20.391675 32.210694 -71.274639 
19.888084 32.328885 -71.706148 
17.957758 33.073694 -70.692467 
18.189823 33.161502 -69.192788 
19.305187 32.812615 -69.033581 
FEnd
FBeg
 3793   CB ASN B 154  8608    O HOH B2045 unk
19.948 35.339 -68.343 18.919 31.165 -70.281  1.16
18.189823 33.161502 -69.192788 
18.117314 33.077698 -68.973795 
18.651891 32.430026 -67.862699 
18.975313 32.308494 -67.772671 
19.305187 32.812615 -69.033581 
FEnd
FBeg
 3793   CB ASN B 154  8645    O HOH B2082 unk
19.948 35.339 -68.343 18.323 33.285 -65.278  5.23
18.651891 32.430026 -67.862699 
18.975313 32.308494 -67.772671 
20.652721 32.581468 -66.700411 
20.405012 33.703992 -66.079486 
20.170492 33.930311 -66.052157 
18.060653 34.925796 -66.503629 
FEnd
FBeg
 3884    O VAL B 166  8645    O HOH B2082 hbw
16.457 34.017 -67.434 18.323 33.285 -65.278  7.35
18.060653 34.925796 -66.503629 
18.651891 32.430026 -67.862699 
18.039260 31.639723 -67.600793 
17.334864 31.600890 -67.004329 
16.461091 32.727312 -65.865645 
16.611700 33.898666 -65.598300 
17.280450 35.125204 -65.760668 
17.340646 35.180814 -65.793886 
17.938245 35.025233 -66.363925 
FEnd
FBeg
 3792    O ASN B 154  8645    O HOH B2082 hbw
18.894 36.724 -65.618 18.323 33.285 -65.278  0.74
17.340646 35.180814 -65.793886 
18.598858 35.080130 -64.699216 
18.628240 35.071631 -64.735835 
17.938245 35.025233 -66.363925 
FEnd
FBeg
 3798   CA ASP B 155  8645    O HOH B2082 unk
20.849 35.934 -63.866 18.323 33.285 -65.278  2.42
18.598858 35.080130 -64.699216 
18.759905 34.188211 -63.314024 
19.249679 33.784193 -63.432245 
20.103398 34.005583 -65.374848 
19.808737 34.289320 -65.380021 
18.628240 35.071631 -64.735835 
FEnd
FBeg
 1117   CB VAL A 166  8645    O HOH B2082 unk
18.704 32.522 -61.092 18.323 33.285 -65.278  3.57
18.759905 34.188211 -63.314024 
16.998196 33.254079 -63.323946 
18.809300 31.633898 -63.784106 
19.380448 31.640449 -63.834896 
19.249679 33.784193 -63.432245 
FEnd
FBeg
 1117   CB VAL A 166  8559    O HOH A1154 unk
18.704 32.522 -61.092 16.685 31.235 -64.507  2.83
16.998196 33.254079 -63.323946 
18.809300 31.633898 -63.784106 
17.516933 31.224673 -62.865815 
16.844865 31.562942 -62.595961 
16.635067 32.942076 -62.991675 
16.856630 33.233952 -63.232665 
FEnd
FBeg
 3828   CB ALA B 158  8559    O HOH A1154 unk
16.793 36.149 -63.256 16.685 31.235 -64.507  0.45
16.856630 33.233952 -63.232665 
16.998196 33.254079 -63.323946 
16.410957 33.451180 -64.047474 
16.046464 33.324686 -63.519132 
16.525087 33.213484 -63.123643 
FEnd
FBeg
 3885   CB VAL B 166  8559    O HOH A1154 unk
14.110 33.910 -65.643 16.685 31.235 -64.507  4.87
16.410957 33.451180 -64.047474 
16.461091 32.727312 -65.865645 
16.019494 32.039009 -66.485453 
14.697497 31.455244 -64.863470 
14.583735 31.553211 -64.374915 
16.046464 33.324686 -63.519132 
FEnd
FBeg
 1029   CA ASP A 155  8559    O HOH A1154 unk
13.431 29.137 -64.844 16.685 31.235 -64.507  3.02
14.697497 31.455244 -64.863470 
14.914247 31.207788 -65.415819 
16.000511 29.499862 -65.271835 
16.021906 29.458555 -65.221252 
16.002603 29.464389 -65.071189 
15.413417 30.145492 -63.622358 
15.347425 30.236786 -63.553507 
14.583735 31.553211 -64.374915 
FEnd
FBeg
 1023    O ASN A 154  8559    O HOH A1154 hbw
14.971 28.588 -62.640 16.685 31.235 -64.507  0.62
15.413417 30.145492 -63.622358 
16.685400 29.640298 -63.170869 
16.483624 30.143178 -62.643135 
15.347425 30.236786 -63.553507 
FEnd
FBeg
 1022    C ASN A 154  8559    O HOH A1154 unk
14.987 27.790 -63.578 16.685 31.235 -64.507  2.03
16.002603 29.464389 -65.071189 
16.091887 29.402309 -65.138206 
16.588816 29.247487 -64.804058 
16.931074 29.417088 -63.549561 
16.685400 29.640298 -63.170869 
15.413417 30.145492 -63.622358 
FEnd
FBeg
 1028    N ASP A 155  8559    O HOH A1154 hbw
14.274 27.965 -64.690 16.685 31.235 -64.507  0.01
16.021906 29.458555 -65.221252 
16.091887 29.402309 -65.138206 
16.002603 29.464389 -65.071189 
FEnd
FBeg
 1029   CA ASP A 155  8564    O HOH A1159 unk
13.431 29.137 -64.844 17.419 29.024 -66.623  0.00
16.000511 29.499862 -65.271835 
16.021906 29.458555 -65.221252 
15.973346 29.409730 -65.327007 
FEnd
FBeg
 1034  OD1 ASP A 155  8559    O HOH A1154 hbw
15.006 29.960 -66.964 16.685 31.235 -64.507  3.44
14.914247 31.207788 -65.415819 
16.025769 31.956810 -66.564068 
17.041247 31.538384 -67.040867 
16.000511 29.499862 -65.271835 
FEnd
FBeg
 3887  CG2 VAL B 166  8559    O HOH A1154 unk
13.376 32.966 -66.581 16.685 31.235 -64.507  0.57
16.019494 32.039009 -66.485453 
16.025769 31.956810 -66.564068 
14.914247 31.207788 -65.415819 
14.697497 31.455244 -64.863470 
FEnd
FBeg
 1118  CG1 VAL A 166  8559    O HOH A1154 unk
17.847 33.644 -60.521 16.685 31.235 -64.507  0.06
16.635067 32.942076 -62.991675 
16.856630 33.233952 -63.232665 
16.525087 33.213484 -63.123643 
FEnd
FBeg
 1059   CB ALA A 158  8559    O HOH A1154 unk
14.447 31.710 -61.665 16.685 31.235 -64.507  6.17
16.844865 31.562942 -62.595961 
16.635067 32.942076 -62.991675 
16.525087 33.213484 -63.123643 
16.046464 33.324686 -63.519132 
14.583735 31.553211 -64.374915 
15.347425 30.236786 -63.553507 
16.483624 30.143178 -62.643135 
16.685781 30.552792 -62.552404 
FEnd
FBeg
 1114   CA VAL A 166  8559    O HOH A1154 unk
18.263 31.160 -60.483 16.685 31.235 -64.507  0.39
17.516933 31.224673 -62.865815 
16.844865 31.562942 -62.595961 
16.685781 30.552792 -62.552404 
FEnd
FBeg
 1116    O VAL A 166  8559    O HOH A1154 hbw
18.617 29.819 -62.419 16.685 31.235 -64.507  6.34
18.809300 31.633898 -63.784106 
17.516933 31.224673 -62.865815 
16.685781 30.552792 -62.552404 
16.483624 30.143178 -62.643135 
16.685400 29.640298 -63.170869 
16.931074 29.417088 -63.549561 
18.009459 29.451270 -64.524196 
19.508179 30.557806 -65.160533 
FEnd
FBeg
 3828   CB ALA B 158  8645    O HOH B2082 unk
16.793 36.149 -63.256 18.323 33.285 -65.278  5.47
17.280450 35.125204 -65.760668 
16.614656 34.251925 -65.027529 
16.410957 33.451180 -64.047474 
16.998196 33.254079 -63.323946 
18.759905 34.188211 -63.314024 
18.598858 35.080130 -64.699216 
17.340646 35.180814 -65.793886 
FEnd
FBeg
 3882   CA VAL B 166  8645    O HOH B2082 unk
14.611 35.158 -66.418 18.323 33.285 -65.278  0.44
16.611700 33.898666 -65.598300 
16.614656 34.251925 -65.027529 
17.280450 35.125204 -65.760668 
FEnd
FBeg
 3885   CB VAL B 166  8645    O HOH B2082 unk
14.110 33.910 -65.643 18.323 33.285 -65.278  1.39
16.461091 32.727312 -65.865645 
16.410957 33.451180 -64.047474 
16.614656 34.251925 -65.027529 
16.611700 33.898666 -65.598300 
FEnd
FBeg
 3884    O VAL B 166  8559    O HOH A1154 hbw
16.457 34.017 -67.434 16.685 31.235 -64.507  0.96
17.334864 31.600890 -67.004329 
16.461091 32.727312 -65.865645 
16.019494 32.039009 -66.485453 
16.025769 31.956810 -66.564068 
17.041247 31.538384 -67.040867 
FEnd
FBeg
 3884    O VAL B 166  8564    O HOH A1159 hbw
16.457 34.017 -67.434 17.419 29.024 -66.623  0.63
18.039260 31.639723 -67.600793 
17.334864 31.600890 -67.004329 
17.041247 31.538384 -67.040867 
17.132957 31.380056 -68.124414 
FEnd
FBeg
 3791    C ASN B 154  8645    O HOH B2082 unk
20.007 36.489 -66.083 18.323 33.285 -65.278  2.51
20.170492 33.930311 -66.052157 
18.060653 34.925796 -66.503629 
17.938245 35.025233 -66.363925 
18.628240 35.071631 -64.735835 
19.808737 34.289320 -65.380021 
FEnd
FBeg
 3797    N ASP B 155  8645    O HOH B2082 hbw
21.019 36.084 -65.322 18.323 33.285 -65.278  0.25
20.405012 33.703992 -66.079486 
20.170492 33.930311 -66.052157 
19.808737 34.289320 -65.380021 
20.103398 34.005583 -65.374848 
FEnd
FBeg
 3884    O VAL B 166  8608    O HOH B2045 hbw
16.457 34.017 -67.434 18.919 31.165 -70.281  2.54
18.117314 33.077698 -68.973795 
17.364321 32.390827 -68.936883 
16.792255 31.458655 -68.497780 
17.132957 31.380056 -68.124414 
18.039260 31.639723 -67.600793 
18.651891 32.430026 -67.862699 
FEnd
FBeg
 3889   CA ASP B 167  8608    O HOH B2045 unk
15.784 34.617 -69.998 18.919 31.165 -70.281  1.15
17.957758 33.073694 -70.692467 
17.822231 32.951241 -70.700138 
17.364321 32.390827 -68.936883 
18.117314 33.077698 -68.973795 
18.189823 33.161502 -69.192788 
FEnd
FBeg
 3796  ND2 ASN B 154  8567    O HOH B2004 hbw
20.009 34.484 -70.644 18.067 32.260 -72.708  2.86
19.777809 33.108202 -72.442121 
17.839468 34.088962 -71.675140 
17.957758 33.073694 -70.692467 
19.888084 32.328885 -71.706148 
FEnd
FBeg
 3907    O LEU B 169  8567    O HOH B2004 hbw
18.906 34.500 -73.452 18.067 32.260 -72.708  5.39
17.199066 34.071038 -72.451278 
17.754542 34.095205 -71.752115 
17.839468 34.088962 -71.675140 
19.777809 33.108202 -72.442121 
19.449289 32.727415 -73.959046 
17.523154 33.433524 -74.005206 
16.893541 33.940947 -73.187489 
FEnd
FBeg
 3890    C ASP B 167  8567    O HOH B2004 unk
15.869 35.682 -71.080 18.067 32.260 -72.708  0.22
17.202773 33.867871 -72.019223 
17.754542 34.095205 -71.752115 
17.199066 34.071038 -72.451278 
16.954329 33.871383 -72.362033 
FEnd
FBeg
 3889   CA ASP B 167  8567    O HOH B2004 unk
15.784 34.617 -69.998 18.067 32.260 -72.708  0.70
17.822231 32.951241 -70.700138 
17.957758 33.073694 -70.692467 
17.839468 34.088962 -71.675140 
17.754542 34.095205 -71.752115 
17.202773 33.867871 -72.019223 
FEnd
FBeg
 3919   CE LYS B 170  8567    O HOH B2004 unk
14.552 33.487 -75.012 18.067 32.260 -72.708  2.28
16.402877 30.776066 -74.500331 
15.854462 32.093166 -72.962240 
16.364071 33.507865 -72.986302 
16.438408 33.575572 -73.063653 
16.684771 31.847110 -74.360004 
FEnd
FBeg
 3917   CG LYS B 170  8567    O HOH B2004 unk
16.327 33.244 -76.723 18.067 32.260 -72.708  3.32
17.409850 29.369421 -75.281469 
16.402877 30.776066 -74.500331 
16.684771 31.847110 -74.360004 
17.327569 32.421119 -74.497898 
18.077130 30.146235 -75.380269 
17.889626 29.379719 -75.486868 
17.416686 29.364473 -75.285645 
FEnd
FBeg
 1000   CD LYS A 151  8567    O HOH B2004 unk
16.005 28.299 -71.390 18.067 32.260 -72.708  2.89
18.393931 29.849045 -72.300465 
17.409850 29.369421 -75.281469 
17.416686 29.364473 -75.285645 
19.308789 28.909123 -73.693933 
19.451628 29.055797 -73.029663 
FEnd
FBeg
 3892   CB ASP B 167  8608    O HOH B2045 unk
15.131 33.354 -70.569 18.919 31.165 -70.281  3.11
16.633115 31.143505 -68.800002 
16.792255 31.458655 -68.497780 
17.364321 32.390827 -68.936883 
17.822231 32.951241 -70.700138 
17.150664 31.748752 -71.006916 
FEnd
FBeg
 1034  OD1 ASP A 155  8608    O HOH B2045 hbw
15.006 29.960 -66.964 18.919 31.165 -70.281  0.40
16.879888 30.502776 -68.741653 
17.132957 31.380056 -68.124414 
16.792255 31.458655 -68.497780 
16.633115 31.143505 -68.800002 
FEnd
FBeg
 1000   CD LYS A 151  8608    O HOH B2045 unk
16.005 28.299 -71.390 18.919 31.165 -70.281  7.28
19.496925 28.015646 -70.460614 
17.611873 29.714521 -69.897884 
18.393931 29.849045 -72.300465 
19.451628 29.055797 -73.029663 
20.032105 28.336588 -72.696262 
20.393073 27.610474 -71.768234 
20.391836 27.594502 -71.723708 
20.152773 27.620423 -71.162535 
FEnd
FBeg
 1001   CE LYS A 151  8564    O HOH A1159 unk
15.525 29.750 -71.465 17.419 29.024 -66.623  0.00
16.848775 30.422623 -68.741501 
16.879888 30.502776 -68.741653 
16.928067 30.414106 -68.773794 
FEnd
FBeg
 1034  OD1 ASP A 155  8564    O HOH A1159 hbw
15.006 29.960 -66.964 17.419 29.024 -66.623  7.25
16.026980 28.683206 -67.700747 
15.713129 28.378906 -66.315122 
15.973346 29.409730 -65.327007 
16.000511 29.499862 -65.271835 
17.041247 31.538384 -67.040867 
17.132957 31.380056 -68.124414 
16.879888 30.502776 -68.741653 
16.848775 30.422623 -68.741501 
FEnd
FBeg
 1033   CG ASP A 155  8564    O HOH A1159 unk
13.893 29.496 -67.318 17.419 29.024 -66.623  0.49
15.708419 28.138511 -66.454487 
15.713129 28.378906 -66.315122 
16.026980 28.683206 -67.700747 
15.892925 28.101336 -67.415803 
FEnd
FBeg
 1028    N ASP A 155  8564    O HOH A1159 hbw
14.274 27.965 -64.690 17.419 29.024 -66.623  1.04
16.219446 28.661349 -65.336604 
16.091887 29.402309 -65.138206 
16.021906 29.458555 -65.221252 
15.973346 29.409730 -65.327007 
15.713129 28.378906 -66.315122 
15.708419 28.138511 -66.454487 
16.029034 27.720740 -66.161721 
FEnd
FBeg
 1022    C ASN A 154  8564    O HOH A1159 unk
14.987 27.790 -63.578 17.419 29.024 -66.623  0.23
16.588816 29.247487 -64.804058 
16.091887 29.402309 -65.138206 
16.219446 28.661349 -65.336604 
FEnd
FBeg
 1024   CB ASN A 154  8559    O HOH A1154 unk
17.231 26.812 -64.058 16.685 31.235 -64.507  0.85
18.009459 29.451270 -64.524196 
16.588816 29.247487 -64.804058 
16.931074 29.417088 -63.549561 
FEnd
FBeg
  995   CA LYS A 151  8564    O HOH A1159 unk
16.355 25.688 -68.497 17.419 29.024 -66.623  5.54
19.279697 26.778850 -67.129908 
18.814566 26.742522 -66.801151 
16.429835 27.321046 -66.477032 
15.992130 27.988533 -67.416745 
18.469602 27.777000 -68.446817 
19.617124 27.476405 -68.563241 
FEnd
FBeg
 1024   CB ASN A 154  8524    O HOH A1119 unk
17.231 26.812 -64.058 21.478 28.390 -65.976  0.58
19.259193 29.025461 -64.799805 
19.235533 27.747776 -65.903387 
19.606273 28.625806 -64.360080 
FEnd
FBeg
 1116    O VAL A 166  8564    O HOH A1159 hbw
18.617 29.819 -62.419 17.419 29.024 -66.623  1.11
19.557075 30.551451 -65.173265 
19.259193 29.025461 -64.799805 
18.009459 29.451270 -64.524196 
19.508179 30.557806 -65.160533 
FEnd
FBeg
 1116    O VAL A 166  8645    O HOH B2082 hbw
18.617 29.819 -62.419 18.323 33.285 -65.278  0.82
19.867599 30.725977 -64.993617 
19.557075 30.551451 -65.173265 
19.508179 30.557806 -65.160533 
18.809300 31.633898 -63.784106 
19.380448 31.640449 -63.834896 
FEnd
FBeg
 3803  OD1 ASP B 155  8645    O HOH B2082 hbw
21.215 33.224 -64.014 18.323 33.285 -65.278  8.44
20.492750 31.328718 -66.394859 
19.867599 30.725977 -64.993617 
19.380448 31.640449 -63.834896 
19.249679 33.784193 -63.432245 
20.103398 34.005583 -65.374848 
20.405012 33.703992 -66.079486 
20.652721 32.581468 -66.700411 
FEnd
FBeg
 1124   CB ASP A 167  8524    O HOH A1119 unk
22.051 28.853 -61.761 21.478 28.390 -65.976  3.39
22.273360 28.618392 -64.275757 
21.412012 30.557572 -64.371673 
20.653372 30.470559 -64.258984 
20.338199 29.455307 -64.104617 
20.973657 27.798771 -64.009039 
21.093049 27.699200 -64.014332 
FEnd
FBeg
 3770   CE LYS B 151  8545    O HOH A1140 unk
24.507 29.816 -64.347 22.848 28.216 -68.471  0.00
23.685331 28.017934 -66.370818 
23.681394 28.019941 -66.370012 
23.680332 28.023115 -66.370817 
FEnd
FBeg
 3769   CD LYS B 151  8547    O HOH A1142 unk
25.081 30.370 -65.647 22.971 26.881 -64.541  2.20
26.527003 26.490857 -65.766880 
26.660994 26.309402 -66.083673 
26.150877 26.319526 -67.024923 
23.685331 28.017934 -66.370818 
FEnd
FBeg
 1149   CG LYS A 170  8547    O HOH A1142 unk
25.813 24.711 -62.096 22.971 26.881 -64.541  4.76
23.632082 25.758041 -63.052297 
25.983134 25.867804 -65.687677 
26.660994 26.309402 -66.083673 
26.527003 26.490857 -65.766880 
24.681374 27.269278 -62.930703 
24.401170 27.042197 -62.806542 
FEnd
FBeg
 1145   CA LYS A 170  8547    O HOH A1142 unk
24.241 23.280 -63.558 22.971 26.881 -64.541  5.23
23.367000 25.694561 -62.942364 
22.834347 24.932242 -65.046781 
24.476420 25.233574 -66.064418 
25.983134 25.867804 -65.687677 
23.632082 25.758041 -63.052297 
FEnd
FBeg
 1124   CB ASP A 167  8547    O HOH A1142 unk
22.051 28.853 -61.761 22.971 26.881 -64.541  5.71
22.845494 26.229771 -62.392043 
22.851776 26.230279 -62.390324 
24.009845 27.052935 -62.590632 
24.363045 27.423020 -62.736267 
22.273360 28.618392 -64.275757 
21.093049 27.699200 -64.014332 
21.260201 27.280687 -63.662143 
21.736141 26.514310 -62.961005 
FEnd
FBeg
 1139    O LEU A 169  8547    O HOH A1142 hbw
21.771 24.520 -63.382 22.971 26.881 -64.541  4.55
22.850473 26.227804 -62.390895 
22.845494 26.229771 -62.392043 
21.736141 26.514310 -62.961005 
21.547185 26.537413 -63.109581 
21.558120 25.552656 -65.104309 
22.834347 24.932242 -65.046781 
23.367000 25.694561 -62.942364 
FEnd
FBeg
 3833   CB LYS B 159  8499    O HOH A1094 unk
18.719 38.906 -59.177 15.787 38.593 -56.264  8.14
17.657592 40.763280 -56.607205 
18.083091 41.432068 -56.107070 
19.591102 40.111213 -54.731148 
18.894518 38.495331 -55.605901 
17.228678 37.523170 -57.387065 
17.110281 39.688048 -57.273620 
FEnd
FBeg
 3831    C LYS B 159  8499    O HOH A1094 unk
16.674 40.237 -59.645 15.787 38.593 -56.264  0.45
17.110281 39.688048 -57.273620 
16.179159 39.296914 -57.708086 
17.657592 40.763280 -56.607205 
FEnd
FBeg
 3830   CA LYS B 159  8499    O HOH A1094 unk
17.299 38.858 -59.743 15.787 38.593 -56.264  3.35
17.228678 37.523170 -57.387065 
17.217167 37.501552 -57.393714 
17.140624 37.479971 -57.428624 
16.552088 37.502046 -57.682725 
14.926771 38.331970 -58.325884 
14.947282 38.508364 -58.303534 
16.179159 39.296914 -57.708086 
17.110281 39.688048 -57.273620 
FEnd
FBeg
 3855   CA LYS B 162  8499    O HOH A1094 unk
12.368 39.329 -58.935 15.787 38.593 -56.264  0.82
14.926771 38.331970 -58.325884 
14.653673 38.197815 -58.013274 
14.145392 38.747093 -57.211297 
14.624443 39.398215 -57.645085 
14.947282 38.508364 -58.303534 
FEnd
FBeg
 3860   CD LYS B 162  8499    O HOH A1094 unk
12.891 40.737 -56.244 15.787 38.593 -56.264  6.52
14.145392 38.747093 -57.211297 
13.973238 38.502015 -55.866935 
14.852951 39.679083 -54.666109 
16.385527 41.760495 -55.876482 
14.624443 39.398215 -57.645085 
FEnd
FBeg
 3861   CE LYS B 162  8499    O HOH A1094 unk
12.859 41.527 -54.926 15.787 38.593 -56.264  13.21
14.852951 39.679083 -54.666109 
17.620935 40.789012 -51.042696 
18.903986 42.328620 -51.611033 
17.080678 42.276823 -55.487472 
16.385527 41.760495 -55.876482 
FEnd
FBeg
 3861   CE LYS B 162  8445    O HOH A1040 unk
12.859 41.527 -54.926 13.141 38.470 -54.205  40.71
14.852951 39.679083 -54.666109 
17.620935 40.789012 -51.042696 
17.505133 40.818140 -50.873900 
15.778446 40.971392 -49.548775 
14.270828 41.025577 -48.729370 
10.713132 40.653152 -48.916930 
8.823008 40.268053 -49.810457 
8.215205 40.102413 -50.275035 
10.589872 39.313146 -54.550273 
FEnd
FBeg
 1090   CG LYS A 162  8445    O HOH A1040 unk
9.385 36.719 -55.968 13.141 38.470 -54.205  8.29
8.215205 40.102413 -50.275035 
10.589872 39.313146 -54.550273 
10.612266 39.291786 -54.576767 
9.763248 37.159772 -50.650466 
9.098657 38.021278 -50.090225 
8.830788 38.608336 -50.102602 
FEnd
FBeg
 1089   CB LYS A 162  8445    O HOH A1040 unk
10.859 36.388 -55.829 13.141 38.470 -54.205  15.04
10.612266 39.291786 -54.576767 
12.381575 38.343831 -55.847655 
13.237070 36.739076 -54.992444 
13.386324 36.325402 -54.671833 
11.942003 35.940163 -52.148430 
11.893691 35.961200 -52.107514 
10.140417 36.846159 -50.778397 
9.763248 37.159772 -50.650466 
FEnd
FBeg
 1081    O THR A 161  8445    O HOH A1040 hbw
12.832 34.218 -55.031 13.141 38.470 -54.205  2.84
13.386324 36.325402 -54.671833 
14.137483 36.276564 -54.701434 
14.242955 36.219467 -54.446969 
13.386041 35.873059 -52.343204 
12.030510 35.934778 -52.153820 
11.942003 35.940163 -52.148430 
FEnd
FBeg
 1102   CB LYS A 164  8445    O HOH A1040 unk
15.910 33.758 -53.853 13.141 38.470 -54.205  4.48
14.242955 36.219467 -54.446969 
15.085049 36.721854 -54.346139 
15.459498 36.964108 -54.048829 
16.068579 37.382373 -53.241118 
14.010435 36.276955 -51.848285 
13.386041 35.873059 -52.343204 
FEnd
FBeg
 1102   CB LYS A 164  8499    O HOH A1094 unk
15.910 33.758 -53.853 15.787 38.593 -56.264  0.19
15.459498 36.964108 -54.048829 
16.068579 37.382373 -53.241118 
16.347238 37.301550 -53.417415 
FEnd
FBeg
 1099   CA LYS A 164  8499    O HOH A1094 unk
16.666 34.153 -55.127 15.787 38.593 -56.264  7.16
16.347238 37.301550 -53.417415 
15.459498 36.964108 -54.048829 
15.188964 36.819305 -54.405139 
16.149811 36.773815 -55.325600 
17.642491 36.993770 -55.620644 
18.758751 37.330776 -55.167597 
19.506968 37.925036 -53.425438 
FEnd
FBeg
 1098    N LYS A 164  8499    O HOH A1094 hbw
15.708 34.557 -56.147 15.787 38.593 -56.264  0.97
15.188964 36.819305 -54.405139 
14.749082 36.811515 -54.970893 
14.942753 36.785636 -55.732850 
16.149811 36.773815 -55.325600 
FEnd
FBeg
 1099   CA LYS A 164  8445    O HOH A1040 unk
16.666 34.153 -55.127 13.141 38.470 -54.205  0.03
15.085049 36.721854 -54.346139 
15.188964 36.819305 -54.405139 
15.459498 36.964108 -54.048829 
FEnd
FBeg
 1098    N LYS A 164  8445    O HOH A1040 hbw
15.708 34.557 -56.147 13.141 38.470 -54.205  0.50
14.137483 36.276564 -54.701434 
14.177611 36.323578 -54.743121 
14.749082 36.811515 -54.970893 
15.188964 36.819305 -54.405139 
15.085049 36.721854 -54.346139 
14.242955 36.219467 -54.446969 
FEnd
FBeg
 1087    C LYS A 162  8445    O HOH A1040 unk
12.861 36.009 -57.250 13.141 38.470 -54.205  0.23
13.237070 36.739076 -54.992444 
14.177611 36.323578 -54.743121 
14.137483 36.276564 -54.701434 
13.386324 36.325402 -54.671833 
FEnd
FBeg
 1088    O LYS A 162  8445    O HOH A1040 hbw
13.244 37.110 -56.860 13.141 38.470 -54.205  3.37
12.381575 38.343831 -55.847655 
13.973238 38.502015 -55.866935 
14.749082 36.811515 -54.970893 
14.177611 36.323578 -54.743121 
13.237070 36.739076 -54.992444 
FEnd
FBeg
 3860   CD LYS B 162  8445    O HOH A1040 unk
12.891 40.737 -56.244 13.141 38.470 -54.205  4.91
13.973238 38.502015 -55.866935 
14.852951 39.679083 -54.666109 
10.589872 39.313146 -54.550273 
10.612266 39.291786 -54.576767 
12.381575 38.343831 -55.847655 
FEnd
FBeg
 1088    O LYS A 162  8499    O HOH A1094 hbw
13.244 37.110 -56.860 15.787 38.593 -56.264  3.71
14.653673 38.197815 -58.013274 
14.968476 36.913928 -56.161830 
14.942753 36.785636 -55.732850 
14.749082 36.811515 -54.970893 
13.973238 38.502015 -55.866935 
14.145392 38.747093 -57.211297 
FEnd
FBeg
 1095   CA GLY A 163  8499    O HOH A1094 unk
15.009 35.521 -58.262 15.787 38.593 -56.264  2.50
16.552088 37.502046 -57.682725 
14.968476 36.913928 -56.161830 
14.653673 38.197815 -58.013274 
14.926771 38.331970 -58.325884 
FEnd
FBeg
 1096    C GLY A 163  8499    O HOH A1094 unk
16.095 35.144 -57.277 15.787 38.593 -56.264  4.18
17.140624 37.479971 -57.428624 
17.642491 36.993770 -55.620644 
16.149811 36.773815 -55.325600 
14.942753 36.785636 -55.732850 
14.968476 36.913928 -56.161830 
16.552088 37.502046 -57.682725 
FEnd
FBeg
 1097    O GLY A 163  8499    O HOH A1094 hbw
17.274 35.383 -57.540 15.787 38.593 -56.264  1.30
17.217167 37.501552 -57.393714 
18.767519 37.410460 -55.357838 
18.758751 37.330776 -55.167597 
17.642491 36.993770 -55.620644 
17.140624 37.479971 -57.428624 
FEnd
FBeg
 3834   CG LYS B 159  8499    O HOH A1094 unk
19.373 37.538 -59.042 15.787 38.593 -56.264  1.51
18.894518 38.495331 -55.605901 
18.861970 37.535727 -55.283488 
18.767519 37.410460 -55.357838 
17.217167 37.501552 -57.393714 
17.228678 37.523170 -57.387065 
FEnd
FBeg
 3832    O LYS B 159  8499    O HOH A1094 hbw
15.807 40.479 -58.803 15.787 38.593 -56.264  7.36
17.657592 40.763280 -56.607205 
16.179159 39.296914 -57.708086 
14.947282 38.508364 -58.303534 
14.624443 39.398215 -57.645085 
16.385527 41.760495 -55.876482 
17.080678 42.276823 -55.487472 
17.742377 42.609876 -55.234863 
18.083091 41.432068 -56.107070 
FEnd
FBeg
 1101    O LYS A 164  8446    O HOH A1041 hbw
18.777 33.042 -55.492 20.985 32.472 -57.417  10.20
22.595047 33.908530 -53.682425 
21.435174 31.314851 -54.244817 
20.681037 30.765225 -54.947075 
19.224901 32.718379 -57.195618 
19.220947 33.762891 -57.509438 
FEnd
FBeg
 3837   NZ LYS B 159  8446    O HOH A1041 hbw
20.768 35.476 -57.340 20.985 32.472 -57.417  13.54
19.220947 33.762891 -57.509438 
22.595047 33.908530 -53.682425 
24.495178 34.071545 -54.687249 
25.124781 34.135521 -55.408805 
20.705949 33.898319 -58.607901 
19.523059 33.805883 -58.335296 
19.036489 33.758584 -57.861256 
FEnd
FBeg
 1118  CG1 VAL A 166  8446    O HOH A1041 unk
17.847 33.644 -60.521 20.985 32.472 -57.417  0.29
19.523059 33.805883 -58.335296 
19.318010 33.256676 -58.335369 
18.960838 33.428686 -57.909338 
19.036489 33.758584 -57.861256 
FEnd
FBeg
 1113    N VAL A 166  8446    O HOH A1041 hbw
18.427 31.153 -59.029 20.985 32.472 -57.417  3.90
19.318010 33.256676 -58.335369 
20.826722 31.011985 -58.892775 
20.570815 29.967711 -57.632225 
20.484292 30.042258 -57.555923 
19.037885 32.914933 -57.611226 
18.960838 33.428686 -57.909338 
FEnd
FBeg
 1111  CG2 ILE A 165  8446    O HOH A1041 unk
18.164 28.380 -56.618 20.985 32.472 -57.417  0.32
20.570815 29.967711 -57.632225 
20.591856 29.958227 -57.606507 
20.946434 30.027507 -55.999800 
20.798180 30.171442 -55.786088 
20.484292 30.042258 -57.555923 
FEnd
FBeg
 1126  OD1 ASP A 167  8446    O HOH A1041 hbw
22.262 29.635 -59.508 20.985 32.472 -57.417  9.19
20.826722 31.011985 -58.892775 
23.670551 32.680483 -59.419778 
24.453203 32.704341 -58.974171 
24.765928 32.411820 -58.386303 
22.470730 30.206124 -56.795394 
20.591856 29.958227 -57.606507 
20.570815 29.967711 -57.632225 
FEnd
FBeg
 1119  CG2 VAL A 166  8446    O HOH A1041 unk
20.180 32.773 -60.808 20.985 32.472 -57.417  8.00
20.705949 33.898319 -58.607901 
24.273723 33.220743 -59.515011 
24.279160 33.142899 -59.523211 
23.670551 32.680483 -59.419778 
20.826722 31.011985 -58.892775 
19.318010 33.256676 -58.335369 
19.523059 33.805883 -58.335296 
FEnd
FBeg
 3836   CE LYS B 159  8446    O HOH A1041 unk
21.469 36.295 -58.369 20.985 32.472 -57.417  11.79
25.124781 34.135521 -55.408805 
26.080728 33.774490 -56.372613 
25.691602 33.323277 -58.382408 
24.499186 33.213969 -59.427588 
24.273723 33.220743 -59.515011 
20.705949 33.898319 -58.607901 
FEnd
FBeg
 1100    C LYS A 164  8446    O HOH A1041 unk
17.551 32.998 -55.623 20.985 32.472 -57.417  0.45
19.224901 32.718379 -57.195618 
19.220947 33.762891 -57.509438 
19.036489 33.758584 -57.861256 
18.960838 33.428686 -57.909338 
19.037885 32.914933 -57.611226 
FEnd
FBeg
 1106   CA ILE A 165  8446    O HOH A1041 unk
17.711 30.837 -56.717 20.985 32.472 -57.417  5.03
20.681037 30.765225 -54.947075 
19.224901 32.718379 -57.195618 
19.037885 32.914933 -57.611226 
20.484292 30.042258 -57.555923 
20.798180 30.171442 -55.786088 
FEnd
FBeg
 2458   NZ LYS A 331  8446    O HOH A1041 hbw
22.513 27.813 -54.686 20.985 32.472 -57.417  2.60
21.169469 30.055756 -55.979591 
21.851611 31.097282 -54.584440 
23.316944 31.085699 -55.424057 
22.463093 30.210682 -56.439078 
FEnd
FBeg
 5222   NZ LYS B 331  8643    O HOH B2080 hbw
10.896 38.132 -71.907 10.989 35.322 -68.735  5.85
8.304984 37.350285 -69.601668 
11.137983 35.822560 -71.038105 
12.344761 36.880623 -70.136173 
11.072638 37.653049 -69.414602 
10.617983 37.772328 -69.295605 
9.263215 37.845501 -69.191063 
8.287018 37.527127 -69.444481 
FEnd
FBeg
 3870    O LYS B 164  8643    O HOH B2080 hbw
9.644 37.394 -66.157 10.989 35.322 -68.735  8.52
9.263215 37.845501 -69.191063 
8.287018 37.527127 -69.444481 
6.820420 35.790317 -68.813723 
10.892176 35.395143 -66.371786 
10.950727 35.680268 -66.570400 
9.894650 37.710131 -68.752828 
FEnd
FBeg
 3869    C LYS B 164  8643    O HOH B2080 unk
10.322 37.881 -65.258 10.989 35.322 -68.735  0.01
10.892176 35.395143 -66.371786 
10.919018 35.384473 -66.358784 
10.986786 35.635840 -66.530785 
10.950727 35.680268 -66.570400 
FEnd
FBeg
 3881    N VAL B 166  8643    O HOH B2080 hbw
13.482 36.041 -66.702 10.989 35.322 -68.735  4.25
10.919018 35.384473 -66.358784 
11.070199 35.002578 -66.409109 
11.230196 34.809489 -66.537020 
12.810316 34.680568 -68.429074 
12.913772 36.506412 -69.201674 
12.720684 36.621678 -69.005663 
10.986786 35.635840 -66.530785 
FEnd
FBeg
 3888    N ASP B 167  8643    O HOH B2080 hbw
15.044 35.055 -68.823 10.989 35.322 -68.735  0.29
12.810316 34.680568 -68.429074 
12.798476 34.545215 -68.563999 
12.911446 36.510592 -69.321551 
12.913772 36.506412 -69.201674 
FEnd
FBeg
 3887  CG2 VAL B 166  8643    O HOH B2080 unk
13.376 32.966 -66.581 10.989 35.322 -68.735  6.03
11.230196 34.809489 -66.537020 
11.106402 34.724471 -66.492825 
10.925613 34.279994 -66.778639 
10.526363 31.511182 -69.364671 
11.801599 33.092666 -69.048057 
12.798476 34.545215 -68.563999 
12.810316 34.680568 -68.429074 
FEnd
FBeg
 3893   CG ASP B 167  8643    O HOH B2080 unk
13.706 33.594 -71.047 10.989 35.322 -68.735  2.23
10.526363 31.511182 -69.364671 
10.306185 31.431336 -69.563742 
10.229184 32.921571 -70.768039 
11.801599 33.092666 -69.048057 
FEnd
FBeg
 1067   CE LYS A 159  8643    O HOH B2080 unk
9.078 32.606 -65.532 10.989 35.322 -68.735  11.29
10.925613 34.279994 -66.778639 
6.982983 33.937060 -69.421716 
8.810493 31.331377 -70.540874 
10.306185 31.431336 -69.563742 
10.526363 31.511182 -69.364671 
FEnd
FBeg
 3886  CG1 VAL B 166  8643    O HOH B2080 unk
13.166 34.339 -64.528 10.989 35.322 -68.735  0.02
11.070199 35.002578 -66.409109 
11.106402 34.724471 -66.492825 
11.230196 34.809489 -66.537020 
FEnd
FBeg
 1068   NZ LYS A 159  8643    O HOH B2080 hbw
8.950 34.093 -65.534 10.989 35.322 -68.735  7.79
6.820420 35.790317 -68.813723 
6.693251 35.117334 -69.153115 
6.982983 33.937060 -69.421716 
10.925613 34.279994 -66.778639 
11.106402 34.724471 -66.492825 
11.070199 35.002578 -66.409109 
10.919018 35.384473 -66.358784 
10.892176 35.395143 -66.371786 
FEnd
FBeg
 3878  CG1 ILE B 165  8643    O HOH B2080 unk
11.336 40.275 -67.705 10.989 35.322 -68.735  0.34
10.617983 37.772328 -69.295605 
9.263215 37.845501 -69.191063 
9.894650 37.710131 -68.752828 
FEnd
FBeg
 3874   CA ILE B 165  8643    O HOH B2080 unk
12.246 38.122 -66.739 10.989 35.322 -68.735  5.44
11.072638 37.653049 -69.414602 
10.617983 37.772328 -69.295605 
9.894650 37.710131 -68.752828 
10.950727 35.680268 -66.570400 
10.986786 35.635840 -66.530785 
12.720684 36.621678 -69.005663 
FEnd
FBeg
 3879  CG2 ILE B 165  8643    O HOH B2080 unk
13.433 39.263 -68.645 10.989 35.322 -68.735  1.22
12.344761 36.880623 -70.136173 
11.072638 37.653049 -69.414602 
12.720684 36.621678 -69.005663 
12.913772 36.506412 -69.201674 
12.911446 36.510592 -69.321551 
FEnd
FBeg
 3894  OD1 ASP B 167  8643    O HOH B2080 hbw
13.036 34.514 -70.526 10.989 35.322 -68.735  10.23
11.137983 35.822560 -71.038105 
12.344761 36.880623 -70.136173 
12.911446 36.510592 -69.321551 
12.798476 34.545215 -68.563999 
11.801599 33.092666 -69.048057 
10.229184 32.921571 -70.768039 
10.139424 33.044235 -70.925969 
FEnd

+-+CCS_record::Boundary loops before union-find
Start boundary loop loop_id 1  init_edge IE_A_Wi
xyz 19.3088 28.9091 -73.6939
xyz 19.1024 29.1527 -74.7674
xyz 17.8896 29.3797 -75.4869
xyz 17.4167 29.3645 -75.2856
End loop
Boundary info init_edge IE_A_Wi [total exposed]: 5.576598 5.576598
Start boundary loop loop_id 2  init_edge IE_A_Wi
xyz 20.4765 26.2074 -70.7164
xyz 19.8324 26.9263 -68.7896
xyz 19.7877 27.0376 -68.4395
xyz 19.3984 26.6255 -67.2067
xyz 19.2797 26.7789 -67.1299
xyz 19.6171 27.4764 -68.5632
xyz 19.6173 27.4769 -68.5637
xyz 19.5431 28.0842 -69.0472
xyz 19.5434 28.1024 -69.0544
xyz 19.5565 28.0859 -69.1097
xyz 19.4969 28.0156 -70.4606
xyz 20.1528 27.6204 -71.1625
xyz 20.3918 27.5945 -71.7237
xyz 20.3931 27.6105 -71.7682
xyz 20.0321 28.3366 -72.6963
xyz 20.4463 28.0365 -72.3984
xyz 20.9359 30.542 -71.2418
xyz 20.3917 32.2107 -71.2746
xyz 19.3052 32.8126 -69.0336
xyz 18.9753 32.3085 -67.7727
xyz 20.6527 32.5815 -66.7004
xyz 20.4927 31.3287 -66.3949
xyz 20.8775 31.3533 -66.4038
xyz 21.9286 30.3855 -67.4974
xyz 22.6058 30.5332 -68.1359
xyz 22.6964 30.5063 -68.1541
xyz 25.6837 29.2305 -69.1926
xyz 26.0259 28.9914 -68.964
xyz 26.5269 28.4537 -68.9501
xyz 27.6411 26.3265 -68.2086
xyz 26.1509 26.3195 -67.0249
xyz 25.3121 25.9371 -67.1286
xyz 26.3293 24.7454 -70.3703
xyz 25.1926 24.6288 -71.8482
xyz 20.9548 25.9607 -71.1364
End loop
Boundary info init_edge IE_A_Wi [total exposed]: 47.119779 47.119779
Start boundary loop loop_id 3  init_edge IE_B_Wi
xyz 14.2708 41.0256 -48.7294
xyz 10.7131 40.6532 -48.9169
xyz 8.82301 40.2681 -49.8105
xyz 8.21521 40.1024 -50.275
xyz 8.83079 38.6083 -50.1026
xyz 9.09866 38.0213 -50.0902
xyz 9.76325 37.1598 -50.6505
xyz 10.1404 36.8462 -50.7784
xyz 11.8937 35.9612 -52.1075
xyz 11.942 35.9402 -52.1484
xyz 12.0305 35.9348 -52.1538
xyz 13.386 35.8731 -52.3432
xyz 14.0104 36.277 -51.8483
xyz 16.0686 37.3824 -53.2411
xyz 16.3472 37.3016 -53.4174
xyz 19.507 37.925 -53.4254
xyz 18.7588 37.3308 -55.1676
xyz 18.7675 37.4105 -55.3578
xyz 18.862 37.5357 -55.2835
xyz 18.8945 38.4953 -55.6059
xyz 19.5911 40.1112 -54.7311
xyz 18.0831 41.4321 -56.1071
xyz 17.7424 42.6099 -55.2349
xyz 17.0807 42.2768 -55.4875
xyz 18.904 42.3286 -51.611
xyz 17.6209 40.789 -51.0427
xyz 17.5051 40.8181 -50.8739
xyz 15.7784 40.9714 -49.5488
End loop
Boundary info init_edge IE_B_Wi [total exposed]: 42.098859 42.098859
Start boundary loop loop_id 4  init_edge IE_A_Wi
xyz 24.4952 34.0715 -54.6872
xyz 25.1248 34.1355 -55.4088
xyz 26.0807 33.7745 -56.3726
xyz 25.6916 33.3233 -58.3824
xyz 24.4992 33.214 -59.4276
xyz 24.2737 33.2207 -59.515
xyz 24.2792 33.1429 -59.5232
xyz 23.6706 32.6805 -59.4198
xyz 24.4532 32.7043 -58.9742
xyz 24.7659 32.4118 -58.3863
xyz 22.4707 30.2061 -56.7954
xyz 20.5919 29.9582 -57.6065
xyz 20.9464 30.0275 -55.9998
xyz 20.7982 30.1714 -55.7861
xyz 20.681 30.7652 -54.9471
xyz 21.4352 31.3149 -54.2448
xyz 22.595 33.9085 -53.6824
End loop
Boundary info init_edge IE_A_Wi [total exposed]: 23.588584 23.588584
Start boundary loop loop_id 5  init_edge IE_A_Wi
xyz 21.8516 31.0973 -54.5844
xyz 23.3169 31.0857 -55.4241
xyz 22.4631 30.2107 -56.4391
xyz 21.1695 30.0558 -55.9796
End loop
Boundary info init_edge IE_A_Wi [total exposed]: 6.529315 6.529315
Start boundary loop loop_id 6  init_edge IE_B_Wi
xyz 11.138 35.8226 -71.0381
xyz 10.1394 33.0442 -70.926
xyz 10.2292 32.9216 -70.768
xyz 10.3062 31.4313 -69.5637
xyz 8.81049 31.3314 -70.5409
xyz 6.98298 33.9371 -69.4217
xyz 6.69325 35.1173 -69.1531
xyz 6.82042 35.7903 -68.8137
xyz 8.28702 37.5271 -69.4445
xyz 8.30498 37.3503 -69.6017
End loop
Boundary info init_edge IE_B_Wi [total exposed]: 18.384330 18.384330
+-+Surf_areas::Interface areas<Areas altogether before UFind>: IE_A_B: 376.35 IE_A_Wi: 140.91 IE_B_Wi: 146.44 
+-+Surf_areas::Chem Interface areas<Areas altogether before UFind>: ali: 207.40 aro: 0.00 hbd: 31.87 hbw: 87.54 hbdp: 0.00 elu: 0.00 elf: 39.66 hbwp: 0.00 ssb: 0.00 unk: 297.22 
+++UnionFindAlgo::processing merged ccs...

+-+MCC_record::Boundary nets of merged cc after union-find
Start boundary net with  1 loops
Start boundary loop loop_id 1
Start boundary loop auf loop_id 1  init_edge IE_A_Wi
xyz 19.3088 28.9091 -73.6939
xyz 19.1024 29.1527 -74.7674
xyz 17.8896 29.3797 -75.4869
xyz 17.4167 29.3645 -75.2856
End loop. Loop info [total exposed]: 5.5766 5.5766
End net. Net info [total exposed]: 5.5766 5.5766
Start boundary net with  1 loops
Start boundary loop loop_id 2
Start boundary loop auf loop_id 2  init_edge IE_A_Wi
xyz 20.4765 26.2074 -70.7164
xyz 19.8324 26.9263 -68.7896
xyz 19.7877 27.0376 -68.4395
xyz 19.3984 26.6255 -67.2067
xyz 19.2797 26.7789 -67.1299
xyz 19.6171 27.4764 -68.5632
xyz 19.6173 27.4769 -68.5637
xyz 19.5431 28.0842 -69.0472
xyz 19.5434 28.1024 -69.0544
xyz 19.5565 28.0859 -69.1097
xyz 19.4969 28.0156 -70.4606
xyz 20.1528 27.6204 -71.1625
xyz 20.3918 27.5945 -71.7237
xyz 20.3931 27.6105 -71.7682
xyz 20.0321 28.3366 -72.6963
xyz 20.4463 28.0365 -72.3984
xyz 20.9359 30.542 -71.2418
xyz 20.3917 32.2107 -71.2746
xyz 19.3052 32.8126 -69.0336
xyz 18.9753 32.3085 -67.7727
xyz 20.6527 32.5815 -66.7004
xyz 20.4927 31.3287 -66.3949
xyz 20.8775 31.3533 -66.4038
xyz 21.9286 30.3855 -67.4974
xyz 22.6058 30.5332 -68.1359
xyz 22.6964 30.5063 -68.1541
xyz 25.6837 29.2305 -69.1926
xyz 26.0259 28.9914 -68.964
xyz 26.5269 28.4537 -68.9501
xyz 27.6411 26.3265 -68.2086
xyz 26.1509 26.3195 -67.0249
xyz 25.3121 25.9371 -67.1286
xyz 26.3293 24.7454 -70.3703
xyz 25.1926 24.6288 -71.8482
xyz 20.9548 25.9607 -71.1364
End loop. Loop info [total exposed]: 47.1198 47.1198
End net. Net info [total exposed]: 47.1198 47.1198
Start boundary net with  3 loops
Start boundary loop loop_id 0
Start boundary loop auf loop_id 0  init_edge IE_A_B
xyz 30.98 28.9612 -62.7479
xyz 31.1192 29.1711 -62.5971
xyz 26.8588 28.9544 -61.9309
xyz 31.2617 31.0315 -59.833
xyz 30.87 31.425 -59.687
xyz 27.7921 34.1349 -58.7589
xyz 27.5096 34.1512 -58.8074
xyz 26.9857 34.0138 -58.9939
xyz 24.3353 32.5148 -60.3998
xyz 24.4067 33.1661 -59.4702
xyz 24.2792 33.1429 -59.5232
xyz 24.2737 33.2207 -59.515
xyz 20.7059 33.8983 -58.6079
xyz 19.5231 33.8059 -58.3353
xyz 19.0365 33.7586 -57.8613
xyz 19.2209 33.7629 -57.5094
xyz 22.595 33.9085 -53.6824
xyz 22.5117 34.4855 -53.0123
xyz 19.9694 36.052 -53.6881
xyz 19.9687 36.075 -53.6755
xyz 19.507 37.925 -53.4254
xyz 18.7588 37.3308 -55.1676
xyz 18.7675 37.4105 -55.3578
xyz 17.2172 37.5016 -57.3937
xyz 17.1406 37.48 -57.4286
xyz 16.5521 37.502 -57.6827
xyz 14.9268 38.332 -58.3259
xyz 14.6537 38.1978 -58.0133
xyz 14.1454 38.7471 -57.2113
xyz 13.9732 38.502 -55.8669
xyz 12.3816 38.3438 -55.8477
xyz 10.6123 39.2918 -54.5768
xyz 10.5899 39.3131 -54.5503
xyz 8.21521 40.1024 -50.275
xyz 7.47603 40.6797 -50.4746
xyz 6.73606 41.8897 -53.5904
xyz 6.66198 41.3312 -55.7346
xyz 6.92219 39.5564 -58.2766
xyz 7.30733 39.1861 -58.5089
xyz 7.16427 38.615 -58.728
xyz 7.86377 36.2198 -59.1565
xyz 8.24956 35.9429 -59.0909
xyz 7.81383 36.0634 -59.2802
xyz 7.021 36.2251 -59.9982
xyz 7.50484 35.9792 -60.5156
xyz 8.75922 35.5922 -60.2309
xyz 8.00939 35.5542 -60.6417
xyz 7.33647 35.811 -60.7504
xyz 7.26664 35.7273 -61.4333
xyz 7.00878 35.6357 -61.9353
xyz 6.9536 35.3922 -62.6199
xyz 6.98276 35.3851 -62.6727
xyz 6.89392 35.3893 -62.6418
xyz 6.31639 35.4675 -62.5618
xyz 5.32854 36.7641 -65.1601
xyz 5.34788 36.7805 -65.2074
xyz 5.19741 36.3166 -67.833
xyz 5.22183 36.3027 -67.8798
xyz 6.82042 35.7903 -68.8137
xyz 10.8922 35.3951 -66.3718
xyz 10.919 35.3845 -66.3588
xyz 11.0702 35.0026 -66.4091
xyz 11.1064 34.7245 -66.4928
xyz 10.9256 34.28 -66.7786
xyz 10.5264 31.5112 -69.3647
xyz 10.5268 31.5017 -69.366
xyz 10.3301 31.3993 -69.5494
xyz 11.0584 31.2389 -69.7919
xyz 10.1534 30.8662 -70.09
xyz 11.2574 29.6104 -74.8686
xyz 13.1227 30.4989 -73.8926
xyz 12.2993 28.6979 -75.5642
xyz 12.3597 28.5705 -75.7149
xyz 13.4275 28.0906 -76.5135
xyz 14.2751 28.4416 -76.3761
xyz 16.4029 30.7761 -74.5003
xyz 15.8545 32.0932 -72.9622
xyz 17.1507 31.7488 -71.0069
xyz 16.6331 31.1435 -68.8
xyz 16.7923 31.4587 -68.4978
xyz 17.133 31.3801 -68.1244
xyz 17.0412 31.5384 -67.0409
xyz 16.0258 31.9568 -66.5641
xyz 14.9142 31.2078 -65.4158
xyz 14.6975 31.4552 -64.8635
xyz 14.5837 31.5532 -64.3749
xyz 16.0465 33.3247 -63.5191
xyz 16.5251 33.2135 -63.1236
xyz 16.8566 33.234 -63.2327
xyz 16.9982 33.2541 -63.3239
xyz 18.7599 34.1882 -63.314
xyz 19.2497 33.7842 -63.4322
xyz 19.3804 31.6404 -63.8349
xyz 19.8676 30.726 -64.9936
xyz 20.6534 30.4706 -64.259
xyz 21.412 30.5576 -64.3717
xyz 22.2734 28.6184 -64.2758
xyz 24.363 27.423 -62.7363
xyz 24.6814 27.2693 -62.9307
xyz 26.527 26.4909 -65.7669
End loop. Loop info [total exposed]: 154.066 79.9538
Start boundary loop loop_id 3
Start boundary loop auf loop_id 3  init_edge IE_B_Wi
xyz 14.2708 41.0256 -48.7294
xyz 10.7131 40.6532 -48.9169
xyz 8.82301 40.2681 -49.8105
xyz 8.21521 40.1024 -50.275
xyz 8.83079 38.6083 -50.1026
xyz 9.09866 38.0213 -50.0902
xyz 9.76325 37.1598 -50.6505
xyz 10.1404 36.8462 -50.7784
xyz 11.8937 35.9612 -52.1075
xyz 11.942 35.9402 -52.1484
xyz 12.0305 35.9348 -52.1538
xyz 13.386 35.8731 -52.3432
xyz 14.0104 36.277 -51.8483
xyz 16.0686 37.3824 -53.2411
xyz 16.3472 37.3016 -53.4174
xyz 19.507 37.925 -53.4254
xyz 18.7588 37.3308 -55.1676
xyz 18.7675 37.4105 -55.3578
xyz 18.862 37.5357 -55.2835
xyz 18.8945 38.4953 -55.6059
xyz 19.5911 40.1112 -54.7311
xyz 18.0831 41.4321 -56.1071
xyz 17.7424 42.6099 -55.2349
xyz 17.0807 42.2768 -55.4875
xyz 18.904 42.3286 -51.611
xyz 17.6209 40.789 -51.0427
xyz 17.5051 40.8181 -50.8739
xyz 15.7784 40.9714 -49.5488
End loop. Loop info [total exposed]: 42.0989 39.9054
Start boundary loop loop_id 4
Start boundary loop auf loop_id 4  init_edge IE_A_Wi
xyz 24.4952 34.0715 -54.6872
xyz 25.1248 34.1355 -55.4088
xyz 26.0807 33.7745 -56.3726
xyz 25.6916 33.3233 -58.3824
xyz 24.4992 33.214 -59.4276
xyz 24.2737 33.2207 -59.515
xyz 24.2792 33.1429 -59.5232
xyz 23.6706 32.6805 -59.4198
xyz 24.4532 32.7043 -58.9742
xyz 24.7659 32.4118 -58.3863
xyz 22.4707 30.2061 -56.7954
xyz 20.5919 29.9582 -57.6065
xyz 20.9464 30.0275 -55.9998
xyz 20.7982 30.1714 -55.7861
xyz 20.681 30.7652 -54.9471
xyz 21.4352 31.3149 -54.2448
xyz 22.595 33.9085 -53.6824
End loop. Loop info [total exposed]: 23.5886 23.5101
End net. Net info [total exposed]: 219.753 143.369
Start boundary net with  1 loops
Start boundary loop loop_id 6
Start boundary loop auf loop_id 6  init_edge IE_B_Wi
xyz 11.138 35.8226 -71.0381
xyz 10.1394 33.0442 -70.926
xyz 10.2292 32.9216 -70.768
xyz 10.3062 31.4313 -69.5637
xyz 8.81049 31.3314 -70.5409
xyz 6.98298 33.9371 -69.4217
xyz 6.69325 35.1173 -69.1531
xyz 6.82042 35.7903 -68.8137
xyz 8.28702 37.5271 -69.4445
xyz 8.30498 37.3503 -69.6017
End loop. Loop info [total exposed]: 18.3843 18.3843
End net. Net info [total exposed]: 18.3843 18.3843
+-+Surf_areas::Interface areas<for merged connected component>: IE_A_B: 376.35 IE_A_Wi: 139.61 IE_B_Wi: 146.44 
+-+Surf_areas::Chem Interface areas<for merged connected component>: ali: 207.40 aro: 0.00 hbd: 31.87 hbw: 86.24 hbdp: 0.00 elu: 0.00 elf: 39.66 hbwp: 0.00 ssb: 0.00 unk: 297.22 
+-+MCC_record::dump_stats::Nb loops_before - nets_after uf merge: 6 4

+-+MCC_record::Boundary nets of merged cc after union-find
Start boundary net with  1 loops
Start boundary loop loop_id 5
Start boundary loop auf loop_id 5  init_edge IE_A_Wi
xyz 21.8516 31.0973 -54.5844
xyz 23.3169 31.0857 -55.4241
xyz 22.4631 30.2107 -56.4391
xyz 21.1695 30.0558 -55.9796
End loop. Loop info [total exposed]: 6.52931 6.52931
End net. Net info [total exposed]: 6.52931 6.52931
+-+Surf_areas::Interface areas<for merged connected component>: IE_A_Wi: 1.30 
+-+Surf_areas::Chem Interface areas<for merged connected component>: ali: 0.00 aro: 0.00 hbd: 0.00 hbw: 1.30 hbdp: 0.00 elu: 0.00 elf: 0.00 hbwp: 0.00 ssb: 0.00 unk: 0.00 
+-+MCC_record::dump_stats::Nb loops_before - nets_after uf merge: 1 1
