Begin VSO per interface edge
345 1137  1
364 1136  3
365 1136  3
365 1137  2
366 1137  1
367 1135  1
367 1136  2
367 1137  1
380 1232  1
381 1232  1
382 1232  1
389 1134  3
389 1136  3
390 1136  2
390 1137  2
390 1138  1
451 1206  1
455 1206  2
456 1206  1
456 1212  1
457 1120  3
457 1122  2
457 1123  3
457 1124  3
457 1126  2
457 1127  2
457 1206  1
457 1212  2
457 1231  2
458 1122  2
458 1126  1
458 1206  1
458 1212  1
458 1230  1
458 1231  2
459 1206  2
460 1206  3
461 1130  4
461 1134  4
462 1120  4
462 1122  3
462 1128  4
462 1130  3
462 1134  4
462 1206  2
462 1233  3
463 1130  3
463 1134  3
463 1135  3
463 1136  4
463 1206  2
463 1233  2
464 1136  3
465 1135  3
465 1136  3
465 1137  2
465 1138  2
466 1135  2
466 1136  2
466 1137  1
466 1138  1
466 1206  2
466 1233  1
467 1136  2
467 1138  1
469 1111  6
469 1120  5
469 1128  5
469 1130  4
469 1134  4
470 1107  7
470 1134  4
472 1107  6
472 1108  6
472 1110  5
472 1111  6
474 1105  5
474 1107  6
475 1105  4
475 1107  5
475 1108  5
475 1109  4
475 1110  4
475 1111  5
475 1119  3
475 1120  4
475 1123  4
476 1107  6
476 1108  5
476 1111  5
476 1128  5
476 1130  5
476 1134  4
477 1107  6
478 1107  5
478 1111  5
478 1113  3
478 1116  3
479 1104  4
479 1107  5
479 1108  4
479 1111  4
479 1113  3
480 1232  1
481 1111  4
481 1113  3
481 1116  3
481 1117  2
481 1118  2
481 1128  4
481 1129  3
481 1130  4
481 1131  3
481 1134  3
481 1232  2
482 1116  3
482 1117  2
482 1118  2
482 1129  2
482 1131  2
482 1134  2
482 1135  1
482 1232  1
483 1134  2
483 1135  1
483 1136  2
484 1116  2
484 1117  1
484 1118  1
484 1129  1
484 1131  1
484 1232  1
485 1117  2
485 1232  2
486 1104  3
486 1113  2
486 1114  1
486 1115  1
486 1116  2
486 1117  2
486 1232  1
487 1104  3
487 1107  4
488 1103  2
488 1104  2
488 1113  1
488 1226  1
489 1107  5
490 1103  3
490 1104  3
490 1107  4
494 1107  5
495 1107  6
496 1107  5
497 1107  7
498 1107  6
499 1107  5
500 1107  6
501 1107  5
502 1107  5
508 1103  2
508 1226  1
509 1226  1
511 1226  1
532 1103  3
533 1103  2
533 1226  1
534 1103  3
534 1104  4
534 1107  4
568 1107  5
569 1103  3
569 1107  4
570 1103  2
570 1107  3
570 1229  1
571 1229  1
572 1103  3
572 1104  4
572 1105  3
572 1106  2
572 1107  4
572 1229  2
594 1227  2
595 1227  1
595 1231  1
596 1227  1
596 1229  2
597 1229  1
599 1127  2
599 1227  2
599 1231  1
600 1231  1
601 1127  2
601 1212  1
601 1231  1
602 1123  4
602 1127  3
603 1123  5
604 1119  3
604 1123  4
604 1127  3
604 1227  2
605 1105  4
605 1107  5
606 1105  3
606 1106  2
606 1109  3
606 1112  2
606 1119  2
606 1123  3
606 1125  2
606 1127  2
606 1225  2
606 1227  1
606 1229  2
607 1105  3
607 1106  2
607 1107  4
607 1109  4
607 1229  2
609 1212  1
612 1212  1
882 1206  1
882 1233  1
941 1122  1
941 1139  1
941 1206  1
941 1233  1
1103 1226  2
1103 1229  2
1104 1226  2
1105 1226  2
1106 1226  2
1106 1229  1
1109 1225  2
1112 1225  1
1112 1226  1
1113 1226  2
1114 1226  1
1115 1232  1
1117 1232  1
1119 1225  1
1122 1206  2
1122 1233  2
1125 1225  1
1125 1227  1
1125 1230  1
1126 1212  2
1126 1230  1
1126 1231  1
1127 1225  2
1127 1227  2
1127 1231  1
1129 1225  1
1130 1206  3
1130 1233  3
1131 1233  3
1132 1233  2
1134 1233  2
1135 1233  2
1137 1233  1
1139 1233  1
End VSO per interface edge

Voronoi Facets of interface MI_AB
FBeg
  941   NZ LYS A 122  1122  CG2 TPO B   3 unk
-25.300 -19.792 -29.488 -21.205 -16.266 -28.610  7.95
-24.688966 -16.515699 -30.220493 
-25.005071 -16.346436 -29.425927 
-24.915984 -16.754722 -28.201776 
-24.274852 -17.531721 -28.071635 
-22.447599 -19.190783 -29.931259 
-22.223442 -19.194871 -30.960311 
-22.226474 -19.180006 -31.005870 
-24.323522 -16.782195 -30.854697 
FEnd
FBeg
  941   NZ LYS A 122  1139  OXT LYS B   4 hbd
-25.300 -19.792 -29.488 -20.367 -20.409 -28.411  2.75
-22.447599 -19.190783 -29.931259 
-23.048298 -22.416350 -29.027755 
-22.763604 -21.805247 -29.981652 
-22.224281 -19.247089 -30.986382 
-22.223442 -19.194871 -30.960311 
FEnd
FBeg
  458   NZ LYS A  62  1122  CG2 TPO B   3 unk
-24.166 -13.596 -27.504 -21.205 -16.266 -28.610  1.93
-25.005071 -16.346436 -29.425927 
-24.915984 -16.754722 -28.201776 
-24.268305 -16.290449 -27.588607 
-23.588346 -15.250787 -28.278064 
FEnd
FBeg
  458   NZ LYS A  62  1126  O2P TPO B   3 unk
-24.166 -13.596 -27.504 -22.518 -13.376 -29.748  9.15
-23.588346 -15.250787 -28.278064 
-25.005071 -16.346436 -29.425927 
-25.296794 -16.228156 -29.628574 
-25.605426 -13.011672 -29.539892 
-24.667008 -11.733329 -28.725388 
-23.643558 -11.597378 -27.960434 
FEnd
FBeg
  457   CE LYS A  62  1126  O2P TPO B   3 unk
-23.045 -13.666 -26.504 -22.518 -13.376 -29.748  4.33
-23.643558 -11.597378 -27.960434 
-23.588346 -15.250787 -28.278064 
-22.312141 -14.565203 -28.009452 
-21.962800 -12.782379 -27.793323 
-21.980529 -12.717753 -27.790426 
-23.423871 -11.554969 -27.920954 
FEnd
FBeg
  457   CE LYS A  62  1127  O3P TPO B   3 unk
-23.045 -13.666 -26.504 -20.996 -11.422 -29.171  2.39
-21.980529 -12.717753 -27.790426 
-23.423871 -11.554969 -27.920954 
-23.360176 -11.375493 -27.721008 
-22.456067 -11.288206 -26.952958 
-21.095826 -12.315688 -26.772431 
-21.929842 -12.726852 -27.759139 
FEnd
FBeg
  602   CB HIS A  80  1127  O3P TPO B   3 unk
-20.594 -10.271 -25.649 -20.996 -11.422 -29.171  3.25
-22.456067 -11.288206 -26.952958 
-21.095826 -12.315688 -26.772431 
-20.129308 -12.120593 -26.946507 
-20.524327 -9.909519 -27.624005 
-22.452296 -11.251692 -26.965321 
FEnd
FBeg
  599   CA HIS A  80  1127  O3P TPO B   3 unk
-21.528 -9.134 -26.066 -20.996 -11.422 -29.171  4.93
-20.524327 -9.909519 -27.624005 
-20.348621 -8.681614 -28.498714 
-21.856029 -8.567215 -28.841285 
-22.847272 -10.323406 -27.717027 
-22.452296 -11.251692 -26.965321 
FEnd
FBeg
  604  ND1 HIS A  80  1127  O3P TPO B   3 unk
-19.053 -10.603 -27.631 -20.996 -11.422 -29.171  7.06
-20.129308 -12.120593 -26.946507 
-18.647685 -12.159367 -28.795232 
-19.329889 -9.373013 -29.416337 
-20.348621 -8.681614 -28.498714 
-20.524327 -9.909519 -27.624005 
FEnd
FBeg
  606  CE1 HIS A  80  1127  O3P TPO B   3 unk
-17.795 -10.369 -27.963 -20.996 -11.422 -29.171  2.70
-18.647685 -12.159367 -28.795232 
-18.545216 -12.187496 -29.042238 
-18.538760 -12.185701 -29.060910 
-18.536124 -10.833792 -30.246339 
-18.547051 -10.234656 -30.739643 
-19.329889 -9.373013 -29.416337 
FEnd
FBeg
  606  CE1 HIS A  80  1125  O1P TPO B   3 unk
-17.795 -10.369 -27.963 -20.155 -12.952 -30.914  0.09
-18.538760 -12.185701 -29.060910 
-18.536124 -10.833792 -30.246339 
-18.449818 -12.178606 -29.138250 
FEnd
FBeg
  606  CE1 HIS A  80  1119    N TPO B   3 unk
-17.795 -10.369 -27.963 -17.818 -14.561 -28.374  2.35
-18.545216 -12.187496 -29.042238 
-18.538760 -12.185701 -29.060910 
-18.449818 -12.178606 -29.138250 
-17.261783 -12.187392 -29.115125 
-17.502831 -12.421457 -26.714285 
-18.098894 -12.401320 -26.886313 
-18.595283 -12.226282 -28.643836 
FEnd
FBeg
  604  ND1 HIS A  80  1119    N TPO B   3 unk
-19.053 -10.603 -27.631 -17.818 -14.561 -28.374  0.66
-18.098894 -12.401320 -26.886313 
-18.595283 -12.226282 -28.643836 
-18.851902 -12.607035 -27.042096 
FEnd
FBeg
  475  CD2 LEU A  64  1119    N TPO B   3 unk
-18.800 -13.626 -24.862 -17.818 -14.561 -28.374  3.20
-17.502831 -12.421457 -26.714285 
-18.098894 -12.401320 -26.886313 
-18.851902 -12.607035 -27.042096 
-19.143437 -13.704508 -26.831432 
-17.714394 -14.955793 -26.098724 
-17.333536 -12.831322 -26.557829 
FEnd
FBeg
  475  CD2 LEU A  64  1109   CA ARG B   2 ali
-18.800 -13.626 -24.862 -15.621 -13.531 -28.053  1.00
-17.333536 -12.831322 -26.557829 
-17.502831 -12.421457 -26.714285 
-17.073701 -12.138821 -26.278355 
-16.777459 -12.103993 -25.982189 
-16.616656 -12.418413 -25.831352 
-16.502950 -13.345262 -25.745667 
FEnd
FBeg
  475  CD2 LEU A  64  1108    N ARG B   2 unk
-18.800 -13.626 -24.862 -14.682 -13.313 -26.941  0.68
-16.616656 -12.418413 -25.831352 
-16.284344 -12.725291 -25.219322 
-16.201700 -13.133736 -25.117118 
-16.293734 -13.853228 -25.407736 
-16.502950 -13.345262 -25.745667 
FEnd
FBeg
  472   CB LEU A  64  1108    N ARG B   2 unk
-17.254 -14.529 -23.116 -14.682 -13.313 -26.941  0.66
-16.201700 -13.133736 -25.117118 
-16.293734 -13.853228 -25.407736 
-16.031930 -14.271792 -25.364759 
-15.688224 -14.527820 -25.215038 
-15.394779 -14.377612 -24.969968 
FEnd
FBeg
  472   CB LEU A  64  1107   CB ALA B   1 ali
-17.254 -14.529 -23.116 -13.845 -12.435 -24.109  5.36
-15.394779 -14.377612 -24.969968 
-16.201700 -13.133736 -25.117118 
-16.378276 -12.654627 -24.712982 
-15.698076 -12.720395 -22.516524 
-15.234798 -13.455158 -22.475515 
-14.816565 -14.280067 -22.779244 
-14.688162 -14.631861 -23.080280 
-14.750775 -14.650733 -23.335031 
FEnd
FBeg
  476    N GLU A  65  1107   CB ALA B   1 unk
-15.231 -16.613 -24.261 -13.845 -12.435 -24.109  1.37
-14.750775 -14.650733 -23.335031 
-15.394779 -14.377612 -24.969968 
-14.941044 -14.524915 -25.058401 
-14.326653 -14.753700 -24.372118 
-14.107217 -14.851034 -23.697628 
-14.129795 -14.858668 -23.281916 
-14.544061 -14.725594 -23.162235 
FEnd
FBeg
  477   CA GLU A  65  1107   CB ALA B   1 ali
-13.945 -17.258 -24.203 -13.845 -12.435 -24.109  0.07
-14.107217 -14.851034 -23.697628 
-13.781955 -14.865581 -23.297218 
-13.790256 -14.865489 -23.293107 
-14.129795 -14.858668 -23.281916 
FEnd
FBeg
  495  CD1 TRP A  67  1107   CB ALA B   1 ali
-12.487 -15.319 -21.302 -13.845 -12.435 -24.109  1.13
-13.781955 -14.865581 -23.297218 
-12.419754 -14.501811 -23.582488 
-12.312515 -14.322810 -23.450458 
-13.131907 -13.895397 -22.614906 
-13.177825 -13.902345 -22.599831 
-13.528788 -14.176281 -22.711489 
-13.790256 -14.865489 -23.293107 
FEnd
FBeg
  496  CD2 TRP A  67  1107   CB ALA B   1 ali
-12.646 -13.140 -20.782 -13.845 -12.435 -24.109  2.61
-13.131907 -13.895397 -22.614906 
-11.981764 -12.796342 -22.796508 
-11.760518 -12.071123 -22.722566 
-13.977196 -12.031049 -21.915217 
-13.993419 -12.039889 -21.911244 
-13.177825 -13.902345 -22.599831 
FEnd
FBeg
  501  CZ3 TRP A  67  1107   CB ALA B   1 ali
-13.614 -11.066 -20.120 -13.845 -12.435 -24.109  1.08
-13.977196 -12.031049 -21.915217 
-13.186331 -10.533264 -22.475046 
-14.642419 -10.805119 -22.297426 
-14.039037 -12.034842 -21.910334 
-13.993419 -12.039889 -21.911244 
FEnd
FBeg
  502  CH2 TRP A  67  1107   CB ALA B   1 ali
-14.874 -11.660 -20.043 -13.845 -12.435 -24.109  1.28
-14.642419 -10.805119 -22.297426 
-14.666312 -10.806360 -22.303236 
-15.623357 -11.236292 -22.463493 
-15.611262 -11.793119 -22.354298 
-14.148043 -12.079026 -21.929499 
-14.039037 -12.034842 -21.910334 
FEnd
FBeg
  568   CB GLU A  76  1107   CB ALA B   1 ali
-15.895 -8.553 -22.281 -13.845 -12.435 -24.109  2.17
-14.666312 -10.806360 -22.303236 
-15.119781 -10.236263 -24.022453 
-15.904446 -10.458551 -24.430354 
-16.145768 -10.688228 -24.213235 
-15.623357 -11.236292 -22.463493 
FEnd
FBeg
  605  CD2 HIS A  80  1107   CB ALA B   1 ali
-18.087 -9.671 -25.900 -13.845 -12.435 -24.109  0.68
-15.904446 -10.458551 -24.430354 
-15.738425 -10.546565 -24.959406 
-15.850259 -10.761705 -25.026546 
-16.449219 -11.703447 -25.061267 
-16.145768 -10.688228 -24.213235 
FEnd
FBeg
  605  CD2 HIS A  80  1105    C ALA B   1 ali
-18.087 -9.671 -25.900 -14.212 -12.110 -26.593  0.32
-15.850259 -10.761705 -25.026546 
-16.449219 -11.703447 -25.061267 
-16.560296 -11.846000 -25.180652 
-16.687896 -11.931385 -25.593635 
FEnd
FBeg
  607  NE2 HIS A  80  1105    C ALA B   1 unk
-17.185 -9.820 -26.925 -14.212 -12.110 -26.593  2.78
-16.687896 -11.931385 -25.593635 
-15.850259 -10.761705 -25.026546 
-15.689280 -10.552188 -25.022917 
-15.434277 -10.292540 -25.515478 
-16.049256 -11.349356 -27.297938 
-16.187621 -11.505247 -27.134174 
-16.777459 -12.103993 -25.982189 
FEnd
FBeg
  606  CE1 HIS A  80  1105    C ALA B   1 ali
-17.795 -10.369 -27.963 -14.212 -12.110 -26.593  0.01
-16.049256 -11.349356 -27.297938 
-16.031348 -11.390327 -27.396839 
-16.187621 -11.505247 -27.134174 
FEnd
FBeg
  606  CE1 HIS A  80  1106    O ALA B   1 unk
-17.795 -10.369 -27.963 -14.576 -11.038 -27.103  2.04
-16.049256 -11.349356 -27.297938 
-16.031348 -11.390327 -27.396839 
-15.254178 -10.786562 -29.836132 
-15.065790 -10.467494 -30.293068 
-15.486311 -9.990097 -28.347678 
FEnd
FBeg
  606  CE1 HIS A  80  1112   CB ARG B   2 ali
-17.795 -10.369 -27.963 -14.863 -14.012 -29.298  0.28
-15.254178 -10.786562 -29.836132 
-15.708700 -11.094574 -29.993861 
-15.089282 -10.385074 -30.569574 
-15.065790 -10.467494 -30.293068 
FEnd
FBeg
  607  NE2 HIS A  80  1106    O ALA B   1 hbd
-17.185 -9.820 -26.925 -14.576 -11.038 -27.103  3.01
-15.434277 -10.292540 -25.515478 
-16.049256 -11.349356 -27.297938 
-15.486311 -9.990097 -28.347678 
-15.133219 -9.524622 -26.357402 
FEnd
FBeg
  572  OE2 GLU A  76  1106    O ALA B   1 unk
-14.478 -8.694 -24.930 -14.576 -11.038 -27.103  0.98
-15.133219 -9.524622 -26.357402 
-15.434277 -10.292540 -25.515478 
-14.396384 -10.074357 -25.797637 
-13.996257 -9.560835 -26.369616 
FEnd
FBeg
  572  OE2 GLU A  76  1103    N ALA B   1 hbd
-14.478 -8.694 -24.930 -12.525 -10.776 -25.433  3.25
-14.396384 -10.074357 -25.797637 
-13.996257 -9.560835 -26.369616 
-12.490475 -8.163235 -26.308006 
-13.949928 -10.060271 -24.122488 
-14.279428 -10.236609 -24.671948 
-14.431023 -10.136203 -25.676139 
FEnd
FBeg
  572  OE2 GLU A  76  1104   CA ALA B   1 unk
-14.478 -8.694 -24.930 -13.182 -12.108 -25.467  0.39
-14.279428 -10.236609 -24.671948 
-15.054793 -10.462836 -25.104969 
-14.431023 -10.136203 -25.676139 
FEnd
FBeg
  570   CD GLU A  76  1103    N ALA B   1 unk
-14.227 -7.856 -24.035 -12.525 -10.776 -25.433  3.90
-12.490475 -8.163235 -26.308006 
-13.949928 -10.060271 -24.122488 
-13.867247 -10.054816 -24.033221 
-12.597436 -9.478276 -23.691502 
-11.851617 -8.260585 -25.326891 
-11.790336 -7.687016 -26.450296 
FEnd
FBeg
  533  OD1 ASP A  71  1103    N ALA B   1 hbd
-9.964 -8.239 -23.998 -12.525 -10.776 -25.433  2.75
-11.851617 -8.260585 -25.326891 
-10.037281 -9.690059 -26.037650 
-10.035840 -9.598783 -26.201594 
-11.234595 -7.871105 -27.116650 
-11.790336 -7.687016 -26.450296 
FEnd
FBeg
  508   CG GLU A  68  1103    N ALA B   1 unk
-7.374 -11.019 -25.523 -12.525 -10.776 -25.433  0.98
-10.037281 -9.690059 -26.037650 
-10.045681 -9.940058 -25.843426 
-10.117615 -11.661587 -25.312319 
-10.128786 -11.623472 -26.054570 
-10.035840 -9.598783 -26.201594 
FEnd
FBeg
  488    O GLY A  66  1103    N ALA B   1 hbd
-10.038 -13.903 -25.631 -12.525 -10.776 -25.433  0.71
-10.117615 -11.661587 -25.312319 
-10.503686 -11.999353 -24.827283 
-10.577714 -12.058665 -24.820418 
-10.621733 -11.998643 -26.321232 
-10.128786 -11.623472 -26.054570 
FEnd
FBeg
  488    O GLY A  66  1104   CA ALA B   1 unk
-10.038 -13.903 -25.631 -13.182 -12.108 -25.467  4.12
-10.577714 -12.058665 -24.820418 
-10.621733 -11.998643 -26.321232 
-11.663850 -13.682119 -27.873546 
-11.837102 -14.017178 -27.527649 
-11.814174 -14.032641 -26.918853 
-11.007690 -12.817274 -24.760299 
FEnd
FBeg
  490   CA TRP A  67  1104   CA ALA B   1 ali
-9.890 -13.768 -22.869 -13.182 -12.108 -25.467  1.45
-11.007690 -12.817274 -24.760299 
-10.577714 -12.058665 -24.820418 
-10.707299 -11.999897 -24.618667 
-11.419743 -11.960919 -23.691004 
-11.774080 -13.523073 -24.240157 
FEnd
FBeg
  534  OD2 ASP A  71  1104   CA ALA B   1 unk
-10.637 -10.286 -23.589 -13.182 -12.108 -25.467  0.29
-10.707299 -11.999897 -24.618667 
-11.701209 -11.532463 -23.725250 
-11.419743 -11.960919 -23.691004 
FEnd
FBeg
  534  OD2 ASP A  71  1107   CB ALA B   1 unk
-10.637 -10.286 -23.589 -13.845 -12.435 -24.109  1.41
-11.701209 -11.532463 -23.725250 
-11.419743 -11.960919 -23.691004 
-11.652345 -11.827830 -22.806045 
-12.644094 -10.372234 -22.703243 
-12.672899 -10.239537 -23.073941 
FEnd
FBeg
  487    C GLY A  66  1104   CA ALA B   1 ali
-10.260 -14.919 -24.976 -13.182 -12.108 -25.467  2.88
-11.814174 -14.032641 -26.918853 
-11.007690 -12.817274 -24.760299 
-11.774080 -13.523073 -24.240157 
-12.384583 -14.239896 -24.710823 
-12.052808 -14.202662 -26.472091 
FEnd
FBeg
  479    O GLU A  65  1104   CA ALA B   1 unk
-13.319 -15.381 -25.562 -13.182 -12.108 -25.467  2.39
-12.384583 -14.239896 -24.710823 
-13.966674 -14.151869 -25.462032 
-12.135820 -14.174974 -27.306293 
-12.078090 -14.176991 -27.320033 
-12.052808 -14.202662 -26.472091 
FEnd
FBeg
  479    O GLU A  65  1113   CG ARG B   2 unk
-13.319 -15.381 -25.562 -14.162 -15.359 -29.107  2.63
-12.135820 -14.174974 -27.306293 
-12.078090 -14.176991 -27.320033 
-12.566401 -15.776616 -27.213840 
-14.487437 -16.178678 -26.759514 
-14.587885 -16.148505 -26.735440 
-14.622151 -15.424602 -26.722799 
FEnd
FBeg
  479    O GLU A  65  1111    O ARG B   2 unk
-13.319 -15.381 -25.562 -16.363 -15.503 -26.827  0.61
-14.587885 -16.148505 -26.735440 
-14.628637 -16.156861 -26.636571 
-14.801098 -15.987654 -26.237892 
-15.056561 -15.038681 -25.714687 
-14.622151 -15.424602 -26.722799 
FEnd
FBeg
  476    N GLU A  65  1111    O ARG B   2 hbd
-15.231 -16.613 -24.261 -16.363 -15.503 -26.827  3.42
-14.801098 -15.987654 -26.237892 
-15.056561 -15.038681 -25.714687 
-15.688224 -14.527820 -25.215038 
-15.933497 -14.768226 -25.210830 
-16.923438 -17.295972 -25.867566 
-16.828515 -17.360271 -25.937256 
-14.810558 -16.216467 -26.332699 
FEnd
FBeg
  476    N GLU A  65  1128    C TPO B   3 unk
-15.231 -16.613 -24.261 -18.436 -16.995 -28.274  0.00
-16.923438 -17.295972 -25.867566 
-16.828515 -17.360271 -25.937256 
-16.853924 -17.393334 -25.913816 
-16.928130 -17.317393 -25.861780 
FEnd
FBeg
  469   CA LEU A  64  1128    C TPO B   3 unk
-17.371 -15.956 -23.564 -18.436 -16.995 -28.274  0.52
-16.928130 -17.317393 -25.861780 
-16.923438 -17.295972 -25.867566 
-17.560200 -16.348097 -25.932681 
-18.230579 -16.588043 -25.728167 
-18.188151 -16.739781 -25.704289 
FEnd
FBeg
  469   CA LEU A  64  1130    N LYS B   4 unk
-17.371 -15.956 -23.564 -18.745 -17.915 -27.372  1.16
-18.188151 -16.739781 -25.704289 
-16.928130 -17.317393 -25.861780 
-16.978212 -17.718722 -25.637248 
-17.042679 -17.915115 -25.512954 
-17.953472 -17.882727 -25.200984 
-18.099365 -17.564033 -25.312293 
FEnd
FBeg
  462    O GLU A  63  1130    N LYS B   4 hbd
-19.672 -16.795 -24.807 -18.745 -17.915 -27.372  4.00
-18.099365 -17.564033 -25.312293 
-18.188151 -16.739781 -25.704289 
-18.904066 -16.749036 -25.958981 
-20.228384 -16.928082 -26.359415 
-21.108587 -18.096859 -26.167180 
-21.101036 -18.175968 -26.129908 
-21.044320 -18.298634 -26.055849 
-20.429420 -18.451894 -25.766701 
-18.703914 -18.033539 -25.325771 
FEnd
FBeg
  462    O GLU A  63  1134   CB LYS B   4 unk
-19.672 -16.795 -24.807 -18.467 -20.163 -26.327  0.33
-20.429420 -18.451894 -25.766701 
-18.703914 -18.033539 -25.325771 
-19.836792 -18.456913 -25.285768 
FEnd
FBeg
  463   CB GLU A  63  1134   CB LYS B   4 ali
-20.974 -19.036 -23.226 -18.467 -20.163 -26.327  5.78
-19.836792 -18.456913 -25.285768 
-20.429420 -18.451894 -25.766701 
-20.895460 -18.651029 -26.071099 
-21.199422 -20.418160 -25.674606 
-20.425555 -20.758683 -24.925218 
-19.236472 -20.587894 -24.025975 
-18.683246 -19.042120 -24.140503 
FEnd
FBeg
  389  CD1 LEU A  54  1134   CB LYS B   4 ali
-17.094 -20.395 -22.826 -18.467 -20.163 -26.327  6.48
-19.236472 -20.587894 -24.025975 
-16.564542 -21.393348 -25.127211 
-16.238188 -20.032648 -25.165029 
-16.800310 -18.556768 -24.846778 
-17.232075 -18.420434 -24.668417 
-17.714279 -18.419070 -24.479218 
-18.683246 -19.042120 -24.140503 
FEnd
FBeg
  470    C LEU A  64  1134   CB LYS B   4 ali
-16.076 -16.615 -23.251 -18.467 -20.163 -26.327  0.14
-16.800310 -18.556768 -24.846778 
-16.946493 -18.170219 -25.179012 
-16.964713 -18.144770 -25.194204 
-17.232075 -18.420434 -24.668417 
FEnd
FBeg
  476    N GLU A  65  1134   CB LYS B   4 unk
-15.231 -16.613 -24.261 -18.467 -20.163 -26.327  0.00
-16.946493 -18.170219 -25.179012 
-16.971567 -18.103800 -25.253866 
-16.964713 -18.144770 -25.194204 
FEnd
FBeg
  481   CG GLU A  65  1134   CB LYS B   4 ali
-14.481 -18.647 -26.317 -18.467 -20.163 -26.327  2.38
-16.238188 -20.032648 -25.165029 
-16.235850 -20.037169 -25.411883 
-16.449143 -19.468314 -26.631584 
-17.016849 -17.982035 -25.663783 
-17.042679 -17.915115 -25.512954 
-16.971567 -18.103800 -25.253866 
-16.946493 -18.170219 -25.179012 
-16.800310 -18.556768 -24.846778 
FEnd
FBeg
  481   CG GLU A  65  1131   CA LYS B   4 ali
-14.481 -18.647 -26.317 -18.372 -19.303 -27.592  2.32
-16.449143 -19.468314 -26.631584 
-17.016849 -17.982035 -25.663783 
-16.822008 -17.822411 -26.340521 
-16.405276 -18.138585 -27.449614 
-16.066196 -18.809114 -28.139414 
FEnd
FBeg
  482   CD GLU A  65  1131   CA LYS B   4 ali
-14.576 -20.042 -26.951 -18.372 -19.303 -27.592  4.34
-16.066196 -18.809114 -28.139414 
-16.449143 -19.468314 -26.631584 
-16.584698 -21.186839 -27.810089 
-16.485789 -21.689183 -28.974975 
-16.060606 -19.617614 -29.104622 
FEnd
FBeg
  482   CD GLU A  65  1129    O TPO B   3 unk
-14.576 -20.042 -26.951 -17.810 -17.272 -29.290  0.70
-16.060606 -19.617614 -29.104622 
-16.066196 -18.809114 -28.139414 
-15.310090 -18.533710 -28.858686 
-15.395301 -18.744396 -28.990379 
FEnd
FBeg
  484  OE2 GLU A  65  1129    O TPO B   3 unk
-14.166 -20.200 -28.131 -17.810 -17.272 -29.290  1.04
-15.395301 -18.744396 -28.990379 
-16.060606 -19.617614 -29.104622 
-16.307229 -20.261899 -29.956886 
-16.097957 -20.230837 -30.536382 
FEnd
FBeg
  484  OE2 GLU A  65  1118  NH2 ARG B   2 elf
-14.166 -20.200 -28.131 -13.427 -18.594 -30.011  21.03
-16.097957 -20.230837 -30.536382 
-15.395301 -18.744396 -28.990379 
-13.882336 -18.814256 -28.455333 
-13.611485 -18.849006 -28.378551 
-12.521001 -20.407804 -29.281509 
-11.943050 -23.056205 -31.316736 
-15.462024 -23.823806 -33.355720 
FEnd
FBeg
  484  OE2 GLU A  65  1117  NH1 ARG B   2 elf
-14.166 -20.200 -28.131 -11.243 -18.673 -29.288  7.97
-12.521001 -20.407804 -29.281509 
-12.457443 -19.462578 -27.873434 
-11.589813 -20.763047 -27.397839 
-11.063310 -22.356644 -28.170918 
-11.159668 -22.819852 -29.025692 
-11.943050 -23.056205 -31.316736 
FEnd
FBeg
  482   CD GLU A  65  1117  NH1 ARG B   2 unk
-14.576 -20.042 -26.951 -11.243 -18.673 -29.288  0.80
-12.457443 -19.462578 -27.873434 
-11.589813 -20.763047 -27.397839 
-11.796578 -19.609894 -27.017215 
-12.403183 -19.266753 -27.681337 
FEnd
FBeg
  482   CD GLU A  65  1116   CZ ARG B   2 aro
-14.576 -20.042 -26.951 -12.283 -17.964 -29.717  0.17
-12.403183 -19.266753 -27.681337 
-12.457443 -19.462578 -27.873434 
-13.464226 -18.914878 -28.296585 
FEnd
FBeg
  481   CG GLU A  65  1116   CZ ARG B   2 ali
-14.481 -18.647 -26.317 -12.283 -17.964 -29.717  3.93
-13.464226 -18.914878 -28.296585 
-12.403183 -19.266753 -27.681337 
-11.888883 -18.178951 -27.130337 
-12.468139 -17.217823 -27.311736 
-12.769614 -16.930286 -27.448869 
-14.200294 -17.709033 -28.530198 
-13.611485 -18.849006 -28.378551 
FEnd
FBeg
  478    C GLU A  65  1116   CZ ARG B   2 ali
-12.963 -16.413 -24.970 -12.283 -17.964 -29.717  0.06
-12.468139 -17.217823 -27.311736 
-12.555230 -16.770625 -27.470325 
-12.769614 -16.930286 -27.448869 
FEnd
FBeg
  486   CA GLY A  66  1116   CZ ARG B   2 ali
-10.636 -16.207 -25.667 -12.283 -17.964 -29.717  2.23
-11.888883 -18.178951 -27.130337 
-10.396026 -16.735414 -28.363677 
-12.251545 -16.494618 -27.713564 
-12.555230 -16.770625 -27.470325 
-12.468139 -17.217823 -27.311736 
FEnd
FBeg
  486   CA GLY A  66  1115   NE ARG B   2 unk
-10.636 -16.207 -25.667 -12.158 -16.639 -29.851  6.45
-10.396026 -16.735414 -28.363677 
-12.251545 -16.494618 -27.713564 
-11.553849 -15.175608 -28.103550 
-10.634049 -14.313812 -28.527124 
-8.522431 -14.850743 -29.239822 
-8.092237 -15.309033 -29.348993 
-9.826539 -16.542094 -28.590798 
FEnd
FBeg
  486   CA GLY A  66  1114   CD ARG B   2 ali
-10.636 -16.207 -25.667 -13.217 -15.724 -30.289  0.38
-11.553849 -15.175608 -28.103550 
-11.244985 -14.160824 -28.169980 
-10.634049 -14.313812 -28.527124 
FEnd
FBeg
  486   CA GLY A  66  1117  NH1 ARG B   2 unk
-10.636 -16.207 -25.667 -11.243 -18.673 -29.288  0.90
-11.888883 -18.178951 -27.130337 
-10.396026 -16.735414 -28.363677 
-9.826539 -16.542094 -28.590798 
-11.679816 -18.465930 -26.969943 
-11.806630 -18.332805 -27.039346 
FEnd
FBeg
  485    N GLY A  66  1117  NH1 ARG B   2 hbd
-11.726 -16.883 -24.972 -11.243 -18.673 -29.288  0.01
-11.679816 -18.465930 -26.969943 
-11.806630 -18.332805 -27.039346 
-11.718649 -18.544740 -26.941603 
FEnd
FBeg
  481   CG GLU A  65  1117  NH1 ARG B   2 unk
-14.481 -18.647 -26.317 -11.243 -18.673 -29.288  0.78
-11.796578 -19.609894 -27.017215 
-11.718649 -18.544740 -26.941603 
-11.806630 -18.332805 -27.039346 
-11.888883 -18.178951 -27.130337 
-12.403183 -19.266753 -27.681337 
FEnd
FBeg
  484  OE2 GLU A  65  1116   CZ ARG B   2 unk
-14.166 -20.200 -28.131 -12.283 -17.964 -29.717  1.20
-13.611485 -18.849006 -28.378551 
-13.464226 -18.914878 -28.296585 
-12.457443 -19.462578 -27.873434 
-12.521001 -20.407804 -29.281509 
FEnd
FBeg
  481   CG GLU A  65  1118  NH2 ARG B   2 unk
-14.481 -18.647 -26.317 -13.427 -18.594 -30.011  1.23
-13.882336 -18.814256 -28.455333 
-13.611485 -18.849006 -28.378551 
-14.200294 -17.709033 -28.530198 
-15.088678 -17.839520 -28.785551 
-15.310090 -18.533710 -28.858686 
FEnd
FBeg
  482   CD GLU A  65  1118  NH2 ARG B   2 unk
-14.576 -20.042 -26.951 -13.427 -18.594 -30.011  0.19
-15.310090 -18.533710 -28.858686 
-13.882336 -18.814256 -28.455333 
-15.395301 -18.744396 -28.990379 
FEnd
FBeg
  484  OE2 GLU A  65  1131   CA LYS B   4 unk
-14.166 -20.200 -28.131 -18.372 -19.303 -27.592  1.38
-16.485789 -21.689183 -28.974975 
-16.555521 -21.814218 -29.311032 
-16.453558 -21.057960 -29.773942 
-16.307229 -20.261899 -29.956886 
-16.060606 -19.617614 -29.104622 
FEnd
FBeg
  482   CD GLU A  65  1135   CG LYS B   4 ali
-14.576 -20.042 -26.951 -18.850 -21.665 -26.614  0.92
-16.584698 -21.186839 -27.810089 
-16.485789 -21.689183 -28.974975 
-16.168294 -22.480369 -28.758721 
-16.509316 -21.291981 -27.360427 
FEnd
FBeg
  483  OE1 GLU A  65  1135   CG LYS B   4 unk
-15.076 -20.975 -26.280 -18.850 -21.665 -26.614  2.76
-16.168294 -22.480369 -28.758721 
-16.509316 -21.291981 -27.360427 
-16.604651 -21.591894 -25.663629 
-16.365784 -22.544321 -26.395090 
-16.108512 -22.764079 -28.848117 
FEnd
FBeg
  367  OE2 GLU A  51  1135   CG LYS B   4 unk
-16.273 -24.553 -26.085 -18.850 -21.665 -26.614  9.27
-16.365784 -22.544321 -26.395090 
-17.613565 -23.830873 -27.340328 
-18.441574 -25.335404 -31.520489 
-16.444455 -23.359101 -30.460025 
-16.108512 -22.764079 -28.848117 
FEnd
FBeg
  367  OE2 GLU A  51  1137   CE LYS B   4 unk
-16.273 -24.553 -26.085 -19.592 -23.910 -25.659  28.61
-17.613565 -23.830873 -27.340328 
-18.441574 -25.335404 -31.520489 
-18.817508 -26.484256 -32.715354 
-18.884426 -26.999978 -32.458291 
-18.751181 -29.812764 -27.174579 
-17.830243 -26.447080 -25.079607 
-17.414380 -24.416638 -24.904312 
FEnd
FBeg
  365   CD GLU A  51  1137   CE LYS B   4 ali
-15.293 -24.817 -25.352 -19.592 -23.910 -25.659  1.59
-17.830243 -26.447080 -25.079607 
-17.414380 -24.416638 -24.904312 
-17.494072 -24.523892 -24.105230 
-17.688957 -25.326575 -23.747655 
FEnd
FBeg
  390  CD2 LEU A  54  1137   CE LYS B   4 ali
-17.504 -22.807 -22.045 -19.592 -23.910 -25.659  2.36
-17.494072 -24.523892 -24.105230 
-19.344100 -23.592069 -23.320765 
-18.474205 -25.785184 -23.154007 
-17.883671 -25.647548 -23.537196 
-17.688957 -25.326575 -23.747655 
FEnd
FBeg
  345  CG2 THR A  48  1137   CE LYS B   4 ali
-16.028 -27.049 -21.294 -19.592 -23.910 -25.659  3.78
-18.474205 -25.785184 -23.154007 
-20.223814 -32.297662 -26.408774 
-20.203454 -32.314923 -26.437811 
-19.828011 -31.808937 -26.380490 
-17.883671 -25.647548 -23.537196 
FEnd
FBeg
  390  CD2 LEU A  54  1138   NZ LYS B   4 unk
-17.504 -22.807 -22.045 -20.570 -24.212 -24.529  5.29
-19.344100 -23.592069 -23.320765 
-18.474205 -25.785184 -23.154007 
-20.343137 -26.005062 -20.722818 
-19.873025 -22.885559 -23.067530 
FEnd
FBeg
  467  OE2 GLU A  63  1138   NZ LYS B   4 elf
-21.623 -22.411 -22.344 -20.570 -24.212 -24.529  25.97
-20.343137 -26.005062 -20.722818 
-19.873025 -22.885559 -23.067530 
-20.347216 -22.616603 -23.517742 
-23.273712 -23.959271 -23.821383 
-24.139423 -24.724678 -23.607697 
-24.398166 -29.194498 -20.048114 
-23.961491 -30.016285 -19.160306 
FEnd
FBeg
  466  OE1 GLU A  63  1138   NZ LYS B   4 elf
-22.951 -21.280 -23.673 -20.570 -24.212 -24.529  5.41
-23.273712 -23.959271 -23.821383 
-21.840811 -22.403664 -25.164027 
-23.464255 -23.246078 -26.794236 
-24.050407 -24.102991 -25.489518 
-24.096157 -24.196909 -25.295081 
-24.139423 -24.724678 -23.607697 
FEnd
FBeg
  466  OE1 GLU A  63  1137   CE LYS B   4 unk
-22.951 -21.280 -23.673 -19.592 -23.910 -25.659  1.39
-21.840811 -22.403664 -25.164027 
-23.464255 -23.246078 -26.794236 
-23.464079 -23.245398 -26.794841 
-21.911780 -21.848363 -26.019427 
-21.657288 -21.785044 -25.672847 
-21.575354 -21.885252 -25.401565 
FEnd
FBeg
  465   CD GLU A  63  1137   CE LYS B   4 ali
-22.076 -21.323 -22.789 -19.592 -23.910 -25.659  0.35
-21.575354 -21.885252 -25.401565 
-21.840811 -22.403664 -25.164027 
-21.005703 -22.403651 -24.441248 
FEnd
FBeg
  465   CD GLU A  63  1136   CD LYS B   4 ali
-22.076 -21.323 -22.789 -18.817 -22.586 -25.404  3.67
-21.005703 -22.403651 -24.441248 
-21.575354 -21.885252 -25.401565 
-21.487011 -21.513671 -25.470933 
-20.979956 -20.994632 -25.089692 
-19.677749 -21.285186 -23.326456 
-19.551629 -21.433533 -23.097627 
-19.808565 -22.200048 -23.047625 
-20.347216 -22.616603 -23.517742 
FEnd
FBeg
  464   CG GLU A  63  1136   CD LYS B   4 ali
-21.605 -19.977 -22.176 -18.817 -22.586 -25.404  0.02
-19.677749 -21.285186 -23.326456 
-19.551629 -21.433533 -23.097627 
-19.551013 -21.432649 -23.097809 
-19.555533 -21.266346 -23.236126 
FEnd
FBeg
  465   CD GLU A  63  1135   CG LYS B   4 ali
-22.076 -21.323 -22.789 -18.850 -21.665 -26.614  0.20
-21.487011 -21.513671 -25.470933 
-21.437070 -20.850499 -25.488108 
-20.979956 -20.994632 -25.089692 
FEnd
FBeg
  466  OE1 GLU A  63  1136   CD LYS B   4 unk
-22.951 -21.280 -23.673 -18.817 -22.586 -25.404  0.05
-21.657288 -21.785044 -25.672847 
-21.487011 -21.513671 -25.470933 
-21.575354 -21.885252 -25.401565 
FEnd
FBeg
  466  OE1 GLU A  63  1135   CG LYS B   4 unk
-22.951 -21.280 -23.673 -18.850 -21.665 -26.614  0.29
-21.911780 -21.848363 -26.019427 
-21.445820 -20.840088 -25.501673 
-21.437070 -20.850499 -25.488108 
-21.487011 -21.513671 -25.470933 
-21.657288 -21.785044 -25.672847 
FEnd
FBeg
  465   CD GLU A  63  1138   NZ LYS B   4 unk
-22.076 -21.323 -22.789 -20.570 -24.212 -24.529  2.98
-20.347216 -22.616603 -23.517742 
-21.005703 -22.403651 -24.441248 
-21.840811 -22.403664 -25.164027 
-23.273712 -23.959271 -23.821383 
FEnd
FBeg
  467  OE2 GLU A  63  1136   CD LYS B   4 unk
-21.623 -22.411 -22.344 -18.817 -22.586 -25.404  0.23
-19.873025 -22.885559 -23.067530 
-20.347216 -22.616603 -23.517742 
-19.808565 -22.200048 -23.047625 
FEnd
FBeg
  390  CD2 LEU A  54  1136   CD LYS B   4 ali
-17.504 -22.807 -22.045 -18.817 -22.586 -25.404  7.13
-17.494072 -24.523892 -24.105230 
-19.344100 -23.592069 -23.320765 
-19.873025 -22.885559 -23.067530 
-19.808565 -22.200048 -23.047625 
-19.551629 -21.433533 -23.097627 
-19.551013 -21.432649 -23.097809 
-16.178430 -22.454569 -24.483354 
FEnd
FBeg
  365   CD GLU A  51  1136   CD LYS B   4 ali
-15.293 -24.817 -25.352 -18.817 -22.586 -25.404  2.50
-17.414380 -24.416638 -24.904312 
-17.494072 -24.523892 -24.105230 
-16.178430 -22.454569 -24.483354 
-16.173439 -22.446914 -24.493196 
-16.217545 -22.546238 -25.765552 
-16.225499 -22.560193 -25.825187 
FEnd
FBeg
  364   CG GLU A  51  1136   CD LYS B   4 ali
-14.019 -23.948 -25.464 -18.817 -22.586 -25.404  0.16
-16.173439 -22.446914 -24.493196 
-16.217545 -22.546238 -25.765552 
-16.112792 -22.223104 -24.723942 
FEnd
FBeg
  366  OE1 GLU A  51  1137   CE LYS B   4 unk
-15.324 -25.770 -24.547 -19.592 -23.910 -25.659  8.27
-18.751181 -29.812764 -27.174579 
-17.830243 -26.447080 -25.079607 
-17.688957 -25.326575 -23.747655 
-17.883671 -25.647548 -23.537196 
-19.828011 -31.808937 -26.380490 
FEnd
FBeg
  367  OE2 GLU A  51  1136   CD LYS B   4 unk
-16.273 -24.553 -26.085 -18.817 -22.586 -25.404  3.06
-16.365784 -22.544321 -26.395090 
-17.613565 -23.830873 -27.340328 
-17.414380 -24.416638 -24.904312 
-16.225499 -22.560193 -25.825187 
FEnd
FBeg
  483  OE1 GLU A  65  1136   CD LYS B   4 unk
-15.076 -20.975 -26.280 -18.817 -22.586 -25.404  1.17
-16.604651 -21.591894 -25.663629 
-16.365784 -22.544321 -26.395090 
-16.225499 -22.560193 -25.825187 
-16.217545 -22.546238 -25.765552 
-16.112792 -22.223104 -24.723942 
-16.564542 -21.393348 -25.127211 
FEnd
FBeg
  481   CG GLU A  65  1129    O TPO B   3 unk
-14.481 -18.647 -26.317 -17.810 -17.272 -29.290  2.43
-16.405276 -18.138585 -27.449614 
-15.960313 -17.087885 -27.461915 
-15.615063 -16.932253 -27.776527 
-15.088678 -17.839520 -28.785551 
-15.310090 -18.533710 -28.858686 
-16.066196 -18.809114 -28.139414 
FEnd
FBeg
  482   CD GLU A  65  1134   CB LYS B   4 ali
-14.576 -20.042 -26.951 -18.467 -20.163 -26.327  1.79
-16.235850 -20.037169 -25.411883 
-16.509316 -21.291981 -27.360427 
-16.584698 -21.186839 -27.810089 
-16.449143 -19.468314 -26.631584 
FEnd
FBeg
  483  OE1 GLU A  65  1134   CB LYS B   4 unk
-15.076 -20.975 -26.280 -18.467 -20.163 -26.327  1.97
-16.564542 -21.393348 -25.127211 
-16.604651 -21.591894 -25.663629 
-16.509316 -21.291981 -27.360427 
-16.235850 -20.037169 -25.411883 
-16.238188 -20.032648 -25.165029 
FEnd
FBeg
  389  CD1 LEU A  54  1136   CD LYS B   4 ali
-17.094 -20.395 -22.826 -18.817 -22.586 -25.404  4.35
-19.236472 -20.587894 -24.025975 
-16.564542 -21.393348 -25.127211 
-16.112792 -22.223104 -24.723942 
-16.173439 -22.446914 -24.493196 
-16.178430 -22.454569 -24.483354 
-19.551013 -21.432649 -23.097809 
-19.555533 -21.266346 -23.236126 
FEnd
FBeg
  463   CB GLU A  63  1136   CD LYS B   4 ali
-20.974 -19.036 -23.226 -18.817 -22.586 -25.404  1.40
-20.425555 -20.758683 -24.925218 
-19.236472 -20.587894 -24.025975 
-19.555533 -21.266346 -23.236126 
-19.677749 -21.285186 -23.326456 
-20.979956 -20.994632 -25.089692 
FEnd
FBeg
  463   CB GLU A  63  1135   CG LYS B   4 ali
-20.974 -19.036 -23.226 -18.850 -21.665 -26.614  0.43
-21.199422 -20.418160 -25.674606 
-20.425555 -20.758683 -24.925218 
-20.979956 -20.994632 -25.089692 
-21.437070 -20.850499 -25.488108 
-21.445820 -20.840088 -25.501673 
FEnd
FBeg
  461    C GLU A  63  1134   CB LYS B   4 ali
-19.564 -16.969 -23.590 -18.467 -20.163 -26.327  2.05
-18.703914 -18.033539 -25.325771 
-19.836792 -18.456913 -25.285768 
-18.683246 -19.042120 -24.140503 
-17.714279 -18.419070 -24.479218 
-17.953472 -17.882727 -25.200984 
FEnd
FBeg
  463   CB GLU A  63  1130    N LYS B   4 unk
-20.974 -19.036 -23.226 -18.745 -17.915 -27.372  0.11
-21.044320 -18.298634 -26.055849 
-20.895460 -18.651029 -26.071099 
-20.429420 -18.451894 -25.766701 
FEnd
FBeg
  462    O GLU A  63  1122  CG2 TPO B   3 unk
-19.672 -16.795 -24.807 -21.205 -16.266 -28.610  2.24
-20.228384 -16.928082 -26.359415 
-21.108587 -18.096859 -26.167180 
-21.600333 -15.955530 -25.671096 
-20.862003 -15.269267 -25.873259 
FEnd
FBeg
  462    O GLU A  63  1120   CA TPO B   3 unk
-19.672 -16.795 -24.807 -18.872 -15.551 -28.009  2.84
-18.904066 -16.749036 -25.958981 
-20.228384 -16.928082 -26.359415 
-20.862003 -15.269267 -25.873259 
-20.840849 -15.236744 -25.855338 
-18.606147 -15.846076 -25.533741 
-18.230579 -16.588043 -25.728167 
FEnd
FBeg
  457   CE LYS A  62  1120   CA TPO B   3 unk
-23.045 -13.666 -26.504 -18.872 -15.551 -28.009  0.04
-20.862003 -15.269267 -25.873259 
-20.840849 -15.236744 -25.855338 
-20.769559 -14.925725 -26.047218 
-20.859915 -15.048003 -26.144600 
FEnd
FBeg
  461    C GLU A  63  1130    N LYS B   4 unk
-19.564 -16.969 -23.590 -18.745 -17.915 -27.372  0.14
-17.953472 -17.882727 -25.200984 
-18.099365 -17.564033 -25.312293 
-18.703914 -18.033539 -25.325771 
FEnd
FBeg
  469   CA LEU A  64  1134   CB LYS B   4 ali
-17.371 -15.956 -23.564 -18.467 -20.163 -26.327  0.75
-17.042679 -17.915115 -25.512954 
-16.971567 -18.103800 -25.253866 
-16.964713 -18.144770 -25.194204 
-17.232075 -18.420434 -24.668417 
-17.714279 -18.419070 -24.479218 
-17.953472 -17.882727 -25.200984 
FEnd
FBeg
  481   CG GLU A  65  1130    N LYS B   4 unk
-14.481 -18.647 -26.317 -18.745 -17.915 -27.372  0.25
-16.978212 -17.718722 -25.637248 
-17.042679 -17.915115 -25.512954 
-17.016849 -17.982035 -25.663783 
-16.822008 -17.822411 -26.340521 
-16.853924 -17.393334 -25.913816 
FEnd
FBeg
  462    O GLU A  63  1128    C TPO B   3 unk
-19.672 -16.795 -24.807 -18.436 -16.995 -28.274  0.06
-18.230579 -16.588043 -25.728167 
-18.904066 -16.749036 -25.958981 
-18.188151 -16.739781 -25.704289 
FEnd
FBeg
  469   CA LEU A  64  1120   CA TPO B   3 unk
-17.371 -15.956 -23.564 -18.872 -15.551 -28.009  0.81
-17.560200 -16.348097 -25.932681 
-18.230579 -16.588043 -25.728167 
-18.606147 -15.846076 -25.533741 
-17.629528 -15.408625 -25.823671 
FEnd
FBeg
  476    N GLU A  65  1130    N LYS B   4 hbd
-15.231 -16.613 -24.261 -18.745 -17.915 -27.372  0.03
-16.853924 -17.393334 -25.913816 
-16.978212 -17.718722 -25.637248 
-16.928130 -17.317393 -25.861780 
FEnd
FBeg
  481   CG GLU A  65  1128    C TPO B   3 unk
-14.481 -18.647 -26.317 -18.436 -16.995 -28.274  1.20
-16.828515 -17.360271 -25.937256 
-16.853924 -17.393334 -25.913816 
-16.822008 -17.822411 -26.340521 
-16.405276 -18.138585 -27.449614 
-15.960313 -17.087885 -27.461915 
FEnd
FBeg
  469   CA LEU A  64  1111    O ARG B   2 unk
-17.371 -15.956 -23.564 -16.363 -15.503 -26.827  2.60
-15.933497 -14.768226 -25.210830 
-16.718959 -14.633521 -25.434772 
-17.629528 -15.408625 -25.823671 
-17.560200 -16.348097 -25.932681 
-16.923438 -17.295972 -25.867566 
FEnd
FBeg
  475  CD2 LEU A  64  1111    O ARG B   2 unk
-18.800 -13.626 -24.862 -16.363 -15.503 -26.827  0.10
-16.718959 -14.633521 -25.434772 
-16.664738 -14.555244 -25.442299 
-17.600140 -15.300568 -25.890442 
-17.629528 -15.408625 -25.823671 
FEnd
FBeg
  478    C GLU A  65  1111    O ARG B   2 unk
-12.963 -16.413 -24.970 -16.363 -15.503 -26.827  0.04
-14.628637 -16.156861 -26.636571 
-14.801098 -15.987654 -26.237892 
-14.810558 -16.216467 -26.332699 
FEnd
FBeg
  481   CG GLU A  65  1111    O ARG B   2 unk
-14.481 -18.647 -26.317 -16.363 -15.503 -26.827  2.43
-14.587885 -16.148505 -26.735440 
-14.628637 -16.156861 -26.636571 
-14.810558 -16.216467 -26.332699 
-16.828515 -17.360271 -25.937256 
-15.960313 -17.087885 -27.461915 
-15.615063 -16.932253 -27.776527 
FEnd
FBeg
  481   CG GLU A  65  1113   CG ARG B   2 ali
-14.481 -18.647 -26.317 -14.162 -15.359 -29.107  4.14
-14.487437 -16.178678 -26.759514 
-14.587885 -16.148505 -26.735440 
-15.615063 -16.932253 -27.776527 
-15.088678 -17.839520 -28.785551 
-14.200294 -17.709033 -28.530198 
-12.769614 -16.930286 -27.448869 
FEnd
FBeg
  478    C GLU A  65  1113   CG ARG B   2 ali
-12.963 -16.413 -24.970 -14.162 -15.359 -29.107  1.26
-12.566401 -15.776616 -27.213840 
-14.487437 -16.178678 -26.759514 
-12.769614 -16.930286 -27.448869 
-12.555230 -16.770625 -27.470325 
FEnd
FBeg
  486   CA GLY A  66  1113   CG ARG B   2 ali
-10.636 -16.207 -25.667 -14.162 -15.359 -29.107  2.56
-12.078090 -14.176991 -27.320033 
-12.566401 -15.776616 -27.213840 
-12.555230 -16.770625 -27.470325 
-12.251545 -16.494618 -27.713564 
-11.553849 -15.175608 -28.103550 
-11.244985 -14.160824 -28.169980 
-11.837102 -14.017178 -27.527649 
FEnd
FBeg
  479    O GLU A  65  1108    N ARG B   2 hbd
-13.319 -15.381 -25.562 -14.682 -13.313 -26.941  3.71
-13.966674 -14.151869 -25.462032 
-12.135820 -14.174974 -27.306293 
-14.622151 -15.424602 -26.722799 
-15.056561 -15.038681 -25.714687 
-14.941044 -14.524915 -25.058401 
FEnd
FBeg
  487    C GLY A  66  1107   CB ALA B   1 ali
-10.260 -14.919 -24.976 -13.845 -12.435 -24.109  0.48
-11.774080 -13.523073 -24.240157 
-12.384583 -14.239896 -24.710823 
-12.388735 -14.258598 -24.674405 
-12.307603 -14.402384 -23.926974 
-12.036153 -14.010262 -23.927996 
FEnd
FBeg
  486   CA GLY A  66  1104   CA ALA B   1 ali
-10.636 -16.207 -25.667 -13.182 -12.108 -25.467  0.22
-11.837102 -14.017178 -27.527649 
-11.814174 -14.032641 -26.918853 
-12.052808 -14.202662 -26.472091 
-12.078090 -14.176991 -27.320033 
FEnd
FBeg
  488    O GLY A  66  1113   CG ARG B   2 unk
-10.038 -13.903 -25.631 -14.162 -15.359 -29.107  0.26
-11.663850 -13.682119 -27.873546 
-11.258557 -13.915967 -28.256442 
-11.244985 -14.160824 -28.169980 
-11.837102 -14.017178 -27.527649 
FEnd
FBeg
  490   CA TRP A  67  1103    N ALA B   1 unk
-9.890 -13.768 -22.869 -12.525 -10.776 -25.433  0.01
-10.503686 -11.999353 -24.827283 
-10.707299 -11.999897 -24.618667 
-10.577714 -12.058665 -24.820418 
FEnd
FBeg
  534  OD2 ASP A  71  1103    N ALA B   1 hbd
-10.637 -10.286 -23.589 -12.525 -10.776 -25.433  5.26
-10.045681 -9.940058 -25.843426 
-12.655160 -10.190488 -23.105136 
-12.672899 -10.239537 -23.073941 
-11.701209 -11.532463 -23.725250 
-10.707299 -11.999897 -24.618667 
-10.503686 -11.999353 -24.827283 
-10.117615 -11.661587 -25.312319 
FEnd
FBeg
  532   CG ASP A  71  1103    N ALA B   1 unk
-10.351 -9.122 -23.210 -12.525 -10.776 -25.433  4.56
-12.597436 -9.478276 -23.691502 
-12.655160 -10.190488 -23.105136 
-10.045681 -9.940058 -25.843426 
-10.037281 -9.690059 -26.037650 
-11.851617 -8.260585 -25.326891 
FEnd
FBeg
  569   CG GLU A  76  1103    N ALA B   1 unk
-14.436 -8.264 -22.570 -12.525 -10.776 -25.433  0.69
-13.867247 -10.054816 -24.033221 
-12.672899 -10.239537 -23.073941 
-12.655160 -10.190488 -23.105136 
-12.597436 -9.478276 -23.691502 
FEnd
FBeg
  570   CD GLU A  76  1107   CB ALA B   1 ali
-14.227 -7.856 -24.035 -13.845 -12.435 -24.109  0.01
-13.949928 -10.060271 -24.122488 
-13.867247 -10.054816 -24.033221 
-14.092802 -10.073030 -24.070472 
FEnd
FBeg
  572  OE2 GLU A  76  1105    C ALA B   1 unk
-14.478 -8.694 -24.930 -14.212 -12.110 -26.593  0.49
-15.689280 -10.552188 -25.022917 
-15.054793 -10.462836 -25.104969 
-14.431023 -10.136203 -25.676139 
-14.396384 -10.074357 -25.797637 
-15.434277 -10.292540 -25.515478 
FEnd
FBeg
  474  CD1 LEU A  64  1105    C ALA B   1 ali
-18.101 -12.268 -22.786 -14.212 -12.110 -26.593  0.02
-16.449219 -11.703447 -25.061267 
-16.560296 -11.846000 -25.180652 
-16.473115 -12.016219 -25.098659 
FEnd
FBeg
  607  NE2 HIS A  80  1107   CB ALA B   1 unk
-17.185 -9.820 -26.925 -13.845 -12.435 -24.109  0.01
-15.738425 -10.546565 -24.959406 
-15.689280 -10.552188 -25.022917 
-15.850259 -10.761705 -25.026546 
FEnd
FBeg
  572  OE2 GLU A  76  1107   CB ALA B   1 unk
-14.478 -8.694 -24.930 -13.845 -12.435 -24.109  1.47
-15.119781 -10.236263 -24.022453 
-14.092802 -10.073030 -24.070472 
-13.949928 -10.060271 -24.122488 
-14.279428 -10.236609 -24.671948 
-15.054793 -10.462836 -25.104969 
-15.689280 -10.552188 -25.022917 
-15.738425 -10.546565 -24.959406 
-15.904446 -10.458551 -24.430354 
FEnd
FBeg
  569   CG GLU A  76  1107   CB ALA B   1 ali
-14.436 -8.264 -22.570 -13.845 -12.435 -24.109  3.26
-13.186331 -10.533264 -22.475046 
-12.644094 -10.372234 -22.703243 
-12.672899 -10.239537 -23.073941 
-13.867247 -10.054816 -24.033221 
-14.092802 -10.073030 -24.070472 
-15.119781 -10.236263 -24.022453 
-14.666312 -10.806360 -22.303236 
-14.642419 -10.805119 -22.297426 
FEnd
FBeg
  499  CE3 TRP A  67  1107   CB ALA B   1 ali
-12.510 -11.782 -20.476 -13.845 -12.435 -24.109  2.60
-11.760518 -12.071123 -22.722566 
-11.652345 -11.827830 -22.806045 
-12.644094 -10.372234 -22.703243 
-13.186331 -10.533264 -22.475046 
-13.977196 -12.031049 -21.915217 
FEnd
FBeg
  490   CA TRP A  67  1107   CB ALA B   1 ali
-9.890 -13.768 -22.869 -13.845 -12.435 -24.109  2.53
-11.981764 -12.796342 -22.796508 
-12.273716 -14.265727 -23.444912 
-12.036153 -14.010262 -23.927996 
-11.774080 -13.523073 -24.240157 
-11.419743 -11.960919 -23.691004 
-11.652345 -11.827830 -22.806045 
-11.760518 -12.071123 -22.722566 
FEnd
FBeg
  494   CG TRP A  67  1107   CB ALA B   1 ali
-11.731 -14.159 -21.154 -13.845 -12.435 -24.109  0.97
-12.312515 -14.322810 -23.450458 
-12.273716 -14.265727 -23.444912 
-11.981764 -12.796342 -22.796508 
-13.131907 -13.895397 -22.614906 
FEnd
FBeg
  489    N TRP A  67  1107   CB ALA B   1 unk
-10.190 -14.964 -23.649 -13.845 -12.435 -24.109  0.18
-12.419754 -14.501811 -23.582488 
-12.307603 -14.402384 -23.926974 
-12.036153 -14.010262 -23.927996 
-12.273716 -14.265727 -23.444912 
-12.312515 -14.322810 -23.450458 
FEnd
FBeg
  478    C GLU A  65  1107   CB ALA B   1 ali
-12.963 -16.413 -24.970 -13.845 -12.435 -24.109  2.08
-14.326653 -14.753700 -24.372118 
-12.388735 -14.258598 -24.674405 
-12.307603 -14.402384 -23.926974 
-12.419754 -14.501811 -23.582488 
-13.781955 -14.865581 -23.297218 
-14.107217 -14.851034 -23.697628 
FEnd
FBeg
  479    O GLU A  65  1107   CB ALA B   1 unk
-13.319 -15.381 -25.562 -13.845 -12.435 -24.109  1.68
-14.941044 -14.524915 -25.058401 
-13.966674 -14.151869 -25.462032 
-12.384583 -14.239896 -24.710823 
-12.388735 -14.258598 -24.674405 
-14.326653 -14.753700 -24.372118 
FEnd
FBeg
  470    C LEU A  64  1107   CB ALA B   1 ali
-16.076 -16.615 -23.251 -13.845 -12.435 -24.109  0.02
-14.688162 -14.631861 -23.080280 
-14.750775 -14.650733 -23.335031 
-14.544061 -14.725594 -23.162235 
FEnd
FBeg
  497  NE1 TRP A  67  1107   CB ALA B   1 unk
-13.796 -15.057 -21.024 -13.845 -12.435 -24.109  0.81
-14.816565 -14.280067 -22.779244 
-14.688162 -14.631861 -23.080280 
-14.544061 -14.725594 -23.162235 
-14.129795 -14.858668 -23.281916 
-13.790256 -14.865489 -23.293107 
-13.528788 -14.176281 -22.711489 
FEnd
FBeg
  498  CE2 TRP A  67  1107   CB ALA B   1 ali
-13.920 -13.726 -20.706 -13.845 -12.435 -24.109  2.92
-15.234798 -13.455158 -22.475515 
-14.816565 -14.280067 -22.779244 
-13.528788 -14.176281 -22.711489 
-13.177825 -13.902345 -22.599831 
-13.993419 -12.039889 -21.911244 
-14.039037 -12.034842 -21.910334 
-14.148043 -12.079026 -21.929499 
FEnd
FBeg
  500  CZ2 TRP A  67  1107   CB ALA B   1 ali
-15.055 -12.986 -20.312 -13.845 -12.435 -24.109  1.49
-15.698076 -12.720395 -22.516524 
-15.234798 -13.455158 -22.475515 
-14.148043 -12.079026 -21.929499 
-15.611262 -11.793119 -22.354298 
FEnd
FBeg
  474  CD1 LEU A  64  1107   CB ALA B   1 ali
-18.101 -12.268 -22.786 -13.845 -12.435 -24.109  4.44
-16.378276 -12.654627 -24.712982 
-15.698076 -12.720395 -22.516524 
-15.611262 -11.793119 -22.354298 
-15.623357 -11.236292 -22.463493 
-16.145768 -10.688228 -24.213235 
-16.449219 -11.703447 -25.061267 
-16.473115 -12.016219 -25.098659 
FEnd
FBeg
  476    N GLU A  65  1108    N ARG B   2 hbd
-15.231 -16.613 -24.261 -14.682 -13.313 -26.941  0.40
-15.688224 -14.527820 -25.215038 
-15.056561 -15.038681 -25.714687 
-14.941044 -14.524915 -25.058401 
-15.394779 -14.377612 -24.969968 
FEnd
FBeg
  472   CB LEU A  64  1111    O ARG B   2 unk
-17.254 -14.529 -23.116 -16.363 -15.503 -26.827  0.30
-16.031930 -14.271792 -25.364759 
-15.688224 -14.527820 -25.215038 
-15.933497 -14.768226 -25.210830 
-16.718959 -14.633521 -25.434772 
-16.664738 -14.555244 -25.442299 
FEnd
FBeg
  472   CB LEU A  64  1110    C ARG B   2 ali
-17.254 -14.529 -23.116 -16.652 -14.622 -27.689  0.17
-16.293734 -13.853228 -25.407736 
-16.031930 -14.271792 -25.364759 
-16.664738 -14.555244 -25.442299 
FEnd
FBeg
  475  CD2 LEU A  64  1107   CB ALA B   1 ali
-18.800 -13.626 -24.862 -13.845 -12.435 -24.109  0.29
-16.284344 -12.725291 -25.219322 
-16.473115 -12.016219 -25.098659 
-16.378276 -12.654627 -24.712982 
-16.201700 -13.133736 -25.117118 
FEnd
FBeg
  475  CD2 LEU A  64  1105    C ALA B   1 ali
-18.800 -13.626 -24.862 -14.212 -12.110 -26.593  0.54
-16.777459 -12.103993 -25.982189 
-16.687896 -11.931385 -25.593635 
-16.560296 -11.846000 -25.180652 
-16.473115 -12.016219 -25.098659 
-16.284344 -12.725291 -25.219322 
-16.616656 -12.418413 -25.831352 
FEnd
FBeg
  607  NE2 HIS A  80  1109   CA ARG B   2 unk
-17.185 -9.820 -26.925 -15.621 -13.531 -28.053  0.29
-17.073701 -12.138821 -26.278355 
-16.777459 -12.103993 -25.982189 
-16.187621 -11.505247 -27.134174 
FEnd
FBeg
  475  CD2 LEU A  64  1110    C ARG B   2 ali
-18.800 -13.626 -24.862 -16.652 -14.622 -27.689  2.55
-17.714394 -14.955793 -26.098724 
-17.333536 -12.831322 -26.557829 
-16.502950 -13.345262 -25.745667 
-16.293734 -13.853228 -25.407736 
-16.664738 -14.555244 -25.442299 
-17.600140 -15.300568 -25.890442 
FEnd
FBeg
  475  CD2 LEU A  64  1120   CA TPO B   3 unk
-18.800 -13.626 -24.862 -18.872 -15.551 -28.009  4.55
-19.143437 -13.704508 -26.831432 
-17.714394 -14.955793 -26.098724 
-17.600140 -15.300568 -25.890442 
-17.629528 -15.408625 -25.823671 
-18.606147 -15.846076 -25.533741 
-20.840849 -15.236744 -25.855338 
-20.769559 -14.925725 -26.047218 
FEnd
FBeg
  475  CD2 LEU A  64  1123  OG1 TPO B   3 unk
-18.800 -13.626 -24.862 -20.394 -13.927 -28.636  3.34
-18.851902 -12.607035 -27.042096 
-19.143437 -13.704508 -26.831432 
-20.769559 -14.925725 -26.047218 
-20.713178 -12.724363 -26.246603 
-19.864341 -12.361360 -26.634073 
-19.695407 -12.368709 -26.704839 
FEnd
FBeg
  603   CG HIS A  80  1123  OG1 TPO B   3 unk
-19.261 -10.193 -26.319 -20.394 -13.927 -28.636  0.02
-19.864341 -12.361360 -26.634073 
-19.695407 -12.368709 -26.704839 
-19.946463 -12.243567 -26.783747 
FEnd
FBeg
  606  CE1 HIS A  80  1109   CA ARG B   2 ali
-17.795 -10.369 -27.963 -15.621 -13.531 -28.053  5.69
-17.261783 -12.187392 -29.115125 
-15.708700 -11.094574 -29.993861 
-15.254178 -10.786562 -29.836132 
-16.031348 -11.390327 -27.396839 
-16.187621 -11.505247 -27.134174 
-17.073701 -12.138821 -26.278355 
-17.502831 -12.421457 -26.714285 
FEnd
FBeg
  606  CE1 HIS A  80  1123  OG1 TPO B   3 unk
-17.795 -10.369 -27.963 -20.394 -13.927 -28.636  0.02
-18.647685 -12.159367 -28.795232 
-18.545216 -12.187496 -29.042238 
-18.595283 -12.226282 -28.643836 
FEnd
FBeg
  604  ND1 HIS A  80  1123  OG1 TPO B   3 unk
-19.053 -10.603 -27.631 -20.394 -13.927 -28.636  1.52
-20.129308 -12.120593 -26.946507 
-18.647685 -12.159367 -28.795232 
-18.595283 -12.226282 -28.643836 
-18.851902 -12.607035 -27.042096 
-19.695407 -12.368709 -26.704839 
-19.946463 -12.243567 -26.783747 
FEnd
FBeg
  602   CB HIS A  80  1123  OG1 TPO B   3 unk
-20.594 -10.271 -25.649 -20.394 -13.927 -28.636  0.62
-21.095826 -12.315688 -26.772431 
-20.129308 -12.120593 -26.946507 
-19.946463 -12.243567 -26.783747 
-19.864341 -12.361360 -26.634073 
-20.713178 -12.724363 -26.246603 
FEnd
FBeg
  601    O HIS A  80  1127  O3P TPO B   3 unk
-23.655 -10.137 -26.187 -20.996 -11.422 -29.171  0.65
-23.360176 -11.375493 -27.721008 
-22.456067 -11.288206 -26.952958 
-22.452296 -11.251692 -26.965321 
-22.847272 -10.323406 -27.717027 
FEnd
FBeg
  457   CE LYS A  62  1124    P TPO B   3 unk
-23.045 -13.666 -26.504 -20.972 -12.956 -29.656  0.00
-21.962800 -12.782379 -27.793323 
-21.980529 -12.717753 -27.790426 
-21.929842 -12.726852 -27.759139 
FEnd
FBeg
  457   CE LYS A  62  1123  OG1 TPO B   3 unk
-23.045 -13.666 -26.504 -20.394 -13.927 -28.636  5.13
-22.312141 -14.565203 -28.009452 
-21.962800 -12.782379 -27.793323 
-21.929842 -12.726852 -27.759139 
-21.095826 -12.315688 -26.772431 
-20.713178 -12.724363 -26.246603 
-20.769559 -14.925725 -26.047218 
-20.859915 -15.048003 -26.144600 
FEnd
FBeg
  457   CE LYS A  62  1122  CG2 TPO B   3 unk
-23.045 -13.666 -26.504 -21.205 -16.266 -28.610  6.02
-24.268305 -16.290449 -27.588607 
-21.600333 -15.955530 -25.671096 
-20.862003 -15.269267 -25.873259 
-20.859915 -15.048003 -26.144600 
-22.312141 -14.565203 -28.009452 
-23.588346 -15.250787 -28.278064 
FEnd

+-+CCS_record::Boundary loops before union-find
Start boundary loop loop_id 0  init_edge IE_A_B
xyz -25.0051 -16.3464 -29.4259
xyz -25.2968 -16.2282 -29.6286
xyz -25.6054 -13.0117 -29.5399
xyz -24.667 -11.7333 -28.7254
xyz -23.6436 -11.5974 -27.9604
xyz -23.4239 -11.555 -27.921
xyz -23.3602 -11.3755 -27.721
xyz -22.8473 -10.3234 -27.717
xyz -21.856 -8.56722 -28.8413
xyz -20.3486 -8.68161 -28.4987
xyz -19.3299 -9.37301 -29.4163
xyz -18.5471 -10.2347 -30.7396
xyz -18.5361 -10.8338 -30.2463
xyz -18.4498 -12.1786 -29.1382
xyz -17.2618 -12.1874 -29.1151
xyz -15.7087 -11.0946 -29.9939
xyz -15.0893 -10.3851 -30.5696
xyz -15.0658 -10.4675 -30.2931
xyz -15.4863 -9.9901 -28.3477
xyz -15.1332 -9.52462 -26.3574
xyz -13.9963 -9.56083 -26.3696
xyz -12.4905 -8.16323 -26.308
xyz -11.7903 -7.68702 -26.4503
xyz -11.2346 -7.87111 -27.1166
xyz -10.0358 -9.59878 -26.2016
xyz -10.1288 -11.6235 -26.0546
xyz -10.6217 -11.9986 -26.3212
xyz -11.6639 -13.6821 -27.8735
xyz -11.2586 -13.916 -28.2564
xyz -11.245 -14.1608 -28.17
xyz -10.634 -14.3138 -28.5271
xyz -8.52243 -14.8507 -29.2398
xyz -8.09224 -15.309 -29.349
xyz -9.82654 -16.5421 -28.5908
xyz -11.6798 -18.4659 -26.9699
xyz -11.7186 -18.5447 -26.9416
xyz -11.7966 -19.6099 -27.0172
xyz -11.5898 -20.763 -27.3978
xyz -11.0633 -22.3566 -28.1709
xyz -11.1597 -22.8199 -29.0257
xyz -11.9431 -23.0562 -31.3167
xyz -15.462 -23.8238 -33.3557
xyz -16.098 -20.2308 -30.5364
xyz -16.3072 -20.2619 -29.9569
xyz -16.4536 -21.058 -29.7739
xyz -16.5555 -21.8142 -29.311
xyz -16.4858 -21.6892 -28.975
xyz -16.1683 -22.4804 -28.7587
xyz -16.1085 -22.7641 -28.8481
xyz -16.4445 -23.3591 -30.46
xyz -18.4416 -25.3354 -31.5205
xyz -18.8175 -26.4843 -32.7154
xyz -18.8844 -27 -32.4583
xyz -18.7512 -29.8128 -27.1746
xyz -19.828 -31.8089 -26.3805
xyz -20.2035 -32.3149 -26.4378
xyz -20.2238 -32.2977 -26.4088
xyz -18.4742 -25.7852 -23.154
xyz -20.3431 -26.0051 -20.7228
xyz -23.9615 -30.0163 -19.1603
xyz -24.3982 -29.1945 -20.0481
xyz -24.1394 -24.7247 -23.6077
xyz -24.0962 -24.1969 -25.2951
xyz -24.0504 -24.103 -25.4895
xyz -23.4643 -23.2461 -26.7942
xyz -23.4641 -23.2454 -26.7948
xyz -21.9118 -21.8484 -26.0194
xyz -21.4458 -20.8401 -25.5017
xyz -21.1994 -20.4182 -25.6746
xyz -20.8955 -18.651 -26.0711
xyz -21.0443 -18.2986 -26.0558
xyz -21.101 -18.176 -26.1299
xyz -21.1086 -18.0969 -26.1672
xyz -21.6003 -15.9555 -25.6711
xyz -24.2683 -16.2904 -27.5886
xyz -24.916 -16.7547 -28.2018
xyz -24.2749 -17.5317 -28.0716
xyz -22.4476 -19.1908 -29.9313
xyz -23.0483 -22.4163 -29.0278
xyz -22.7636 -21.8052 -29.9817
xyz -22.2243 -19.2471 -30.9864
xyz -22.2234 -19.1949 -30.9603
xyz -22.2265 -19.18 -31.0059
xyz -24.3235 -16.7822 -30.8547
xyz -24.689 -16.5157 -30.2205
End loop
Boundary info init_edge IE_A_B [total exposed]: 141.830634 141.830634
Voronoi Facets of interface MI_AWi_BWi
FBeg
 1126  O2P TPO B   3  1230    O HOH B  20 unk
-22.518 -13.376 -29.748 -24.385 -13.504 -31.603  21.37
-24.688966 -16.515699 -30.220493 
-22.628213 -16.399325 -32.302607 
-22.278794 -14.636109 -32.775953 
-22.806249 -10.938335 -32.500242 
-25.372822 -11.762687 -29.860183 
-25.605426 -13.011672 -29.539892 
-25.296794 -16.228156 -29.628574 
FEnd
FBeg
  458   NZ LYS A  62  1230    O HOH B  20 hbw
-24.166 -13.596 -27.504 -24.385 -13.504 -31.603  3.30
-25.605426 -13.011672 -29.539892 
-27.196696 -15.269899 -29.505559 
-26.683241 -15.848202 -29.545971 
-26.397207 -16.046886 -29.565713 
-25.296794 -16.228156 -29.628574 
FEnd
FBeg
  458   NZ LYS A  62  1212    O HOH A 181 hbw
-24.166 -13.596 -27.504 -26.338 -12.064 -27.406  11.95
-25.605426 -13.011672 -29.539892 
-27.196696 -15.269899 -29.505559 
-27.267954 -15.396379 -29.107654 
-26.462287 -14.427314 -26.400497 
-25.046970 -12.417918 -26.444646 
-24.524891 -11.643766 -26.975706 
-24.342790 -11.328025 -27.875632 
-24.667008 -11.733329 -28.725388 
FEnd
FBeg
  458   NZ LYS A  62  1231    O HOH B  21 hbw
-24.166 -13.596 -27.504 -23.156 -10.368 -29.429  0.44
-24.342790 -11.328025 -27.875632 
-23.792629 -11.444708 -27.782638 
-23.643558 -11.597378 -27.960434 
-24.667008 -11.733329 -28.725388 
FEnd
FBeg
  457   CE LYS A  62  1231    O HOH B  21 unk
-23.045 -13.666 -26.504 -23.156 -10.368 -29.429  0.09
-23.792629 -11.444708 -27.782638 
-23.643558 -11.597378 -27.960434 
-23.423871 -11.554969 -27.920954 
-23.360176 -11.375493 -27.721008 
FEnd
FBeg
 1127  O3P TPO B   3  1231    O HOH B  21 unk
-20.996 -11.422 -29.171 -23.156 -10.368 -29.429  9.22
-23.423871 -11.554969 -27.920954 
-22.621058 -10.938838 -32.125118 
-22.321214 -10.403888 -32.450020 
-21.856029 -8.567215 -28.841285 
-22.847272 -10.323406 -27.717027 
-23.360176 -11.375493 -27.721008 
FEnd
FBeg
  599   CA HIS A  80  1231    O HOH B  21 unk
-21.528 -9.134 -26.066 -23.156 -10.368 -29.429  2.01
-21.856029 -8.567215 -28.841285 
-21.964234 -8.402807 -28.849232 
-23.162874 -8.280213 -28.313964 
-23.390879 -8.559667 -28.101047 
-23.040496 -9.906475 -27.776475 
-22.847272 -10.323406 -27.717027 
FEnd
FBeg
  600    C HIS A  80  1231    O HOH B  21 unk
-22.921 -9.380 -25.583 -23.156 -10.368 -29.429  0.41
-23.390879 -8.559667 -28.101047 
-23.881534 -8.932323 -27.975336 
-23.040496 -9.906475 -27.776475 
FEnd
FBeg
  595    O LYS A  79  1231    O HOH B  21 hbw
-21.826 -6.603 -27.313 -23.156 -10.368 -29.429  1.47
-21.964234 -8.402807 -28.849232 
-23.422365 -7.103703 -30.244227 
-23.162874 -8.280213 -28.313964 
FEnd
FBeg
  595    O LYS A  79  1227    O HOH B   7 hbw
-21.826 -6.603 -27.313 -20.448 -8.645 -30.655  43.37
-21.964234 -8.402807 -28.849232 
-23.422365 -7.103703 -30.244227 
-24.949142 0.353021 -35.429903 
-24.214195 5.174063 -38.072576 
-19.855017 -5.234710 -29.915286 
-19.782462 -6.424107 -29.158634 
-20.853689 -8.128901 -28.558683 
FEnd
FBeg
  594    C LYS A  79  1227    O HOH B   7 unk
-21.090 -6.722 -26.337 -20.448 -8.645 -30.655  1.62
-19.782462 -6.424107 -29.158634 
-20.853689 -8.128901 -28.558683 
-20.020989 -8.259660 -28.376644 
-19.349959 -7.885109 -28.443680 
-19.231135 -7.760985 -28.481291 
FEnd
FBeg
  606  CE1 HIS A  80  1227    O HOH B   7 unk
-17.795 -10.369 -27.963 -20.448 -8.645 -30.655  10.59
-19.349959 -7.885109 -28.443680 
-19.329889 -9.373013 -29.416337 
-18.547051 -10.234656 -30.739643 
-16.007625 -8.501443 -32.132303 
-17.135613 -6.785566 -29.921781 
-17.218744 -6.805223 -29.852442 
-19.231135 -7.760985 -28.481291 
FEnd
FBeg
  606  CE1 HIS A  80  1229    O HOH B  19 unk
-17.795 -10.369 -27.963 -14.503 -8.545 -27.699  10.01
-16.007625 -8.501443 -32.132303 
-17.135613 -6.785566 -29.921781 
-17.126548 -6.827960 -29.741910 
-17.034269 -7.107287 -28.962715 
-15.486311 -9.990097 -28.347678 
-15.065790 -10.467494 -30.293068 
-15.089282 -10.385074 -30.569574 
FEnd
FBeg
 1106    O ALA B   1  1229    O HOH B  19 hbw
-14.576 -11.038 -27.103 -14.503 -8.545 -27.699  8.52
-15.486311 -9.990097 -28.347678 
-15.065790 -10.467494 -30.293068 
-13.495006 -10.539324 -30.401129 
-12.747955 -9.949332 -27.841760 
-13.996257 -9.560835 -26.369616 
-15.133219 -9.524622 -26.357402 
FEnd
FBeg
  572  OE2 GLU A  76  1229    O HOH B  19 hbw
-14.478 -8.694 -24.930 -14.503 -8.545 -27.699  4.72
-13.996257 -9.560835 -26.369616 
-12.490475 -8.163235 -26.308006 
-16.100061 -7.173753 -26.222172 
-16.166705 -7.271386 -26.226824 
-15.133219 -9.524622 -26.357402 
FEnd
FBeg
  570   CD GLU A  76  1229    O HOH B  19 unk
-14.227 -7.856 -24.035 -14.503 -8.545 -27.699  3.59
-12.490475 -8.163235 -26.308006 
-11.790336 -7.687016 -26.450296 
-11.772558 -7.492800 -26.488157 
-15.491880 -6.361701 -26.420688 
-15.782972 -6.629645 -26.348375 
-16.100061 -7.173753 -26.222172 
FEnd
FBeg
  571  OE1 GLU A  76  1229    O HOH B  19 hbw
-13.875 -6.685 -24.262 -14.503 -8.545 -27.699  15.52
-11.772558 -7.492800 -26.488157 
-10.281183 -4.097826 -28.597914 
-11.629007 -2.258010 -29.347296 
-15.491880 -6.361701 -26.420688 
FEnd
FBeg
 1103    N ALA B   1  1229    O HOH B  19 hbw
-12.525 -10.776 -25.433 -14.503 -8.545 -27.699  4.04
-12.747955 -9.949332 -27.841760 
-11.234595 -7.871105 -27.116650 
-11.790336 -7.687016 -26.450296 
-12.490475 -8.163235 -26.308006 
-13.996257 -9.560835 -26.369616 
FEnd
FBeg
 1103    N ALA B   1  1226    O HOH B   6 hbw
-12.525 -10.776 -25.433 -10.818 -11.055 -28.196  8.41
-12.747955 -9.949332 -27.841760 
-11.234595 -7.871105 -27.116650 
-10.035840 -9.598783 -26.201594 
-10.128786 -11.623472 -26.054570 
-10.621733 -11.998643 -26.321232 
-12.413145 -11.084435 -27.520293 
-12.732693 -10.453238 -27.781448 
FEnd
FBeg
 1105    C ALA B   1  1226    O HOH B   6 unk
-14.212 -12.110 -26.593 -10.818 -11.055 -28.196  3.30
-12.413145 -11.084435 -27.520293 
-12.732693 -10.453238 -27.781448 
-13.190469 -11.350834 -29.341434 
-12.075369 -13.282354 -28.251667 
-11.891810 -13.479737 -27.992926 
FEnd
FBeg
 1113   CG ARG B   2  1226    O HOH B   6 unk
-14.162 -15.359 -29.107 -10.818 -11.055 -28.196  0.59
-12.075369 -13.282354 -28.251667 
-11.884436 -13.282363 -28.952484 
-11.258557 -13.915967 -28.256442 
-11.663850 -13.682119 -27.873546 
-11.891810 -13.479737 -27.992926 
FEnd
FBeg
 1114   CD ARG B   2  1226    O HOH B   6 unk
-13.217 -15.724 -30.289 -10.818 -11.055 -28.196  129.05
-11.884436 -13.282363 -28.952484 
-12.480703 -9.956166 -35.689017 
-9.515721 -6.864159 -45.985038 
-3.182163 -3.716755 -60.265706 
-2.210392 -4.009909 -60.725593 
-2.224292 -4.048186 -60.624273 
-8.293405 -13.522400 -32.533060 
-10.381426 -14.137043 -28.768640 
-11.258557 -13.915967 -28.256442 
FEnd
FBeg
  511  OE2 GLU A  68  1226    O HOH B   6 hbw
-6.462 -11.847 -27.522 -10.818 -11.055 -28.196  75.56
-2.224292 -4.048186 -60.624273 
-7.819568 -9.678296 -31.078321 
-8.803538 -12.260668 -27.753491 
-8.903662 -12.696570 -27.618617 
-8.920536 -14.301747 -29.395763 
-8.293405 -13.522400 -32.533060 
FEnd
FBeg
  509   CD GLU A  68  1226    O HOH B   6 unk
-6.583 -10.852 -26.785 -10.818 -11.055 -28.196  7.52
-7.819568 -9.678296 -31.078321 
-9.109782 -8.237789 -27.413094 
-8.803538 -12.260668 -27.753491 
FEnd
FBeg
 1112   CB ARG B   2  1226    O HOH B   6 unk
-14.863 -14.012 -29.298 -10.818 -11.055 -28.196  12.52
-13.190469 -11.350834 -29.341434 
-13.495006 -10.539324 -30.401129 
-13.298730 -9.620123 -33.588077 
-12.480703 -9.956166 -35.689017 
-11.884436 -13.282363 -28.952484 
-12.075369 -13.282354 -28.251667 
FEnd
FBeg
 1112   CB ARG B   2  1225    O HOH B   5 unk
-14.863 -14.012 -29.298 -17.759 -12.584 -30.654  24.88
-13.298730 -9.620123 -33.588077 
-12.480703 -9.956166 -35.689017 
-15.810860 -14.503100 -33.365189 
-16.769292 -15.124343 -31.972500 
-16.908055 -14.997849 -31.542934 
-16.741665 -13.064089 -29.861854 
-15.708700 -11.094574 -29.993861 
-15.089282 -10.385074 -30.569574 
FEnd
FBeg
 1109   CA ARG B   2  1225    O HOH B   5 unk
-15.621 -13.531 -28.053 -17.759 -12.584 -30.654  1.30
-16.741665 -13.064089 -29.861854 
-15.708700 -11.094574 -29.993861 
-17.261783 -12.187392 -29.115125 
FEnd
FBeg
 1119    N TPO B   3  1225    O HOH B   5 unk
-17.818 -14.561 -28.374 -17.759 -12.584 -30.654  4.51
-16.908055 -14.997849 -31.542934 
-16.741665 -13.064089 -29.861854 
-17.261783 -12.187392 -29.115125 
-18.449818 -12.178606 -29.138250 
-17.795294 -14.828620 -31.419154 
-17.431957 -14.995502 -31.554456 
FEnd
FBeg
 1125  O1P TPO B   3  1225    O HOH B   5 unk
-20.155 -12.952 -30.914 -17.759 -12.584 -30.654  16.81
-18.449818 -12.178606 -29.138250 
-18.536124 -10.833792 -30.246339 
-18.568523 -10.249323 -30.775018 
-18.053419 -9.899013 -36.017719 
-17.795294 -14.828620 -31.419154 
FEnd
FBeg
 1125  O1P TPO B   3  1227    O HOH B   7 unk
-20.155 -12.952 -30.914 -20.448 -8.645 -30.655  20.61
-18.568523 -10.249323 -30.775018 
-18.053419 -9.899013 -36.017719 
-22.195773 -10.127910 -36.897440 
-22.741865 -10.378755 -33.343835 
-22.321214 -10.403888 -32.450020 
FEnd
FBeg
 1127  O3P TPO B   3  1225    O HOH B   5 unk
-20.996 -11.422 -29.171 -17.759 -12.584 -30.654  0.02
-18.536124 -10.833792 -30.246339 
-18.547051 -10.234656 -30.739643 
-18.568523 -10.249323 -30.775018 
FEnd
FBeg
 1129    O TPO B   3  1225    O HOH B   5 unk
-17.810 -17.272 -29.290 -17.759 -12.584 -30.654  0.12
-16.769292 -15.124343 -31.972500 
-16.908055 -14.997849 -31.542934 
-17.431957 -14.995502 -31.554456 
FEnd
FBeg
 1104   CA ALA B   1  1226    O HOH B   6 unk
-13.182 -12.108 -25.467 -10.818 -11.055 -28.196  3.04
-10.621733 -11.998643 -26.321232 
-12.413145 -11.084435 -27.520293 
-11.891810 -13.479737 -27.992926 
-11.663850 -13.682119 -27.873546 
FEnd
FBeg
  488    O GLY A  66  1226    O HOH B   6 hbw
-10.038 -13.903 -25.631 -10.818 -11.055 -28.196  7.31
-10.128786 -11.623472 -26.054570 
-10.621733 -11.998643 -26.321232 
-11.663850 -13.682119 -27.873546 
-11.258557 -13.915967 -28.256442 
-10.381426 -14.137043 -28.768640 
-8.920536 -14.301747 -29.395763 
-8.903662 -12.696570 -27.618617 
FEnd
FBeg
  508   CG GLU A  68  1226    O HOH B   6 unk
-7.374 -11.019 -25.523 -10.818 -11.055 -28.196  6.26
-10.035840 -9.598783 -26.201594 
-10.128786 -11.623472 -26.054570 
-8.903662 -12.696570 -27.618617 
-8.803538 -12.260668 -27.753491 
-9.109782 -8.237789 -27.413094 
-9.150195 -8.136904 -27.362383 
FEnd
FBeg
  533  OD1 ASP A  71  1226    O HOH B   6 hbw
-9.964 -8.239 -23.998 -10.818 -11.055 -28.196  6.03
-11.234595 -7.871105 -27.116650 
-10.035840 -9.598783 -26.201594 
-9.150195 -8.136904 -27.362383 
-9.542005 -4.926935 -29.435910 
FEnd
FBeg
 1106    O ALA B   1  1226    O HOH B   6 hbw
-14.576 -11.038 -27.103 -10.818 -11.055 -28.196  1.84
-13.495006 -10.539324 -30.401129 
-12.747955 -9.949332 -27.841760 
-12.732693 -10.453238 -27.781448 
-13.190469 -11.350834 -29.341434 
FEnd
FBeg
  607  NE2 HIS A  80  1229    O HOH B  19 hbw
-17.185 -9.820 -26.925 -14.503 -8.545 -27.699  6.99
-17.034269 -7.107287 -28.962715 
-15.486311 -9.990097 -28.347678 
-15.133219 -9.524622 -26.357402 
-16.166705 -7.271386 -26.226824 
FEnd
FBeg
  596   CB LYS A  79  1229    O HOH B  19 unk
-18.794 -5.689 -26.167 -14.503 -8.545 -27.699  1.79
-17.126548 -6.827960 -29.741910 
-17.034269 -7.107287 -28.962715 
-16.166705 -7.271386 -26.226824 
-16.100061 -7.173753 -26.222172 
-15.782972 -6.629645 -26.348375 
FEnd
FBeg
  597   CG LYS A  79  1229    O HOH B  19 unk
-18.023 -4.410 -26.547 -14.503 -8.545 -27.699  142.27
-17.135613 -6.785566 -29.921781 
-17.126548 -6.827960 -29.741910 
-15.782972 -6.629645 -26.348375 
-15.491880 -6.361701 -26.420688 
-11.629007 -2.258010 -29.347296 
-8.207524 1.964864 -34.050386 
-5.604377 9.646503 -53.668874 
FEnd
FBeg
  606  CE1 HIS A  80  1225    O HOH B   5 unk
-17.795 -10.369 -27.963 -17.759 -12.584 -30.654  10.17
-18.547051 -10.234656 -30.739643 
-16.007625 -8.501443 -32.132303 
-15.089282 -10.385074 -30.569574 
-15.708700 -11.094574 -29.993861 
-17.261783 -12.187392 -29.115125 
-18.449818 -12.178606 -29.138250 
-18.536124 -10.833792 -30.246339 
FEnd
FBeg
  604  ND1 HIS A  80  1227    O HOH B   7 hbw
-19.053 -10.603 -27.631 -20.448 -8.645 -30.655  1.06
-20.020989 -8.259660 -28.376644 
-20.348621 -8.681614 -28.498714 
-19.329889 -9.373013 -29.416337 
-19.349959 -7.885109 -28.443680 
FEnd
FBeg
  596   CB LYS A  79  1227    O HOH B   7 unk
-18.794 -5.689 -26.167 -20.448 -8.645 -30.655  3.91
-19.855017 -5.234710 -29.915286 
-19.782462 -6.424107 -29.158634 
-19.231135 -7.760985 -28.481291 
-17.218744 -6.805223 -29.852442 
FEnd
FBeg
  599   CA HIS A  80  1227    O HOH B   7 unk
-21.528 -9.134 -26.066 -20.448 -8.645 -30.655  0.71
-21.856029 -8.567215 -28.841285 
-21.964234 -8.402807 -28.849232 
-20.853689 -8.128901 -28.558683 
-20.020989 -8.259660 -28.376644 
-20.348621 -8.681614 -28.498714 
FEnd
FBeg
 1127  O3P TPO B   3  1227    O HOH B   7 unk
-20.996 -11.422 -29.171 -20.448 -8.645 -30.655  10.10
-22.321214 -10.403888 -32.450020 
-21.856029 -8.567215 -28.841285 
-20.348621 -8.681614 -28.498714 
-19.329889 -9.373013 -29.416337 
-18.547051 -10.234656 -30.739643 
-18.568523 -10.249323 -30.775018 
FEnd
FBeg
  601    O HIS A  80  1231    O HOH B  21 hbw
-23.655 -10.137 -26.187 -23.156 -10.368 -29.429  3.82
-24.342790 -11.328025 -27.875632 
-23.792629 -11.444708 -27.782638 
-23.360176 -11.375493 -27.721008 
-22.847272 -10.323406 -27.717027 
-23.040496 -9.906475 -27.776475 
-23.881534 -8.932323 -27.975336 
-25.083349 -9.535606 -28.117330 
-25.137568 -10.088172 -28.086304 
FEnd
FBeg
  601    O HIS A  80  1212    O HOH A 181 hbw
-23.655 -10.137 -26.187 -26.338 -12.064 -27.406  3.64
-24.524891 -11.643766 -26.975706 
-24.342790 -11.328025 -27.875632 
-25.137568 -10.088172 -28.086304 
-25.722270 -10.603377 -25.984944 
-25.492348 -11.198304 -25.550536 
-25.288961 -11.526811 -25.478884 
-24.783936 -11.755645 -26.228695 
FEnd
FBeg
  612   CB SER A  81  1212    O HOH A 181 unk
-24.797 -10.162 -23.060 -26.338 -12.064 -27.406  0.05
-25.492348 -11.198304 -25.550536 
-25.650340 -11.156963 -25.512608 
-25.352362 -11.567475 -25.438606 
-25.288961 -11.526811 -25.478884 
FEnd
FBeg
  609   CA SER A  81  1212    O HOH A 181 unk
-24.725 -8.985 -24.043 -26.338 -12.064 -27.406  0.21
-25.722270 -10.603377 -25.984944 
-26.068306 -10.799826 -25.639115 
-25.650340 -11.156963 -25.512608 
-25.492348 -11.198304 -25.550536 
FEnd
FBeg
  457   CE LYS A  62  1212    O HOH A 181 unk
-23.045 -13.666 -26.504 -26.338 -12.064 -27.406  0.30
-25.046970 -12.417918 -26.444646 
-24.524891 -11.643766 -26.975706 
-24.783936 -11.755645 -26.228695 
FEnd
FBeg
  456   CD LYS A  62  1212    O HOH A 181 unk
-23.732 -13.849 -25.106 -26.338 -12.064 -27.406  2.29
-26.462287 -14.427314 -26.400497 
-25.046970 -12.417918 -26.444646 
-24.783936 -11.755645 -26.228695 
-25.288961 -11.526811 -25.478884 
-25.352362 -11.567475 -25.438606 
-26.574806 -14.339605 -26.204938 
FEnd
FBeg
 1126  O2P TPO B   3  1212    O HOH A 181 unk
-22.518 -13.376 -29.748 -26.338 -12.064 -27.406  0.87
-25.372822 -11.762687 -29.860183 
-25.605426 -13.011672 -29.539892 
-24.667008 -11.733329 -28.725388 
FEnd
FBeg
 1126  O2P TPO B   3  1231    O HOH B  21 unk
-22.518 -13.376 -29.748 -23.156 -10.368 -29.429  6.26
-22.806249 -10.938335 -32.500242 
-25.372822 -11.762687 -29.860183 
-24.667008 -11.733329 -28.725388 
-23.643558 -11.597378 -27.960434 
-23.423871 -11.554969 -27.920954 
-22.621058 -10.938838 -32.125118 
FEnd
FBeg
 1125  O1P TPO B   3  1230    O HOH B  20 unk
-20.155 -12.952 -30.914 -24.385 -13.504 -31.603  9.33
-22.278794 -14.636109 -32.775953 
-22.195773 -10.127910 -36.897440 
-22.741865 -10.378755 -33.343835 
-22.806249 -10.938335 -32.500242 
FEnd
FBeg
  484  OE2 GLU A  65  1232    O HOH B  25 hbw
-14.166 -20.200 -28.131 -9.599 -18.907 -27.686  0.68
-11.166098 -22.176905 -27.638265 
-11.308654 -21.839350 -27.156033 
-11.589813 -20.763047 -27.397839 
-11.063310 -22.356644 -28.170918 
FEnd
FBeg
 1117  NH1 ARG B   2  1232    O HOH B  25 hbw
-11.243 -18.673 -29.288 -9.599 -18.907 -27.686  296.51
-11.589813 -20.763047 -27.397839 
-11.796578 -19.609894 -27.017215 
-11.718649 -18.544740 -26.941603 
-11.679816 -18.465930 -26.969943 
-9.826539 -16.542094 -28.590798 
-6.482269 -15.964248 -31.938341 
19.693935 -26.934011 -60.403138 
13.385527 -30.585966 -54.462772 
-3.828460 -25.735209 -36.088944 
-7.604886 -24.149149 -31.981839 
-11.063310 -22.356644 -28.170918 
FEnd
FBeg
 1115   NE ARG B   2  1232    O HOH B  25 hbw
-12.158 -16.639 -29.851 -9.599 -18.907 -27.686  2.92
-9.826539 -16.542094 -28.590798 
-8.092237 -15.309033 -29.348993 
-6.482269 -15.964248 -31.938341 
FEnd
FBeg
  486   CA GLY A  66  1232    O HOH B  25 unk
-10.636 -16.207 -25.667 -9.599 -18.907 -27.686  20.96
-11.679816 -18.465930 -26.969943 
-10.087465 -19.192996 -25.179776 
-9.785339 -19.150503 -25.081423 
-9.245992 -18.990698 -25.018111 
-6.397256 -17.702503 -25.277638 
-5.947718 -16.318873 -26.897070 
-8.092237 -15.309033 -29.348993 
-9.826539 -16.542094 -28.590798 
FEnd
FBeg
  382  OD2 ASP A  53  1232    O HOH B  25 hbw
-9.716 -17.650 -22.731 -9.599 -18.907 -27.686  7.72
-9.245992 -18.990698 -25.018111 
-6.923931 -20.282863 -24.635481 
-3.543623 -19.476377 -24.760255 
-6.397256 -17.702503 -25.277638 
FEnd
FBeg
  380   CG ASP A  53  1232    O HOH B  25 unk
-10.336 -18.601 -22.180 -9.599 -18.907 -27.686  2.20
-9.785339 -19.150503 -25.081423 
-8.496440 -20.753087 -24.819834 
-7.701032 -20.619965 -24.720764 
-6.923931 -20.282863 -24.635481 
-9.245992 -18.990698 -25.018111 
FEnd
FBeg
  381  OD1 ASP A  53  1232    O HOH B  25 hbw
-11.119 -19.337 -22.831 -9.599 -18.907 -27.686  4.06
-10.087465 -19.192996 -25.179776 
-11.086222 -19.756382 -25.542364 
-11.253327 -20.941911 -25.699682 
-10.999364 -21.107166 -25.634808 
-10.017779 -21.363317 -25.350181 
-8.496440 -20.753087 -24.819834 
-9.785339 -19.150503 -25.081423 
FEnd
FBeg
  480   CB GLU A  65  1232    O HOH B  25 unk
-14.034 -18.659 -24.844 -9.599 -18.907 -27.686  1.02
-11.086222 -19.756382 -25.542364 
-11.596959 -19.153886 -26.391955 
-11.635536 -19.907559 -26.386388 
-11.305733 -20.960941 -25.779803 
-11.253327 -20.941911 -25.699682 
FEnd
FBeg
  485    N GLY A  66  1232    O HOH B  25 hbw
-11.726 -16.883 -24.972 -9.599 -18.907 -27.686  1.44
-11.718649 -18.544740 -26.941603 
-11.596959 -19.153886 -26.391955 
-11.086222 -19.756382 -25.542364 
-10.087465 -19.192996 -25.179776 
-11.679816 -18.465930 -26.969943 
FEnd
FBeg
  481   CG GLU A  65  1232    O HOH B  25 unk
-14.481 -18.647 -26.317 -9.599 -18.907 -27.686  0.57
-11.796578 -19.609894 -27.017215 
-11.635536 -19.907559 -26.386388 
-11.596959 -19.153886 -26.391955 
-11.718649 -18.544740 -26.941603 
FEnd
FBeg
  482   CD GLU A  65  1232    O HOH B  25 unk
-14.576 -20.042 -26.951 -9.599 -18.907 -27.686  2.24
-11.308654 -21.839350 -27.156033 
-11.273161 -21.605058 -26.553898 
-11.305733 -20.960941 -25.779803 
-11.635536 -19.907559 -26.386388 
-11.796578 -19.609894 -27.017215 
-11.589813 -20.763047 -27.397839 
FEnd
FBeg
 1134   CB LYS B   4  1233    O HOH B  41 unk
-18.467 -20.163 -26.327 -22.730 -19.609 -27.126  1.38
-20.836408 -19.348852 -26.870014 
-21.008961 -20.289588 -26.601650 
-21.199422 -20.418160 -25.674606 
-20.895460 -18.651029 -26.071099 
-20.833386 -18.866883 -26.551957 
-20.834549 -19.332265 -26.868431 
FEnd
FBeg
 1132    C LYS B   4  1233    O HOH B  41 unk
-19.308 -19.844 -28.682 -22.730 -19.609 -27.126  0.45
-20.834549 -19.332265 -26.868431 
-20.836408 -19.348852 -26.870014 
-21.421983 -18.901396 -28.225405 
-20.957323 -18.674916 -27.237717 
-20.894712 -18.799476 -27.081208 
FEnd
FBeg
 1122  CG2 TPO B   3  1233    O HOH B  41 unk
-21.205 -16.266 -28.610 -22.730 -19.609 -27.126  6.83
-21.421983 -18.901396 -28.225405 
-22.447599 -19.190783 -29.931259 
-24.274852 -17.531721 -28.071635 
-21.122195 -18.135069 -26.191036 
-20.957323 -18.674916 -27.237717 
FEnd
FBeg
 1122  CG2 TPO B   3  1206    O HOH A 175 unk
-21.205 -16.266 -28.610 -23.291 -17.466 -25.498  6.79
-24.274852 -17.531721 -28.071635 
-21.122195 -18.135069 -26.191036 
-21.108587 -18.096859 -26.167180 
-21.600333 -15.955530 -25.671096 
-24.268305 -16.290449 -27.588607 
-24.915984 -16.754722 -28.201776 
FEnd
FBeg
  941   NZ LYS A 122  1206    O HOH A 175 hbw
-25.300 -19.792 -29.488 -23.291 -17.466 -25.498  0.95
-24.915984 -16.754722 -28.201776 
-24.274852 -17.531721 -28.071635 
-25.006956 -18.378347 -27.209467 
-25.205793 -18.099119 -27.272129 
-24.948578 -16.753849 -28.185874 
FEnd
FBeg
  458   NZ LYS A  62  1206    O HOH A 175 hbw
-24.166 -13.596 -27.504 -23.291 -17.466 -25.498  0.47
-24.268305 -16.290449 -27.588607 
-24.915984 -16.754722 -28.201776 
-24.948578 -16.753849 -28.185874 
-24.846456 -16.077497 -26.925593 
FEnd
FBeg
  457   CE LYS A  62  1206    O HOH A 175 unk
-23.045 -13.666 -26.504 -23.291 -17.466 -25.498  2.43
-21.600333 -15.955530 -25.671096 
-24.268305 -16.290449 -27.588607 
-24.846456 -16.077497 -26.925593 
-24.843117 -16.049727 -26.819878 
-21.822359 -15.845205 -25.308656 
-21.685310 -15.857426 -25.321304 
FEnd
FBeg
  455   CG LYS A  62  1206    O HOH A 175 unk
-22.806 -13.659 -23.921 -23.291 -17.466 -25.498  0.02
-21.822359 -15.845205 -25.308656 
-22.154427 -15.915028 -25.037972 
-21.687975 -15.866528 -25.298510 
-21.685310 -15.857426 -25.321304 
FEnd
FBeg
  459    N GLU A  63  1206    O HOH A 175 hbw
-21.917 -16.821 -22.918 -23.291 -17.466 -25.498  4.53
-22.154427 -15.915028 -25.037972 
-23.093036 -16.088337 -24.494781 
-24.024726 -17.798945 -23.570950 
-23.514251 -18.409416 -23.690190 
-21.856957 -17.551291 -24.787326 
-21.504968 -17.060616 -25.097449 
-21.687975 -15.866528 -25.298510 
FEnd
FBeg
  460   CA GLU A  63  1206    O HOH A 175 unk
-20.697 -17.602 -22.769 -23.291 -17.466 -25.498  0.14
-21.856957 -17.551291 -24.787326 
-21.399876 -17.501907 -25.219335 
-21.504968 -17.060616 -25.097449 
FEnd
FBeg
  463   CB GLU A  63  1206    O HOH A 175 unk
-20.974 -19.036 -23.226 -23.291 -17.466 -25.498  3.97
-23.514251 -18.409416 -23.690190 
-23.035008 -19.546902 -24.964951 
-23.024549 -19.553133 -24.979923 
-21.105541 -18.248785 -26.035608 
-21.399876 -17.501907 -25.219335 
-21.856957 -17.551291 -24.787326 
FEnd
FBeg
  466  OE1 GLU A  63  1206    O HOH A 175 hbw
-22.951 -21.280 -23.673 -23.291 -17.466 -25.498  0.00
-23.035008 -19.546902 -24.964951 
-23.035104 -19.554779 -24.981395 
-23.024549 -19.553133 -24.979923 
FEnd
FBeg
  466  OE1 GLU A  63  1233    O HOH B  41 hbw
-22.951 -21.280 -23.673 -22.730 -19.609 -27.126  6.42
-23.035104 -19.554779 -24.981395 
-23.024549 -19.553133 -24.979923 
-21.445820 -20.840088 -25.501673 
-21.911780 -21.848363 -26.019427 
-23.464079 -23.245398 -26.794841 
-24.423313 -21.738727 -26.127115 
FEnd
FBeg
  882   NZ LYS A 115  1233    O HOH B  41 hbw
-25.285 -19.308 -24.604 -22.730 -19.609 -27.126  4.14
-24.423313 -21.738727 -26.127115 
-23.035104 -19.554779 -24.981395 
-24.990929 -18.462496 -27.093175 
-24.427045 -21.734301 -26.131424 
FEnd
FBeg
 1137   CE LYS B   4  1233    O HOH B  41 unk
-19.592 -23.910 -25.659 -22.730 -19.609 -27.126  2.75
-21.911780 -21.848363 -26.019427 
-23.464079 -23.245398 -26.794841 
-23.385445 -23.621917 -28.066937 
-23.079505 -23.513103 -28.402337 
-22.003553 -22.308934 -27.173437 
FEnd
FBeg
  882   NZ LYS A 115  1206    O HOH A 175 hbw
-25.285 -19.308 -24.604 -23.291 -17.466 -25.498  7.07
-24.024726 -17.798945 -23.570950 
-25.056541 -17.006235 -24.239035 
-25.225907 -18.191983 -27.059910 
-24.990929 -18.462496 -27.093175 
-23.035104 -19.554779 -24.981395 
-23.035008 -19.546902 -24.964951 
-23.514251 -18.409416 -23.690190 
FEnd
FBeg
  451   CA LYS A  62  1206    O HOH A 175 unk
-23.817 -15.447 -22.290 -23.291 -17.466 -25.498  2.25
-23.093036 -16.088337 -24.494781 
-24.921021 -16.292666 -24.665909 
-25.056541 -17.006235 -24.239035 
-24.024726 -17.798945 -23.570950 
FEnd
FBeg
  456   CD LYS A  62  1206    O HOH A 175 unk
-23.732 -13.849 -25.106 -23.291 -17.466 -25.498  4.26
-24.843117 -16.049727 -26.819878 
-24.921021 -16.292666 -24.665909 
-23.093036 -16.088337 -24.494781 
-22.154427 -15.915028 -25.037972 
-21.822359 -15.845205 -25.308656 
FEnd
FBeg
  462    O GLU A  63  1206    O HOH A 175 hbw
-19.672 -16.795 -24.807 -23.291 -17.466 -25.498  1.46
-21.108587 -18.096859 -26.167180 
-21.600333 -15.955530 -25.671096 
-21.685310 -15.857426 -25.321304 
-21.687975 -15.866528 -25.298510 
-21.504968 -17.060616 -25.097449 
-21.399876 -17.501907 -25.219335 
-21.105541 -18.248785 -26.035608 
-21.101036 -18.175968 -26.129908 
FEnd
FBeg
  462    O GLU A  63  1233    O HOH B  41 hbw
-19.672 -16.795 -24.807 -22.730 -19.609 -27.126  0.00
-21.105541 -18.248785 -26.035608 
-21.101036 -18.175968 -26.129908 
-21.044320 -18.298634 -26.055849 
FEnd
FBeg
 1130    N LYS B   4  1206    O HOH A 175 hbw
-18.745 -17.915 -27.372 -23.291 -17.466 -25.498  0.00
-21.122195 -18.135069 -26.191036 
-21.108587 -18.096859 -26.167180 
-21.101036 -18.175968 -26.129908 
FEnd
FBeg
  941   NZ LYS A 122  1233    O HOH B  41 hbw
-25.300 -19.792 -29.488 -22.730 -19.609 -27.126  12.64
-22.447599 -19.190783 -29.931259 
-23.048298 -22.416350 -29.027755 
-23.965812 -22.780640 -28.001220 
-24.392231 -22.087289 -27.590968 
-25.006956 -18.378347 -27.209467 
-24.274852 -17.531721 -28.071635 
FEnd
FBeg
 1131   CA LYS B   4  1233    O HOH B  41 unk
-18.372 -19.303 -27.592 -22.730 -19.609 -27.126  0.13
-20.833386 -18.866883 -26.551957 
-20.834549 -19.332265 -26.868431 
-20.894712 -18.799476 -27.081208 
FEnd
FBeg
 1130    N LYS B   4  1233    O HOH B  41 hbw
-18.745 -17.915 -27.372 -22.730 -19.609 -27.126  0.52
-20.895460 -18.651029 -26.071099 
-20.833386 -18.866883 -26.551957 
-20.894712 -18.799476 -27.081208 
-20.957323 -18.674916 -27.237717 
-21.122195 -18.135069 -26.191036 
-21.101036 -18.175968 -26.129908 
-21.044320 -18.298634 -26.055849 
FEnd
FBeg
  463   CB GLU A  63  1233    O HOH B  41 unk
-20.974 -19.036 -23.226 -22.730 -19.609 -27.126  3.06
-21.199422 -20.418160 -25.674606 
-20.895460 -18.651029 -26.071099 
-21.044320 -18.298634 -26.055849 
-21.105541 -18.248785 -26.035608 
-23.024549 -19.553133 -24.979923 
-21.445820 -20.840088 -25.501673 
FEnd
FBeg
 1135   CG LYS B   4  1233    O HOH B  41 unk
-18.850 -21.665 -26.614 -22.730 -19.609 -27.126  2.18
-21.008961 -20.289588 -26.601650 
-21.199422 -20.418160 -25.674606 
-21.445820 -20.840088 -25.501673 
-21.911780 -21.848363 -26.019427 
-22.003553 -22.308934 -27.173437 
FEnd
FBeg
 1139  OXT LYS B   4  1233    O HOH B  41 hbw
-20.367 -20.409 -28.411 -22.730 -19.609 -27.126  11.59
-20.836408 -19.348852 -26.870014 
-21.008961 -20.289588 -26.601650 
-22.003553 -22.308934 -27.173437 
-23.079505 -23.513103 -28.402337 
-23.048298 -22.416350 -29.027755 
-22.447599 -19.190783 -29.931259 
-21.421983 -18.901396 -28.225405 
FEnd

+-+CCS_record::Boundary loops before union-find
Start boundary loop loop_id 1  init_edge IE_B_Wi
xyz -22.6282 -16.3993 -32.3026
xyz -22.2788 -14.6361 -32.776
xyz -22.1958 -10.1279 -36.8974
xyz -18.0534 -9.89901 -36.0177
xyz -17.7953 -14.8286 -31.4192
xyz -17.432 -14.9955 -31.5545
xyz -16.7693 -15.1243 -31.9725
xyz -15.8109 -14.5031 -33.3652
xyz -12.4807 -9.95617 -35.689
xyz -9.51572 -6.86416 -45.985
xyz -3.18216 -3.71675 -60.2657
xyz -2.21039 -4.00991 -60.7256
xyz -2.22429 -4.04819 -60.6243
xyz -7.81957 -9.6783 -31.0783
xyz -9.10978 -8.23779 -27.4131
xyz -9.15019 -8.1369 -27.3624
xyz -9.54201 -4.92694 -29.4359
xyz -11.2346 -7.87111 -27.1166
xyz -11.7903 -7.68702 -26.4503
xyz -11.7726 -7.4928 -26.4882
xyz -10.2812 -4.09783 -28.5979
xyz -11.629 -2.25801 -29.3473
xyz -8.20752 1.96486 -34.0504
xyz -5.60438 9.6465 -53.6689
xyz -17.1356 -6.78557 -29.9218
xyz -17.2187 -6.80522 -29.8524
xyz -19.855 -5.23471 -29.9153
xyz -24.2142 5.17406 -38.0726
xyz -24.9491 0.353021 -35.4299
xyz -23.4224 -7.1037 -30.2442
xyz -23.1629 -8.28021 -28.314
xyz -23.3909 -8.55967 -28.101
xyz -23.8815 -8.93232 -27.9753
xyz -25.0833 -9.53561 -28.1173
xyz -25.1376 -10.0882 -28.0863
xyz -25.7223 -10.6034 -25.9849
xyz -26.0683 -10.7998 -25.6391
xyz -25.6503 -11.157 -25.5126
xyz -25.3524 -11.5675 -25.4386
xyz -26.5748 -14.3396 -26.2049
xyz -26.4623 -14.4273 -26.4005
xyz -27.268 -15.3964 -29.1077
xyz -27.1967 -15.2699 -29.5056
xyz -26.6832 -15.8482 -29.546
xyz -26.3972 -16.0469 -29.5657
xyz -25.2968 -16.2282 -29.6286
xyz -24.689 -16.5157 -30.2205
End loop
Boundary info init_edge IE_B_Wi [total exposed]: 220.236962 220.236962
Start boundary loop loop_id 2  init_edge IE_B_Wi
xyz -10.3814 -14.137 -28.7686
xyz -8.92054 -14.3017 -29.3958
xyz -8.29341 -13.5224 -32.5331
End loop
Boundary info init_edge IE_B_Wi [total exposed]: 9.239620 9.239620
Start boundary loop loop_id 3  init_edge IE_B_Wi
xyz -13.495 -10.5393 -30.4011
xyz -13.2987 -9.62012 -33.5881
xyz -15.0893 -10.3851 -30.5696
xyz -15.0658 -10.4675 -30.2931
End loop
Boundary info init_edge IE_B_Wi [total exposed]: 8.780299 8.780299
Start boundary loop loop_id 4  init_edge IE_B_Wi
xyz -22.8062 -10.9383 -32.5002
xyz -22.7419 -10.3788 -33.3438
xyz -22.3212 -10.4039 -32.45
xyz -22.6211 -10.9388 -32.1251
End loop
Boundary info init_edge IE_B_Wi [total exposed]: 3.114880 3.114880
Start boundary loop loop_id 5  init_edge IE_A_Wi
xyz -11.3087 -21.8393 -27.156
xyz -11.2732 -21.6051 -26.5539
xyz -11.3057 -20.9609 -25.7798
xyz -11.2533 -20.9419 -25.6997
xyz -10.9994 -21.1072 -25.6348
xyz -10.0178 -21.3633 -25.3502
xyz -8.49644 -20.7531 -24.8198
xyz -7.70103 -20.62 -24.7208
xyz -6.92393 -20.2829 -24.6355
xyz -3.54362 -19.4764 -24.7603
xyz -6.39726 -17.7025 -25.2776
xyz -5.94772 -16.3189 -26.8971
xyz -8.09224 -15.309 -29.349
xyz -6.48227 -15.9642 -31.9383
xyz 19.6939 -26.934 -60.4031
xyz 13.3855 -30.586 -54.4628
xyz -3.82846 -25.7352 -36.0889
xyz -7.60489 -24.1491 -31.9818
xyz -11.0633 -22.3566 -28.1709
xyz -11.1661 -22.1769 -27.6383
End loop
Boundary info init_edge IE_A_Wi [total exposed]: 109.753248 109.753248
Start boundary loop loop_id 6  init_edge IE_B_Wi
xyz -25.2259 -18.192 -27.0599
xyz -24.9909 -18.4625 -27.0932
xyz -24.427 -21.7343 -26.1314
xyz -24.4233 -21.7387 -26.1271
xyz -23.4641 -23.2454 -26.7948
xyz -23.3854 -23.6219 -28.0669
xyz -23.0795 -23.5131 -28.4023
xyz -23.0483 -22.4163 -29.0278
xyz -23.9658 -22.7806 -28.0012
xyz -24.3922 -22.0873 -27.591
xyz -25.007 -18.3783 -27.2095
xyz -25.2058 -18.0991 -27.2721
xyz -24.9486 -16.7538 -28.1859
xyz -24.8465 -16.0775 -26.9256
xyz -24.8431 -16.0497 -26.8199
xyz -24.921 -16.2927 -24.6659
xyz -25.0565 -17.0062 -24.239
End loop
Boundary info init_edge IE_B_Wi [total exposed]: 24.518120 24.518120
+-+Surf_areas::Interface areas<Areas altogether before UFind>: IE_A_B: 415.05 IE_A_Wi: 241.84 IE_B_Wi: 314.37 
+-+Surf_areas::Chem Interface areas<Areas altogether before UFind>: ali: 120.05 aro: 0.17 hbd: 29.29 hbw: 285.56 hbdp: 0.00 elu: 0.00 elf: 60.37 hbwp: 0.00 ssb: 0.00 unk: 475.81 
+++UnionFindAlgo::processing merged ccs...

+-+MCC_record::Boundary nets of merged cc after union-find
Start boundary net with  1 loops
Start boundary loop loop_id 2
Start boundary loop auf loop_id 2  init_edge IE_B_Wi
xyz -10.3814 -14.137 -28.7686
xyz -8.92054 -14.3017 -29.3958
xyz -8.29341 -13.5224 -32.5331
End loop. Loop info [total exposed]: 9.23962 9.23962
End net. Net info [total exposed]: 9.23962 9.23962
Start boundary net with  1 loops
Start boundary loop loop_id 4
Start boundary loop auf loop_id 4  init_edge IE_B_Wi
xyz -22.8062 -10.9383 -32.5002
xyz -22.7419 -10.3788 -33.3438
xyz -22.3212 -10.4039 -32.45
xyz -22.6211 -10.9388 -32.1251
End loop. Loop info [total exposed]: 3.11488 3.11488
End net. Net info [total exposed]: 3.11488 3.11488
Start boundary net with  1 loops
Start boundary loop loop_id 5
Start boundary loop auf loop_id 5  init_edge IE_A_Wi
xyz -11.3087 -21.8393 -27.156
xyz -11.2732 -21.6051 -26.5539
xyz -11.3057 -20.9609 -25.7798
xyz -11.2533 -20.9419 -25.6997
xyz -10.9994 -21.1072 -25.6348
xyz -10.0178 -21.3633 -25.3502
xyz -8.49644 -20.7531 -24.8198
xyz -7.70103 -20.62 -24.7208
xyz -6.92393 -20.2829 -24.6355
xyz -3.54362 -19.4764 -24.7603
xyz -6.39726 -17.7025 -25.2776
xyz -5.94772 -16.3189 -26.8971
xyz -8.09224 -15.309 -29.349
xyz -6.48227 -15.9642 -31.9383
xyz 19.6939 -26.934 -60.4031
xyz 13.3855 -30.586 -54.4628
xyz -3.82846 -25.7352 -36.0889
xyz -7.60489 -24.1491 -31.9818
xyz -11.0633 -22.3566 -28.1709
xyz -11.1661 -22.1769 -27.6383
End loop. Loop info [total exposed]: 109.753 109.753
End net. Net info [total exposed]: 109.753 109.753
Start boundary net with  3 loops
Start boundary loop loop_id 0
Start boundary loop auf loop_id 0  init_edge IE_A_B
xyz -25.0051 -16.3464 -29.4259
xyz -25.2968 -16.2282 -29.6286
xyz -25.6054 -13.0117 -29.5399
xyz -24.667 -11.7333 -28.7254
xyz -23.6436 -11.5974 -27.9604
xyz -23.4239 -11.555 -27.921
xyz -23.3602 -11.3755 -27.721
xyz -22.8473 -10.3234 -27.717
xyz -21.856 -8.56722 -28.8413
xyz -20.3486 -8.68161 -28.4987
xyz -19.3299 -9.37301 -29.4163
xyz -18.5471 -10.2347 -30.7396
xyz -18.5361 -10.8338 -30.2463
xyz -18.4498 -12.1786 -29.1382
xyz -17.2618 -12.1874 -29.1151
xyz -15.7087 -11.0946 -29.9939
xyz -15.0893 -10.3851 -30.5696
xyz -15.0658 -10.4675 -30.2931
xyz -15.4863 -9.9901 -28.3477
xyz -15.1332 -9.52462 -26.3574
xyz -13.9963 -9.56083 -26.3696
xyz -12.4905 -8.16323 -26.308
xyz -11.7903 -7.68702 -26.4503
xyz -11.2346 -7.87111 -27.1166
xyz -10.0358 -9.59878 -26.2016
xyz -10.1288 -11.6235 -26.0546
xyz -10.6217 -11.9986 -26.3212
xyz -11.6639 -13.6821 -27.8735
xyz -11.2586 -13.916 -28.2564
xyz -11.245 -14.1608 -28.17
xyz -10.634 -14.3138 -28.5271
xyz -8.52243 -14.8507 -29.2398
xyz -8.09224 -15.309 -29.349
xyz -9.82654 -16.5421 -28.5908
xyz -11.6798 -18.4659 -26.9699
xyz -11.7186 -18.5447 -26.9416
xyz -11.7966 -19.6099 -27.0172
xyz -11.5898 -20.763 -27.3978
xyz -11.0633 -22.3566 -28.1709
xyz -11.1597 -22.8199 -29.0257
xyz -11.9431 -23.0562 -31.3167
xyz -15.462 -23.8238 -33.3557
xyz -16.098 -20.2308 -30.5364
xyz -16.3072 -20.2619 -29.9569
xyz -16.4536 -21.058 -29.7739
xyz -16.5555 -21.8142 -29.311
xyz -16.4858 -21.6892 -28.975
xyz -16.1683 -22.4804 -28.7587
xyz -16.1085 -22.7641 -28.8481
xyz -16.4445 -23.3591 -30.46
xyz -18.4416 -25.3354 -31.5205
xyz -18.8175 -26.4843 -32.7154
xyz -18.8844 -27 -32.4583
xyz -18.7512 -29.8128 -27.1746
xyz -19.828 -31.8089 -26.3805
xyz -20.2035 -32.3149 -26.4378
xyz -20.2238 -32.2977 -26.4088
xyz -18.4742 -25.7852 -23.154
xyz -20.3431 -26.0051 -20.7228
xyz -23.9615 -30.0163 -19.1603
xyz -24.3982 -29.1945 -20.0481
xyz -24.1394 -24.7247 -23.6077
xyz -24.0962 -24.1969 -25.2951
xyz -24.0504 -24.103 -25.4895
xyz -23.4643 -23.2461 -26.7942
xyz -23.4641 -23.2454 -26.7948
xyz -21.9118 -21.8484 -26.0194
xyz -21.4458 -20.8401 -25.5017
xyz -21.1994 -20.4182 -25.6746
xyz -20.8955 -18.651 -26.0711
xyz -21.0443 -18.2986 -26.0558
xyz -21.101 -18.176 -26.1299
xyz -21.1086 -18.0969 -26.1672
xyz -21.6003 -15.9555 -25.6711
xyz -24.2683 -16.2904 -27.5886
xyz -24.916 -16.7547 -28.2018
xyz -24.2749 -17.5317 -28.0716
xyz -22.4476 -19.1908 -29.9313
xyz -23.0483 -22.4163 -29.0278
xyz -22.7636 -21.8052 -29.9817
xyz -22.2243 -19.2471 -30.9864
xyz -22.2234 -19.1949 -30.9603
xyz -22.2265 -19.18 -31.0059
xyz -24.3235 -16.7822 -30.8547
xyz -24.689 -16.5157 -30.2205
End loop. Loop info [total exposed]: 141.831 72.1964
Start boundary loop loop_id 1
Start boundary loop auf loop_id 1  init_edge IE_B_Wi
xyz -22.6282 -16.3993 -32.3026
xyz -22.2788 -14.6361 -32.776
xyz -22.1958 -10.1279 -36.8974
xyz -18.0534 -9.89901 -36.0177
xyz -17.7953 -14.8286 -31.4192
xyz -17.432 -14.9955 -31.5545
xyz -16.7693 -15.1243 -31.9725
xyz -15.8109 -14.5031 -33.3652
xyz -12.4807 -9.95617 -35.689
xyz -9.51572 -6.86416 -45.985
xyz -3.18216 -3.71675 -60.2657
xyz -2.21039 -4.00991 -60.7256
xyz -2.22429 -4.04819 -60.6243
xyz -7.81957 -9.6783 -31.0783
xyz -9.10978 -8.23779 -27.4131
xyz -9.15019 -8.1369 -27.3624
xyz -9.54201 -4.92694 -29.4359
xyz -11.2346 -7.87111 -27.1166
xyz -11.7903 -7.68702 -26.4503
xyz -11.7726 -7.4928 -26.4882
xyz -10.2812 -4.09783 -28.5979
xyz -11.629 -2.25801 -29.3473
xyz -8.20752 1.96486 -34.0504
xyz -5.60438 9.6465 -53.6689
xyz -17.1356 -6.78557 -29.9218
xyz -17.2187 -6.80522 -29.8524
xyz -19.855 -5.23471 -29.9153
xyz -24.2142 5.17406 -38.0726
xyz -24.9491 0.353021 -35.4299
xyz -23.4224 -7.1037 -30.2442
xyz -23.1629 -8.28021 -28.314
xyz -23.3909 -8.55967 -28.101
xyz -23.8815 -8.93232 -27.9753
xyz -25.0833 -9.53561 -28.1173
xyz -25.1376 -10.0882 -28.0863
xyz -25.7223 -10.6034 -25.9849
xyz -26.0683 -10.7998 -25.6391
xyz -25.6503 -11.157 -25.5126
xyz -25.3524 -11.5675 -25.4386
xyz -26.5748 -14.3396 -26.2049
xyz -26.4623 -14.4273 -26.4005
xyz -27.268 -15.3964 -29.1077
xyz -27.1967 -15.2699 -29.5056
xyz -26.6832 -15.8482 -29.546
xyz -26.3972 -16.0469 -29.5657
xyz -25.2968 -16.2282 -29.6286
xyz -24.689 -16.5157 -30.2205
End loop. Loop info [total exposed]: 220.237 219.35
Start boundary loop loop_id 3
Start boundary loop auf loop_id 3  init_edge IE_B_Wi
xyz -13.495 -10.5393 -30.4011
xyz -13.2987 -9.62012 -33.5881
xyz -15.0893 -10.3851 -30.5696
xyz -15.0658 -10.4675 -30.2931
End loop. Loop info [total exposed]: 8.7803 8.49082
End net. Net info [total exposed]: 370.848 300.037
Start boundary net with  1 loops
Start boundary loop loop_id 6
Start boundary loop auf loop_id 6  init_edge IE_B_Wi
xyz -25.2259 -18.192 -27.0599
xyz -24.9909 -18.4625 -27.0932
xyz -24.427 -21.7343 -26.1314
xyz -24.4233 -21.7387 -26.1271
xyz -23.4641 -23.2454 -26.7948
xyz -23.3854 -23.6219 -28.0669
xyz -23.0795 -23.5131 -28.4023
xyz -23.0483 -22.4163 -29.0278
xyz -23.9658 -22.7806 -28.0012
xyz -24.3922 -22.0873 -27.591
xyz -25.007 -18.3783 -27.2095
xyz -25.2058 -18.0991 -27.2721
xyz -24.9486 -16.7538 -28.1859
xyz -24.8465 -16.0775 -26.9256
xyz -24.8431 -16.0497 -26.8199
xyz -24.921 -16.2927 -24.6659
xyz -25.0565 -17.0062 -24.239
End loop. Loop info [total exposed]: 24.5181 24.5181
End net. Net info [total exposed]: 24.5181 24.5181
+-+Surf_areas::Interface areas<for merged connected component>: IE_A_B: 415.05 IE_A_Wi: 241.84 IE_B_Wi: 314.37 
+-+Surf_areas::Chem Interface areas<for merged connected component>: ali: 120.05 aro: 0.17 hbd: 29.29 hbw: 285.56 hbdp: 0.00 elu: 0.00 elf: 60.37 hbwp: 0.00 ssb: 0.00 unk: 475.81 
+-+MCC_record::dump_stats::Nb loops_before - nets_after uf merge: 7 5
