1 0.25232659183045847
0 0.2699516605708455
1 0.9995233580712206
0 0.22139156058971493
1 0.926397375562646
0 0.24177119861746285
1 0.9237104524586168
0 0.13600692364242858
1 0.888003406805712
0 0.1832336141353887
1 0.8530321513236844
0 0.10242523218868428
1 0.9969580053547212
0 0.10404920744968511
1 0.9870072319299654
0 0.19514976748029067
1 0.9843903732024112
0 0.788594447569595
1 0.8148274673794641
0 0.48973157549606505
1 0.8816400498394122
0 0.025395947710987573
1 0.99467681170445
0 0.0065981610333238055
1 0.8253172912363924
0 0.002006274086708828
1 0.8781871516216807
0 0.19136649592948476
1 0.6553397290282142
0 0.08935265982876775
1 0.9862255468849347
0 0.5290025807762917
1 0.9479387452769362
0 0.029407965377546568
1 0.9011425347133902
0 0.20999524797710006
1 0.7476175123179206
0 0.07159683135725756
1 0.9936782000772457
0 0.0032285591688774036
1 0.9933426708696825
0 0.010841150005333729
1 0.9885970311849454
0 0.017901875374231723
1 0.8076771591999602
0 0.017453318283051335
1 0.9507508476070001
0 0.06772904043831723
1 0.09100906272588537
0 9.73650605112346E-4
1 0.7575695081190149
0 0.0019188959657614564
1 0.9986434534322134
0 7.880600852568606E-4
1 0.99888975025961
0 8.899281138583151E-4
1 0.9978300833332563
0 0.0022835313305968317
1 0.9784690671138709
0 0.040886905791625384
1 0.26955806370606233
0 0.31034124388144746
1 0.9965444548361555
0 0.059231701805720405
1 0.9191289189310984
0 0.3899896976535095
1 0.9758347254224519
