0 0.45842158276993206
1 0.6921974570742863
0 0.6690353510604445
1 0.8967403704711056
0 0.7745041552082462
1 0.8928786387929787
0 0.45562405527241107
1 0.7558366873700335
0 0.4878251295228889
1 0.7445898331963073
0 0.6141909337456957
1 0.8736492455560472
0 0.6562593322645288
1 0.8480295140536684
0 0.5208115615722752
1 0.8523856344421389
0 0.8249058913602312
0 0.6576312773228145
1 0.6646911073488373
0 0.7931939204295327
1 0.6842994268890717
0 0.6374958338332971
1 0.8176881942841999
0 0.011300352464382383
1 0.5020579083083488
0 0.007267764115179027
1 0.8158090593034519
0 0.0056770997445578335
1 0.6559629140869119
0 0.002385054347825333
1 0.8443382496988032
0 0.013214673206327179
1 0.49520546591517556
0 0.005340070196519772
1 0.5882271144617892
0 0.0030798921888195163
1 0.7162360173343014
0 0.004470924255567869
1 0.6328457212892409
0 0.0047121205661816
1 0.4752935638678394
0 0.005419556875944901
1 0.438127786741032
0 0.0051375569642792196
1 0.6569954396569614
0 0.009672878722930007
1 0.5632293984332457
0 0.0023668346827362303
1 0.6458462665115168
0 0.002692553189703377
1 0.8308254428196165
0 0.0019875789364765103
1 0.9111948265985671
0 0.0026582439921506284
1 0.8019493589785498
0 0.0022854067374811194
1 0.8927996883271958
0 0.001763983611513125
1 0.8016326852986417
0 0.5849160874764451
1 0.8653718563975505
0 0.6035878255333624
1 0.8817273131127017
0 0.009626781428137618
1 0.6565306692958146
0 0.011182930485183427
1 0.8575009531990446
