0 0.4582219512469947
1 0.9856193537293623
0 0.47116181856414874
1 0.8850265971959074
0 0.0026235248763527876
1 0.8079761109710899
0 0.3906801467973701
1 0.7797823731655775
0 1.0138486303572185E-6
1 0.7483536771342028
0 0.4022732336646872
1 0.4437069046281964
0 0.4231971920694098
1 0.9995219878703002
0 0.5295207986759018
1 0.9996519516035242
0 0.7888436984490815
1 0.9289250272255375
0 0.35675113503802786
1 0.9997987464260197
0 0.08439125409002872
1 0.7619136828402987
0 0.7076311277530007
1 0.9955143310174835
0 0.3951517055477057
1 0.6398194026624302
0 0.3324599672751747
1 0.9939813599412426
0 0.3004427401370405
1 0.8253812713929987
0 0.3158375937909895
1 0.6487512079519786
0 0.30102606017451106
1 0.9992106319575532
0 0.42221057160741055
1 0.9650224796368188
0 0.20201738017829335
1 0.600150838892676
0 0.05841607661236181
1 0.6039931375479871
0 0.19413878853319066
1 0.9958628986639031
0 0.06400002514948476
1 0.9992137756282833
0 0.0698847068700981
1 0.9963976790384913
0 0.06492338884558302
1 0.9990964879728369
0 0.23054096770468196
1 0.2435836661587229
0 0.06935903269464747
1 0.5769783530168118
0 0.11356550070031778
1 0.5196507756603785
0 0.030404860193461985
1 0.40414432114368315
0 0.04688670800985234
1 0.9944715218634922
0 0.04867215745662347
1 0.9991406480855252
0 0.05720034261744617
1 0.5165033696218408
0 0.09480346030263494
1 0.3228881002179213
0 0.0331396462899873
1 0.15938769238690922
0 9.542270067346883E-8
1 0.626801224065604
