0 0.5637660124462321
1 0.8530986483993364
0 0.7101189993927721
1 0.8334770401026368
0 0.77070383955493
1 0.9319589368137108
0 0.4979969686864627
1 0.5415091141936768
0 0.08731814481609293
1 0.8781667501977778
0 0.6667197767091356
1 0.7821815348376
0 0.4490271873478845
1 0.9275908559959788
0 0.5648771950793797
1 0.983640691557374
0 0.8113121555909184
1 0.48716359091906236
0 0.5489440411540814
1 0.9788260619630984
0 0.5779812154370688
1 0.7823227307513964
0 0.6023986054997241
1 0.7422234926712115
0 0.30197972362789255
1 0.7947567101906262
0 0.2065977834306352
1 0.6184109047634574
0 0.28462062897910223
1 0.7855604124891681
0 0.22064063354649158
1 0.9412897366871151
0 0.19123747058592955
1 0.9646378178092889
0 0.2173632568550033
1 0.6498521389256605
0 0.41759338974201893
1 0.43095026763969896
0 0.12192068842703216
1 0.778746505320647
0 0.02057723081287981
1 0.7324671098441681
0 0.0035679353949059586
1 0.9273925089098357
0 0.01254900032104769
1 0.658538838021323
0 0.0063445663725318424
1 0.9465233718608311
0 0.03602569901294745
1 0.6057892862214826
0 0.0038866449525372724
1 0.704136778853938
0 0.02083727240629504
1 0.7154447469089219
0 0.003151188446231305
1 0.5843616286090431
0 0.0039004870949071965
1 0.7266373543554057
0 0.001558795592528251
1 0.9752327317723392
0 0.0018268296119031385
1 0.39158787368639675
0 0.01702603984691748
1 0.5423950833143594
0 0.003160224836668568
1 0.4829973938033703
0 8.513183524270266E-4
1 0.8175352736544551
0 0.003322035730405049
1 0.9696179967242033
0 0.003694009598487174
1 0.9703403275021325
0 0.0018582560545496246
1 0.9706579845976309
0 0.0029043508378339866
1 0.8813573470689771
0 0.5375114926420123
1 0.5848145957005279
0 0.6207376526432514
1 0.8149453955226024
0 0.00752270215434106
1 0.49448566462397964
0 0.017410409318631973
1 0.834805116538275
