0 0.125135442539702
1 0.702075441753404
0 0.7266149490883305
1 0.7419590156488967
0 0.3372593060789845
1 0.9230306265666548
0 0.09103306459675871
1 0.1694841250839443
0 0.03762733863144633
1 0.6773516264316003
0 0.3068869527154816
1 0.4660110779720957
0 0.5287274956332227
1 0.905029928329893
0 0.3146709384441193
1 0.983029799470724
0 0.832392447871765
1 0.2591696806672183
0 0.6389543676375975
1 0.9882529075639598
0 0.24765346146376627
1 0.633154928330517
0 0.6029213605993714
1 0.9663313982181319
0 0.30875097855482947
1 0.625632121549988
0 0.10956260816533024
1 0.8922690404792332
0 0.16276602779603308
1 0.7641065041197239
0 0.041748807982227035
1 0.817589704366602
0 0.098029267600184
1 0.913413678509214
0 0.39938376124974573
1 0.7754513669779324
0 0.07347040151216289
1 0.7631518298387094
0 0.09858860837525599
1 0.5813948448454541
0 0.28283301426465796
1 0.8240683599796029
0 0.08135885910491038
1 0.9705431692675631
0 0.33724155888878493
1 0.7542862541890634
0 0.026649895730929456
1 0.993324997590706
0 0.5546535075100391
1 0.3324973480197321
0 0.040754162329534216
1 0.974596056135489
0 0.04503302870596744
1 0.96478004614386
0 0.009774718666286472
1 0.9784161015575287
0 0.035585569067489255
1 0.8813982400451511
0 0.5683697804593049
1 0.4398223373853629
0 0.3231593245661776
1 0.8452960272599951
0 0.09556056506274943
1 0.1947562565616288
0 0.08730611329919812
1 0.7015948073614706
