0 0.24362385693273145
1 0.9999965930764043
0 0.026469236634562746
1 0.978259114119647
0 0.04886353277659483
1 0.9255988707505426
0 0.11246947188853634
1 0.8454361204235142
0 0.16602634274740813
1 0.9979009502862894
0 0.0061312418947669966
1 0.9999998860021341
0 0.009599518132225445
1 0.8771296674652586
0 0.030690794759614583
1 0.9356785563957921
0 1.4867906586416703E-5
1 0.9882093676803867
0 8.73453604563792E-4
1 0.990856499543612
0 8.801397930886176E-4
1 0.9930478020181781
0 0.04225125004278012
1 0.7742216000618495
