0 0.20244709426247834
1 0.8606887706039297
0 0.4427076733764342
1 0.8825357687484722
0 0.11604479498061997
1 0.9953910170094917
0 0.15185418608850842
1 0.767611678287362
0 0.003202984573644426
1 0.9936728759722677
0 0.5229268812751264
1 0.8016461684107211
0 0.4011623016712715
1 0.9793273571439033
0 0.07131212180598528
1 0.9971202399264888
0 0.8873258993448828
1 0.7835158037282508
0 0.42740211766778063
1 0.9992097932304553
0 0.4859080755971198
1 0.689438407949355
0 0.07192985045984333
1 0.34295346869325705
0 0.5863949485189603
1 0.9751872647939142
0 0.023667349283868523
1 0.39814892102256755
0 0.04670383562388458
1 0.99556817044333
0 0.013545628356170656
1 0.9984134883285394
0 0.03555093053364891
1 0.8628460983891221
1 0.9047927830203941
0 0.027514101700962114
1 0.6946490777637581
0 0.3005255579262406
1 0.9577550198211394
0 0.07312998936462065
1 0.8193864221248174
0 0.012154099590143989
1 0.9880553292606078
0 0.23464850571242712
1 0.13182525580281917
0 0.11560439899348901
1 0.8309662799042172
0 0.021903524761266106
1 0.3089615859637478
0 2.572362833918858E-4
1 0.9122553853797084
0 0.008325770388094908
1 0.9409847633850069
0 0.007110224433062173
1 0.9899535752796398
0 0.0023446564324321457
1 0.9725711415152104
0 0.013348685300510291
1 0.8486616307198414
0 0.32827567088495413
1 0.48611839653127187
0 0.3209762692525738
1 0.9567451965921628
0 0.06670955100369788
1 0.7532729264236498
0 0.1896815225213792
1 0.8652588174953629
