0 0.3788331734215187
1 0.7268015632228816
0 0.5729237845517353
1 0.9664255896017289
0 0.8091496802470746
1 0.9850357818222499
0 0.4002994094852035
1 0.8508991627934416
0 0.5479499537798401
1 0.9343681368100051
0 0.22921020192860328
1 0.7886580819193392
0 0.2968366077536338
1 0.9755001066308061
0 0.10534847011948653
1 0.869442247754833
0 0.24650293703255355
1 0.32230705580529223
0 0.03311739826678033
1 0.9890904575018133
0 0.0664718137813836
1 0.836850288109986
0 0.05121108511426551
1 0.6580649533383549
0 0.14004392876395888
1 0.7440672311362283
0 0.08219121562064541
1 0.43072179663089194
0 0.08438996807438243
1 0.9404877030481236
0 0.06515295447127224
1 0.9213669786392031
0 0.23002827036398704
1 0.5705511373525715
0 0.9146629990589464
1 0.7148415887716485
0 0.4403084702720043
1 0.5895783979557757
0 0.4924397857636022
1 0.879977953559554
0 0.4559812792907175
1 0.35687882513202007
0 0.14152888006584682
1 0.8011084494330731
0 0.4696753166327997
1 0.8935013621041042
0 0.3768239359089567
1 0.9337452506858779
0 0.5855952426337094
1 0.3596990324868876
0 0.4714646072555543
1 0.3708613502305747
0 0.4832776589828713
1 0.859244775848974
0 0.44925035538346997
1 0.7938513634293373
0 0.4281287969188702
1 0.48632775203662737
0 0.4836424829677598
1 0.6159873784581326
0 0.2777212500011177
1 0.5804528312735604
0 0.44336183085290726
1 0.6978538796735039
0 0.3503462187489414
1 0.1618231144098365
0 0.460071922702585
1 0.9672615262452309
0 0.7906383372370337
1 0.9755345998321672
0 0.007455590736523265
1 0.9273118173753729
0 0.023215729818116423
1 0.9830579487535352
0 0.006902671537675341
1 0.9166480927999986
0 0.020727673001460722
1 0.9754370735635262
0 0.0016596081829270955
1 0.9841877964699967
0 0.002351242134996956
1 0.7927621813283591
0 6.568585354552653E-4
1 0.9132678535577191
0 0.001829385466005118
1 0.5991383879326444
0 1.9032901477824876E-4
1 0.9731881709333654
0 3.981723748959176E-4
1 0.9731845151051745
0 3.0286458049535596E-4
1 0.9723079454855242
0 0.004366500170868583
1 0.9297311175136247
0 0.005377578728414635
1 0.9554972901769552
0 0.00480250492049063
1 0.8591042172780059
0 9.43709437731769E-4
1 0.9435384056880005
0 0.004943692385527169
1 0.43268306949416835
0 0.0034703614716643546
1 0.9643942663512066
0 0.008127171966619424
1 0.4606181020965246
0 0.0049832913382509125
1 0.9196306440210175
0 0.005184952665969677
1 0.34788316860237434
0 0.004674723396020793
1 0.6238818570943416
