1 0.6906002172953863
0 0.3674531345015097
0 0.0687614227155749
0 0.10399739408772554
1 0.4835954353108908
0 0.275507204548563
0 0.32847769594163445
0 0.3250598873903998
0 0.3836562496322975
0 0.4614816742636569
1 0.9498878620074098
0 0.4206972240581733
0 0.37437961176723733
1 0.9666447633201677
1 0.638058842310873
0 0.44839176699695815
1 0.9722457164204942
0 0.30053945861515585
1 0.44790755758614864
0 0.32288682490294324
1 0.9787852700944978
0 0.5353040061754221
1 0.8736029001267683
0 0.3676139490274287
0 0.3819867487512142
0 0.24518803310099732
1 0.3837303522354324
1 0.9785719416899864
0 0.0688190655436105
0 0.34654153141995053
0 0.49501675238209536
0 0.4333001173444266
0 0.14364008861698196
0 0.3013853369698464
0 0.3760175274438927
0 0.31106198748347563
0 0.043649264741027136
0 0.7913344556088121
1 0.860094959091825
0 0.3755625799370175
0 0.4917629419608049
0 0.41655912932341144
0 0.44868443686493115
1 0.9999253589664372
0 0.3638461202834618
0 0.3561095860255756
0 0.4739834717759393
1 0.5029587776314165
1 0.932047297656252
0 0.35702529172468567
1 0.9717003491139466
1 0.3897303129102989
0 0.34784653727835185
1 0.9134053592383152
1 0.5505583549584312
1 0.7596017695269315
1 0.42600112565246523
0 0.17390653839312228
1 0.9679144287258731
0 0.1840037463243567
0 0.3064944217589904
1 0.8231167594955724
1 0.6035983568851829
1 0.9637591366538171
0 0.5774996772487635
1 0.41418753928825847
1 0.6079824749895929
0 0.4572901090024619
1 0.9751697429771511
1 0.5183912938361362
1 0.9963581918653724
0 0.3671345634307646
0 0.336873954376896
1 0.7047185901383479
0 0.3432487004914093
0 0.44901219393173275
0 0.6582292080562991
1 0.25898214177521
0 0.45952639559913006
1 0.47523739745345356
0 0.35246912233904243
0 0.12412081040886791
1 0.9837167929235613
1 0.3559292823203993
0 0.3750966331675138
1 0.5338627631500111
1 0.5690540408232408
1 0.14350357562045676
0 0.2552387773796747
0 0.39485211351785815
1 0.45443965531020053
0 0.45144442244121696
1 0.2752527584858284
0 0.44809550130310905
1 0.9918731202631873
0 0.12041241843080992
0 0.3224319865167555
1 0.3621817871285865
0 0.21758895480295115
0 0.1288709990657201
1 0.5868448052739328
1 0.5014054158225717
0 0.41145429537477834
1 0.3959675632057
1 0.8485535153857199
1 0.9759060711041365
1 0.6632908147337663
0 0.19233704489227166
0 0.32409171520912416
0 0.1499525423929329
0 0.245235042840236
0 0.5276599070260027
0 0.4113206202321724
0 0.08122188537869708
1 0.9952970742872402
0 0.20078761605735532
0 0.29453326858370443
1 0.6811556390363814
1 0.9828094851969561
1 0.3066283522454358
1 0.5919945479963472
0 0.40979008933510025
0 0.31831445252574564
0 0.4612425115502714
1 0.5406816342396078
1 0.47264070284630766
0 0.6304295311259941
1 0.48635953677478017
0 0.470308231165386
1 0.34997888055012505
1 0.38724145363653384
1 0.5372924220335531
0 0.47532883097693646
1 0.3001468498912015
0 0.10038015246915546
0 0.42587963977980353
0 0.40745381382777507
1 0.37765623859046515
1 0.38060424354350136
0 0.23881302563884715
0 0.3667857279542651
0 0.021008445542460945
1 0.802118812165842
0 0.38327602585699383
1 0.9779885752795533
1 0.4026323705605442
0 0.5515769489926015
0 0.3385177142445363
0 0.22917236284902331
0 0.41382473412764575
0 0.4664516420927489
1 0.6977164958504927
1 0.9953678569228392
0 0.5114809805669434
1 0.44588592778084646
0 0.741866277251578
1 0.34768424743534593
0 0.3441951089329161
0 0.16144751103181834
1 0.662439440190799
1 0.8915138368324422
0 0.3895060334130185
1 0.3415961349913331
1 0.7650331214387865
1 0.4222912928923831
1 0.9949230701881914
1 0.4393545031557806
1 0.6705432919535297
0 0.3953838272930256
1 0.37600409965898857
1 0.3919512675933845
0 0.3359127347960355
1 0.8151515560945298
0 0.3350373226687968
0 0.3955203318290025
1 0.5066416372212411
0 0.14143476941777358
1 0.6170274152624424
0 0.3136844909481057
0 0.32631710182586193
1 0.45252561575007766
0 0.0010019386344698748
1 0.618110410150053
0 0.37809952500316274
0 0.09453276484982431
0 0.39733112555664357
0 0.2834087531205985
1 0.5952192507597781
0 0.3288256411626741
1 0.40240245607449826
0 0.3707955285752536
0 0.35929135462057776
1 0.46015863234490795
1 0.32656210312069905
1 0.2807653847922258
1 0.9110902539442273
0 0.32770573757608845
0 0.2461353361130138
0 0.37532224551443855
0 0.4033743285202759
0 0.5962321488676843
1 0.3398765644243287
1 0.7293250318801958
0 0.3811790822566978
0 0.3441772464657286
0 0.2780930834818839
1 0.979345100995631
1 0.4038305800475235
1 0.9873795741937674
0 0.6762405402837769
0 0.1931960590866712
0 0.28069679471655656
0 0.4095195301319444
0 0.3058443556983967
0 0.41843058736549443
1 0.909827799977308
1 0.1466738302361863
1 0.9901518882897539
1 0.9560365148689532
1 0.7139369799667203
1 0.3560725427330171
0 0.47397981059165817
1 0.869142308369524
1 0.8772215716175631
1 0.40737190512011656
1 0.39744896531261076
1 0.9986502053432207
1 0.7517658452174139
1 0.9948466384380575
0 0.4064754476744407
0 0.3321618975015466
0 0.5327919695055179
1 0.999992072335796
1 0.990840160705485
1 0.9206642795440313
0 0.6897117601823822
0 0.32055664921458166
0 0.4443968649554433
0 0.3830411736278104
1 0.4334263837388345
1 0.9561963285122913
1 0.42836338363931264
0 0.36984593401228855
1 0.6195076537356933
0 0.15381488251236827
0 0.3553723956910921
1 0.8228035075020099
1 0.4485367517197942
1 0.35733836209066255
1 0.43742682337373257
0 0.07344031324901942
0 0.38145430574962885
0 0.0905347053958663
1 0.38803465248171426
0 0.3621977145335571
1 0.46652013113757795
0 0.31085974239377134
1 0.34534800514518704
1 0.9301598353747241
1 0.8852119818870672
1 0.4611060912410217
0 0.8583853586716507
1 0.9118047611809896
0 0.29841507243213794
1 0.42161086885005405
1 0.357304892818592
1 0.9885644046402082
1 0.9999179669714098
1 0.9950888707841798
1 0.6425287792669782
0 0.3501865515733694
1 0.9616521916084572
1 0.9938670854622392
1 0.4415478447047384
0 0.4037915520940115
1 0.39723262236887685
0 0.3363422448430439
1 0.9455114608407396
0 0.3869698473297787
0 0.4037122729192987
0 0.28238478898187996
1 0.5445291034994881
1 0.3893407944926384
1 0.37115778964213775
0 0.37900123857939466
0 0.09171305237326136
1 0.43210862215937934
1 0.35530092427409926
1 0.43816904546929786
0 0.0040816235739771205
0 0.25484651711081885
0 0.24147105938055183
1 0.35218527150251205
1 0.3353300010333414
1 0.42432333686897494
0 0.3450645777686304
0 0.27241076663940006
1 0.9043518800442388
0 0.3854592568043037
1 0.609056327327566
0 0.3105184608130266
0 0.19916755904205674
0 0.626367218288279
1 0.9967557357512146
0 0.46306569932564323
1 0.5097426880834014
0 0.29577359444419926
0 0.07944846703221145
0 0.4560185581857584
0 0.3544729040967269
1 0.6551315134625605
0 0.9994485316890627
1 0.4172177568548667
1 0.9426444300240466
0 0.1607082562529967
1 0.9736180495099652
1 0.49496928474269003
1 0.4520379190060361
0 0.8514413612018202
1 0.8567754887332767
1 0.7480654224044261
1 0.35320273131675817
0 0.3485982940836044
0 0.9746495851232119
1 0.9972364262924532
1 0.7099310938344529
1 0.38092881922969735
0 0.3977916702478024
0 0.39428330400493883
1 0.7309333198442185
1 0.9998209187818461
1 0.9903210146404833
1 0.9876973961652666
1 0.9922608568768021
0 0.4693140508872652
1 0.9520659354017991
0 0.2931064545617359
1 0.6906002172953868
0 0.36745313450150974
0 0.0687614227155749
0 0.10399739408772557
1 0.483595435310891
0 0.2755072045485629
0 0.3284776959416344
0 0.32505988739039976
0 0.3836562496322975
0 0.46148167426365694
1 0.9498878620074098
0 0.4206972240581733
0 0.37437961176723733
1 0.9666447633201677
1 0.6380588423108734
0 0.4483917669969583
1 0.9722457164204944
0 0.30053945861515585
1 0.4479075575861488
0 0.3228868249029432
1 0.9787852700944978
0 0.5353040061754222
1 0.8736029001267686
0 0.367613949027429
0 0.3819867487512142
0 0.24518803310099732
1 0.38373035223543234
1 0.9785719416899864
0 0.0688190655436105
0 0.34654153141995053
0 0.49501675238209547
0 0.43330011734442675
0 0.14364008861698205
0 0.3013853369698464
0 0.3760175274438927
0 0.31106198748347574
0 0.04364926474102715
0 0.7913344556088127
1 0.8600949590918258
0 0.3755625799370175
0 0.4917629419608051
0 0.41655912932341144
0 0.44868443686493137
1 0.9999253589664372
0 0.3638461202834618
0 0.3561095860255757
0 0.47398347177593947
1 0.5029587776314167
1 0.932047297656252
0 0.35702529172468567
1 0.9717003491139469
1 0.3897303129102989
0 0.3478465372783518
1 0.9134053592383151
1 0.5505583549584314
1 0.7596017695269325
1 0.4260011256524654
0 0.17390653839312226
1 0.9679144287258731
0 0.1840037463243568
0 0.30649442175899033
1 0.8231167594955731
1 0.6035983568851834
1 0.9637591366538173
0 0.5774996772487628
1 0.4141875392882585
1 0.6079824749895935
0 0.4572901090024621
1 0.9751697429771511
1 0.5183912938361367
1 0.9963581918653724
0 0.36713456343076456
0 0.33687395437689593
1 0.7047185901383484
0 0.3432487004914093
0 0.449012193931733
0 0.6582292080562997
1 0.2589821417752105
0 0.4595263955991301
1 0.4752373974534538
0 0.3524691223390424
0 0.12412081040886791
1 0.9837167929235613
1 0.3559292823203992
0 0.3750966331675138
1 0.5338627631500115
1 0.5690540408232417
1 0.1435035756204572
0 0.2552387773796748
0 0.3948521135178582
1 0.45443965531020075
0 0.451444422441217
1 0.2752527584858284
0 0.4480955013031092
1 0.9918731202631873
0 0.12041241843080992
0 0.32243198651675536
1 0.3621817871285865
0 0.21758895480295118
0 0.12887099906572017
1 0.5868448052739331
1 0.501405415822572
0 0.4114542953747784
1 0.3959675632057
1 0.8485535153857199
1 0.9759060711041365
1 0.6632908147337668
0 0.19233704489227166
0 0.3240917152091241
0 0.14995254239293312
0 0.24523504284023587
0 0.5276599070260022
0 0.41132062023217253
0 0.08122188537869712
1 0.9952970742872402
0 0.20078761605735532
0 0.2945332685837044
1 0.681155639036382
1 0.9828094851969561
1 0.3066283522454357
1 0.5919945479963477
0 0.4097900893351003
0 0.3183144525257456
0 0.4612425115502715
1 0.540681634239608
1 0.4726407028463078
0 0.6304295311259946
1 0.4863595367747802
0 0.4703082311653862
1 0.34997888055012505
1 0.38724145363653384
1 0.5372924220335535
0 0.47532883097693657
1 0.3001468498912016
0 0.10038015246915546
0 0.42587963977980364
0 0.40745381382777507
1 0.37765623859046515
1 0.3806042435435013
0 0.23881302563884763
0 0.3667857279542653
0 0.02100844554246097
1 0.8021188121658419
0 0.38327602585699383
1 0.9779885752795533
1 0.40263237056054424
0 0.5515769489926017
0 0.33851771424453636
0 0.22917236284902331
0 0.41382473412764575
0 0.46645164209274903
1 0.6977164958504932
1 0.9953678569228392
0 0.5114809805669436
1 0.44588592778084646
0 0.7418662772515787
1 0.34768424743534593
0 0.3441951089329161
0 0.16144751103181845
1 0.6624394401907996
1 0.891513836832442
0 0.3895060334130185
1 0.3415961349913331
1 0.7650331214387868
1 0.4222912928923831
1 0.9949230701881914
1 0.4393545031557806
1 0.6705432919535302
0 0.3953838272930256
1 0.37600409965898846
1 0.3919512675933846
0 0.33591273479603545
1 0.8151515560945295
0 0.3350373226687967
0 0.3955203318290025
1 0.5066416372212413
0 0.1414347694177736
1 0.6170274152624429
0 0.31368449094810574
0 0.32631710182586193
1 0.45252561575007766
0 0.0010019386344698757
1 0.6181104101500536
0 0.3780995250031628
0 0.09453276484982429
0 0.39733112555664357
0 0.2834087531205984
1 0.5952192507597781
0 0.328825641162674
1 0.4024024560744983
0 0.3707955285752537
0 0.35929135462057776
1 0.4601586323449081
1 0.326562103120699
1 0.280765384792226
1 0.9110902539442273
0 0.3277057375760884
0 0.2461353361130137
0 0.3753222455144385
0 0.4033743285202759
0 0.5962321488676846
1 0.33987656442432906
1 0.7293250318801964
0 0.3811790822566978
0 0.3441772464657286
0 0.2780930834818839
1 0.979345100995631
1 0.40383058004752365
1 0.9873795741937674
0 0.6762405402837776
0 0.1931960590866712
0 0.2806967947165567
0 0.4095195301319444
0 0.3058443556983966
0 0.4184305873654946
1 0.9098277999773087
1 0.14667383023618638
1 0.9901518882897539
1 0.9560365148689532
1 0.7139369799667212
1 0.35607254273301703
0 0.4739798105916584
1 0.869142308369524
1 0.877221571617563
1 0.40737190512011656
1 0.39744896531261076
1 0.9986502053432207
1 0.7517658452174144
1 0.9948466384380575
0 0.40647544767444077
0 0.3321618975015466
0 0.5327919695055181
1 0.999992072335796
1 0.990840160705485
1 0.9206642795440313
0 0.6897117601823829
0 0.3205566492145817
0 0.44439686495544334
0 0.38304117362781037
1 0.4334263837388347
1 0.9561963285122913
1 0.42836338363931264
0 0.3698459340122888
1 0.6195076537356938
0 0.15381488251236836
0 0.35537239569109197
1 0.8228035075020098
1 0.44853675171979435
1 0.35733836209066255
1 0.43742682337373273
0 0.07344031324901942
0 0.3814543057496289
0 0.09053470539586633
1 0.38803465248171415
0 0.3621977145335571
1 0.466520131137578
0 0.3108597423937713
1 0.34534800514518693
1 0.9301598353747247
1 0.885211981887067
1 0.4611060912410218
0 0.8583853586716509
1 0.9118047611809902
0 0.2984150724321379
1 0.4216108688500542
1 0.3573048928185919
1 0.9885644046402082
1 0.9999179669714098
1 0.9950888707841798
1 0.6425287792669787
0 0.3501865515733694
1 0.9616521916084572
1 0.9938670854622392
1 0.4415478447047384
0 0.40379155209401174
1 0.39723262236887685
0 0.33634224484304387
1 0.94551146084074
0 0.3869698473297787
0 0.4037122729192986
0 0.28238478898187996
1 0.5445291034994885
1 0.38934079449263836
1 0.3711577896421376
0 0.3790012385793948
0 0.09171305237326133
1 0.4321086221593795
1 0.3553009242740992
1 0.4381690454692982
0 0.0040816235739771205
0 0.25484651711081885
0 0.24147105938055183
1 0.35218527150251194
1 0.3353300010333414
1 0.42432333686897494
0 0.3450645777686303
0 0.2724107666394
1 0.9043518800442394
0 0.38545925680430376
1 0.6090563273275665
0 0.3105184608130266
0 0.1991675590420568
0 0.6263672182882796
1 0.9967557357512146
0 0.46306569932564345
1 0.5097426880834015
0 0.2957735944441992
0 0.07944846703221145
0 0.4560185581857584
0 0.3544729040967269
1 0.655131513462561
0 0.9994485316890627
1 0.4172177568548667
1 0.9426444300240466
0 0.16070825625299667
1 0.9736180495099652
1 0.49496928474269036
1 0.4520379190060363
0 0.85144136120182
1 0.8567754887332767
1 0.748065422404427
1 0.3532027313167581
0 0.3485982940836043
0 0.9746495851232121
1 0.9972364262924532
1 0.7099310938344536
1 0.3809288192296972
0 0.39779167024780254
0 0.3942833040049389
1 0.7309333198442189
1 0.9998209187818461
1 0.9903210146404833
1 0.9876973961652669
1 0.9922608568768023
0 0.46931405088726547
1 0.9520659354017993
0 0.29310645456173573
