1 0.6767321633318432
0 0.35123554522396155
0 0.05923998386044385
0 0.09093693517056946
1 0.46835212793802067
0 0.2596207453280424
0 0.3152709135425538
0 0.311428845383704
0 0.3692934163490064
0 0.4472613649583673
1 0.9692667685323653
0 0.40746754940848523
0 0.3601867066894309
1 0.8927016778019525
1 0.623765412158721
0 0.43254428009306806
1 0.9699170878485986
0 0.6647333905409668
1 0.4324057249649209
0 0.3072943272873739
1 0.9872922626743903
0 0.5219818362323919
1 0.9756831961037893
0 0.34709402219281066
0 0.3676537605143203
0 0.2280652728321744
1 0.3709906903359765
1 0.9873853983133333
0 0.059686860290090196
0 0.3313446894268652
0 0.48118117772687397
0 0.41877468720691297
0 0.12908425487870445
0 0.28355889223284914
0 0.3612481509967842
0 0.29189824181129526
0 0.03666969671049347
0 0.7801786783686332
1 0.8485565554752262
0 0.3618932592121743
0 0.5183277425379387
0 0.40338049835074963
0 0.4334144134201573
1 0.9997944692599283
0 0.3493206314657008
0 0.3401544975400305
0 0.4579104571257496
1 0.4881173209901365
1 0.7984048333839856
0 0.34264421351922303
1 0.9950476047216682
1 0.3766123063718024
0 0.3341943890898115
1 0.9382532588845455
1 0.8513759202564457
1 0.7385064382746237
1 0.4098966363522449
0 0.15927732719744842
1 0.9944820486781499
0 0.16800943769702917
0 0.2923744738939938
1 0.8130340346468958
1 0.588513282637872
1 0.9930869182109544
0 0.26957887970184585
1 0.3982695398641101
1 0.5900016308573209
0 0.4407719702881251
1 0.9853716521820849
1 0.501380344468503
1 0.9979756482230336
0 0.35362153025122073
0 0.7028527855868615
1 0.6920784289220117
0 0.3281327981493808
0 0.43373887527534266
0 0.6397987042201961
1 0.23271451947849864
0 0.4459060779518791
1 0.46171585384459585
0 0.3387169674741803
0 0.11133288994612119
1 0.9906988623171067
1 0.3425227784327893
0 0.36143574696141856
1 0.5166794561742344
1 0.8550064756895972
1 0.12059146905978825
0 0.23717973010419863
0 0.3791837472324055
1 0.4386484389774724
0 0.4361470560014594
1 0.259861321896585
0 0.4339926300907256
1 0.9778998692350406
0 0.10796884533908249
0 0.3083634479693855
1 0.34847326520055616
0 0.20042868167208755
0 0.1144423763841169
1 0.5709196635831287
1 0.48498529617829006
0 0.3955112970309529
1 0.3823568233972426
1 0.8717238118650015
1 0.9853698338951222
1 0.9148474545961768
0 0.17678203126497524
0 0.31048525864531246
0 0.13237805361453117
0 0.23061730399150074
0 0.5949068656967641
0 0.3953796935184824
0 0.07038064564654706
1 0.9966660026760441
0 0.18503904897795095
0 0.27981973778338504
1 0.6666640092187209
1 0.9899980839762238
1 0.2924486938343091
1 0.8719705733333388
0 0.39443763904320284
0 0.3048569658723205
0 0.4464397501902776
1 0.526213617351805
1 0.45779672719797665
0 0.6137106067829836
1 0.47254614326467276
0 0.45543503989646195
1 0.33532844982188686
1 0.3742015231944086
1 0.5185912702918145
0 0.46159576490481197
1 0.2827777014510984
0 0.08849829647360037
0 0.4120156805246574
0 0.3932649516649017
1 0.3640982007328458
1 0.3680338507373769
0 0.21040420429471707
0 0.3468244036221791
0 0.016663598732499858
1 0.5184115668461334
0 0.3700215600358904
1 0.9871300866806593
1 0.3865533976941939
0 0.5781120133710212
0 0.32300327460623995
0 0.21289444260161375
0 0.4006808178141909
0 0.45219284684973166
1 0.6848656113122084
1 0.9974345958639126
0 0.4964102215307594
1 0.432745512754005
0 0.7300587595962578
1 0.33252103287322515
0 0.3290558026474248
0 0.14446641096057267
1 0.6481798071022984
1 0.7038769469648635
0 0.3761501672212062
1 0.3280278272467955
1 0.7910878330389721
1 0.40942026518386854
1 0.9943807463510466
1 0.4255246252724159
1 0.6571970010448631
0 0.3813781535750312
1 0.37470346630730444
0 0.3487798815758616
1 0.45078588410690706
0 0.29611964415915676
1 0.33185156832460955
1 0.9242103370086883
1 0.917553558983302
1 0.4463465307733921
0 0.8800513045942868
1 0.9051844104594331
0 0.2826152360687115
1 0.4037645254992648
1 0.3440022033914324
1 0.9935986985179028
1 0.9999522035236402
1 0.9972676218422464
1 0.6257007405257307
0 0.33595581256209994
1 0.9769605650520269
1 0.9965814889866988
1 0.4282968599132967
0 0.38684875002123437
1 0.3831844108433996
0 0.32294951638237995
1 0.9899267339254131
0 0.37310158174511865
0 0.39070353081552434
0 0.2666908093964328
1 0.5292897699108654
1 0.3756220729918839
1 0.3575365812606571
0 0.3641747878585328
0 0.08061049110523397
1 0.41752687390882315
1 0.720388329302313
1 0.4167470036484893
0 0.0030844722895044126
0 0.2393808441982115
0 0.2257780184249953
1 0.33824387765790837
1 0.3206445321142623
1 0.41089645327580476
0 0.33199792897734776
0 0.2566479715674965
1 0.9773553827719639
0 0.3710645557988038
1 0.5923223322063862
0 0.2948045165969276
0 0.18316714563163217
0 0.6107147789656076
1 0.996506354196086
0 0.44941778558534295
1 0.4965302623905627
0 0.281019392589542
0 0.06959209504584545
0 0.44242692109847864
0 0.338027837801187
1 0.641686689457169
0 0.9993947502805185
1 0.40322386409057653
1 0.8243162238803384
0 0.14643318639013547
1 0.912716320542737
1 0.4789356365142929
1 0.43559108567337373
0 0.6221861467372629
1 0.8787050111465149
1 0.7315021322436126
1 0.3385353533059568
0 0.33492971649524694
0 0.9729121564722155
1 0.9984504025174834
1 0.9298566511630194
1 0.3684868657917739
0 0.3815140911457154
0 0.3797381048102485
1 0.7189825255947955
1 0.9998670364009627
1 0.9740668209456983
1 0.9867380384577416
1 0.9982812433883814
0 0.45269015685778896
1 0.9916428870650604
0 0.2789152288467861
1 0.4824031512158365
1 0.3954584795772793
0 0.34928121313810573
0 0.3517721954150183
0 0.10272220428445551
0 0.32375467624507276
1 0.42638978666951854
1 0.9388061413094824
0 0.28948138624530473
1 0.9953521644505412
0 0.18670827277127744
0 0.44130847576203
1 0.8723676489977295
0 0.37687879420317605
0 0.3974860681424504
0 0.3339108847869713
1 0.6903314530301781
0 0.2808466501574475
0 0.3589190807821549
0 0.47695516654519376
1 0.9975857846916524
1 0.5492256934432084
0 0.44314584121933354
0 0.3109196977745501
1 0.4719794758931123
1 0.5951874854944573
1 0.46827506183338025
0 0.5892146956588548
1 0.9995238099989252
1 0.3450381630092536
0 0.3651842797078195
0 0.2676433951682973
0 0.4520901138204613
0 0.13237943398634205
0 0.3395123005815011
0 0.2795356515964171
1 0.9355283490870584
1 0.35669027851426544
0 0.3098311701507523
1 0.9700937392096213
0 6.941250725039619E-4
0 0.3618121153057359
1 0.4036530118867949
0 0.2896172748760402
1 0.9409590990308848
1 0.40730338210449046
0 0.3400499020284141
1 0.7653305841826454
0 0.57197664665349
1 0.36018322984351936
1 0.938425734720437
1 0.3840372211851654
0 0.496542558621672
1 0.3414445037211899
1 0.9237694064813965
0 0.2782556675662587
0 0.44675062100842916
1 0.9740565034402753
1 0.9988859825492333
1 0.576273757174234
1 0.8747729221510546
1 0.36171790608601057
1 0.2769355973961768
1 0.9990986401407846
0 0.1216827658586766
0 0.3776965984388871
0 0.34680696763468155
0 0.014537680601619559
1 0.35977318069205994
0 0.06542840660710222
0 0.37154195250185584
1 0.5098071240221764
1 0.9996685706329769
0 0.33366605804849403
1 0.6419138091688534
0 0.2746230417013362
1 0.953677743568041
0 0.3255270493771582
1 0.9998504017243466
1 0.9323973871561908
0 0.16310287116177313
1 0.9490730150461032
1 0.9986614049067792
1 0.9793472102452632
