1 0.8464863248796868
0 0.3116433428754633
0 0.045772982361820036
0 0.08578648904836213
1 0.4880262101142964
0 0.19685923475004807
0 0.20961165019725614
0 0.21231185756132484
0 0.3008254829081149
0 0.426443216825602
1 0.987842395962171
0 0.337125035425162
0 0.2844477613751136
1 0.988123941269144
1 0.7670638973745424
0 0.43533285195189864
1 0.9994231103766833
0 0.2136459795694215
1 0.4275416129955465
0 0.24207984078840222
1 0.9972465254953172
0 0.5505107831228403
1 0.9676279781948477
0 0.39849339537278405
0 0.29785006881077786
0 0.1918643128770537
1 0.27240194947625535
1 0.9960012153333888
0 0.04001577838306813
0 0.26448248915562245
0 0.48154218508972857
0 0.3827523061870552
0 0.10446914054740444
0 0.2577024777188484
0 0.29711726155554297
0 0.2949081289383676
0 0.028500887021236973
0 0.9418403665058698
1 0.9860493426457392
0 0.27692121651302876
0 0.6324771106039156
0 0.32953937622960316
0 0.4242955888093996
1 0.9999998265027604
0 0.27569619392682565
0 0.2908850942815222
0 0.4866754677404988
1 0.5170666453325401
1 0.9451206947864914
0 0.2639928110319876
1 0.9982839037380383
1 0.28753174715796526
0 0.23985376620824725
1 0.9054167123054647
1 0.6163516088536911
1 0.9661371004288771
1 0.40140494404983196
0 0.11187735997724069
1 0.9966556092534194
0 0.1371842276143508
0 0.19960410151723254
1 0.9613436454410437
1 0.7173796316387081
1 0.9994310346865467
0 0.42344458769323234
1 0.37791641223268
1 0.7706812427219041
0 0.46490601658305775
1 0.9945650445245117
1 0.5898432928304043
1 0.9996671259721452
0 0.2626442433916734
0 0.23930304386592754
1 0.8526282036370545
0 0.25882986054643536
0 0.4249454737004437
0 0.8527295483642674
1 0.4125327107268513
0 0.4110581304980037
1 0.4378499911234446
0 0.247368840477832
0 0.07677388874226264
1 0.9959179022526057
1 0.2460782378964446
0 0.2761229878748661
1 0.622750636014763
1 0.8241372130468094
1 0.3512511656178045
0 0.21704737611424074
0 0.3420917369728338
1 0.4450669710051537
0 0.429773410569093
1 0.18859095277312668
0 0.40016621261921553
1 0.9983914706438018
0 0.07199829198305115
0 0.21623713257792232
1 0.25932271979588617
0 0.1736264644598844
0 0.10306542058428009
1 0.7004491380149036
1 0.545618409263392
0 0.37391794830159997
1 0.30551143563472744
1 0.903018363195639
1 0.9972434471872058
1 0.9003213844802797
0 0.13335878017825467
0 0.21083281993716607
0 0.16512253142354352
0 0.1516245712216082
0 0.4287367363104282
0 0.3736585203576766
0 0.05893243777975994
1 0.9997974951558717
0 0.14045082950802995
0 0.19651861944976282
1 0.8400046536331214
1 0.9968413880960979
1 0.20067186612325247
1 0.6745358149205054
0 0.3597002972678564
0 0.2021174194513635
0 0.43760299609164066
1 0.5838461752544543
1 0.4594265520813345
0 0.7896595976529077
1 0.4645613241113287
0 0.45568012512409306
1 0.25940683030503575
1 0.28256880997472733
1 0.6572603137003622
0 0.4422255431289898
1 0.24780487004410287
0 0.06691812538470075
0 0.3575311740621911
0 0.3338320565498338
1 0.27792503602824664
1 0.26516512342219084
0 0.46687049556700483
0 0.38548839579450045
0 0.019721960498001227
1 0.8952969966863725
0 0.2806121828388045
1 0.995133880931805
1 0.3623079234544369
0 0.7265690553003104
0 0.25981683927826843
0 0.16579625355728833
0 0.3245632470637424
0 0.4362842633564812
1 0.84479301624618
1 0.9994208691409094
0 0.5382257565750534
1 0.37762889986632214
0 0.8940776423416216
1 0.26537363084308974
0 0.2604490451850197
0 0.15065732388300757
1 0.8078531265129554
1 0.8595510787132802
0 0.2913842855633071
1 0.23076255143530613
1 0.8822191426282799
1 0.33306656023829356
1 0.999986316022925
1 0.3796362517551349
1 0.8085574268639921
0 0.31179046200375465
1 0.2593107560175668
1 0.33135749443001034
0 0.23773288337984472
1 0.7957085256126941
0 0.21962358695080703
0 0.3367379592224754
1 0.5250043263995503
0 0.10082253328527176
1 0.7457049946328795
0 0.25270794706301186
0 0.23915630108740646
1 0.3983449090315907
0 4.8154719856689375E-4
1 0.8095143706247503
0 0.31091328417610775
0 0.05646869768083556
0 0.305162098650907
0 0.19433548795970015
1 0.7346738308763948
0 0.21811457136017298
1 0.34515774377030733
0 0.3178584426713403
0 0.2772561832442784
1 0.4206842543925743
1 0.23563000978373771
1 0.28479354457866757
1 0.9476358561417773
0 0.2163806264527982
0 0.15288345305995257
0 0.26712529439036453
0 0.31598274589052994
0 0.6789039301650809
1 0.4174825218638633
1 0.8857729418360846
0 0.29641496076303675
0 0.2696535926243247
0 0.20099196058103763
1 0.9966013829738918
1 0.3773772062664765
1 0.9990553756672726
0 0.8493370652775423
0 0.13464493960224977
0 0.23785318908297498
0 0.3167890892212243
0 0.20627932288191603
0 0.3988318027513289
1 0.9958468909320491
1 0.12415702664442162
1 0.9973849080890967
1 0.9765940289913922
1 0.9127417979068092
1 0.2532319051345485
0 0.4395480909318086
1 0.9252683033289318
1 0.9022321907913461
1 0.32882809475882807
1 0.32092129207705405
1 0.9999986833615573
1 0.9231254588004696
1 0.9997682272773089
0 0.3426226261742636
0 0.24019924028696707
0 0.5688829275940418
1 0.999999998978665
1 0.9988357772655271
1 0.9792579142285354
0 0.834418078480866
0 0.24687756327236876
0 0.37059824822487136
0 0.28020963097749335
1 0.4153917238423259
1 0.9874122515247776
1 0.3439797537367756
0 0.4377612618109788
1 0.7541163701940087
0 0.1421597766597418
0 0.2521453116897913
1 0.8969661559422822
1 0.46441161313491874
1 0.2542337126735002
1 0.44560613851675496
0 0.043747676761689246
0 0.31707253084315107
0 0.06741681983076885
1 0.4938455623996182
1 0.3515923700972073
0 0.30794639743808433
0 0.2906856608760915
0 0.09984707919115841
0 0.2512078246034714
1 0.3599006423974399
1 0.9178184222737507
0 0.21204230394211876
1 0.9981704899136792
0 0.13687212850343228
0 0.41461419960972035
1 0.7708424586023791
0 0.28199330900320246
0 0.3187112430177948
0 0.26903495445333947
1 0.8499276338089842
0 0.23339286555929017
0 0.28219729235207425
0 0.4600520143150701
1 0.9995778937489836
1 0.6356706967386412
0 0.5088228126813723
0 0.23879347908704826
1 0.4777591160622968
1 0.7155482798701484
1 0.4995160450675196
0 0.7232321659523797
1 0.9999754011134833
1 0.23848579281110555
0 0.2722331304294127
0 0.19353849058570483
0 0.48790388580508254
0 0.10024635510817606
0 0.289697721618173
0 0.18797681022293178
1 0.9960801071210641
1 0.29053152131244525
0 0.2464993575974205
1 0.9872761596343227
0 4.632333621323535E-4
0 0.2873440813335195
1 0.38988484136371093
0 0.212264605688358
1 0.9408259783666741
1 0.3402540382013173
0 0.24960411542956792
1 0.9049714393279188
0 0.7266244653277668
1 0.27877363050787834
1 0.996870076387104
1 0.3288989439237445
0 0.5514280078539108
1 0.24041290476517863
1 0.9986627949911954
0 0.1782573836448134
0 0.47705599530868587
1 0.9976982697794597
1 0.9998872323438919
1 0.7361565731402129
1 0.9840994507691407
1 0.2819710973659192
1 0.5036630691940455
1 0.9999164451257602
0 0.09688941997663321
0 0.3050766238461224
0 0.2511358955307872
0 0.009426015881187954
1 0.2827489383115577
0 0.044402618825738004
0 0.27279645361038385
1 0.5582795430999958
1 0.9999981152586654
0 0.2685992592646197
1 0.808467093349808
0 0.21351055399363267
1 0.9474710304514709
0 0.28508379669552114
1 0.9999977822238071
1 0.9780535184688103
0 0.11766415893519978
1 0.9587860222267985
1 0.999832096033275
1 0.99972392543464
