1 0.7364745799005328
1 0.3965112624305167
1 0.5341536828334926
1 0.629478478926058
1 0.9990059953861579
1 0.9999267734275429
1 0.3454332590094265
1 0.4159237724203411
1 0.6604516191639551
1 0.40378462787995223
1 0.48789487746704613
1 0.41975133700668
1 0.4116008833873183
1 0.353702186712225
1 0.4077307843347325
1 0.9391439732321505
1 0.45022999485892035
1 0.4764593462724908
1 0.4634941223144568
1 0.43335059787097846
1 0.5522708274483509
1 0.4656322760020567
1 0.36714874616090015
1 0.345394944065988
1 0.3300481857269481
1 0.825808420201709
1 0.3491655171132297
1 0.33892738735261085
1 0.8273401056022198
1 0.47476087176365295
1 0.345379042293595
1 0.9560498005906672
1 0.5315967950954534
1 0.3427463708293369
1 0.797161831355633
1 0.5289193817630664
1 0.32287283247345666
1 0.4341647840219124
1 0.9977369997867043
1 0.40452345687565067
1 0.9998012972622795
1 0.5641924335848657
1 0.3682411453231497
1 0.37053852992460273
1 0.9983927309991255
1 0.47499527594650115
1 0.9254322011924101
1 0.43738759472787325
1 0.6364094605208873
1 0.8603899123205707
1 0.9988351792113318
1 0.37738580654832865
1 0.9659360930089778
1 0.27980774867427494
1 0.9886459085493842
1 0.3205740744270271
1 0.3207405762895371
1 0.9107035732258263
1 0.7472448127132876
1 0.9857204890809015
1 0.8986887266083415
1 0.13956522519974787
1 0.396965594471445
1 0.9986048931360306
1 0.9993771749417376
1 0.5213454739460617
1 0.322804183210029
1 0.9920001994273167
1 0.7383185240120742
1 0.32387249398373386
1 0.8381620639967526
1 0.9999358355624451
1 0.39375147049387543
1 0.3370562806512373
1 0.3124348117656489
1 0.4642118071162392
1 0.4245312033936158
1 0.8758379327742128
1 0.9944187221892907
1 0.27006143736774485
1 0.996896401312301
1 0.9937627822535973
1 0.994904918586744
1 0.9877114773712169
1 0.9494210741757394
1 0.9709212454439767
1 0.912372498207863
1 0.4253928313649584
1 0.9541142841225739
1 0.9852912289699871
1 0.9312682314570098
1 0.9940034328335786
1 0.9905424783643897
1 0.43156788392654477
1 0.9183100708576633
1 0.4118968293811876
1 0.5387612724395504
1 0.8490479501384126
1 0.2704307860270627
1 0.9909839030942941
1 0.6874493791714551
1 0.974442739463369
1 0.38989329039184323
1 0.9301372918515923
1 0.5076465803905135
1 0.9338524847048192
1 0.3790301862405561
1 0.9943862682172965
1 0.9928977309792788
1 0.7352492372731546
1 0.4463048898401549
1 0.6757696146235271
1 0.38796316977908657
1 0.8238272875868977
1 0.6493383824450581
1 0.9175924366025454
1 0.9999990825740047
1 0.7981462416242642
1 0.8404802871665497
1 0.9702108042117424
1 0.9978488746742837
1 0.5255746676460483
1 0.582064710036142
1 0.5942042954865681
1 0.47851165222026065
1 0.9986644651361373
1 0.9477280056004723
1 0.4110291876215931
1 0.998262420894531
1 0.9812860197906783
1 0.7591033395207457
1 0.9705448549526661
1 0.6537666965410973
1 0.7680121198453431
1 0.9943270485701013
1 0.16357444790159847
1 0.9936675568110854
1 0.9923300594539919
1 0.7019614185241656
1 0.6127543238334678
1 0.2500713423486063
1 0.43337836463165064
1 0.707467224880261
1 0.4327852417505308
1 0.9903955680062683
1 0.38982017206806374
1 0.46210183113878367
1 0.9982944358893181
1 0.2763498862511746
1 0.7470689600956284
1 0.3644948772810485
1 0.9975343204514058
1 0.9335081366728626
1 0.9990580077345624
1 0.3060352658149072
1 0.6386758340231558
1 0.9484950174939746
1 0.9992199488217482
1 0.4868547181076608
1 0.3834468472643765
1 0.9965892464000776
1 0.5076879808152712
1 0.6715332656074382
1 0.8328804596197801
1 0.5628491797286075
1 0.9951781108050562
1 0.8125079131814318
1 0.9976093224278045
1 0.6648107396248704
1 0.7370079759632532
1 0.3242112705633121
1 0.3906853808518435
1 0.6187427117019209
1 0.30890037445492535
1 0.9856676746420332
1 0.34271076125747624
1 0.37611342190351466
1 0.3565158747857218
1 0.3206447311706589
1 0.9975425705772613
1 0.9707209206670983
1 0.9525771151747241
1 0.34330115883420476
1 0.6032905954347387
1 0.7383504043287018
1 0.7899756607960587
1 0.9987113261407312
1 0.598800996421199
1 0.9936798680557992
1 0.6150815607735205
1 0.7095642950412623
1 0.3445435172831694
1 0.3407946666382591
1 0.3579401148272715
1 0.36560953744229163
1 0.31982847696910544
1 0.44897600198015186
1 0.3554077307551275
1 0.8859460977437411
1 0.2981871010964809
1 0.9950852564364697
1 0.9870264534916716
1 0.999988052432401
1 0.4861669352044043
1 0.7716790046154718
1 0.9766681527307618
1 0.985550956189935
1 0.9888413722146954
1 0.9999776647260656
1 0.9990430910771271
1 0.9999468764336771
0 0.3549925642239982
0 0.3268629721723392
0 0.2676209192983287
0 0.45519408059559746
0 0.0010062454151231045
0 0.210584616005046
0 0.3655084187309544
0 0.6724279384538379
0 0.3770756763605262
0 0.8067565339756024
0 0.31540876304690707
0 0.26647092403127737
0 0.29550469901897497
0 0.32134880509727654
0 0.3843054146083141
0 0.351336748158242
0 0.29167111969701165
0 0.34494074038061356
0 0.22092584839856988
0 0.3057954951902436
0 0.06766848671864642
0 0.3893021028353414
0 0.18811547271002305
0 0.26337407693941645
0 0.3307408598957683
0 0.5448631899496091
0 0.3720927377675794
0 0.5151969402322194
0 0.41360484920814666
0 0.20309924479406546
0 0.37074457760971
0 0.29269739351667917
0 0.7729587993691156
0 0.18413848479178552
0 0.340895369518206
0 0.15808799755252503
0 0.4487909668329176
0 0.14625069553187492
0 0.28476752571806563
0 0.3216194164942888
0 0.31621293861706135
0 0.2959584676661565
0 0.45551510978930343
0 0.2545597385749716
0 0.35402469392547903
0 0.5194269012921273
0 0.37824198763018335
0 0.24853395349745944
0 0.08572310382912085
0 0.07246300221959188
0 0.27688686598444634
0 0.1835344078973955
0 0.3218186500071143
0 0.2733266431075565
0 0.4360797656356681
0 0.3425645620018215
0 0.39733253472862373
0 0.2986299522698013
0 0.6580690901595597
0 0.43869707591677853
0 0.2821446539190177
0 0.09316849859848046
0 0.33421991753142616
0 0.34671677518370925
0 0.5052910580514322
0 0.12202929655886095
0 0.32918477136030927
0 0.4497310202616328
0 0.34396290928726014
0 0.44822712879584337
0 0.23969461358032612
0 0.5305464355851732
0 0.32702421104547497
0 0.09958600608093063
0 0.27604081130799446
0 0.3017524620018865
0 0.5444068329677599
0 0.7349205503103159
0 0.35598473642843487
0 0.38291616804011397
0 0.40669118494594664
0 0.447769814737845
0 0.1772436623470705
0 0.3457567449064849
0 0.355511595280137
0 0.32347250479869144
0 0.3416684370736485
0 0.2578740711756027
0 0.14852995039385378
0 0.6858837013741667
0 0.436126956422716
0 0.2964919060248867
0 0.42551334859526424
0 0.36101901781569534
0 0.432148371394686
0 0.3496497607451638
0 0.3696377686514519
0 0.29479375268709196
0 0.44542857096345656
0 0.3203582976265623
0 0.2824168000292129
0 0.3309305392378795
0 0.34308032422688256
0 0.45144270961203986
0 0.17071269042987874
0 0.21983113653328887
0 0.4212704233078681
0 0.4717352244112528
0 0.4285791280231932
0 0.42698625145297814
0 0.14814230178336507
0 0.25181524033569175
0 0.441656693259576
0 0.6006546494236152
0 0.06456807232098104
0 0.36559742978370535
0 0.5351347347500006
0 0.08467702614799637
0 0.08646219405717881
0 0.36509269177342846
0 0.6269535958133284
0 0.2276004697669247
0 0.3430728907079503
0 0.35000379279013005
0 0.6929827968248164
0 0.2768236096558155
0 0.02162963582935027
0 0.29929418612161585
0 0.378931955388784
0 0.9823123738810013
0 0.3188551366361947
0 0.35064305422469116
0 0.26404854486698387
0 0.42587730471378504
0 0.4965366810392692
0 0.31878399617260816
0 0.36930424815083773
0 0.0690767626298431
0 0.2568477567379786
0 0.3344934391340382
0 0.5859387551868698
0 0.13126922435865673
0 0.3117288133060211
0 0.34740158903141255
0 0.6349290346612629
0 0.3513341003043434
0 0.35025784638476043
0 0.35402512221023696
0 0.3300272766193828
0 0.291428890542049
0 0.3195093084411461
0 0.003999045447108059
0 0.28555819867309196
0 0.3878794767330998
0 0.3967464408813051
0 0.06330854231577242
0 0.27535412665437864
0 0.16237790990781412
0 0.2607220433617794
0 0.3033398956476742
0 0.26630993003593545
0 0.4938837277369519
0 0.5160364198950304
0 0.2577141361350857
0 0.31041154183103503
0 0.357006624420755
0 0.4696511108505053
0 0.0010283073988662256
0 0.38177861570405247
0 0.35221105563564015
0 0.3162569448754256
0 0.3435837775147089
0 0.45211868545058764
0 0.259657464973672
0 0.7507816697199345
0 0.9997730690204225
0 0.1351298124859077
0 0.2955236596487204
0 0.29839614824764293
0 0.339166687366323
0 0.11320402368920167
0 0.01698666019164737
0 0.12619364125784574
0 0.33059113008664764
0 0.317829627179104
0 0.07686509761994977
0 0.2313351993830201
0 0.43766967706022747
0 0.42825588145311316
0 0.4294575792715991
0 0.3152384324439782
0 0.13365910796723923
0 0.1763409101989214
0 0.1120623255753123
0 0.46449055719285476
0 0.1845013196470059
0 0.2911799723345445
0 0.04147477255491203
0 0.25739277254162773
0 0.27703592509804076
0 0.8403495280663403
0 0.355940743404459
0 0.2199877629136644
0 0.38476968679519896
0 0.29669411241343724
0 0.31085818766999423
0 0.2629872750308678
0 0.3566266920807174
0 0.4507996895603652
0 0.5344628417386956
