U -0.4075124743789776
L 4.526652806949733 0 0 1
L 2.1825238322583114 5 5 1
L -4.800347484261071 2 2 1
L 1.8338720507826838 7 7 1
L 2.004461316979769 6 6 1
U -0.40751247437897264
L 1.8338720507826851 7 7 1
L -4.80034748426107 2 2 1
L 2.182523832258311 5 5 1
L 4.5266528069497 0 0 1
L 2.0044613169797674 6 6 1
U -0.407512474378972
L -4.800347484261069 2 2 1
L 4.526652806949697 0 0 1
L 2.1825238322583136 5 5 1
L 2.0044613169797665 6 6 1
L 1.8338720507826818 7 7 1
U -0.40751247437897337
L 1.8338720507826833 7 7 1
L 2.1825238322583114 5 5 1
L 4.526652806949702 0 0 1
L 2.004461316979768 6 6 1
L -4.800347484261065 2 2 1
U -0.40751247437897237
L 4.5266528069496985 0 0 1
L 2.0044613169797696 6 6 1
L 1.8338720507826847 7 7 1
L -4.80034748426107 2 2 1
L 2.182523832258314 5 5 1
U -0.4075124743789729
L 1.8338720507826833 7 7 1
L -4.800347484261063 2 2 1
L 2.182523832258312 5 5 1
L 4.5266528069497 0 0 1
L 2.0044613169797647 6 6 1
