1 0.7630904510529516
1 0.3560799729047719
1 0.5164959819670245
1 0.2669325492970399
1 0.9834384262403939
1 0.9995747349978219
1 0.474616226101143
1 0.8748687908450405
1 0.6115801852600532
1 0.563444954825969
1 0.6468569035391967
1 0.39229645046841843
1 0.9054022770402534
1 0.24938087146946364
1 0.7910925167633039
1 0.9023296686817605
1 0.6702718131570342
1 0.47561121274580287
1 0.5796939445785758
1 0.47716634669766733
1 0.6455109316015915
1 0.5245468715270031
1 0.4007827403830085
1 0.30241024424118185
1 0.23733173028787086
1 0.8716194753060073
1 0.2949396171275797
1 0.25037952648212425
1 0.7363621744333458
1 0.4645525389849627
1 0.6920504165963665
1 0.8530943839377342
1 0.6560906663349406
1 0.27873852716584113
1 0.6432570443154773
1 0.8921694179334282
1 0.5290923629051709
1 0.7260750378601164
1 0.9938999141024161
1 0.269341970642022
1 0.9997636597063524
1 0.6246097360759162
1 0.2777085665464649
1 0.46483975063006033
1 0.9896185940860956
1 0.7331901833850105
1 0.9895974343235612
1 0.30829736190304197
1 0.7997825818483264
1 0.9218857980417691
1 0.9989168310447225
1 0.5748690400859481
1 0.935503073189086
1 0.2625318205580376
1 0.9946897555398021
1 0.4516615595631609
1 0.2279385189488043
1 0.8939752444110226
1 0.7760102874551833
1 0.9940361448985422
1 0.9521271476010849
1 0.2815345250512077
1 0.34268122063276607
1 0.9819077982078293
1 0.9824786518276635
1 0.3184513234982731
1 0.2918097432662278
1 0.9842261461701782
1 0.8854718792562759
1 0.2544225175689556
1 0.9530479447901901
1 0.9990458858509383
1 0.510850011066827
1 0.3434048108888081
1 0.31944836454292996
1 0.7094750384141311
1 0.21341980498322047
1 0.8674946507198754
1 0.9860952668572343
1 0.4126570051321669
1 0.9959718306888704
1 0.991480071623465
1 0.9542770749528261
1 0.8829461828746524
1 0.8866017247600677
1 0.9639266446232605
1 0.8932470213776607
1 0.22690738174628086
1 0.9500650365835136
1 0.9742143001323176
1 0.8857719663374738
1 0.9874014744573846
1 0.9792728459758289
1 0.4857384843646115
1 0.881981912165672
1 0.5106396654585103
1 0.430515199306366
1 0.8044283834709793
1 0.21494056244783338
1 0.9917602593806452
1 0.5950362400182054
1 0.9858658107768705
1 0.3551545788047137
1 0.3538886548125496
1 0.4467732041206106
1 0.9421697961446436
1 0.3121943822947449
1 0.9960654396146871
1 0.9871058201303302
1 0.6848625629085213
1 0.31358486821658005
1 0.8762257666091844
1 0.22873032017423947
1 0.8364455477765641
1 0.5560795132012506
1 0.7414022737124568
1 0.9999294768419352
1 0.6143552853243551
1 0.7140935189298518
1 0.9467853978948417
1 0.9956081141521067
1 0.4805717699258144
1 0.38563834808140607
1 0.7969385456297771
1 0.2288680097259843
1 0.9968358034960648
1 0.8293672296041988
1 0.7087080939239578
1 0.9908702168991969
1 0.8734643293779367
1 0.7347935217673529
1 0.9642533712304777
1 0.8417451139299181
1 0.6111766489741232
1 0.997879336920125
1 0.08879766114200266
1 0.9905093109646633
1 0.9277901294762876
1 0.904274616824979
1 0.6669456013015569
1 0.17525052645564168
1 0.18102012355182462
1 0.8086725452029745
1 0.33605149453761696
1 0.9951754574399361
1 0.4922505865599253
1 0.8279189187843607
1 0.9988957661076338
1 0.2031024391079342
1 0.7962884317200122
1 0.2044357157372506
1 0.9974704899008076
1 0.8630374866592901
1 0.9987716961491798
1 0.20791867391329544
1 0.7380655501701104
1 0.9769942609492424
1 0.9992103829175129
1 0.7241349773009431
1 0.432761066084996
1 0.9922110563235828
1 0.585850732270654
1 0.9456240359807269
1 0.7967305564586336
1 0.5294924862059768
1 0.9968081882665542
1 0.8675485355708874
1 0.994808633257597
1 0.48847034648243426
1 0.8263043454913654
1 0.4183622031878057
1 0.4222843902520796
1 0.5817289966134526
1 0.21459707176817266
1 0.9914705959136851
1 0.47461086375495726
1 0.30236471737580217
1 0.22480052506150616
1 0.2023012407058959
1 0.9971724066678558
1 0.9657239017346737
1 0.9786532771055584
1 0.3963002339850368
1 0.7462112633809139
1 0.9506417514952147
1 0.9445827666292629
1 0.9963828159802368
1 0.6248940416807586
1 0.9919386411609525
1 0.20631944725603185
1 0.9539007072542603
1 0.4721921724266269
1 0.22457280837811494
1 0.3857011058329723
1 0.27507524146356227
1 0.21812135382961537
1 0.9170365155673706
1 0.4111143062779331
1 0.597179274103258
1 0.4286516117813071
1 0.9938777979349862
1 0.9887788332043577
1 0.9999180589999188
1 0.811083051064159
1 0.5685378249986504
1 0.8295391777521909
1 0.984761490815501
1 0.987353655985439
1 0.999643636297981
1 0.9961634492415163
1 0.9987090571546449
0 0.291201112089638
0 0.2274780803645644
0 0.24174563381269526
0 0.46751351314453315
0 0.008616392831046411
0 0.15914599279342
0 0.4192329558273391
0 0.19546209264334
0 0.30938388625641217
0 0.24473062128291778
0 0.32629869637280046
0 0.1769153140741018
0 0.217057338772643
0 0.2705277074268606
0 0.2752707930747905
0 0.39877403298209113
0 0.21991696998552887
0 0.25677129899869966
0 0.2553349687171545
0 0.33285834978315465
0 0.10299613562139916
0 0.39704184237630674
0 0.23512141577034054
0 0.2195122134364953
0 0.21382752884992332
0 0.5563414454719464
0 0.4389229327101281
0 0.23875874467482294
0 0.7410030320737174
0 0.3294006793213109
0 0.3462587917894087
0 0.36213721128892523
0 0.8156870133551009
0 0.2610349687249002
0 0.5361834939200694
0 0.2000383777155701
0 0.3542269932366198
0 0.12174289463871542
0 0.2910123140760254
0 0.40233825304265003
0 0.24103499940680173
0 0.15433687269320961
0 0.3636860743204122
0 0.2624035143825925
0 0.26182989398722245
0 0.5402856543439337
0 0.29178317266963144
0 0.21902973478040816
0 0.11132466676672143
0 0.1063562829985588
0 0.224972651446754
0 0.1252615085989432
0 0.44956013944967893
0 0.22723701017234277
0 0.22470777657848645
0 0.2497173741507106
0 0.20967274498697788
0 0.26817553957742213
0 0.7648837889542471
0 0.3828269528660305
0 0.2808482351439047
0 0.20735925959675983
0 0.4532360913202701
0 0.39866436525685184
0 0.536192474886666
0 0.20688431515045294
0 0.42940413957646495
0 0.5912974933886965
0 0.34421081118265945
0 0.4295162234710952
0 0.360186423953434
0 0.6697069693051824
0 0.36767690366948663
0 0.08138112127876121
0 0.24182949465346426
0 0.23256092969881956
0 0.48710831217356093
0 0.6511747809822501
0 0.227812756117581
0 0.21552160392237465
0 0.36534382777250574
0 0.5377170427478263
0 0.2332806290655894
0 0.41667717981861424
0 0.3850781288093025
0 0.35794521880858
0 0.2326425819454408
0 0.2092660771305232
0 0.09062419030760757
0 0.610246376816395
0 0.4224985636551656
0 0.18120113306568864
0 0.5280722178814968
0 0.3021767090507333
0 0.6073823358896645
0 0.31658597095921326
0 0.38124541347766
0 0.4085593349209834
0 0.18760078732834917
0 0.25350165319745877
0 0.17366874801274537
0 0.3524704194137303
0 0.40901936947805306
0 0.28297503725873097
0 0.21089791431534222
0 0.23386705344282752
0 0.4086698747606756
0 0.47512019968545405
0 0.20729868199417587
0 0.19992980785096395
0 0.11623696829530715
0 0.24157797156775707
0 0.7164253348972139
0 0.8019654250311488
0 0.15276232319751537
0 0.44624699231759524
0 0.45750776545221233
0 0.17261038594467937
0 0.16515334205870622
0 0.4633279153730705
0 0.3468101123992893
0 0.6425119054356608
0 0.22066209450086108
0 0.23867561347432767
0 0.21125423340109903
0 0.2539626578709565
0 0.0867535609806384
0 0.3443307199004593
0 0.4762021604367485
0 0.8393830792754648
0 0.39454705882227875
0 0.3544363002503328
0 0.20441127843272905
0 0.29060453815192416
0 0.5029803134311378
0 0.2839490698893006
0 0.2561685514314167
0 0.1351408995634029
0 0.3032044633603554
0 0.5151748873107697
0 0.7637260521707216
0 0.1736435201499969
0 0.30725666767177323
0 0.22806723529787826
0 0.5316560443903104
0 0.3876949455632885
0 0.3025782395625267
0 0.2876778418798718
0 0.387477786639068
0 0.28297503725873097
0 0.2964610174083286
0 0.0208853593006612
0 0.263407186785684
0 0.3145303951283719
0 0.46047095708323
0 0.09947093641298299
0 0.2496454878884843
0 0.15002501213697655
0 0.31339894693165754
0 0.26920773527527936
0 0.20519227369952317
0 0.5427087855741658
0 0.666485485487934
0 0.3070619697065998
0 0.35050952212747394
0 0.5056066159269367
0 0.4720312306634341
0 0.007177086619435384
0 0.3890514003892496
0 0.32629869637280046
0 0.2607277098264524
0 0.38496981587852663
0 0.4125014548012212
0 0.11629911973942103
0 0.577821281815043
0 0.9806703984779997
0 0.20797353091801146
0 0.25071671187706945
0 0.3615920305768419
0 0.36324568785133443
0 0.13235853691859353
0 0.05629891222348101
0 0.24258235601570202
0 0.32789008888519733
0 0.3253619570234648
0 0.10672568496194099
0 0.19826630370565437
0 0.25259522074342267
0 0.2714605366966343
0 0.48886107992924
0 0.4572759986902901
0 0.11462039201456214
0 0.15285213003841477
0 0.09513878170427949
0 0.43656233037594283
0 0.16043366339153936
0 0.213111534832082
0 0.06257071531618409
0 0.30746713150796007
0 0.40626157883031333
0 0.8709924772134034
0 0.2570473582802773
0 0.19803654592686493
0 0.27478535558463196
0 0.2621094738634568
0 0.34691374490138444
0 0.19630111471775774
0 0.16036213173979122
0 0.4299052302833719
0 0.6579523685539911
