1 0.8952856927268185
0 0.3295605980254263
0 0.07549628251395187
0 0.11132629624017494
1 0.4374618076269156
0 0.2482156701615818
0 0.283631300694999
0 0.28217849497168296
0 0.3375464056620969
0 0.4114812546280745
1 0.9882343492130037
0 0.3681396497611642
0 0.32838397208803105
1 0.9504345945975975
1 0.599847326189684
0 0.40472861446859987
1 0.9729935779201815
0 0.2674452776130142
1 0.4029491763460329
0 0.2874778213172156
1 0.9950621627482763
0 0.4834049588197146
1 0.8816437232730655
0 0.34600489546626517
0 0.335894591063491
0 0.22820194472038896
1 0.331648633291576
1 0.994660459819593
0 0.07367698360172108
0 0.3069015828564827
0 0.4436840879743729
0 0.3850688659107316
0 0.14283004190476134
0 0.2772961486275231
0 0.33201405845297044
0 0.2906898758946106
0 0.05128573368064917
0 0.7715632388713569
1 0.8605020148011031
0 0.3275426654604044
0 0.5398863448069943
0 0.3640097369501854
0 0.40283595025370306
1 0.9999195096622927
0 0.32000458286993366
0 0.31829936734129816
0 0.4309488025198007
1 0.7872028488104154
1 0.8962838844348799
0 0.31330320634052483
1 0.994083242479714
1 0.3385866265718065
0 0.3023949757309506
1 0.9663096449944488
1 0.5065830457567144
1 0.7694431128826537
1 0.38396203820664476
0 0.16424359367756067
1 0.9684450948496338
0 0.1769949886485864
0 0.2678735706550039
1 0.807650811994989
1 0.56414527881229
1 0.9943314714954381
0 0.5064990872283113
1 0.3719647323708721
1 0.5803016539457508
0 0.4160256964637478
1 0.9937464250128222
1 0.479896423767843
1 0.998982168661019
0 0.3192742217591962
0 0.2955183039757841
1 0.6711361569861563
0 0.30366640578398674
0 0.4031695897231823
0 0.6391446696580749
1 0.2764861878465173
0 0.40728917002711246
1 0.42253252835132127
0 0.30689930424513984
0 0.12255608147216485
1 0.9805880443615581
1 0.3087468746859884
0 0.32708466591925467
1 0.3240316585620177
1 0.34886851290361653
0 0.29458088494640144
1 0.7541458791821262
0 0.2899660071186557
0 0.35217642337820526
1 0.459568366516969
0 0.14045531834093078
1 0.5800675029064758
0 0.28398944817044564
0 0.2889706717847788
1 0.4003573420391115
0 0.001963053263942395
1 0.5980373691985803
0 0.33610244302426406
0 0.09677017792933586
0 0.3469879411548143
0 0.2525086354619528
1 0.5815246468277977
0 0.28582078098645003
1 0.3581706695372465
0 0.33288841376937733
0 0.3174959514650226
1 0.40953353821446564
1 0.2883543277935463
1 0.26939402562663783
1 0.8779649966845954
0 0.284736905272515
0 0.21964387575590044
0 0.3253059095552275
0 0.3529819239071192
0 0.5504843472426331
1 0.331407174092146
1 0.700522625291721
0 0.33509593119820985
0 0.3065091769789551
0 0.2507472902636763
1 0.9949505593139851
1 0.7177848565169975
1 0.997159212587559
0 0.6502584723010562
0 0.18223790977490614
0 0.260245387235132
0 0.3570030861273373
0 0.26903170428129336
0 0.3786348818156909
1 0.9154123796665707
1 0.14951542052357886
1 0.9871931610164302
1 0.9877953029817055
1 0.7019422378062078
1 0.3104018753035685
0 0.42204172534903384
1 0.8339208241875887
1 0.8327899302199486
1 0.3580810244862102
1 0.35025634044427634
1 0.9988525894822502
1 0.941222822228966
1 0.9947375684124501
0 0.360248396841437
0 0.29280770253402844
0 0.48531165054895653
1 0.9999984572467895
1 0.9976120642007593
1 0.9197186266819338
0 0.6547089874180497
0 0.2870526605677482
0 0.3897835595060044
0 0.3328836560072835
1 0.3913564120324037
1 0.9891998564866747
1 0.37435126393498247
0 0.7082222872691223
1 0.5838526604082643
0 0.15823293112416068
0 0.30973340610936906
1 0.7874047277240788
1 0.4102686013073291
1 0.6665223610628337
1 0.3995859514100186
0 0.07817546142096608
0 0.33943695781926037
0 0.09718698235534616
1 0.3377970583209459
0 0.31444647773424006
1 0.4222077270631682
0 0.27389971483080616
1 0.2995977633215043
1 0.9310285690284397
1 0.8233044121195822
1 0.4131442538492276
0 0.8500038502414099
1 0.909498188604254
0 0.26715174976282685
1 0.38632640092763715
1 0.6646573274221425
1 0.9966959627424701
1 0.9999834496032836
1 0.9986130857787107
1 0.6148770113287163
0 0.30660516458968146
1 0.9906075203574631
1 0.9982614923789194
1 0.38829535348383776
0 0.3659707678642501
1 0.34900459647780574
0 0.6448897439181724
1 0.9894707189986256
0 0.33878707641591743
0 0.3512411479013055
0 0.25322979042883775
1 0.500549476255787
1 0.3404346516316031
1 0.3233365399898283
0 0.3349679987504644
0 0.09531604153695228
1 0.7338055492669637
1 0.3100489076235697
1 0.4159873545840916
0 0.006490293325599897
0 0.22968799632486575
0 0.21978439600927596
1 0.3073368168339926
1 0.29505844187898184
1 0.37233728660457954
0 0.29778258249024747
0 0.24518757342024905
1 0.9034399890313722
0 0.3393317192918641
1 0.8575573838219134
0 0.2771999449463069
0 0.1882195865254513
0 0.5918999393256518
1 0.9969822265113268
0 0.41089283059839005
1 0.4563833863641928
0 0.26104159527599574
0 0.08274787673108346
0 0.40372327575675454
0 0.31865129928114955
1 0.6160858756104212
0 0.9995523096292381
1 0.36766139581101187
1 0.9158730610267577
0 0.15342479769955208
1 0.962832231931173
1 0.4520171576155471
1 0.410576590241686
0 0.7810067561804375
1 0.8480124488888193
1 0.7388247616513042
1 0.31091595089118884
0 0.3031268196397408
0 0.9740018663877018
1 0.9967466099778736
1 0.9361753653343251
1 0.32798076071018284
0 0.7112132411629273
0 0.34809014400796917
1 0.699975935248736
1 0.9999593870992908
1 0.997046850855862
1 0.9880712532813178
1 0.9930778651865259
0 0.42837267336659984
1 0.9887632627582915
0 0.25671747274296686
1 0.44711311737939974
1 0.36444961105765955
0 0.32757205209954493
0 0.3250047507726685
0 0.12359475218989122
0 0.29926174059322175
1 0.38437637229856303
1 0.936800972391388
0 0.26953266685786653
1 0.9975468739230992
0 0.18844814408944413
0 0.4053665518247241
1 0.8746281239044521
0 0.3373889839542196
0 0.3580648870261725
0 0.30948867927306656
1 0.6689987305555646
0 0.2698996755417534
0 0.3271108876521695
0 0.43645057615013677
1 0.9947479012816322
1 0.5195361622774307
0 0.4269610003182563
0 0.28875702109923823
1 0.4373753075050309
1 0.567744341961771
1 0.4399286050214667
0 0.5661592272551357
1 0.9997614211561076
1 0.3082218430804406
0 0.3282804573672926
0 0.2520072863479039
0 0.427750238436709
0 0.14372282189218444
0 0.31764776699350616
0 0.2573353822305278
1 0.9356570108813815
1 0.3278172822326047
0 0.2900410664953013
1 0.9883122398894518
0 0.0019238280233823623
0 0.3300172061547238
1 0.37776276486079624
0 0.26966920333525557
1 0.9706206228613699
1 0.36876591145148646
0 0.3082283014989935
1 0.7699340033100103
0 0.747816528327456
1 0.3270102544377337
1 0.9402924767167453
1 0.35263108573976326
0 0.468306332605544
1 0.3066762274740371
1 0.975094283865587
0 0.2538606791915637
0 0.42221521920460103
1 0.9934010079760922
1 0.9975368530892423
1 0.5618484386496915
1 0.986192770519653
1 0.3286691039016007
1 0.6898325837277514
1 0.9989144530283605
0 0.13572494955412936
0 0.3434101546056863
0 0.31248179260228276
0 0.02322692640880557
1 0.32773634768013093
0 0.07955726296164191
0 0.33206215147885937
1 0.4778132018300613
1 0.9998728142767888
0 0.3092417709288469
1 0.624108709899536
0 0.26128894741098113
1 0.8166475155067192
0 0.30840538200816076
1 0.9999304057694264
1 0.9780957260203594
0 0.1683611288132192
1 0.9514929686177951
1 0.9969955531436705
1 0.9816657452012312
