1 0.5338137470226039
1 0.911431685107101
1 0.13998474118972395
0 0.280696137063634
0 0.42009655907137045
1 0.47144374913084935
0 0.4702630359704413
1 0.3090544173522359
0 0.4707245658844489
1 0.9840337934413855
0 0.1453957510980019
0 0.3586539836264745
1 0.3964219104971725
0 0.24384075121227333
0 0.14931808006226557
1 0.5801672468071655
1 0.5091592806384928
0 0.43393998598031247
1 0.42691719342902024
1 0.8518576066648509
1 0.9943507672131255
1 0.942253368595043
0 0.22115717869217952
0 0.3615794485329275
0 0.16499320926134414
0 0.2810183328002511
0 0.8778893772293949
0 0.433828798384428
0 0.09793116922785777
1 0.9985135679307157
0 0.2299527086891707
0 0.3300564754820888
1 0.6591679615621541
1 0.9961900205421426
1 0.3433189681982356
1 0.9272870664138692
0 0.43414528828959864
0 0.3565790137770949
0 0.479953560579713
1 0.5467835735007893
1 0.4894584462090915
0 0.612818183362852
1 0.5037881473195764
0 0.4874144452135549
1 0.3825610765935629
1 0.4208177757317416
1 0.5324750935568231
0 0.4947782644037151
1 0.3275687390245978
0 0.12087511559031433
0 0.45232233167998487
0 0.4353792245120698
1 0.41079497033680384
1 0.4162547206669031
0 0.2324143439377703
0 0.3826577760453414
0 0.02622687917966992
1 0.7043306509992234
0 0.4166802484557615
1 0.9952728976535685
1 0.4258090454140289
0 0.5649981875029413
0 0.3694591224764651
0 0.2590180708557974
0 0.443886903695786
0 0.48585910180801206
1 0.676844043951307
1 0.9988684148856086
0 0.5211905485240776
1 0.47151488637911776
0 0.7148947932927104
1 0.3789623706687866
0 0.3758133081910254
0 0.18079664159526046
1 0.6449755880015098
1 0.8438182206777437
0 0.4219265987344443
1 0.377992383923038
1 0.7658511771176993
1 0.4520019630052221
1 0.9866267783734476
1 0.46401328713323015
1 0.6539158920175128
0 0.42528141014780924
1 0.41206483487511775
1 0.41845621786355225
0 0.3702495834531835
1 0.7441328718035521
0 0.3725208809867875
0 0.42163687577257103
1 0.5177118842418273
0 0.1653518596010098
1 0.605974234083146
0 0.34228466473337993
0 0.3590192668590134
1 0.4758645969224561
0 0.001567993083496445
1 0.5950241922481632
0 0.40605015892351676
0 0.11586119898908535
0 0.42849818114883365
0 0.31750124265050095
1 0.4781414331358497
0 0.36566455757521843
1 0.4280598504599115
0 0.3967951663891728
0 0.3901722161691799
1 0.4811163765766742
1 0.35991240229072063
1 0.29985039915418604
1 0.8557426863579761
0 0.36469912191550113
0 0.28182387955887217
0 0.4099627248161396
0 0.43356032680606404
0 0.5938058270412857
1 0.34855984467731205
1 0.7027226675955682
0 0.4117714406064544
0 0.3742805764125985
0 0.31006531203707394
1 0.9953748251668819
1 0.4249823612756013
1 0.9968095285485966
0 0.6514028981103694
0 0.22193786368101054
0 0.3068032190086473
0 0.44029184680527356
0 0.3413462309247487
0 0.43814249768181124
1 0.8625174145666333
1 0.16735932112585508
1 0.9978882420250452
1 0.9917149985009677
1 0.6760317666761403
1 0.39053211754601136
0 0.4936693829284608
1 0.7953947216972298
1 0.8142311479233534
1 0.4360462615626896
1 0.4261806764156318
1 0.9956573131028715
1 0.9617225777182025
1 0.9985585531741477
0 0.432972053794547
0 0.3655288499918823
0 0.540246337195784
1 0.9999935348647336
1 0.9978226142850875
1 0.9108630240462129
0 0.6700932204780493
0 0.3511112070026972
0 0.47089290054105654
0 0.4164822190061293
1 0.45240327066449865
1 0.991013046763954
1 0.45709104912651616
0 0.37909417068107915
1 0.6072565290545959
0 0.1729910002822374
0 0.3899237218180517
1 0.7338445154174396
1 0.46230054880709787
1 0.3917974874048618
1 0.452643883809532
0 0.09137379989631378
0 0.4088698282665257
0 0.10811759856803473
1 0.42069186495482147
0 0.39727539199387957
1 0.48184244952107413
0 0.34569489938812337
1 0.3816605938267317
1 0.8922072312669075
1 0.9786923581544715
1 0.47995755266747264
0 0.8592196672340766
1 0.8729317487728578
0 0.3305678925625643
1 0.4374675271263502
1 0.3931645539301928
1 0.9975478296573934
1 0.9999537273572694
1 0.9987975049045656
1 0.6221255284228548
0 0.38396994484759805
1 0.9919947525600041
1 0.998548373865322
1 0.4675029588292146
0 0.42439305815972167
1 0.426792868698656
0 0.3736431522581428
1 0.9909534176600163
0 0.4182162921379122
0 0.4354340382598471
0 0.3152058646559233
1 0.5478188607568338
1 0.4207474006802793
1 0.4047817980082257
0 0.4083717142498236
0 0.11179355665161277
1 0.45569038278142937
1 0.849840827989156
1 0.44186416533601
0 0.0060123759545449365
0 0.2882584428381844
0 0.2737654123122334
1 0.3866411360116873
1 0.368916100718718
1 0.4522012082316389
0 0.3826530188168012
0 0.3050908519717302
1 0.9823764566306691
0 0.41537237039068753
1 0.5957501706831507
0 0.3424775578496077
0 0.22734637862700394
0 0.6125058666822588
1 0.9914153197389729
0 0.48468842776855303
1 0.5248343597144599
0 0.3311383764170415
0 0.09905784529907138
0 0.4788794652484934
0 0.3814905020426431
1 0.6414116985023156
0 0.9979060949279657
1 0.44444862543656993
1 0.9024538145115755
0 0.1888997334411897
1 0.9465320382236186
1 0.5048698168410137
1 0.46758087217285654
0 0.7974553489866473
1 0.8580578794255029
1 0.7062047241474709
1 0.3854678742186321
0 0.3841462320960947
0 0.9546090506031826
1 0.9992357297548029
1 0.9504064128924075
1 0.41691143646582957
0 0.42097391555253844
0 0.42277778316845094
1 0.7057686144195668
1 0.9998870396310904
1 0.9821790134699085
1 0.9742576632495763
1 0.9978874304712433
0 0.48174587038765254
1 0.9929970513075467
0 0.33024130266622376
1 0.5110874897738242
1 0.4359473109850104
0 0.39229689463588346
0 0.3966101915278146
0 0.13496712475269698
0 0.37117397299779065
1 0.4667209124560765
1 0.9580733287106878
0 0.3387409771213651
1 0.9981455857770878
0 0.23236992401402415
0 0.4768186550175937
1 0.9188644994697949
0 0.42365500934286543
0 0.44118445915006
0 0.3800488395847151
1 0.6816209896387
0 0.3269824256758112
0 0.40494720003235946
0 0.5085887594834243
1 0.9989053731136583
1 0.5649009262172657
0 0.47043991734950047
0 0.3588317835919189
1 0.5020715811545318
1 0.6026880658927168
1 0.4964742376509181
0 0.5959724835938575
1 0.9997226552759984
1 0.39512117767390154
0 0.4125273693891608
0 0.3170502004785502
0 0.48124862049180794
0 0.17197518656057262
0 0.3838480100813959
0 0.3308022236135422
1 0.9087761831050962
1 0.401767350705239
0 0.35682984561980396
1 0.9898063377851154
0 0.0015433847169068567
0 0.4074365636443517
1 0.4408214698999434
0 0.3388626617754354
1 0.9834551860969765
1 0.44914731799415986
0 0.38861080932099124
1 0.7340457652062974
0 0.7658602319921141
1 0.40662228068241707
1 0.9111781093505994
1 0.42635699462188387
0 0.5201685644070027
1 0.3911096392282183
1 0.947546547528086
0 0.3306465490662006
0 0.47682032958570975
1 0.9577148861739799
1 0.9994327177677002
1 0.5817471064770621
1 0.9283034304614264
1 0.4078915737529465
1 0.6285592885269056
1 0.9988774546479171
0 0.1591397536713142
0 0.4221423168112432
0 0.39556410026022454
0 0.024420058398198004
1 0.4057819321805421
0 0.09342079683840776
0 0.41908582385487836
1 0.5327580568760223
1 0.9997771175433601
0 0.37983555627094406
1 0.6386231549886554
0 0.32238173746807036
1 0.9670950647242658
0 0.3695548167368436
1 0.9998922834246906
1 0.9774924499841768
0 0.20697728354738465
1 0.9630042884751194
1 0.9993417786392036
1 0.9626313230526993
1 0.5338137470226034
1 0.9114316851071005
1 0.13998474118972307
0 0.28069613706363433
0 0.4200965590713709
1 0.4714437491308496
0 0.4702630359704415
1 0.3090544173522366
0 0.4707245658844493
1 0.9840337934413855
0 0.14539575109800237
0 0.3586539836264754
1 0.39642191049717324
0 0.24384075121227375
0 0.14931808006226577
1 0.5801672468071649
1 0.5091592806384927
0 0.4339399859803128
1 0.4269171934290209
1 0.851857606664851
1 0.9943507672131255
1 0.9422533685950428
0 0.22115717869218005
0 0.36157944853292845
0 0.16499320926134406
0 0.2810183328002519
0 0.8778893772293952
0 0.43382879838442845
0 0.09793116922785797
1 0.9985135679307157
0 0.22995270868917125
0 0.3300564754820896
1 0.659167961562153
1 0.9961900205421426
1 0.3433189681982365
1 0.927287066413869
0 0.43414528828959914
0 0.35657901377709583
0 0.4799535605797134
1 0.5467835735007893
1 0.48945844620909185
0 0.612818183362851
1 0.5037881473195767
0 0.48741444521355526
1 0.38256107659356364
1 0.4208177757317424
1 0.5324750935568224
0 0.4947782644037154
1 0.3275687390245983
0 0.1208751155903146
0 0.4523223316799854
0 0.4353792245120704
1 0.4107949703368046
1 0.41625472066690405
0 0.2324143439377692
0 0.38265777604534146
0 0.02622687917966991
1 0.7043306509992228
0 0.41668024845576235
1 0.9952728976535683
1 0.42580904541402936
0 0.5649981875029411
0 0.36945912247646573
0 0.259018070855798
0 0.44388690369578676
0 0.4858591018080124
1 0.6768440439513062
1 0.9988684148856086
0 0.5211905485240776
1 0.47151488637911837
0 0.7148947932927092
1 0.3789623706687872
0 0.3758133081910261
0 0.18079664159526057
1 0.6449755880015089
1 0.843818220677744
0 0.4219265987344451
1 0.3779923839230389
1 0.7658511771176991
1 0.4520019630052229
1 0.9866267783734471
1 0.46401328713323065
1 0.653915892017512
0 0.42528141014780985
1 0.41206483487511864
1 0.4184562178635527
0 0.3702495834531843
1 0.7441328718035525
0 0.3725208809867884
0 0.42163687577257153
1 0.5177118842418273
0 0.16535185960101012
1 0.6059742340831452
0 0.34228466473338054
0 0.3590192668590142
1 0.4758645969224566
0 0.001567993083496449
1 0.5950241922481619
0 0.40605015892351737
0 0.11586119898908571
0 0.42849818114883437
0 0.31750124265050167
1 0.4781414331358489
0 0.3656645575752193
1 0.428059850459912
0 0.3967951663891732
0 0.3901722161691806
1 0.48111637657667466
1 0.35991240229072136
1 0.2998503991541861
1 0.855742686357976
0 0.364699121915502
0 0.281823879558873
0 0.4099627248161405
0 0.4335603268060647
0 0.5938058270412854
1 0.3485598446773116
1 0.702722667595567
0 0.41177144060645504
0 0.3742805764125991
0 0.31006531203707455
1 0.9953748251668819
1 0.4249823612756016
1 0.9968095285485966
0 0.6514028981103682
0 0.22193786368101107
0 0.30680321900864777
0 0.44029184680527433
0 0.3413462309247496
0 0.43814249768181157
1 0.8625174145666311
1 0.16735932112585528
1 0.997888242025045
1 0.9917149985009677
1 0.6760317666761385
1 0.3905321175460122
0 0.49366938292846113
1 0.7953947216972294
1 0.8142311479233534
1 0.4360462615626903
1 0.42618067641563245
1 0.9956573131028713
1 0.9617225777182022
1 0.9985585531741477
0 0.4329720537945475
0 0.36552884999188306
0 0.5402463371957839
1 0.9999935348647336
1 0.9978226142850875
1 0.9108630240462126
0 0.6700932204780484
0 0.3511112070026978
0 0.47089290054105715
0 0.41648221900613014
1 0.4524032706644989
1 0.9910130467639537
1 0.45709104912651694
0 0.379094170681079
1 0.6072565290545952
0 0.17299100028223752
0 0.38992372181805257
1 0.7338445154174389
1 0.462300548807098
1 0.39179748740486264
1 0.45264388380953224
0 0.09137379989631408
0 0.4088698282665262
0 0.10811759856803493
1 0.42069186495482236
0 0.39727539199388046
1 0.48184244952107425
0 0.34569489938812414
1 0.3816605938267325
1 0.8922072312669059
1 0.9786923581544715
1 0.47995755266747303
0 0.8592196672340766
1 0.8729317487728563
0 0.330567892562565
1 0.4374675271263502
1 0.39316455393019367
1 0.9975478296573934
1 0.9999537273572694
1 0.9987975049045656
1 0.6221255284228537
0 0.38396994484759883
1 0.9919947525600041
1 0.998548373865322
1 0.4675029588292152
0 0.4243930581597219
1 0.4267928686986567
0 0.37364315225814376
1 0.9909534176600161
0 0.41821629213791295
0 0.4354340382598479
0 0.31520586465592404
1 0.5478188607568336
1 0.42074740068028005
1 0.4047817980082266
0 0.40837171424982427
0 0.11179355665161307
1 0.4556903827814298
1 0.8498408279891565
1 0.44186416533600953
0 0.0060123759545449565
0 0.28825844283818514
0 0.27376541231223406
1 0.38664113601168815
1 0.3689161007187187
1 0.4522012082316396
0 0.3826530188168022
0 0.30509085197173086
1 0.9823764566306689
0 0.4153723703906882
1 0.59575017068315
0 0.34247755784960837
0 0.2273463786270045
0 0.6125058666822579
1 0.9914153197389727
0 0.4846884277685535
1 0.5248343597144601
0 0.33113837641704236
0 0.09905784529907173
0 0.4788794652484939
0 0.3814905020426436
1 0.6414116985023148
0 0.9979060949279657
1 0.44444862543657054
1 0.9024538145115752
0 0.18889973344119027
1 0.9465320382236184
1 0.5048698168410137
1 0.46758087217285677
0 0.797455348986648
1 0.8580578794255029
1 0.706204724147469
1 0.3854678742186329
0 0.3841462320960956
0 0.9546090506031818
1 0.9992357297548029
1 0.9504064128924073
1 0.4169114364658305
0 0.42097391555253877
0 0.42277778316845155
1 0.7057686144195657
1 0.9998870396310904
1 0.9821790134699085
1 0.9742576632495756
1 0.9978874304712433
0 0.48174587038765265
1 0.9929970513075467
0 0.3302413026662247
1 0.5110874897738245
1 0.4359473109850109
0 0.392296894635884
0 0.3966101915278152
0 0.13496712475269712
0 0.3711739729977914
1 0.4667209124560771
1 0.9580733287106876
0 0.3387409771213659
1 0.9981455857770878
0 0.23236992401402468
0 0.4768186550175941
1 0.9188644994697948
0 0.42365500934286626
0 0.44118445915006077
0 0.3800488395847158
1 0.681620989638699
0 0.3269824256758117
0 0.4049472000323602
0 0.5085887594834246
1 0.9989053731136583
1 0.5649009262172655
0 0.47043991734950036
0 0.3588317835919197
1 0.502071581154532
1 0.6026880658927163
1 0.4964742376509181
0 0.5959724835938569
1 0.9997226552759984
1 0.3951211776739024
0 0.41252736938916174
0 0.3170502004785509
0 0.48124862049180794
0 0.17197518656057303
0 0.38384801008139646
0 0.33080222361354317
1 0.9087761831050947
1 0.40176735070523967
0 0.35682984561980463
1 0.9898063377851154
0 0.0015433847169068606
0 0.40743656364435243
1 0.4408214698999438
0 0.3388626617754362
1 0.9834551860969765
1 0.44914731799416047
0 0.38861080932099207
1 0.7340457652062968
0 0.765860231992115
1 0.40662228068241785
1 0.9111781093505982
1 0.4263569946218844
0 0.5201685644070025
1 0.39110963922821923
1 0.9475465475280852
0 0.33064654906620156
0 0.47682032958570986
1 0.9577148861739793
1 0.9994327177677002
1 0.5817471064770612
1 0.9283034304614259
1 0.4078915737529472
1 0.6285592885269043
1 0.9988774546479171
0 0.15913975367131455
0 0.4221423168112439
0 0.3955641002602254
0 0.024420058398198087
1 0.4057819321805428
0 0.09342079683840802
0 0.4190858238548793
1 0.5327580568760223
1 0.9997771175433601
0 0.3798355562709447
1 0.6386231549886544
0 0.32238173746807103
1 0.9670950647242658
0 0.36955481673684415
1 0.9998922834246906
1 0.9774924499841767
0 0.20697728354738518
1 0.9630042884751192
1 0.9993417786392036
1 0.9626313230526985
1 0.5338137470226035
1 0.9114316851071005
1 0.139984741189723
0 0.28069613706363444
0 0.420096559071371
1 0.4714437491308496
0 0.4702630359704416
1 0.3090544173522367
0 0.47072456588444944
1 0.9840337934413855
0 0.14539575109800248
0 0.35865398362647555
1 0.3964219104971734
0 0.2438407512122738
0 0.14931808006226588
1 0.5801672468071649
1 0.5091592806384928
0 0.43393998598031286
1 0.42691719342902107
1 0.851857606664851
1 0.9943507672131255
1 0.9422533685950428
0 0.2211571786921802
0 0.36157944853292856
0 0.16499320926134414
0 0.28101833280025207
0 0.8778893772293952
0 0.43382879838442856
0 0.097931169227858
1 0.9985135679307157
0 0.22995270868917136
0 0.3300564754820898
1 0.6591679615621528
1 0.9961900205421423
1 0.34331896819823665
1 0.9272870664138692
0 0.4341452882895992
0 0.356579013777096
0 0.4799535605797134
1 0.5467835735007893
1 0.48945844620909185
0 0.6128181833628509
1 0.5037881473195768
0 0.48741444521355537
1 0.3825610765935638
1 0.42081777573174256
1 0.5324750935568224
0 0.49477826440371553
1 0.32756873902459843
0 0.12087511559031465
0 0.45232233167998565
0 0.43537922451207056
1 0.4107949703368048
1 0.41625472066690417
0 0.23241434393776925
0 0.38265777604534146
0 0.02622687917966994
1 0.7043306509992222
0 0.41668024845576246
1 0.9952728976535683
1 0.4258090454140294
0 0.564998187502941
0 0.36945912247646584
0 0.25901807085579803
0 0.4438869036957868
0 0.4858591018080125
1 0.676844043951306
1 0.9988684148856086
0 0.5211905485240778
1 0.47151488637911837
0 0.7148947932927091
1 0.3789623706687874
0 0.37581330819102615
0 0.1807966415952606
1 0.6449755880015089
1 0.8438182206777437
0 0.42192659873444527
1 0.377992383923039
1 0.765851177117699
1 0.45200196300522305
1 0.9866267783734471
1 0.4640132871332308
1 0.6539158920175119
0 0.42528141014781
1 0.4120648348751188
1 0.41845621786355286
0 0.3702495834531844
1 0.744132871803552
0 0.3725208809867886
0 0.4216368757725717
1 0.5177118842418273
0 0.16535185960101018
1 0.6059742340831451
0 0.3422846647333806
0 0.3590192668590143
1 0.4758645969224567
0 0.0015679930834964506
1 0.5950241922481618
0 0.4060501589235174
0 0.11586119898908581
0 0.42849818114883453
0 0.3175012426505018
1 0.47814143313584817
0 0.3656645575752195
1 0.4280598504599122
0 0.39679516638917334
0 0.39017221616918074
1 0.48111637657667466
1 0.3599124022907215
1 0.29985039915418615
1 0.8557426863579755
0 0.3646991219155022
0 0.2818238795588731
0 0.40996272481614054
0 0.4335603268060649
0 0.5938058270412854
1 0.3485598446773117
1 0.7027226675955669
0 0.4117714406064551
0 0.37428057641259926
0 0.3100653120370747
1 0.9953748251668819
1 0.4249823612756017
1 0.9968095285485966
0 0.6514028981103682
0 0.2219378636810112
0 0.30680321900864777
0 0.44029184680527444
0 0.3413462309247497
0 0.43814249768181157
1 0.862517414566631
1 0.16735932112585533
1 0.997888242025045
1 0.9917149985009677
1 0.6760317666761383
1 0.39053211754601236
0 0.49366938292846124
1 0.7953947216972288
1 0.8142311479233529
1 0.43604626156269044
1 0.42618067641563245
1 0.9956573131028713
1 0.9617225777182025
1 0.9985585531741474
0 0.43297205379454756
0 0.3655288499918831
0 0.540246337195784
1 0.9999935348647336
1 0.9978226142850875
1 0.9108630240462126
0 0.6700932204780483
0 0.35111120700269793
0 0.4708929005410573
0 0.41648221900613025
1 0.45240327066449904
1 0.9910130467639537
1 0.45709104912651694
0 0.379094170681079
1 0.607256529054595
0 0.17299100028223754
0 0.3899237218180527
1 0.7338445154174384
1 0.462300548807098
1 0.39179748740486275
1 0.45264388380953224
0 0.09137379989631413
0 0.40886982826652635
0 0.10811759856803498
1 0.4206918649548224
0 0.3972753919938806
1 0.48184244952107436
0 0.3456948993881243
1 0.3816605938267327
1 0.8922072312669056
1 0.9786923581544715
1 0.47995755266747303
0 0.8592196672340766
1 0.8729317487728561
0 0.3305678925625651
1 0.43746752712635034
1 0.39316455393019384
1 0.9975478296573934
1 0.9999537273572694
1 0.9987975049045656
1 0.6221255284228536
0 0.38396994484759894
1 0.9919947525600041
1 0.998548373865322
1 0.4675029588292153
0 0.42439305815972206
1 0.42679286869865685
0 0.3736431522581439
1 0.9909534176600161
0 0.418216292137913
0 0.43543403825984806
0 0.31520586465592415
1 0.5478188607568336
1 0.42074740068028016
1 0.40478179800822667
0 0.4083717142498243
0 0.11179355665161315
1 0.4556903827814299
1 0.8498408279891567
1 0.44186416533600953
0 0.006012375954544963
0 0.2882584428381853
0 0.27376541231223417
1 0.3866411360116883
1 0.36891610071871894
1 0.45220120823163973
0 0.3826530188168023
0 0.305090851971731
1 0.9823764566306689
0 0.41537237039068836
1 0.59575017068315
0 0.3424775578496085
0 0.22734637862700458
0 0.6125058666822579
1 0.9914153197389727
0 0.4846884277685536
1 0.5248343597144601
0 0.33113837641704247
0 0.09905784529907179
0 0.478879465248494
0 0.3814905020426437
1 0.6414116985023148
0 0.9979060949279657
1 0.4444486254365706
1 0.902453814511575
0 0.18889973344119038
1 0.946532038223618
1 0.5048698168410137
1 0.46758087217285677
0 0.7974553489866476
1 0.8580578794255029
1 0.7062047241474689
1 0.38546787421863293
0 0.3841462320960958
0 0.9546090506031816
1 0.9992357297548029
1 0.9504064128924073
1 0.4169114364658307
0 0.4209739155525389
0 0.42277778316845166
1 0.7057686144195657
1 0.9998870396310904
1 0.9821790134699083
1 0.9742576632495754
1 0.9978874304712433
0 0.48174587038765265
1 0.9929970513075467
0 0.33024130266622487
1 0.5110874897738246
1 0.43594731098501105
0 0.3922968946358841
0 0.39661019152781535
0 0.13496712475269718
0 0.3711739729977915
1 0.4667209124560773
1 0.9580733287106876
0 0.338740977121366
1 0.9981455857770878
0 0.23236992401402476
0 0.4768186550175941
1 0.9188644994697949
0 0.42365500934286643
0 0.4411844591500608
0 0.38004883958471586
1 0.6816209896386989
0 0.3269824256758118
0 0.4049472000323603
0 0.5085887594834246
1 0.9989053731136583
1 0.5649009262172655
0 0.47043991734950036
0 0.3588317835919198
1 0.5020715811545321
1 0.6026880658927163
1 0.4964742376509182
0 0.5959724835938569
1 0.9997226552759984
1 0.3951211776739026
0 0.4125273693891619
0 0.3170502004785511
0 0.48124862049180794
0 0.17197518656057315
0 0.38384801008139663
0 0.33080222361354333
1 0.9087761831050947
1 0.40176735070523983
0 0.35682984561980474
1 0.9898063377851154
0 0.0015433847169068634
0 0.40743656364435255
1 0.4408214698999438
0 0.33886266177543634
1 0.9834551860969765
1 0.4491473179941607
0 0.3886108093209922
1 0.7340457652062966
0 0.7658602319921145
1 0.40662228068241796
1 0.911178109350598
1 0.42635699462188453
0 0.5201685644070025
1 0.39110963922821934
1 0.947546547528085
0 0.3306465490662017
0 0.47682032958570986
1 0.9577148861739793
1 0.9994327177677002
1 0.5817471064770612
1 0.9283034304614258
1 0.4078915737529474
1 0.6285592885269043
1 0.9988774546479171
0 0.15913975367131464
0 0.42214231681124403
0 0.3955641002602256
0 0.024420058398198104
1 0.405781932180543
0 0.09342079683840811
0 0.41908582385487936
1 0.5327580568760223
1 0.9997771175433601
0 0.37983555627094484
1 0.6386231549886543
0 0.3223817374680711
1 0.9670950647242658
0 0.3695548167368442
1 0.9998922834246906
1 0.9774924499841767
0 0.20697728354738534
1 0.9630042884751192
1 0.9993417786392036
1 0.9626313230526983
1 0.5338137470226034
1 0.9114316851071005
1 0.1399847411897234
0 0.28069613706363444
0 0.42009655907137083
1 0.47144374913084947
0 0.4702630359704415
1 0.3090544173522366
0 0.4707245658844493
1 0.9840337934413855
0 0.14539575109800248
0 0.3586539836264753
1 0.3964219104971732
0 0.2438407512122738
0 0.1493180800622659
1 0.5801672468071649
1 0.5091592806384927
0 0.4339399859803128
1 0.4269171934290208
1 0.851857606664851
1 0.9943507672131255
1 0.942253368595043
0 0.22115717869218013
0 0.3615794485329284
0 0.1649932092613443
0 0.2810183328002519
0 0.8778893772293952
0 0.43382879838442834
0 0.09793116922785812
1 0.9985135679307157
0 0.22995270868917125
0 0.33005647548208955
1 0.659167961562153
1 0.9961900205421426
1 0.34331896819823643
1 0.927287066413869
0 0.43414528828959903
0 0.3565790137770957
0 0.4799535605797133
1 0.5467835735007892
1 0.4894584462090916
0 0.6128181833628511
1 0.5037881473195766
0 0.48741444521355515
1 0.3825610765935636
1 0.42081777573174234
1 0.5324750935568224
0 0.4947782644037153
1 0.3275687390245983
0 0.12087511559031475
0 0.4523223316799854
0 0.4353792245120704
1 0.41079497033680457
1 0.41625472066690394
0 0.23241434393776964
0 0.38265777604534146
0 0.02622687917967
1 0.7043306509992228
0 0.4166802484557623
1 0.9952728976535685
1 0.42580904541402925
0 0.5649981875029415
0 0.36945912247646573
0 0.259018070855798
0 0.4438869036957866
0 0.4858591018080123
1 0.6768440439513062
1 0.9988684148856086
0 0.5211905485240776
1 0.47151488637911815
0 0.7148947932927092
1 0.3789623706687872
0 0.375813308191026
0 0.18079664159526074
1 0.6449755880015089
1 0.8438182206777437
0 0.421926598734445
1 0.37799238392303885
1 0.7658511771176993
1 0.4520019630052228
1 0.9866267783734471
1 0.46401328713323065
1 0.6539158920175119
0 0.4252814101478097
1 0.4120648348751185
1 0.4184562178635527
0 0.3702495834531842
1 0.7441328718035523
0 0.37252088098678826
0 0.42163687577257153
1 0.5177118842418273
0 0.16535185960101018
1 0.6059742340831452
0 0.3422846647333805
0 0.3590192668590141
1 0.4758645969224565
0 0.0015679930834964575
1 0.5950241922481619
0 0.4060501589235172
0 0.11586119898908581
0 0.4284981811488342
0 0.31750124265050167
1 0.4781414331358491
0 0.36566455757521926
1 0.4280598504599119
0 0.39679516638917317
0 0.3901722161691805
1 0.48111637657667444
1 0.35991240229072136
1 0.2998503991541862
1 0.8557426863579758
0 0.36469912191550197
0 0.281823879558873
0 0.4099627248161403
0 0.43356032680606466
0 0.5938058270412853
1 0.3485598446773118
1 0.7027226675955671
0 0.411771440606455
0 0.37428057641259904
0 0.31006531203707455
1 0.9953748251668819
1 0.4249823612756016
1 0.9968095285485966
0 0.6514028981103682
0 0.22193786368101118
0 0.30680321900864777
0 0.4402918468052742
0 0.34134623092474947
0 0.43814249768181157
1 0.8625174145666313
1 0.16735932112585541
1 0.997888242025045
1 0.9917149985009677
1 0.6760317666761386
1 0.3905321175460121
0 0.493669382928461
1 0.7953947216972294
1 0.8142311479233532
1 0.43604626156269016
1 0.4261806764156323
1 0.9956573131028713
1 0.9617225777182025
1 0.9985585531741477
0 0.4329720537945474
0 0.365528849991883
0 0.5402463371957837
1 0.9999935348647336
1 0.9978226142850875
1 0.9108630240462126
0 0.6700932204780484
0 0.3511112070026978
0 0.47089290054105704
0 0.4164822190061301
1 0.45240327066449887
1 0.9910130467639537
1 0.4570910491265167
0 0.37909417068107903
1 0.6072565290545952
0 0.17299100028223768
0 0.3899237218180524
1 0.7338445154174388
1 0.462300548807098
1 0.3917974874048626
1 0.45264388380953224
0 0.09137379989631422
0 0.4088698282665261
0 0.1081175985680351
1 0.42069186495482225
0 0.39727539199388034
1 0.48184244952107425
0 0.34569489938812414
1 0.38166059382673245
1 0.8922072312669059
1 0.9786923581544715
1 0.4799575526674728
0 0.8592196672340766
1 0.8729317487728563
0 0.33056789256256497
1 0.4374675271263503
1 0.39316455393019356
1 0.9975478296573934
1 0.9999537273572694
1 0.9987975049045656
1 0.6221255284228537
0 0.3839699448475988
1 0.9919947525600041
1 0.998548373865322
1 0.467502958829215
0 0.4243930581597219
1 0.4267928686986566
0 0.37364315225814365
1 0.9909534176600161
0 0.41821629213791284
0 0.4354340382598477
0 0.315205864655924
1 0.5478188607568336
1 0.42074740068027994
1 0.40478179800822645
0 0.4083717142498242
0 0.11179355665161315
1 0.45569038278142976
1 0.8498408279891565
1 0.44186416533600964
0 0.006012375954544978
0 0.2882584428381852
0 0.2737654123122341
1 0.38664113601168804
1 0.3689161007187187
1 0.45220120823163945
0 0.3826530188168021
0 0.30509085197173086
1 0.9823764566306689
0 0.41537237039068814
1 0.5957501706831501
0 0.3424775578496083
0 0.22734637862700452
0 0.6125058666822579
1 0.9914153197389727
0 0.48468842776855336
1 0.52483435971446
0 0.3311383764170423
0 0.09905784529907181
0 0.4788794652484938
0 0.38149050204264356
1 0.6414116985023148
0 0.9979060949279657
1 0.4444486254365703
1 0.902453814511575
0 0.18889973344119035
1 0.9465320382236182
1 0.5048698168410136
1 0.46758087217285665
0 0.7974553489866477
1 0.8580578794255029
1 0.7062047241474693
1 0.3854678742186327
0 0.3841462320960955
0 0.9546090506031818
1 0.9992357297548029
1 0.9504064128924073
1 0.41691143646583034
0 0.42097391555253877
0 0.4227777831684515
1 0.7057686144195657
1 0.9998870396310904
1 0.9821790134699085
1 0.9742576632495756
1 0.9978874304712433
0 0.48174587038765254
1 0.9929970513075467
0 0.33024130266622465
1 0.5110874897738243
1 0.4359473109850109
0 0.39229689463588396
0 0.3966101915278152
0 0.1349671247526973
0 0.3711739729977913
1 0.466720912456077
1 0.9580733287106876
0 0.3387409771213658
1 0.9981455857770878
0 0.23236992401402476
0 0.476818655017594
1 0.9188644994697949
0 0.42365500934286615
0 0.44118445915006066
0 0.38004883958471575
1 0.681620989638699
0 0.32698242567581176
0 0.40494720003236007
0 0.5085887594834245
1 0.9989053731136583
1 0.5649009262172655
0 0.47043991734950036
0 0.3588317835919196
1 0.5020715811545319
1 0.6026880658927162
1 0.4964742376509181
0 0.5959724835938569
1 0.9997226552759984
1 0.39512117767390237
0 0.41252736938916157
0 0.3170502004785509
0 0.48124862049180794
0 0.17197518656057315
0 0.3838480100813964
0 0.33080222361354306
1 0.9087761831050949
1 0.4017673507052396
0 0.3568298456198046
1 0.9898063377851154
0 0.0015433847169068703
0 0.4074365636443523
1 0.4408214698999437
0 0.33886266177543617
1 0.9834551860969765
1 0.4491473179941604
0 0.38861080932099196
1 0.734045765206297
0 0.7658602319921146
1 0.40662228068241774
1 0.9111781093505982
1 0.42635699462188437
0 0.5201685644070025
1 0.39110963922821906
1 0.9475465475280852
0 0.3306465490662015
0 0.47682032958570975
1 0.9577148861739795
1 0.9994327177677002
1 0.5817471064770613
1 0.9283034304614259
1 0.40789157375294716
1 0.6285592885269056
1 0.9988774546479171
0 0.15913975367131467
0 0.4221423168112438
0 0.3955641002602253
0 0.024420058398198146
1 0.40578193218054276
0 0.09342079683840813
0 0.41908582385487914
1 0.5327580568760221
1 0.9997771175433601
0 0.3798355562709447
1 0.6386231549886545
0 0.322381737468071
1 0.9670950647242658
0 0.3695548167368441
1 0.9998922834246906
1 0.9774924499841768
0 0.20697728354738526
1 0.9630042884751194
1 0.9993417786392036
1 0.9626313230526985
1 0.5338137470226034
1 0.9114316851071007
1 0.139984741189723
0 0.28069613706363433
0 0.4200965590713709
1 0.4714437491308496
0 0.4702630359704415
1 0.3090544173522366
0 0.47072456588444933
1 0.9840337934413855
0 0.1453957510980024
0 0.3586539836264755
1 0.39642191049717335
0 0.24384075121227375
0 0.14931808006226577
1 0.5801672468071649
1 0.5091592806384927
0 0.4339399859803128
1 0.42691719342902096
1 0.8518576066648513
1 0.9943507672131255
1 0.942253368595043
0 0.22115717869218007
0 0.36157944853292856
0 0.16499320926134406
0 0.281018332800252
0 0.8778893772293954
0 0.43382879838442845
0 0.09793116922785797
1 0.9985135679307157
0 0.22995270868917125
0 0.33005647548208966
1 0.6591679615621528
1 0.9961900205421426
1 0.3433189681982366
1 0.9272870664138692
0 0.43414528828959914
0 0.3565790137770959
0 0.4799535605797134
1 0.5467835735007893
1 0.48945844620909185
0 0.6128181833628509
1 0.5037881473195767
0 0.48741444521355526
1 0.3825610765935637
1 0.4208177757317425
1 0.5324750935568224
0 0.49477826440371553
1 0.3275687390245983
0 0.12087511559031462
0 0.45232233167998553
0 0.43537922451207045
1 0.41079497033680473
1 0.4162547206669041
0 0.23241434393776914
0 0.3826577760453414
0 0.02622687917966992
1 0.7043306509992227
0 0.41668024845576246
1 0.9952728976535685
1 0.42580904541402936
0 0.5649981875029416
0 0.36945912247646573
0 0.259018070855798
0 0.44388690369578676
0 0.4858591018080124
1 0.6768440439513062
1 0.9988684148856086
0 0.5211905485240776
1 0.47151488637911837
0 0.7148947932927091
1 0.3789623706687873
0 0.3758133081910261
0 0.18079664159526057
1 0.6449755880015089
1 0.843818220677744
0 0.4219265987344451
1 0.37799238392303897
1 0.7658511771176996
1 0.4520019630052229
1 0.9866267783734471
1 0.4640132871332307
1 0.6539158920175119
0 0.42528141014780985
1 0.41206483487511864
1 0.41845621786355275
0 0.37024958345318437
1 0.7441328718035525
0 0.3725208809867884
0 0.4216368757725716
1 0.5177118842418273
0 0.16535185960101012
1 0.6059742340831451
0 0.34228466473338054
0 0.3590192668590142
1 0.4758645969224567
0 0.001567993083496449
1 0.5950241922481617
0 0.40605015892351737
0 0.11586119898908571
0 0.42849818114883437
0 0.3175012426505017
1 0.47814143313584867
0 0.3656645575752194
1 0.4280598504599121
0 0.3967951663891732
0 0.3901722161691807
1 0.48111637657667466
1 0.3599124022907214
1 0.2998503991541861
1 0.8557426863579758
0 0.3646991219155021
0 0.28182387955887306
0 0.40996272481614054
0 0.4335603268060648
0 0.5938058270412854
1 0.3485598446773116
1 0.702722667595567
0 0.4117714406064551
0 0.37428057641259915
0 0.3100653120370746
1 0.9953748251668819
1 0.4249823612756016
1 0.9968095285485966
0 0.6514028981103682
0 0.22193786368101107
0 0.30680321900864777
0 0.44029184680527444
0 0.3413462309247496
0 0.43814249768181157
1 0.8625174145666311
1 0.16735932112585528
1 0.9978882420250452
1 0.9917149985009677
1 0.6760317666761384
1 0.3905321175460122
0 0.49366938292846124
1 0.7953947216972294
1 0.8142311479233532
1 0.43604626156269033
1 0.42618067641563245
1 0.9956573131028713
1 0.9617225777182025
1 0.9985585531741477
0 0.4329720537945475
0 0.36552884999188306
0 0.5402463371957839
1 0.9999935348647336
1 0.9978226142850875
1 0.9108630240462128
0 0.6700932204780483
0 0.3511112070026979
0 0.47089290054105715
0 0.41648221900613025
1 0.4524032706644989
1 0.991013046763954
1 0.45709104912651694
0 0.37909417068107887
1 0.607256529054595
0 0.17299100028223754
0 0.38992372181805257
1 0.7338445154174389
1 0.462300548807098
1 0.3917974874048627
1 0.45264388380953224
0 0.09137379989631408
0 0.4088698282665263
0 0.10811759856803493
1 0.4206918649548224
0 0.39727539199388046
1 0.48184244952107436
0 0.3456948993881242
1 0.38166059382673256
1 0.8922072312669057
1 0.9786923581544715
1 0.47995755266747303
0 0.859219667234077
1 0.8729317487728561
0 0.330567892562565
1 0.4374675271263503
1 0.3931645539301937
1 0.9975478296573934
1 0.9999537273572694
1 0.9987975049045656
1 0.6221255284228536
0 0.3839699448475989
1 0.9919947525600041
1 0.998548373865322
1 0.4675029588292152
0 0.42439305815972195
1 0.4267928686986567
0 0.3736431522581438
1 0.9909534176600161
0 0.418216292137913
0 0.43543403825984794
0 0.3152058646559241
1 0.5478188607568336
1 0.4207474006802801
1 0.4047817980082266
0 0.40837171424982427
0 0.11179355665161307
1 0.4556903827814299
1 0.8498408279891567
1 0.4418641653360094
0 0.0060123759545449565
0 0.2882584428381852
0 0.2737654123122341
1 0.38664113601168815
1 0.3689161007187188
1 0.4522012082316396
0 0.38265301881680225
0 0.3050908519717309
1 0.9823764566306689
0 0.4153723703906882
1 0.59575017068315
0 0.3424775578496084
0 0.2273463786270045
0 0.6125058666822579
1 0.9914153197389727
0 0.4846884277685535
1 0.5248343597144601
0 0.33113837641704236
0 0.09905784529907173
0 0.4788794652484939
0 0.3814905020426436
1 0.6414116985023148
0 0.9979060949279657
1 0.44444862543657054
1 0.9024538145115752
0 0.18889973344119027
1 0.9465320382236182
1 0.5048698168410137
1 0.46758087217285677
0 0.797455348986648
1 0.8580578794255033
1 0.7062047241474689
1 0.3854678742186329
0 0.3841462320960956
0 0.9546090506031818
1 0.9992357297548029
1 0.9504064128924075
1 0.41691143646583056
0 0.4209739155525388
0 0.42277778316845155
1 0.7057686144195657
1 0.9998870396310904
1 0.9821790134699085
1 0.9742576632495754
1 0.9978874304712433
0 0.48174587038765265
1 0.9929970513075467
0 0.33024130266622476
1 0.5110874897738245
1 0.4359473109850109
0 0.392296894635884
0 0.3966101915278153
0 0.13496712475269712
0 0.3711739729977914
1 0.4667209124560771
1 0.9580733287106878
0 0.3387409771213659
1 0.9981455857770878
0 0.2323699240140247
0 0.4768186550175941
1 0.9188644994697951
0 0.4236550093428663
0 0.4411844591500608
0 0.3800488395847158
1 0.6816209896386989
0 0.32698242567581176
0 0.4049472000323602
0 0.5085887594834246
1 0.9989053731136583
1 0.5649009262172655
0 0.47043991734950036
0 0.3588317835919197
1 0.502071581154532
1 0.6026880658927162
1 0.4964742376509181
0 0.5959724835938568
1 0.9997226552759984
1 0.39512117767390253
0 0.41252736938916174
0 0.317050200478551
0 0.48124862049180794
0 0.17197518656057303
0 0.3838480100813966
0 0.3308022236135432
1 0.9087761831050947
1 0.4017673507052397
0 0.3568298456198047
1 0.9898063377851154
0 0.001543384716906862
0 0.40743656364435243
1 0.4408214698999438
0 0.3388626617754363
1 0.9834551860969765
1 0.4491473179941606
0 0.3886108093209922
1 0.7340457652062973
0 0.765860231992115
1 0.4066222806824179
1 0.9111781093505982
1 0.4263569946218844
0 0.5201685644070025
1 0.39110963922821923
1 0.9475465475280852
0 0.3306465490662016
0 0.47682032958570986
1 0.9577148861739795
1 0.9994327177677002
1 0.5817471064770612
1 0.9283034304614259
1 0.40789157375294727
1 0.6285592885269056
1 0.9988774546479171
0 0.15913975367131458
0 0.4221423168112439
0 0.3955641002602254
0 0.024420058398198094
1 0.40578193218054287
0 0.09342079683840805
0 0.4190858238548793
1 0.5327580568760222
1 0.9997771175433601
0 0.37983555627094473
1 0.6386231549886543
0 0.32238173746807103
1 0.9670950647242658
0 0.36955481673684415
1 0.9998922834246906
1 0.9774924499841768
0 0.20697728354738526
1 0.9630042884751194
1 0.9993417786392036
1 0.9626313230526983
1 0.5338137470226035
1 0.9114316851071007
1 0.13998474118972354
0 0.2806961370636346
0 0.4200965590713709
1 0.4714437491308496
0 0.4702630359704416
1 0.30905441735223677
0 0.4707245658844493
1 0.9840337934413855
0 0.14539575109800262
0 0.35865398362647544
1 0.39642191049717324
0 0.24384075121227403
0 0.14931808006226605
1 0.580167246807165
1 0.5091592806384928
0 0.43393998598031286
1 0.4269171934290209
1 0.8518576066648507
1 0.9943507672131255
1 0.9422533685950428
0 0.22115717869218027
0 0.36157944853292845
0 0.16499320926134445
0 0.28101833280025207
0 0.8778893772293954
0 0.43382879838442856
0 0.09793116922785824
1 0.9985135679307157
0 0.2299527086891715
0 0.3300564754820897
1 0.6591679615621531
1 0.9961900205421423
1 0.3433189681982366
1 0.927287066413869
0 0.43414528828959914
0 0.35657901377709583
0 0.4799535605797134
1 0.5467835735007893
1 0.48945844620909185
0 0.6128181833628511
1 0.5037881473195767
0 0.48741444521355526
1 0.3825610765935637
1 0.4208177757317424
1 0.5324750935568227
0 0.4947782644037154
1 0.32756873902459843
0 0.12087511559031487
0 0.4523223316799854
0 0.4353792245120704
1 0.4107949703368046
1 0.41625472066690405
0 0.23241434393776972
0 0.3826577760453416
0 0.026226879179670065
1 0.704330650999223
0 0.4166802484557623
1 0.9952728976535683
1 0.42580904541402936
0 0.5649981875029411
0 0.36945912247646584
0 0.2590180708557982
0 0.44388690369578665
0 0.4858591018080123
1 0.6768440439513062
1 0.9988684148856086
0 0.5211905485240776
1 0.47151488637911826
0 0.7148947932927092
1 0.37896237066878735
0 0.3758133081910261
0 0.18079664159526088
1 0.6449755880015089
1 0.8438182206777438
0 0.4219265987344451
1 0.3779923839230389
1 0.7658511771176989
1 0.4520019630052229
1 0.9866267783734471
1 0.46401328713323065
1 0.6539158920175119
0 0.42528141014780985
1 0.4120648348751186
1 0.41845621786355275
0 0.37024958345318437
1 0.7441328718035525
0 0.3725208809867884
0 0.4216368757725716
1 0.5177118842418273
0 0.16535185960101037
1 0.6059742340831452
0 0.34228466473338065
0 0.3590192668590142
1 0.4758645969224566
0 0.0015679930834964632
1 0.595024192248162
0 0.40605015892351737
0 0.11586119898908595
0 0.42849818114883437
0 0.3175012426505018
1 0.4781414331358495
0 0.3656645575752194
1 0.428059850459912
0 0.39679516638917334
0 0.3901722161691807
1 0.48111637657667455
1 0.35991240229072147
1 0.2998503991541864
1 0.8557426863579758
0 0.3646991219155021
0 0.28182387955887317
0 0.40996272481614043
0 0.4335603268060647
0 0.5938058270412853
1 0.348559844677312
1 0.702722667595567
0 0.4117714406064551
0 0.37428057641259915
0 0.3100653120370747
1 0.9953748251668819
1 0.4249823612756017
1 0.9968095285485966
0 0.6514028981103683
0 0.22193786368101134
0 0.30680321900864793
0 0.44029184680527433
0 0.34134623092474964
0 0.43814249768181157
1 0.8625174145666313
1 0.16735932112585558
1 0.997888242025045
1 0.9917149985009677
1 0.6760317666761386
1 0.3905321175460122
0 0.49366938292846113
1 0.7953947216972294
1 0.8142311479233532
1 0.4360462615626903
1 0.42618067641563245
1 0.9956573131028713
1 0.9617225777182025
1 0.9985585531741474
0 0.4329720537945475
0 0.3655288499918831
0 0.5402463371957839
1 0.9999935348647336
1 0.9978226142850875
1 0.9108630240462123
0 0.6700932204780484
0 0.351111207002698
0 0.47089290054105715
0 0.41648221900613014
1 0.45240327066449904
1 0.9910130467639537
1 0.4570910491265168
0 0.3790941706810792
1 0.6072565290545953
0 0.17299100028223788
0 0.38992372181805257
1 0.733844515417439
1 0.462300548807098
1 0.39179748740486264
1 0.45264388380953224
0 0.0913737998963143
0 0.4088698282665263
0 0.10811759856803518
1 0.42069186495482236
0 0.39727539199388046
1 0.48184244952107436
0 0.34569489938812425
1 0.38166059382673256
1 0.8922072312669059
1 0.9786923581544715
1 0.47995755266747303
0 0.8592196672340763
1 0.8729317487728563
0 0.3305678925625651
1 0.43746752712635034
1 0.39316455393019367
1 0.9975478296573934
1 0.9999537273572694
1 0.9987975049045656
1 0.6221255284228537
0 0.3839699448475989
1 0.9919947525600041
1 0.998548373865322
1 0.4675029588292152
0 0.42439305815972206
1 0.4267928686986567
0 0.3736431522581438
1 0.9909534176600161
0 0.41821629213791295
0 0.4354340382598479
0 0.31520586465592415
1 0.5478188607568336
1 0.42074740068028005
1 0.4047817980082266
0 0.40837171424982427
0 0.1117935566516133
1 0.4556903827814298
1 0.8498408279891566
1 0.4418641653360097
0 0.006012375954545
0 0.28825844283818536
0 0.2737654123122343
1 0.38664113601168815
1 0.3689161007187189
1 0.4522012082316395
0 0.3826530188168022
0 0.3050908519717311
1 0.9823764566306689
0 0.4153723703906882
1 0.5957501706831501
0 0.3424775578496085
0 0.22734637862700466
0 0.6125058666822579
1 0.9914153197389727
0 0.48468842776855336
1 0.52483435971446
0 0.33113837641704247
0 0.09905784529907198
0 0.4788794652484938
0 0.3814905020426437
1 0.6414116985023148
0 0.9979060949279657
1 0.44444862543657054
1 0.902453814511575
0 0.1888997334411905
1 0.9465320382236182
1 0.5048698168410137
1 0.46758087217285677
0 0.7974553489866477
1 0.8580578794255026
1 0.7062047241474693
1 0.3854678742186329
0 0.3841462320960956
0 0.9546090506031818
1 0.9992357297548029
1 0.9504064128924073
1 0.4169114364658305
0 0.4209739155525388
0 0.42277778316845155
1 0.7057686144195657
1 0.9998870396310904
1 0.9821790134699083
1 0.9742576632495756
1 0.9978874304712433
0 0.48174587038765265
1 0.9929970513075467
0 0.3302413026662248
1 0.5110874897738245
1 0.4359473109850109
0 0.3922968946358841
0 0.3966101915278153
0 0.13496712475269743
0 0.3711739729977915
1 0.4667209124560771
1 0.9580733287106876
0 0.338740977121366
1 0.9981455857770878
0 0.2323699240140249
0 0.4768186550175941
1 0.9188644994697948
0 0.42365500934286626
0 0.44118445915006066
0 0.38004883958471586
1 0.681620989638699
0 0.32698242567581187
0 0.4049472000323602
0 0.5085887594834245
1 0.9989053731136583
1 0.5649009262172655
0 0.47043991734950047
0 0.3588317835919197
1 0.502071581154532
1 0.6026880658927163
1 0.4964742376509182
0 0.5959724835938569
1 0.9997226552759984
1 0.3951211776739024
0 0.41252736938916174
0 0.31705020047855104
0 0.48124862049180794
0 0.1719751865605733
0 0.3838480100813966
0 0.3308022236135432
1 0.9087761831050947
1 0.4017673507052397
0 0.35682984561980474
1 0.9898063377851154
0 0.0015433847169068755
0 0.40743656364435243
1 0.4408214698999438
0 0.33886266177543634
1 0.9834551860969765
1 0.44914731799416047
0 0.3886108093209921
1 0.7340457652062966
0 0.7658602319921147
1 0.40662228068241785
1 0.9111781093505982
1 0.4263569946218844
0 0.5201685644070027
1 0.39110963922821923
1 0.9475465475280852
0 0.3306465490662016
0 0.47682032958570986
1 0.9577148861739793
1 0.9994327177677002
1 0.5817471064770613
1 0.9283034304614259
1 0.4078915737529472
1 0.6285592885269057
1 0.9988774546479171
0 0.15913975367131486
0 0.4221423168112439
0 0.3955641002602254
0 0.0244200583981982
1 0.40578193218054287
0 0.09342079683840825
0 0.41908582385487925
1 0.5327580568760223
1 0.9997771175433601
0 0.37983555627094484
1 0.6386231549886544
0 0.32238173746807114
1 0.9670950647242658
0 0.36955481673684426
1 0.9998922834246906
1 0.9774924499841767
0 0.20697728354738545
1 0.9630042884751192
1 0.9993417786392036
1 0.9626313230526985
